1.	0.001	0.0934048
1.9999999999999998	0.001	0.0908829
2.288838595949997	0.001	0.08340293636024797
2.6193910591551774	0.001	0.07420757576730005
2.9976816770403563	0.001	0.0655525750466064
3.4306047603910415	0.001	0.059110945328285265
3.926050291516404	0.001	0.05342089545517186
4.493047718431742	0.001	0.04458123557033321
5.141930515695824	0.001	0.03303889451789763
5.884524511008838	0.001	0.02514478203218851
6.734363409805407	0.001	0.021759783376593865
7.706935445758021	0.001	0.017018322202737402
8.819965652373028	0.001	0.00990013780449299
10.093738900052346	0.001	0.0039756286835931545
11.551469585940843	0.001	0.0013031357588302822
13.219724714121972	0.001	0.0004653095984555379
15.128908076758211	0.001	0.00020253858599710717
17.313814360331925	0.001	0.00009054386297239952
19.814263275520517	0.001	0.000031859961899520445
22.675825267662994	0.001	7.416892484591757e-6
25.950652033822625	0.001	2.554691216349788e-6
29.698426982540767	0.001	7.81799867663646e-7
33.98745295832107	0.001	2.8389746095204014e-7
38.895897054520105	0.001	9.11975059658123e-8
44.51321520124173	0.001	1.835400379515401e-8
50.941782491215115	0.001	4.580406507073011e-9
58.29875895619149	0.001	1.1412631141923983e-9
66.71822479745835	0.001	2.5456952265750803e-10
76.35362398484546	0.001	4.399539006193483e-11
87.38056075858388	0.001	4.502249483399075e-12
100.00000000000031	0.001	2.4406152492591866e-13
111.55639876771902	0.001	1.4969603428682538e-14
138.21730389017998	0.001	5.38347487620486e-18
171.24990861750976	0.001	7.092251945932094e-23
212.17698780180757	0.001	0
262.885244821937	0.001	0
325.7122869971341	0.001	0
403.5543872869759	0.001	0
499.9999999999984	0.001	0
1000	0.001	0
2000	0.001	0
1.	0.0011481536214968829	0.10981841786338734
1.9999999999999998	0.0011481536214968829	0.1048203428404315
2.288838595949997	0.0011481536214968829	0.09617735626283137
2.6193910591551774	0.0011481536214968829	0.08553525079327613
2.9976816770403563	0.0011481536214968829	0.07539981252191716
3.4306047603910415	0.0011481536214968829	0.0678148504365377
3.926050291516404	0.0011481536214968829	0.06132028803794573
4.493047718431742	0.0011481536214968829	0.05141040840599153
5.141930515695824	0.0011481536214968829	0.03822062190702956
5.884524511008838	0.0011481536214968829	0.028951872917404333
6.734363409805407	0.0011481536214968829	0.02502016109352078
7.706935445758021	0.0011481536214968829	0.019651690296386637
8.819965652373028	0.0011481536214968829	0.011483071330862706
10.093738900052346	0.0011481536214968829	0.004622773230998613
11.551469585940843	0.0011481536214968829	0.0015124101521108721
13.219724714121972	0.0011481536214968829	0.0005377948667366636
15.128908076758211	0.0011481536214968829	0.00023381529233988956
17.313814360331925	0.0011481536214968829	0.0001043909583007542
19.814263275520517	0.0011481536214968829	0.000036818815351137246
22.675825267662994	0.0011481536214968829	8.561984941985524e-6
25.950652033822625	0.0011481536214968829	2.9458219063307967e-6
29.698426982540767	0.0011481536214968829	9.01420331352278e-7
33.98745295832107	0.0011481536214968829	3.27296373919041e-7
38.895897054520105	0.0011481536214968829	1.0504421296801986e-7
44.51321520124173	0.0011481536214968829	2.117900766244188e-8
50.941782491215115	0.0011481536214968829	5.279987827734872e-9
58.29875895619149	0.0011481536214968829	1.3131955978952185e-9
66.71822479745835	0.0011481536214968829	2.930755322697691e-10
76.35362398484546	0.0011481536214968829	5.064518442556613e-11
87.38056075858388	0.0011481536214968829	5.184081221392329e-12
100.00000000000031	0.0011481536214968829	2.811487633215274e-13
111.55639876771902	0.0011481536214968829	1.7249497177688677e-14
138.21730389017998	0.0011481536214968829	6.209723709316736e-18
171.24990861750976	0.0011481536214968829	8.192454163067825e-23
212.17698780180757	0.0011481536214968829	0
262.885244821937	0.0011481536214968829	0
325.7122869971341	0.0011481536214968829	0
403.5543872869759	0.0011481536214968829	0
499.9999999999984	0.0011481536214968829	0
1000	0.0011481536214968829	0
2000	0.0011481536214968829	0
1.	0.0013182567385564075	0.1294456236810603
1.9999999999999998	0.0013182567385564075	0.12092369124514954
2.288838595949997	0.0013182567385564075	0.11093776553567103
2.6193910591551774	0.0013182567385564075	0.0986480153058737
2.9976816770403563	0.0013182567385564075	0.08676214747499748
3.4306047603910415	0.0013182567385564075	0.07781193702764581
3.926050291516404	0.0013182567385564075	0.07039182037924721
4.493047718431742	0.0013182567385564075	0.05932629275331758
5.141930515695824	0.0013182567385564075	0.044248976852405746
5.884524511008838	0.0013182567385564075	0.03335709120881591
6.734363409805407	0.0013182567385564075	0.02877380677815808
7.706935445758021	0.0013182567385564075	0.022712169705169916
8.819965652373028	0.0013182567385564075	0.013334801125404035
10.093738900052346	0.0013182567385564075	0.005385188625480897
11.551469585940843	0.0013182567385564075	0.0017593709141219152
13.219724714121972	0.0013182567385564075	0.0006224218155849552
15.128908076758211	0.0013182567385564075	0.0002700187537346363
17.313814360331925	0.0013182567385564075	0.00012066023970888653
19.814263275520517	0.0013182567385564075	0.00004259203591084837
22.675825267662994	0.0013182567385564075	9.890054452747224e-6
25.950652033822625	0.0013182567385564075	3.3989463871825174e-6
29.698426982540767	0.0013182567385564075	1.0396631861129464e-6
33.98745295832107	0.0013182567385564075	3.778832884453931e-7
38.895897054520105	0.0013182567385564075	1.211549910601763e-7
44.51321520124173	0.0013182567385564075	2.4478439452469923e-8
50.941782491215115	0.0013182567385564075	6.095204988310463e-9
58.29875895619149	0.0013182567385564075	1.512879891036093e-9
66.71822479745835	0.0013182567385564075	3.3784140660795386e-10
76.35362398484546	0.0013182567385564075	5.837395633594304e-11
87.38056075858388	0.0013182567385564075	5.976853387331335e-12
100.00000000000031	0.0013182567385564075	3.2432224497353887e-13
111.55639876771902	0.0013182567385564075	1.9905237585929264e-14
138.21730389017998	0.0013182567385564075	7.174099626543207e-18
171.24990861750976	0.0013182567385564075	9.48000259038878e-23
212.17698780180757	0.0013182567385564075	0
262.885244821937	0.0013182567385564075	0
325.7122869971341	0.0013182567385564075	0
403.5543872869759	0.0013182567385564075	0
499.9999999999984	0.0013182567385564075	0
1000	0.0013182567385564075	0
2000	0.0013182567385564075	0
1.	0.0015135612484362087	0.1529541573350306
1.9999999999999998	0.0015135612484362087	0.13954011979954664
2.288838595949997	0.0015135612484362087	0.12802316606298225
2.6193910591551774	0.0015135612484362087	0.11382605901966711
2.9976816770403563	0.0015135612484362087	0.09990264347708168
3.4306047603910415	0.0015135612484362087	0.08928429192268265
3.926050291516404	0.0015135612484362087	0.08080565990820374
4.493047718431742	0.0015135612484362087	0.06848830857504115
5.141930515695824	0.0015135612484362087	0.05129023697507143
5.884524511008838	0.0015135612484362087	0.038449004448642826
6.734363409805407	0.0015135612484362087	0.0330831037363229
7.706935445758021	0.0015135612484362087	0.026270354802899458
8.819965652373028	0.0015135612484362087	0.015511256272799987
10.093738900052346	0.0015135612484362087	0.006288652782806825
11.551469585940843	0.0015135612484362087	0.0020468004011760603
13.219724714121972	0.0015135612484362087	0.0007212703624572582
15.128908076758211	0.0015135612484362087	0.0003122127560165244
17.313814360331925	0.0015135612484362087	0.00013927960375478734
19.814263275520517	0.0015135612484362087	0.000049346364846475024
22.675825267662994	0.0015135612484362087	0.000011428552077930087
25.950652033822625	0.0015135612484362087	3.925553303697807e-6
29.698426982540767	0.0015135612484362087	1.2002162328289098e-6
33.98745295832107	0.0015135612484362087	4.37028750524561e-7
38.895897054520105	0.0015135612484362087	1.3995178404038673e-7
44.51321520124173	0.0015135612484362087	2.8344934253620348e-8
50.941782491215115	0.0015135612484362087	7.047896279505908e-9
58.29875895619149	0.0015135612484362087	1.7454145886715372e-9
66.71822479745835	0.0015135612484362087	3.9002720838524405e-10
76.35362398484546	0.0015135612484362087	6.738096335930563e-11
87.38056075858388	0.0015135612484362087	6.90114357651008e-12
100.00000000000031	0.0015135612484362087	3.7472737754470853e-13
111.55639876771902	0.0015135612484362087	2.3008158238932793e-14
138.21730389017998	0.0015135612484362087	8.30343982653152e-18
171.24990861750976	0.0015135612484362087	1.0992185363668052e-22
212.17698780180757	0.0015135612484362087	0
262.885244821937	0.0015135612484362087	0
325.7122869971341	0.0015135612484362087	0
403.5543872869759	0.0015135612484362087	0
499.9999999999984	0.0015135612484362087	0
1000	0.0015135612484362087	0
2000	0.0015135612484362087	0
1.	0.0017378008287493763	0.18121410965011553
1.9999999999999998	0.0017378008287493763	0.16105808000042043
2.288838595949997	0.0017378008287493763	0.1477951379051924
2.6193910591551774	0.0017378008287493763	0.13142901984468333
2.9976816770403563	0.0017378008287493763	0.11510000765722657
3.4306047603910415	0.0017378008287493763	0.10246595499023427
3.926050291516404	0.0017378008287493763	0.09270363691034503
4.493047718431742	0.0017378008287493763	0.07908759423326099
5.141930515695824	0.0017378008287493763	0.05953332054996617
5.884524511008838	0.0017378008287493763	0.04436398857054526
6.734363409805407	0.0017378008287493763	0.03804439147715518
7.706935445758021	0.0017378008287493763	0.030383751350606603
8.819965652373028	0.0017378008287493763	0.01807015787111653
10.093738900052346	0.0017378008287493763	0.007362401350305473
11.551469585940843	0.0017378008287493763	0.002387955090854224
13.219724714121972	0.0017378008287493763	0.0008393975346556895
15.128908076758211	0.0017378008287493763	0.0003832122923867411
17.313814360331925	0.0017378008287493763	0.0001608784848322846
19.814263275520517	0.0017378008287493763	0.00005724665184549344
22.675825267662994	0.0017378008287493763	0.000013219139768463926
25.950652033822625	0.0017378008287493763	4.5376594546061735e-6
29.698426982540767	0.0017378008287493763	1.385955155004164e-6
33.98745295832107	0.0017378008287493763	5.052749153136899e-7
38.895897054520105	0.0017378008287493763	1.6158744823337781e-7
44.51321520124173	0.0017378008287493763	3.281894642250234e-8
50.941782491215115	0.0017378008287493763	8.14655444358921e-9
58.29875895619149	0.0017378008287493763	2.01247933864312e-9
66.71822479745835	0.0017378008287493763	4.5003686290710595e-10
76.35362398484546	0.0017378008287493763	7.773479411222268e-11
87.38056075858388	0.0017378008287493763	7.964151761596101e-12
100.00000000000031	0.0017378008287493763	4.32796397534445e-13
111.55639876771902	0.0017378008287493763	2.6586146386388722e-14
138.21730389017998	0.0017378008287493763	9.609205531456372e-18
171.24990861750976	0.0017378008287493763	1.2746662149344782e-22
212.17698780180757	0.0017378008287493763	0
262.885244821937	0.0017378008287493763	0
325.7122869971341	0.0017378008287493763	0
403.5543872869759	0.0017378008287493763	0
499.9999999999984	0.0017378008287493763	0
1000	0.0017378008287493763	0
2000	0.0017378008287493763	0
1.	0.0019952623149688807	0.21527832174316316
1.9999999999999998	0.0019952623149688807	0.1859112243078842
2.288838595949997	0.0019952623149688807	0.17060828075460385
2.6193910591551774	0.0019952623149688807	0.15179713102486103
2.9976816770403563	0.0019952623149688807	0.13268310142413497
3.4306047603910415	0.0019952623149688807	0.11762302858186481
3.926050291516404	0.0019952623149688807	0.10634511454586466
4.493047718431742	0.0019952623149688807	0.09134107127331667
5.141930515695824	0.0019952623149688807	0.06919007649022962
5.884524511008838	0.0019952623149688807	0.051234423071807034
6.734363409805407	0.0019952623149688807	0.0437404215008041
7.706935445758021	0.0019952623149688807	0.035192283932787616
8.819965652373028	0.0019952623149688807	0.021106183039573734
10.093738900052346	0.0019952623149688807	0.00863458611933701
11.551469585940843	0.0019952623149688807	0.0027931156525672117
13.219724714121972	0.0019952623149688807	0.0009760650214264816
15.128908076758211	0.0019952623149688807	0.0004187126618453679
17.313814360331925	0.0019952623149688807	0.00018573154276633282
19.814263275520517	0.0019952623149688807	0.00006650113632238339
22.675825267662994	0.0019952623149688807	0.000015316841526771004
25.950652033822625	0.0019952623149688807	5.251433948776093e-6
29.698426982540767	0.0019952623149688807	1.6019955718312623e-6
33.98745295832107	0.0019952623149688807	5.848328817045299e-7
38.895897054520105	0.0019952623149688807	1.8673808424295822e-7
44.51321520124173	0.0019952623149688807	3.805079705905426e-8
50.941782491215115	0.0019952623149688807	9.426335965477845e-9
58.29875895619149	0.0019952623149688807	2.3222690490442124e-9
66.71822479745835	0.0019952623149688807	5.197309289543697e-10
76.35362398484546	0.0019952623149688807	8.975543488768653e-11
87.38056075858388	0.0019952623149688807	9.198955383432148e-12
100.00000000000031	0.0019952623149688807	5.003792484126705e-13
111.55639876771902	0.0019952623149688807	3.0754642895628924e-14
138.21730389017998	0.0019952623149688807	1.1135012037621402e-17
171.24990861750976	0.0019952623149688807	1.4804414119125174e-22
212.17698780180757	0.0019952623149688807	0
262.885244821937	0.0019952623149688807	0
325.7122869971341	0.0019952623149688807	0
403.5543872869759	0.0019952623149688807	0
499.9999999999984	0.0019952623149688807	0
1000	0.0019952623149688807	0
2000	0.0019952623149688807	0
1.	0.0022908676527677745	0.25636267377275473
1.9999999999999998	0.0022908676527677745	0.2145537725659733
2.288838595949997	0.0022908676527677745	0.1969598762814719
2.6193910591551774	0.0022908676527677745	0.17536175051183583
2.9976816770403563	0.0022908676527677745	0.15308376838255167
3.4306047603910415	0.0022908676527677745	0.1351097347712322
3.926050291516404	0.0022908676527677745	0.12195686757588943
4.493047718431742	0.0022908676527677745	0.10550195377033113
5.141930515695824	0.0022908676527677745	0.08054959501590392
5.884524511008838	0.0022908676527677745	0.05925998878124221
6.734363409805407	0.0022908676527677745	0.050312814455853845
7.706935445758021	0.0022908676527677745	0.04079860003550489
8.819965652373028	0.0022908676527677745	0.02468383453824096
10.093738900052346	0.0022908676527677745	0.010167003925268425
11.551469585940843	0.0022908676527677745	0.0032753399586245642
13.219724714121972	0.0022908676527677745	0.0011339303527030864
15.128908076758211	0.0022908676527677745	0.0004855074688554117
17.313814360331925	0.0022908676527677745	0.00021478398016610092
19.814263275520517	0.0022908676527677745	0.00007737663176900849
22.675825267662994	0.0022908676527677745	0.000017767090401868928
25.950652033822625	0.0022908676527677745	6.08419450634083e-6
29.698426982540767	0.0022908676527677745	1.8536606022496932e-6
33.98745295832107	0.0022908676527677745	6.774821645660372e-7
38.895897054520105	0.0022908676527677745	2.159323482276847e-7
44.51321520124173	0.0022908676527677745	4.41659988813067e-8
50.941782491215115	0.0022908676527677745	1.0915257683279927e-8
58.29875895619149	0.0022908676527677745	2.6810521559610864e-9
66.71822479745835	0.0022908676527677745	6.00552374545712e-10
76.35362398484546	0.0022908676527677745	1.0369061330581117e-10
87.38056075858388	0.0022908676527677745	1.0631173349561741e-11
100.00000000000031	0.0022908676527677745	5.789442140030519e-13
111.55639876771902	0.0022908676527677745	3.5606452865480246e-14
138.21730389017998	0.0022908676527677745	1.2916920011663551e-17
171.24990861750976	0.0022908676527677745	1.7217606638327123e-22
212.17698780180757	0.0022908676527677745	0
262.885244821937	0.0022908676527677745	0
325.7122869971341	0.0022908676527677745	0
403.5543872869759	0.0022908676527677745	0
499.9999999999984	0.0022908676527677745	0
1000	0.0022908676527677745	0
2000	0.0022908676527677745	0
1.	0.0026302679918953843	0.30588270700842496
1.9999999999999998	0.0026302679918953843	0.24761380439617384
2.288838595949997	0.0026302679918953843	0.22733291887993862
2.6193910591551774	0.0026302679918953843	0.20267076585627306
2.9976816770403563	0.0026302679918953843	0.17675277661478667
3.4306047603910415	0.0026302679918953843	0.15523773287637904
3.926050291516404	0.0026302679918953843	0.13983088499730584
4.493047718431742	0.0026302679918953843	0.12184197570868545
5.141930515695824	0.0026302679918953843	0.09392780332356672
5.884524511008838	0.0026302679918953843	0.06869568679281342
6.734363409805407	0.0026302679918953843	0.057885818219047834
7.706935445758021	0.0026302679918953843	0.04733971068275295
8.819965652373028	0.0026302679918953843	0.028944146648715335
10.093738900052346	0.0026302679918953843	0.012010571455871599
11.551469585940843	0.0026302679918953843	0.0038549267301392917
13.219724714121972	0.0026302679918953843	0.0013240890349869973
15.128908076758211	0.0026302679918953843	0.0005639513718572706
17.313814360331925	0.0026302679918953843	0.00024906488428631275
19.814263275520517	0.0026302679918953843	0.00009011145922816917
22.675825267662994	0.0026302679918953843	0.00002062107846196336
25.950652033822625	0.0026302679918953843	7.057612904019551e-6
29.698426982540767	0.0026302679918953843	2.14611971432462e-6
33.98745295832107	0.0026302679918953843	7.862072721322734e-7
38.895897054520105	0.0026302679918953843	2.5006486741579326e-7
44.51321520124173	0.0026302679918953843	5.1371568584784936e-8
50.941782491215115	0.0026302679918953843	1.2660386833851688e-8
58.29875895619149	0.0026302679918953843	3.0996133264710154e-9
66.71822479745835	0.0026302679918953843	6.949600054440911e-10
76.35362398484546	0.0026302679918953843	1.1996380737759298e-10
87.38056075858388	0.0026302679918953843	1.2304615687181592e-11
100.00000000000031	0.0026302679918953843	6.70976700484749e-13
111.55639876771902	0.0026302679918953843	4.1297563385270984e-14
138.21730389017998	0.0026302679918953843	1.5014838945218463e-17
171.24990861750976	0.0026302679918953843	2.0071711873748616e-22
212.17698780180757	0.0026302679918953843	0
262.885244821937	0.0026302679918953843	0
325.7122869971341	0.0026302679918953843	0
403.5543872869759	0.0026302679918953843	0
499.9999999999984	0.0026302679918953843	0
1000	0.0026302679918953843	0
2000	0.0026302679918953843	0
1.	0.003019951720402019	0.3654892752212573
1.9999999999999998	0.003019951720402019	0.2856241680373891
2.288838595949997	0.003019951720402019	0.26227226760502925
2.6193910591551774	0.003019951720402019	0.23425105642713062
2.9976816770403563	0.003019951720402019	0.2043050237430253
3.4306047603910415	0.003019951720402019	0.17862292800248092
3.926050291516404	0.003019951720402019	0.16028608014729068
4.493047718431742	0.003019951720402019	0.14068916196629697
5.141930515695824	0.003019951720402019	0.1096330503648064
5.884524511008838	0.003019951720402019	0.0797790804714338
6.734363409805407	0.003019951720402019	0.06659689765379496
7.706935445758021	0.003019951720402019	0.054936088766920486
8.819965652373028	0.003019951720402019	0.03399000516350068
10.093738900052346	0.003019951720402019	0.014240351848581169
11.551469585940843	0.003019951720402019	0.004549775455539181
13.219724714121972	0.003019951720402019	0.0015464095252891489
15.128908076758211	0.003019951720402019	0.0006561170610439079
17.313814360331925	0.003019951720402019	0.0002893311260560499
19.814263275520517	0.003019951720402019	0.00010527677233611719
22.675825267662994	0.003019951720402019	0.000023966993647339153
25.950652033822625	0.003019951720402019	8.20120608991278e-6
29.698426982540767	0.003019951720402019	2.4868116224400206e-6
33.98745295832107	0.003019951720402019	9.122628387765302e-7
38.895897054520105	0.003019951720402019	2.894610970102533e-7
44.51321520124173	0.003019951720402019	5.976623866963155e-8
50.941782491215115	0.003019951720402019	1.4680438597328846e-8
58.29875895619149	0.003019951720402019	3.5816402692009727e-9
66.71822479745835	0.003019951720402019	8.038250719988777e-10
76.35362398484546	0.003019951720402019	1.3872493985000522e-10
87.38056075858388	0.003019951720402019	1.423502011412412e-11
100.00000000000031	0.003019951720402019	7.77467144137545e-13
111.55639876771902	0.003019951720402019	4.789365968564871e-14
138.21730389017998	0.003019951720402019	1.7457040586828793e-17
171.24990861750976	0.003019951720402019	2.3411950820635562e-22
212.17698780180757	0.003019951720402019	0
262.885244821937	0.003019951720402019	0
325.7122869971341	0.003019951720402019	0
403.5543872869759	0.003019951720402019	0
499.9999999999984	0.003019951720402019	0
1000	0.003019951720402019	0
2000	0.003019951720402019	0
1.	0.00346736850452532	0.43706476076148654
1.9999999999999998	0.00346736850452532	0.32932485393201244
2.288838595949997	0.00346736850452532	0.3023459971997883
2.6193910591551774	0.00346736850452532	0.2707307818145799
2.9976816770403563	0.00346736850452532	0.23635277421190895
3.4306047603910415	0.00346736850452532	0.2057186983504357
3.926050291516404	0.00346736850452532	0.18374991054625817
4.493047718431742	0.00346736850452532	0.16230301405769323
5.141930515695824	0.00346736850452532	0.12812291373595036
5.884524511008838	0.00346736850452532	0.09289766974206773
6.734363409805407	0.00346736850452532	0.07661882163237703
7.706935445758021	0.00346736850452532	0.06382073023276488
8.819965652373028	0.00346736850452532	0.04006137251370038
10.093738900052346	0.00346736850452532	0.016956682543518252
11.551469585940843	0.00346736850452532	0.005400638261190823
13.219724714121972	0.00346736850452532	0.0018194854311089077
15.128908076758211	0.00346736850452532	0.0007645420569381992
17.313814360331925	0.00346736850452532	0.00033694861353580983
19.814263275520517	0.00346736850452532	0.0001232480785857726
22.675825267662994	0.00346736850452532	0.000027943844751920372
25.950652033822625	0.00346736850452532	9.545634983820315e-6
29.698426982540767	0.00346736850452532	2.8841971975517985e-6
33.98745295832107	0.00346736850452532	1.0603095094163477e-6
38.895897054520105	0.00346736850452532	3.355003927821023e-7
44.51321520124173	0.00346736850452532	6.967724807683337e-8
50.941782491215115	0.00346736850452532	1.7048394417932294e-8
58.29875895619149	0.00346736850452532	4.14385593335072e-9
66.71822479745835	0.00346736850452532	9.309545148920005e-10
76.35362398484546	0.00346736850452532	1.6063074915289279e-10
87.38056075858388	0.00346736850452532	1.649036867489213e-11
100.00000000000031	0.00346736850452532	9.022965839919274e-13
111.55639876771902	0.00346736850452532	5.563960781560939e-14
138.21730389017998	0.00346736850452532	2.0338582106303386e-17
171.24990861750976	0.00346736850452532	2.737564691072472e-22
212.17698780180757	0.00346736850452532	0
262.885244821937	0.00346736850452532	0
325.7122869971341	0.00346736850452532	0
403.5543872869759	0.00346736850452532	0
499.9999999999984	0.00346736850452532	0
1000	0.00346736850452532	0
2000	0.00346736850452532	0
1.	0.003981071705534978	0.5225732926426321
1.9999999999999998	0.003981071705534978	0.37943716635768693
2.288838595949997	0.003981071705534978	0.34819530319987874
2.6193910591551774	0.003981071705534978	0.3127200297453949
2.9976816770403563	0.003981071705534978	0.27361798395596865
3.4306047603910415	0.003981071705534978	0.23723985235442727
3.926050291516404	0.003981071705534978	0.21074407825840893
4.493047718431742	0.003981071705534978	0.18711317772472869
5.141930515695824	0.003981071705534978	0.14987304509243154
5.884524511008838	0.003981071705534978	0.10845394641656618
6.734363409805407	0.003981071705534978	0.08825328953310263
7.706935445758021	0.003981071705534978	0.07418380079689482
8.819965652373028	0.003981071705534978	0.04732613020252884
10.093738900052346	0.003981071705534978	0.020289041997254658
11.551469585940843	0.003981071705534978	0.0064294128343393335
13.219724714121972	0.003981071705534978	0.0021461748859285617
15.128908076758211	0.003981071705534978	0.0008930095897114515
17.313814360331925	0.003981071705534978	0.00039232876595742385
19.814263275520517	0.003981071705534978	0.00014458771215204028
22.675825267662994	0.003981071705534978	0.00003263565019925365
25.950652033822625	0.003981071705534978	0.000011128620428468352
29.698426982540767	0.003981071705534978	3.347598273345849e-6
33.98745295832107	0.003981071705534978	1.2340937753547204e-6
38.895897054520105	0.003981071705534978	3.8923586426069015e-7
44.51321520124173	0.003981071705534978	8.138074014994093e-8
50.941782491215115	0.003981071705534978	1.9821643031080364e-8
58.29875895619149	0.003981071705534978	4.7988811601977e-9
66.71822479745835	0.003981071705534978	1.0792313488396468e-9
76.35362398484546	0.003981071705534978	1.8618158530741552e-10
87.38056075858388	0.003981071705534978	1.9122687793567887e-11
100.00000000000031	0.003981071705534978	1.0485452286682696e-12
111.55639876771902	0.003981071705534978	6.473346507852086e-14
138.21730389017998	0.003981071705534978	2.373969508692161e-17
171.24990861750976	0.003981071705534978	3.2084021851170257e-22
212.17698780180757	0.003981071705534978	0
262.885244821937	0.003981071705534978	0
325.7122869971341	0.003981071705534978	0
403.5543872869759	0.003981071705534978	0
499.9999999999984	0.003981071705534978	0
1000	0.003981071705534978	0
2000	0.003981071705534978	0
1.	0.0045708818961487565	0.6237753309601246
1.9999999999999998	0.0045708818961487565	0.4369671847316325
2.288838595949997	0.0045708818961487565	0.40052934370132226
2.6193910591551774	0.0045708818961487565	0.36086703020594046
2.9976816770403563	0.0045708818961487565	0.31680297594525064
3.4306047603910415	0.0045708818961487565	0.2742198121314078
3.926050291516404	0.0045708818961487565	0.2420090879132859
4.493047718431742	0.0045708818961487565	0.21569019724825908
5.141930515695824	0.0045708818961487565	0.17541405043602407
5.884524511008838	0.0045708818961487565	0.12700492815291592
6.734363409805407	0.0045708818961487565	0.10169198928866638
7.706935445758021	0.0045708818961487565	0.08625781148567618
8.819965652373028	0.0045708818961487565	0.05607304741714161
10.093738900052346	0.0045708818961487565	0.02438566894833145
11.551469585940843	0.0045708818961487565	0.007697722619695687
13.219724714121972	0.0045708818961487565	0.00252935210854662
15.128908076758211	0.0045708818961487565	0.0010453583357523802
17.313814360331925	0.0045708818961487565	0.0004576055662078094
19.814263275520517	0.0045708818961487565	0.00017002031030744345
22.675825267662994	0.0045708818961487565	0.000038217724129998575
25.950652033822625	0.0045708818961487565	0.000013001775570914596
29.698426982540767	0.0045708818961487565	3.890376367013034e-6
33.98745295832107	0.0045708818961487565	1.4397275529816129e-6
38.895897054520105	0.0045708818961487565	4.524133174633331e-7
44.51321520124173	0.0045708818961487565	9.531801133218382e-8
50.941782491215115	0.0045708818961487565	2.3094484815033634e-8
58.29875895619149	0.0045708818961487565	5.5680358264963565e-9
66.71822479745835	0.0045708818961487565	1.253491606483541e-9
76.35362398484546	0.0045708818961487565	2.1621631459682827e-10
87.38056075858388	0.0045708818961487565	2.2218970587881228e-11
100.00000000000031	0.0045708818961487565	1.2212842551726959e-12
111.55639876771902	0.0045708818961487565	7.54991394246046e-14
138.21730389017998	0.0045708818961487565	2.7789847713576935e-17
171.24990861750976	0.0045708818961487565	3.773016745036702e-22
212.17698780180757	0.0045708818961487565	0
262.885244821937	0.0045708818961487565	0
325.7122869971341	0.0045708818961487565	0
403.5543872869759	0.0045708818961487565	0
499.9999999999984	0.0045708818961487565	0
1000	0.0045708818961487565	0
2000	0.0045708818961487565	0
1.	0.005248074602497733	0.7419748034200737
1.9999999999999998	0.005248074602497733	0.5029424483340558
2.288838595949997	0.005248074602497733	0.46002060943346207
2.6193910591551774	0.005248074602497733	0.41571623545880376
2.9976816770403563	0.005248074602497733	0.3671251509576132
3.4306047603910415	0.005248074602497733	0.3176559218646057
3.926050291516404	0.005248074602497733	0.27823923419822605
4.493047718431742	0.005248074602497733	0.24831233999193855
5.141930515695824	0.005248074602497733	0.20543316801745032
5.884524511008838	0.005248074602497733	0.14933198856469457
6.734363409805407	0.005248074602497733	0.1171920484778202
7.706935445758021	0.005248074602497733	0.100262174963975
8.819965652373028	0.005248074602497733	0.06661290681032303
10.093738900052346	0.005248074602497733	0.029482698842300547
11.551469585940843	0.005248074602497733	0.009284493192334198
13.219724714121972	0.005248074602497733	0.003000310470974179
15.128908076758211	0.005248074602497733	0.0012269487333328288
17.313814360331925	0.005248074602497733	0.0005354046242394397
19.814263275520517	0.005248074602497733	0.00020091313227220403
22.675825267662994	0.005248074602497733	0.00004489241765680277
25.950652033822625	0.005248074602497733	0.000015228450228232992
29.698426982540767	0.005248074602497733	4.52758653484228e-6
33.98745295832107	0.005248074602497733	1.680612910084646e-6
38.895897054520105	0.005248074602497733	5.258634106910072e-7
44.51321520124173	0.005248074602497733	1.1176407132492108e-7
50.941782491215115	0.005248074602497733	2.6916380494339002e-8
58.29875895619149	0.005248074602497733	6.461424350223184e-9
66.71822479745835	0.005248074602497733	1.4560404693415054e-9
76.35362398484546	0.005248074602497733	2.511409804297908e-10
87.38056075858388	0.005248074602497733	2.5822295921703873e-11
100.00000000000031	0.005248074602497733	1.4232626351028052e-12
111.55639876771902	0.005248074602497733	8.812069422455727e-14
138.21730389017998	0.005248074602497733	3.2571189906927134e-17
171.24990861750976	0.005248074602497733	4.445002269812835e-22
212.17698780180757	0.005248074602497733	0
262.885244821937	0.005248074602497733	0
325.7122869971341	0.005248074602497733	0
403.5543872869759	0.005248074602497733	0
499.9999999999984	0.005248074602497733	0
1000	0.005248074602497733	0
2000	0.005248074602497733	0
1.	0.006025595860743587	0.8777002774441435
1.9999999999999998	0.006025595860743587	0.5786815967907597
2.288838595949997	0.006025595860743587	0.527727887236859
2.6193910591551774	0.006025595860743587	0.4784765161610311
2.9976816770403563	0.006025595860743587	0.42500047277469194
3.4306047603910415	0.006025595860743587	0.36843626814177066
3.926050291516404	0.006025595860743587	0.3204027575420565
4.493047718431742	0.006025595860743587	0.28540494336120503
5.141930515695824	0.006025595860743587	0.24039876928636056
5.884524511008838	0.006025595860743587	0.17622064022115705
6.734363409805407	0.006025595860743587	0.13540883647035135
7.706935445758021	0.006025595860743587	0.11642700282987443
8.819965652373028	0.006025595860743587	0.07934587705759297
10.093738900052346	0.006025595860743587	0.035874809494187865
11.551469585940843	0.006025595860743587	0.011274202674447419
13.219724714121972	0.006025595860743587	0.0035792392881835227
15.128908076758211	0.006025595860743587	0.0014448258188077302
17.313814360331925	0.006025595860743587	0.0006275172725994398
19.814263275520517	0.006025595860743587	0.0002380025234164019
22.675825267662994	0.006025595860743587	0.000052753889131596014
25.950652033822625	0.006025595860743587	0.000017887896522381113
29.698426982540767	0.006025595860743587	5.278555157708936e-6
33.98745295832107	0.006025595860743587	1.9652248251815895e-6
38.895897054520105	0.006025595860743587	6.119395816927719e-7
44.51321520124173	0.006025595860743587	1.3134508942003453e-7
50.941782491215115	0.006025595860743587	3.1417093461491286e-8
58.29875895619149	0.006025595860743587	7.50810327282254e-9
66.71822479745835	0.006025595860743587	1.693424734594635e-9
76.35362398484546	0.006025595860743587	2.9209884305247023e-10
87.38056075858388	0.006025595860743587	3.005190814536753e-11
100.00000000000031	0.006025595860743587	1.661539180304159e-12
111.55639876771902	0.006025595860743587	1.0305409502929957e-13
138.21730389017998	0.006025595860743587	3.827128819161236e-17
171.24990861750976	0.006025595860743587	5.2532340009702555e-22
212.17698780180757	0.006025595860743587	0
262.885244821937	0.006025595860743587	0
325.7122869971341	0.006025595860743587	0
403.5543872869759	0.006025595860743587	0
499.9999999999984	0.006025595860743587	0
1000	0.006025595860743587	0
2000	0.006025595860743587	0
1.	0.006918309709189377	1.0296599504975954
1.9999999999999998	0.006918309709189377	0.6663279714483004
2.288838595949997	0.006918309709189377	0.6052312717447391
2.6193910591551774	0.006918309709189377	0.5491328144853115
2.9976816770403563	0.006918309709189377	0.4910947331886057
3.4306047603910415	0.006918309709189377	0.4277764244688811
3.926050291516404	0.006918309709189377	0.3698889622598488
4.493047718431742	0.006918309709189377	0.32783915538287633
5.141930515695824	0.006918309709189377	0.280693936984439
5.884524511008838	0.006918309709189377	0.20885471314785317
6.734363409805407	0.006918309709189377	0.15681691733289255
7.706935445758021	0.006918309709189377	0.13522709497387514
8.819965652373028	0.006918309709189377	0.09478765293115841
10.093738900052346	0.006918309709189377	0.04394449305166196
11.551469585940843	0.006918309709189377	0.013803628034358568
13.219724714121972	0.006918309709189377	0.004292176314499425
15.128908076758211	0.006918309709189377	0.0017078963424704482
17.313814360331925	0.006918309709189377	0.0007416563266849194
19.814263275520517	0.006918309709189377	0.0002826477269869104
22.675825267662994	0.006918309709189377	0.00006235757836809007
25.950652033822625	0.006918309709189377	0.000021077803583096517
29.698426982540767	0.006918309709189377	6.168895394095271e-6
33.98745295832107	0.006918309709189377	2.3037522822902407e-6
38.895897054520105	0.006918309709189377	7.13426012879494e-7
44.51321520124173	0.006918309709189377	1.548215080711637e-7
50.941782491215115	0.006918309709189377	3.675229436140866e-8
58.29875895619149	0.006918309709189377	8.742667435512385e-9
66.71822479745835	0.006918309709189377	1.9734044808806226e-9
76.35362398484546	0.006918309709189377	3.40450592973874e-10
87.38056075858388	0.006918309709189377	3.5050461314679744e-11
100.00000000000031	0.006918309709189377	1.9446187074272066e-12
111.55639876771902	0.006918309709189377	1.2085186076581213e-13
138.21730389017998	0.006918309709189377	4.5121996808441135e-17
171.24990861750976	0.006918309709189377	6.234123287152434e-22
212.17698780180757	0.006918309709189377	0
262.885244821937	0.006918309709189377	0
325.7122869971341	0.006918309709189377	0
403.5543872869759	0.006918309709189377	0
499.9999999999984	0.006918309709189377	0
1000	0.006918309709189377	0
2000	0.006918309709189377	0
1.	0.00794328234724283	1.1939203371981277
1.9999999999999998	0.00794328234724283	0.7677872319857698
2.288838595949997	0.00794328234724283	0.6932955621565248
2.6193910591551774	0.00794328234724283	0.6285820005348116
2.9976816770403563	0.00794328234724283	0.5655658979802264
3.4306047603910415	0.00794328234724283	0.49648349971926287
3.926050291516404	0.00794328234724283	0.4281101101980497
4.493047718431742	0.00794328234724283	0.3762143223655524
5.141930515695824	0.00794328234724283	0.3267640513981664
5.884524511008838	0.00794328234724283	0.2492237407192947
6.734363409805407	0.00794328234724283	0.18258197255568626
7.706935445758021	0.00794328234724283	0.156763169418507
8.819965652373028	0.00794328234724283	0.11342821387172354
10.093738900052346	0.00794328234724283	0.05418243559828911
11.551469585940843	0.00794328234724283	0.017071582862704635
13.219724714121972	0.00794328234724283	0.005189561317469958
15.128908076758211	0.00794328234724283	0.002025806527127155
17.313814360331925	0.00794328234724283	0.0008756012402022251
19.814263275520517	0.00794328234724283	0.0003373930375698866
22.675825267662994	0.00794328234724283	0.00007385325112559131
25.950652033822625	0.00794328234724283	0.000024930225883753054
29.698426982540767	0.00794328234724283	7.234084109537148e-6
33.98745295832107	0.00794328234724283	2.7120405562747713e-6
38.895897054520105	0.00794328234724283	8.347348555789263e-7
44.51321520124173	0.00794328234724283	1.8335937006825014e-7
50.941782491215115	0.00794328234724283	4.3166660582952754e-8
58.29875895619149	0.00794328234724283	1.0220033664100129e-8
66.71822479745835	0.00794328234724283	2.308285492802464e-9
76.35362398484546	0.00794328234724283	3.983478966376405e-10
87.38056075858388	0.00794328234724283	4.1044194019750073e-11
100.00000000000031	0.00794328234724283	2.285826214517723e-12
111.55639876771902	0.00794328234724283	1.4237483828432072e-13
138.21730389017998	0.00794328234724283	5.3482126396948487e-17
171.24990861750976	0.00794328234724283	7.4436999085653205e-22
212.17698780180757	0.00794328234724283	0
262.885244821937	0.00794328234724283	0
325.7122869971341	0.00794328234724283	0
403.5543872869759	0.00794328234724283	0
499.9999999999984	0.00794328234724283	0
1000	0.00794328234724283	0
2000	0.00794328234724283	0
1.	0.009120108393559116	1.3629797692233407
1.9999999999999998	0.009120108393559116	0.8840968412301359
2.288838595949997	0.009120108393559116	0.7935943030206641
2.6193910591551774	0.009120108393559116	0.7173086864712676
2.9976816770403563	0.009120108393559116	0.648586601742828
3.4306047603910415	0.009120108393559116	0.5750331404802906
3.926050291516404	0.009120108393559116	0.49673687362202534
4.493047718431742	0.009120108393559116	0.4331391782079189
5.141930515695824	0.009120108393559116	0.3795308703662965
5.884524511008838	0.009120108393559116	0.2965824980895956
6.734363409805407	0.009120108393559116	0.21420584072178697
7.706935445758021	0.009120108393559116	0.18108812187459458
8.819965652373028	0.009120108393559116	0.13578914641919143
10.093738900052346	0.009120108393559116	0.06717476007775056
11.551469585940843	0.009120108393559116	0.021374849694286092
13.219724714121972	0.009120108393559116	0.006328637801203944
15.128908076758211	0.009120108393559116	0.002416374384987835
17.313814360331925	0.009120108393559116	0.001041646111198201
19.814263275520517	0.009120108393559116	0.0004039872744905499
22.675825267662994	0.009120108393559116	0.00008819332832515629
25.950652033822625	0.009120108393559116	0.000029598751858363827
29.698426982540767	0.009120108393559116	8.516574757086708e-6
33.98745295832107	0.009120108393559116	3.192797734490541e-6
38.895897054520105	0.009120108393559116	9.761325626530432e-7
44.51321520124173	0.009120108393559116	2.172687453836923e-7
50.941782491215115	0.009120108393559116	5.069727859072052e-8
58.29875895619149	0.009120108393559116	1.1944613236570783e-8
66.71822479745835	0.009120108393559116	2.698921076317862e-9
76.35362398484546	0.009120108393559116	4.659729823737925e-10
87.38056075858388	0.009120108393559116	4.805847087395903e-11
100.00000000000031	0.009120108393559116	2.687544770357639e-12
111.55639876771902	0.009120108393559116	1.6781519584928146e-13
138.21730389017998	0.009120108393559116	6.347536744918091e-17
171.24990861750976	0.009120108393559116	8.908311002096781e-22
212.17698780180757	0.009120108393559116	0
262.885244821937	0.009120108393559116	0
325.7122869971341	0.009120108393559116	0
403.5543872869759	0.009120108393559116	0
499.9999999999984	0.009120108393559116	0
1000	0.009120108393559116	0
2000	0.009120108393559116	0
1.	0.010471285480509017	1.5280682259913363
1.9999999999999998	0.010471285480509017	1.016868573260329
2.288838595949997	0.010471285480509017	0.9084172933187823
2.6193910591551774	0.010471285480509017	0.8171677121043288
2.9976816770403563	0.010471285480509017	0.7404387181058616
3.4306047603910415	0.010471285480509017	0.6643192158276003
3.926050291516404	0.010471285480509017	0.5784850807673748
4.493047718431742	0.010471285480509017	0.49916460968545595
5.141930515695824	0.010471285480509017	0.43854430668319644
5.884524511008838	0.010471285480509017	0.3533408573730429
6.734363409805407	0.010471285480509017	0.2529824295857689
7.706935445758021	0.010471285480509017	0.20913490393903095
8.819965652373028	0.010471285480509017	0.16283389023951772
10.093738900052346	0.010471285480509017	0.08376950850183576
11.551469585940843	0.010471285480509017	0.027065321928538118
13.219724714121972	0.010471285480509017	0.0077656615700134055
15.128908076758211	0.010471285480509017	0.0028998186782115054
17.313814360331925	0.010471285480509017	0.0012424234981867999
19.814263275520517	0.010471285480509017	0.00048598722875916586
22.675825267662994	0.010471285480509017	0.00010531027571970952
25.950652033822625	0.010471285480509017	0.00003527876471250762
29.698426982540767	0.010471285480509017	0.000010080143511060493
33.98745295832107	0.010471285480509017	3.771662970628454e-6
38.895897054520105	0.010471285480509017	1.1448405348556643e-6
44.51321520124173	0.010471285480509017	2.584366775504933e-7
50.941782491215115	0.010471285480509017	5.974756236857347e-8
58.29875895619149	0.010471285480509017	1.4006193416335428e-8
66.71822479745835	0.010471285480509017	3.165337630922144e-9
76.35362398484546	0.010471285480509017	5.468219485037096e-10
87.38056075858388	0.010471285480509017	5.646610787819491e-11
100.00000000000031	0.010471285480509017	3.17170624730057e-12
111.55639876771902	0.010471285480509017	1.9859436238166466e-13
138.21730389017998	0.010471285480509017	7.571006286960794e-17
171.24990861750976	0.010471285480509017	1.0725727939058713e-21
212.17698780180757	0.010471285480509017	0
262.885244821937	0.010471285480509017	0
325.7122869971341	0.010471285480509017	0
403.5543872869759	0.010471285480509017	0
499.9999999999984	0.010471285480509017	0
1000	0.010471285480509017	0
2000	0.010471285480509017	0
1.	0.012022644346174156	1.6699125145764595
1.9999999999999998	0.012022644346174156	1.1654839849812688
2.288838595949997	0.012022644346174156	1.0398543021363549
2.6193910591551774	0.012022644346174156	0.9301290094030733
2.9976816770403563	0.012022644346174156	0.8428175265932416
3.4306047603910415	0.012022644346174156	0.7638977864031382
3.926050291516404	0.012022644346174156	0.6725415835025605
4.493047718431742	0.012022644346174156	0.5773626906292176
5.141930515695824	0.012022644346174156	0.5047248317066785
5.884524511008838	0.012022644346174156	0.4195062569574862
6.734363409805407	0.012022644346174156	0.30195531865916425
7.706935445758021	0.012022644346174156	0.24128221388350193
8.819965652373028	0.012022644346174156	0.19469410955820496
10.093738900052346	0.012022644346174156	0.10500680593646679
11.551469585940843	0.012022644346174156	0.034773727412468695
13.219724714121972	0.012022644346174156	0.009645473063406268
15.128908076758211	0.012022644346174156	0.00350252165353636
17.313814360331925	0.012022644346174156	0.001492082482615402
19.814263275520517	0.012022644346174156	0.0005857313714603964
22.675825267662994	0.012022644346174156	0.00012682902724607542
25.950652033822625	0.012022644346174156	0.00004221485141678326
29.698426982540767	0.012022644346174156	0.000012007712532156848
33.98745295832107	0.012022644346174156	4.459063578291324e-6
38.895897054520105	0.012022644346174156	1.3434183966872416e-6
44.51321520124173	0.012022644346174156	3.0777210540475e-7
50.941782491215115	0.012022644346174156	7.048707705288695e-8
58.29875895619149	0.012022644346174156	1.643701141860161e-8
66.71822479745835	0.012022644346174156	3.7145127677020203e-9
76.35362398484546	0.012022644346174156	6.421466364015019e-10
87.38056075858388	0.012022644346174156	6.641427193832703e-11
100.00000000000031	0.012022644346174156	3.747882901078126e-12
111.55639876771902	0.012022644346174156	2.3538311696618706e-13
138.21730389017998	0.012022644346174156	9.054124598442958e-17
171.24990861750976	0.012022644346174156	1.2964207963855006e-21
212.17698780180757	0.012022644346174156	0
262.885244821937	0.012022644346174156	0
325.7122869971341	0.012022644346174156	0
403.5543872869759	0.012022644346174156	0
499.9999999999984	0.012022644346174156	0
1000	0.012022644346174156	0
2000	0.012022644346174156	0
1.	0.01380384264602888	1.7709108781107408
1.9999999999999998	0.01380384264602888	1.3255433420757168
2.288838595949997	0.01380384264602888	1.1881240763852796
2.6193910591551774	0.01380384264602888	1.0608227960142844
2.9976816770403563	0.01380384264602888	0.9565793087744477
3.4306047603910415	0.01380384264602888	0.870906494550223
3.926050291516404	0.01380384264602888	0.7782753435118612
4.493047718431742	0.01380384264602888	0.670050744289587
5.141930515695824	0.01380384264602888	0.5806738075543494
5.884524511008838	0.01380384264602888	0.4950550671728866
6.734363409805407	0.01380384264602888	0.3634643025776567
7.706935445758021	0.01380384264602888	0.27862733069742546
8.819965652373028	0.01380384264602888	0.23195106664704515
10.093738900052346	0.01380384264602888	0.1323244065809629
11.551469585940843	0.01380384264602888	0.0453004169621197
13.219724714121972	0.01380384264602888	0.012159169860128445
15.128908076758211	0.01380384264602888	0.00426910104217936
17.313814360331925	0.01380384264602888	0.0018008717623548864
19.814263275520517	0.01380384264602888	0.0007086311970364171
22.675825267662994	0.01380384264602888	0.00015414592053865248
25.950652033822625	0.01380384264602888	0.000050733433394656565
29.698426982540767	0.01380384264602888	0.000014418506331218669
33.98745295832107	0.01380384264602888	5.293941293298898e-6
38.895897054520105	0.01380384264602888	1.5831294846117225e-6
44.51321520124173	0.01380384264602888	3.681978301369825e-7
50.941782491215115	0.01380384264602888	8.354578846563607e-8
58.29875895619149	0.01380384264602888	1.937456482977784e-8
66.71822479745835	0.01380384264602888	4.377003737124348e-9
76.35362398484546	0.01380384264602888	7.572778531425719e-10
87.38056075858388	0.01380384264602888	7.848375961089727e-11
100.00000000000031	0.01380384264602888	4.450351210808384e-12
111.55639876771902	0.01380384264602888	2.804220207821178e-13
138.21730389017998	0.01380384264602888	1.0897078473177707e-16
171.24990861750976	0.01380384264602888	1.5792767829259025e-21
212.17698780180757	0.01380384264602888	0
262.885244821937	0.01380384264602888	0
325.7122869971341	0.01380384264602888	0
403.5543872869759	0.01380384264602888	0
499.9999999999984	0.01380384264602888	0
1000	0.01380384264602888	0
2000	0.01380384264602888	0
1.	0.015848931924611172	1.8130195811092926
1.9999999999999998	0.015848931924611172	1.4858120033607838
2.288838595949997	0.015848931924611172	1.3515728958679063
2.6193910591551774	0.015848931924611172	1.2089018699335639
2.9976816770403563	0.015848931924611172	1.0832115748331026
3.4306047603910415	0.015848931924611172	0.9852587955408028
3.926050291516404	0.015848931924611172	0.8933266165368147
4.493047718431742	0.015848931924611172	0.780769157270803
5.141930515695824	0.015848931924611172	0.6702063582818533
5.884524511008838	0.015848931924611172	0.5797275005523896
6.734363409805407	0.015848931924611172	0.4401928629511746
7.706935445758021	0.015848931924611172	0.32339032793989864
8.819965652373028	0.015848931924611172	0.2743588378856864
10.093738900052346	0.015848931924611172	0.1672757298118863
11.551469585940843	0.015848931924611172	0.059749518490500655
13.219724714121972	0.015848931924611172	0.015611731291146003
15.128908076758211	0.015848931924611172	0.005236175885605705
17.313814360331925	0.015848931924611172	0.002186198971335848
19.814263275520517	0.015848931924611172	0.0008599390077334012
22.675825267662994	0.015848931924611172	0.0001885986226681101
25.950652033822625	0.015848931924611172	0.00006122244199232115
29.698426982540767	0.015848931924611172	0.000017474883071107716
33.98745295832107	0.015848931924611172	6.311369319430499e-6
38.895897054520105	0.015848931924611172	1.8742404036996171e-6
44.51321520124173	0.015848931924611172	4.4250274079582916e-7
50.941782491215115	0.015848931924611172	9.950448926809202e-8
58.29875895619149	0.015848931924611172	2.2940473335858567e-8
66.71822479745835	0.015848931924611172	5.179690584473187e-9
76.35362398484546	0.015848931924611172	8.969339600757761e-10
87.38056075858388	0.015848931924611172	9.320935942075672e-11
100.00000000000031	0.015848931924611172	5.31129650754266e-12
111.55639876771902	0.015848931924611172	3.358613016149139e-13
138.21730389017998	0.015848931924611172	1.3203701422039674e-16
171.24990861750976	0.015848931924611172	1.9400222033347024e-21
212.17698780180757	0.015848931924611172	0
262.885244821937	0.015848931924611172	0
325.7122869971341	0.015848931924611172	0
403.5543872869759	0.015848931924611172	0
499.9999999999984	0.015848931924611172	0
1000	0.015848931924611172	0
2000	0.015848931924611172	0
1.	0.01819700858609988	1.7822096566833951
1.9999999999999998	0.01819700858609988	1.6331603193990938
2.288838595949997	0.01819700858609988	1.5165710241055068
2.6193910591551774	0.01819700858609988	1.3723201243303311
2.9976816770403563	0.01819700858609988	1.2269500542197234
3.4306047603910415	0.01819700858609988	1.1087395592201854
3.926050291516404	0.01819700858609988	1.0164803511652065
4.493047718431742	0.01819700858609988	0.9061248731021985
5.141930515695824	0.01819700858609988	0.7747303244672352
5.884524511008838	0.01819700858609988	0.6710196019040942
6.734363409805407	0.01819700858609988	0.5337828101018025
7.706935445758021	0.01819700858609988	0.3808329551767014
8.819965652373028	0.01819700858609988	0.32189939743741863
10.093738900052346	0.01819700858609988	0.21134566973788488
11.551469585940843	0.01819700858609988	0.07998133025981465
13.219724714121972	0.01819700858609988	0.020436741501533205
15.128908076758211	0.01819700858609988	0.006498321211541185
17.313814360331925	0.01819700858609988	0.0026707626195880208
19.814263275520517	0.01819700858609988	0.0010459346037594523
22.675825267662994	0.01819700858609988	0.00023313096079650064
25.950652033822625	0.01819700858609988	0.00007419147935157582
29.698426982540767	0.01819700858609988	0.000021395228951024352
33.98745295832107	0.01819700858609988	7.552856667334053e-6
38.895897054520105	0.01819700858609988	2.2294740267241137e-6
44.51321520124173	0.01819700858609988	5.341100668019149e-7
50.941782491215115	0.01819700858609988	1.1905955378382648e-7
58.29875895619149	0.01819700858609988	2.7279993974623225e-8
66.71822479745835	0.01819700858609988	6.154415401718905e-9
76.35362398484546	0.01819700858609988	1.0667308357252509e-9
87.38056075858388	0.01819700858609988	1.1124297934069252e-10
100.00000000000031	0.01819700858609988	6.370239308418627e-12
111.55639876771902	0.01819700858609988	4.0435556483933606e-13
138.21730389017998	0.01819700858609988	1.6107597549976508e-16
171.24990861750976	0.01819700858609988	2.4038818367071937e-21
212.17698780180757	0.01819700858609988	0
262.885244821937	0.01819700858609988	0
325.7122869971341	0.01819700858609988	0
403.5543872869759	0.01819700858609988	0
499.9999999999984	0.01819700858609988	0
1000	0.01819700858609988	0
2000	0.01819700858609988	0
1.	0.02089296130854045	1.6744115470843246
1.9999999999999998	0.02089296130854045	1.7334485606949266
2.288838595949997	0.02089296130854045	1.6601782951590887
2.6193910591551774	0.02089296130854045	1.5391571817101388
2.9976816770403563	0.02089296130854045	1.3877571533809947
3.4306047603910415	0.02089296130854045	1.2486769912547606
3.926050291516404	0.02089296130854045	1.1445581085421717
4.493047718431742	0.02089296130854045	1.0408384839949363
5.141930515695824	0.02089296130854045	0.8992241268640965
5.884524511008838	0.02089296130854045	0.774751809424796
6.734363409805407	0.02089296130854045	0.6425297848548911
7.706935445758021	0.02089296130854045	0.455864797261123
8.819965652373028	0.02089296130854045	0.374410564545331
10.093738900052346	0.02089296130854045	0.2663689862328693
11.551469585940843	0.02089296130854045	0.10807689939177563
13.219724714121972	0.02089296130854045	0.027323453372269556
15.128908076758211	0.02089296130854045	0.008181497737065755
17.313814360331925	0.02089296130854045	0.003283399691450351
19.814263275520517	0.02089296130854045	0.0012781861177615335
22.675825267662994	0.02089296130854045	0.0002918876015247796
25.950652033822625	0.02089296130854045	0.0000903234207860597
29.698426982540767	0.02089296130854045	0.000026429818560081568
33.98745295832107	0.02089296130854045	9.074288519449895e-6
38.895897054520105	0.02089296130854045	2.6667054618965882e-6
44.51321520124173	0.02089296130854045	6.477678760653551e-7
50.941782491215115	0.02089296130854045	1.4313944343357958e-7
58.29875895619149	0.02089296130854045	3.2589956419117383e-8
66.71822479745835	0.02089296130854045	7.344037323501488e-9
76.35362398484546	0.02089296130854045	1.2743047372930515e-9
87.38056075858388	0.02089296130854045	1.3347757334183498e-10
100.00000000000031	0.02089296130854045	7.681469504791187e-12
111.55639876771902	0.02089296130854045	4.895704775864711e-13
138.21730389017998	0.02089296130854045	1.9796017358124358e-16
171.24990861750976	0.02089296130854045	3.0070467221659933e-21
212.17698780180757	0.02089296130854045	0
262.885244821937	0.02089296130854045	0
325.7122869971341	0.02089296130854045	0
403.5543872869759	0.02089296130854045	0
499.9999999999984	0.02089296130854045	0
1000	0.02089296130854045	0
2000	0.02089296130854045	0
1.	0.023988329190194974	1.5031080372591747
1.9999999999999998	0.023988329190194974	1.7614394616158466
2.288838595949997	0.023988329190194974	1.7535801225553564
2.6193910591551774	0.023988329190194974	1.685790420244474
2.9976816770403563	0.023988329190194974	1.5608707069925187
3.4306047603910415	0.023988329190194974	1.4071501699973745
3.926050291516404	0.023988329190194974	1.2769511623946592
4.493047718431742	0.023988329190194974	1.1778315478978516
5.141930515695824	0.023988329190194974	1.0498511897759797
5.884524511008838	0.023988329190194974	0.8949054633380193
6.734363409805407	0.023988329190194974	0.7626673244019546
7.706935445758021	0.023988329190194974	0.5567650226925169
8.819965652373028	0.023988329190194974	0.43203604706631055
10.093738900052346	0.023988329190194974	0.3327726852372724
11.551469585940843	0.023988329190194974	0.14729431717211536
13.219724714121972	0.023988329190194974	0.03768027407294937
15.128908076758211	0.023988329190194974	0.010444202390754763
17.313814360331925	0.023988329190194974	0.004076803962054914
19.814263275520517	0.023988329190194974	0.0015724898990297261
22.675825267662994	0.023988329190194974	0.00036944686347004986
25.950652033822625	0.023988329190194974	0.00011064500246795478
29.698426982540767	0.023988329190194974	0.000032907329163194194
33.98745295832107	0.023988329190194974	0.000010959359808824123
38.895897054520105	0.023988329190194974	3.2133681297429173e-6
44.51321520124173	0.023988329190194974	7.907055336163233e-7
50.941782491215115	0.023988329190194974	1.7309858977826425e-7
58.29875895619149	0.023988329190194974	3.916478089657677e-8
66.71822479745835	0.023988329190194974	8.812249385069367e-9
76.35362398484546	0.023988329190194974	1.5311293167496022e-9
87.38056075858388	0.023988329190194974	1.612442957213323e-10
100.00000000000031	0.023988329190194974	9.32652665341641e-12
111.55639876771902	0.023988329190194974	5.970124179944081e-13
138.21730389017998	0.023988329190194974	2.455121273747674e-16
171.24990861750976	0.023988329190194974	3.804706043933932e-21
212.17698780180757	0.023988329190194974	0
262.885244821937	0.023988329190194974	0
325.7122869971341	0.023988329190194974	0
403.5543872869759	0.023988329190194974	0
499.9999999999984	0.023988329190194974	0
1000	0.023988329190194974	0
2000	0.023988329190194974	0
1.	0.027542287033381744	1.264140871871909
1.9999999999999998	0.027542287033381744	1.6958902391563946
2.288838595949997	0.027542287033381744	1.7638496321784163
2.6193910591551774	0.027542287033381744	1.7795394897134653
2.9976816770403563	0.027542287033381744	1.7194488818474438
3.4306047603910415	0.027542287033381744	1.5801578748956826
3.926050291516404	0.027542287033381744	1.4246794060262868
4.493047718431742	0.027542287033381744	1.3177299199399728
5.141930515695824	0.027542287033381744	1.2078093049169303
5.884524511008838	0.027542287033381744	1.0367787035543348
6.734363409805407	0.027542287033381744	0.8900548185602537
7.706935445758021	0.027542287033381744	0.6856414869959577
8.819965652373028	0.027542287033381744	0.5002004756565271
10.093738900052346	0.027542287033381744	0.41005915951282085
11.551469585940843	0.027542287033381744	0.20176114720434937
13.219724714121972	0.027542287033381744	0.05309893244798915
15.128908076758211	0.027542287033381744	0.013601057030172916
17.313814360331925	0.027542287033381744	0.005092768256033286
19.814263275520517	0.027542287033381744	0.0019520947426025586
22.675825267662994	0.027542287033381744	0.0004741910118049983
25.950652033822625	0.027542287033381744	0.00013643485300269897
29.698426982540767	0.027542287033381744	0.0000410937951726272
33.98745295832107	0.027542287033381744	0.000013283096547500454
38.895897054520105	0.027542287033381744	3.896300719286522e-6
44.51321520124173	0.027542287033381744	9.70251440327831e-7
50.941782491215115	0.027542287033381744	2.1010856711608903e-7
58.29875895619149	0.027542287033381744	4.726153853369297e-8
66.71822479745835	0.027542287033381744	1.061253803499916e-8
76.35362398484546	0.027542287033381744	1.8472313161099167e-9
87.38056075858388	0.027542287033381744	1.957630571638641e-10
100.00000000000031	0.027542287033381744	1.1384218659470258e-11
111.55639876771902	0.027542287033381744	7.321952844868918e-13
138.21730389017998	0.027542287033381744	3.0685130505058926e-16
171.24990861750976	0.027542287033381744	4.863352281512045e-21
212.17698780180757	0.027542287033381744	0
262.885244821937	0.027542287033381744	0
325.7122869971341	0.027542287033381744	0
403.5543872869759	0.027542287033381744	0
499.9999999999984	0.027542287033381744	0
1000	0.027542287033381744	0
2000	0.027542287033381744	0
1.	0.03162277660168389	1.0353613118653988
1.9999999999999998	0.03162277660168389	1.5365209138560565
2.288838595949997	0.03162277660168389	1.6728098595364254
2.6193910591551774	0.03162277660168389	1.782110082444425
2.9976816770403563	0.03162277660168389	1.8168191675135141
3.4306047603910415	0.03162277660168389	1.7460476320250806
3.926050291516404	0.03162277660168389	1.5985989311179836
4.493047718431742	0.03162277660168389	1.4593497482571094
5.141930515695824	0.03162277660168389	1.3599890241278771
5.884524511008838	0.03162277660168389	1.2113180398302883
6.734363409805407	0.03162277660168389	1.0305885346715997
7.706935445758021	0.03162277660168389	0.8424859814464909
8.819965652373028	0.03162277660168389	0.5899224720614064
10.093738900052346	0.03162277660168389	0.4931747208927618
11.551469585940843	0.03162277660168389	0.2757331125279988
13.219724714121972	0.03162277660168389	0.07755859063098249
15.128908076758211	0.03162277660168389	0.01814443071388007
17.313814360331925	0.03162277660168389	0.006449069276668427
19.814263275520517	0.03162277660168389	0.0024536658050733308
22.675825267662994	0.03162277660168389	0.000618413708515044
25.950652033822625	0.03162277660168389	0.00016939838768857647
29.698426982540767	0.03162277660168389	0.00005143521893272545
33.98745295832107	0.03162277660168389	0.000016184069997380403
38.895897054520105	0.03162277660168389	4.763718677683733e-6
44.51321520124173	0.03162277660168389	1.1992186561016787e-6
50.941782491215115	0.03162277660168389	2.562799691989467e-7
58.29875895619149	0.03162277660168389	5.7351577682420614e-8
66.71822479745835	0.03162277660168389	1.2843640454110855e-8
76.35362398484546	0.03162277660168389	2.2409130540886686e-9
87.38056075858388	0.03162277660168389	2.391634513800359e-10
100.00000000000031	0.03162277660168389	1.3992515878529786e-11
111.55639876771902	0.03162277660168389	9.047185048985967e-13
138.21730389017998	0.03162277660168389	3.872137460709622e-16
171.24990861750976	0.03162277660168389	6.292577539901288e-21
212.17698780180757	0.03162277660168389	0
262.885244821937	0.03162277660168389	0
325.7122869971341	0.03162277660168389	0
403.5543872869759	0.03162277660168389	0
499.9999999999984	0.03162277660168389	0
1000	0.03162277660168389	0
2000	0.03162277660168389	0
1.	0.03630780547701025	0.7984697902218834
1.9999999999999998	0.03630780547701025	1.307169729107364
2.288838595949997	0.03630780547701025	1.4825588819643158
2.6193910591551774	0.03630780547701025	1.6638501798228913
2.9976816770403563	0.03630780547701025	1.8097400448437804
3.4306047603910415	0.03630780547701025	1.8581292171509018
3.926050291516404	0.03630780547701025	1.7769400565540097
4.493047718431742	0.03630780547701025	1.617860826111351
5.141930515695824	0.03630780547701025	1.5079200710756389
5.884524511008838	0.03630780547701025	1.395939098360874
6.734363409805407	0.03630780547701025	1.1930995678697212
7.706935445758021	0.03630780547701025	1.0101510337035466
8.819965652373028	0.03630780547701025	0.7215753118578332
10.093738900052346	0.03630780547701025	0.5781546127263375
11.551469585940843	0.03630780547701025	0.3729124061255561
13.219724714121972	0.03630780547701025	0.11600588184736689
15.128908076758211	0.03630780547701025	0.024952449345223997
17.313814360331925	0.03630780547701025	0.008272403080024596
19.814263275520517	0.03630780547701025	0.0031348363944374
22.675825267662994	0.03630780547701025	0.0008226255706249483
25.950652033822625	0.03630780547701025	0.0002119290019382701
29.698426982540767	0.03630780547701025	0.00006468563623863329
33.98745295832107	0.03630780547701025	0.0000199186957756375
38.895897054520105	0.03630780547701025	5.90225299096177e-6
44.51321520124173	0.03630780547701025	1.5000463621776178e-6
50.941782491215115	0.03630780547701025	3.155519123096617e-7
58.29875895619149	0.03630780547701025	7.029856784192398e-8
66.71822479745835	0.03630780547701025	1.5688218463338604e-8
76.35362398484546	0.03630780547701025	2.7454104252255395e-9
87.38056075858388	0.03630780547701025	2.9520657104813113e-10
100.00000000000031	0.03630780547701025	1.739648110492438e-11
111.55639876771902	0.03630780547701025	1.1316278781475403e-12
138.21730389017998	0.03630780547701025	4.957101900692367e-16
171.24990861750976	0.03630780547701025	8.280883791613242e-21
212.17698780180757	0.03630780547701025	0
262.885244821937	0.03630780547701025	0
325.7122869971341	0.03630780547701025	0
403.5543872869759	0.03630780547701025	0
499.9999999999984	0.03630780547701025	0
1000	0.03630780547701025	0
2000	0.03630780547701025	0
1.	0.04168693834703368	0.5924409874274552
1.9999999999999998	0.04168693834703368	1.0411183896679759
2.288838595949997	0.04168693834703368	1.221837377430288
2.6193910591551774	0.04168693834703368	1.4392888610432792
2.9976816770403563	0.04168693834703368	1.6696791446843147
3.4306047603910415	0.04168693834703368	1.8554196019543618
3.926050291516404	0.04168693834703368	1.9128100216181472
4.493047718431742	0.04168693834703368	1.8005214699231864
5.141930515695824	0.04168693834703368	1.6541010242530252
5.884524511008838	0.04168693834703368	1.5678600216873404
6.734363409805407	0.04168693834703368	1.3986405701754567
7.706935445758021	0.04168693834703368	1.184002206077656
8.819965652373028	0.04168693834703368	0.902921468502607
10.093738900052346	0.04168693834703368	0.6662391281319215
11.551469585940843	0.04168693834703368	0.49465343311175786
13.219724714121972	0.04168693834703368	0.17544975763062076
15.128908076758211	0.04168693834703368	0.03576102120726961
17.313814360331925	0.04168693834703368	0.010811783352948953
19.814263275520517	0.04168693834703368	0.004056296949809709
22.675825267662994	0.04168693834703368	0.0011001658994598705
25.950652033822625	0.04168693834703368	0.00026801666688486996
29.698426982540767	0.04168693834703368	0.00008223658405587683
33.98745295832107	0.04168693834703368	0.00002460906920993205
38.895897054520105	0.04168693834703368	7.363718724096803e-6
44.51321520124173	0.04168693834703368	1.885417897541629e-6
50.941782491215115	0.04168693834703368	3.8986538176443983e-7
58.29875895619149	0.04168693834703368	8.645616152448712e-8
66.71822479745835	0.04168693834703368	1.9209900374709184e-8
76.35362398484546	0.04168693834703368	3.372789828190701e-9
87.38056075858388	0.04168693834703368	3.654280004782019e-10
100.00000000000031	0.04168693834703368	2.1727297690799483e-11
111.55639876771902	0.04168693834703368	1.4234244571087501e-12
138.21730389017998	0.04168693834703368	6.396000900653733e-16
171.24990861750976	0.04168693834703368	1.100917695612608e-20
212.17698780180757	0.04168693834703368	0
262.885244821937	0.04168693834703368	0
325.7122869971341	0.04168693834703368	0
403.5543872869759	0.04168693834703368	0
499.9999999999984	0.04168693834703368	0
1000	0.04168693834703368	0
2000	0.04168693834703368	0
1.	0.047863009232264	0.4293588555394345
1.9999999999999998	0.047863009232264	0.7817627169819142
2.288838595949997	0.047863009232264	0.9409388963492888
2.6193910591551774	0.047863009232264	1.1519603611310614
2.9976816770403563	0.047863009232264	1.4160407022008923
3.4306047603910415	0.047863009232264	1.7025017711797277
3.926050291516404	0.047863009232264	1.9255898066103676
4.493047718431742	0.047863009232264	1.9644899033447487
5.141930515695824	0.047863009232264	1.8287101663262544
5.884524511008838	0.047863009232264	1.716019642541672
6.734363409805407	0.047863009232264	1.6116694236271438
7.706935445758021	0.047863009232264	1.3774314018302822
8.819965652373028	0.047863009232264	1.123661291641797
10.093738900052346	0.047863009232264	0.7801002803851882
11.551469585940843	0.047863009232264	0.6320592638002709
13.219724714121972	0.047863009232264	0.26658942281770703
15.128908076758211	0.047863009232264	0.054030596075642076
17.313814360331925	0.047863009232264	0.014379254726298753
19.814263275520517	0.047863009232264	0.005301455554103889
22.675825267662994	0.047863009232264	0.0014738319338446688
25.950652033822625	0.047863009232264	0.00034507867531148384
29.698426982540767	0.047863009232264	0.00010584656843470332
33.98745295832107	0.047863009232264	0.000030593535180489806
38.895897054520105	0.047863009232264	9.268757734193423e-6
44.51321520124173	0.047863009232264	2.3826922799949386e-6
50.941782491215115	0.047863009232264	4.850713352751683e-7
58.29875895619149	0.047863009232264	1.0689773752639419e-7
66.71822479745835	0.047863009232264	2.3626970108522987e-8
76.35362398484546	0.047863009232264	4.160663562191968e-9
87.38056075858388	0.047863009232264	4.541702013826674e-10
100.00000000000031	0.047863009232264	2.7300921852834004e-11
111.55639876771902	0.047863009232264	1.80391741295468e-12
138.21730389017998	0.047863009232264	8.333168016489722e-16
171.24990861750976	0.047863009232264	1.4810396136264675e-20
212.17698780180757	0.047863009232264	0
262.885244821937	0.047863009232264	0
325.7122869971341	0.047863009232264	0
403.5543872869759	0.047863009232264	0
499.9999999999984	0.047863009232264	0
1000	0.047863009232264	0
2000	0.047863009232264	0
1.	0.05495408738576265	0.31840219737952274
1.9999999999999998	0.05495408738576265	0.5643833866935898
2.288838595949997	0.05495408738576265	0.6875568519901172
2.6193910591551774	0.05495408738576265	0.8614331933375416
2.9976816770403563	0.05495408738576265	1.1030617710709842
3.4306047603910415	0.05495408738576265	1.4165338250772197
3.926050291516404	0.05495408738576265	1.7616904194711964
4.493047718431742	0.05495408738576265	2.0104789170771507
5.141930515695824	0.05495408738576265	2.016569561879905
5.884524511008838	0.05495408738576265	1.8668993751119067
6.734363409805407	0.05495408738576265	1.7997390060833798
7.706935445758021	0.05495408738576265	1.6116704639789257
8.819965652373028	0.05495408738576265	1.3543805945812912
10.093738900052346	0.05495408738576265	0.9574565896047029
11.551469585940843	0.05495408738576265	0.7665317442415803
13.219724714121972	0.05495408738576265	0.40051970055555713
15.128908076758211	0.05495408738576265	0.08679059352549189
17.313814360331925	0.05495408738576265	0.019649018050324197
19.814263275520517	0.05495408738576265	0.007012062558031319
22.675825267662994	0.05495408738576265	0.001967697446525693
25.950652033822625	0.05495408738576265	0.00045456196804964443
29.698426982540767	0.05495408738576265	0.00013799531455014293
33.98745295832107	0.05495408738576265	0.00003812978191116446
38.895897054520105	0.05495408738576265	0.000011714085580114731
44.51321520124173	0.05495408738576265	3.0090292937471137e-6
50.941782491215115	0.05495408738576265	6.066755783119673e-7
58.29875895619149	0.05495408738576265	1.3235667878658145e-7
66.71822479745835	0.05495408738576265	2.907278617747921e-8
76.35362398484546	0.05495408738576265	5.1292972160786255e-9
87.38056075858388	0.05495408738576265	5.640817437608364e-10
100.00000000000031	0.05495408738576265	3.4350163447957153e-11
111.55639876771902	0.05495408738576265	2.2932560623944937e-12
138.21730389017998	0.05495408738576265	1.0915468019520258e-15
171.24990861750976	0.05495408738576265	2.0068081061920006e-20
212.17698780180757	0.05495408738576265	0
262.885244821937	0.05495408738576265	0
325.7122869971341	0.05495408738576265	0
403.5543872869759	0.05495408738576265	0
499.9999999999984	0.05495408738576265	0
1000	0.05495408738576265	0
2000	0.05495408738576265	0
1.	0.06309573444801955	0.2532268865576403
1.9999999999999998	0.06309573444801955	0.40126661267674074
2.288838595949997	0.06309573444801955	0.48348808433472135
2.6193910591551774	0.06309573444801955	0.6083778279813067
2.9976816770403563	0.06309573444801955	0.7952741373747101
3.4306047603910415	0.06309573444801955	1.069542366412568
3.926050291516404	0.06309573444801955	1.4401688041154999
4.493047718431742	0.06309573444801955	1.8528870358942873
5.141930515695824	0.06309573444801955	2.1089794662827823
5.884524511008838	0.06309573444801955	2.0552199716872432
6.734363409805407	0.06309573444801955	1.9416602796421263
7.706935445758021	0.06309573444801955	1.8560110710202962
8.819965652373028	0.06309573444801955	1.582671971543891
10.093738900052346	0.06309573444801955	1.2179223415454827
11.551469585940843	0.06309573444801955	0.8918643435934209
13.219724714121972	0.06309573444801955	0.5840781544025597
15.128908076758211	0.06309573444801955	0.1469949488198742
17.313814360331925	0.06309573444801955	0.02787324558834047
19.814263275520517	0.06309573444801955	0.009379513974506561
22.675825267662994	0.06309573444801955	0.0026310178289549076
25.950652033822625	0.06309573444801955	0.0006143834353173036
29.698426982540767	0.06309573444801955	0.00018152437704020068
33.98745295832107	0.06309573444801955	0.00004824861314370398
38.895897054520105	0.06309573444801955	0.000015019730943617234
44.51321520124173	0.06309573444801955	3.835831755560829e-6
50.941782491215115	0.06309573444801955	7.734900719054196e-7
58.29875895619149	0.06309573444801955	1.6613312734003135e-7
66.71822479745835	0.06309573444801955	3.621802772953255e-8
76.35362398484546	0.06309573444801955	6.393033936325693e-9
87.38056075858388	0.06309573444801955	7.086445149425575e-10
100.00000000000031	0.06309573444801955	4.37796843126972e-11
111.55639876771902	0.06309573444801955	2.9590189911577804e-12
138.21730389017998	0.06309573444801955	1.4544585892908592e-15
171.24990861750976	0.06309573444801955	2.7709552874652247e-20
212.17698780180757	0.06309573444801955	0
262.885244821937	0.06309573444801955	0
325.7122869971341	0.06309573444801955	0
403.5543872869759	0.06309573444801955	0
499.9999999999984	0.06309573444801955	0
1000	0.06309573444801955	0
2000	0.06309573444801955	0
1.	0.07244359600749928	0.222443013147888
1.9999999999999998	0.07244359600749928	0.2961620448904875
2.288838595949997	0.07244359600749928	0.3434698298382462
2.6193910591551774	0.07244359600749928	0.4197004292891956
2.9976816770403563	0.07244359600749928	0.5442448862535346
3.4306047603910415	0.07244359600749928	0.7453521431538352
3.926050291516404	0.07244359600749928	1.0580703900023802
4.493047718431742	0.07244359600749928	1.499208375940815
5.141930515695824	0.07244359600749928	1.9742802219983981
5.884524511008838	0.07244359600749928	2.2111093384908624
6.734363409805407	0.07244359600749928	2.099029718153485
7.706935445758021	0.07244359600749928	2.037810209024242
8.819965652373028	0.07244359600749928	1.8279407150220277
10.093738900052346	0.07244359600749928	1.5008175447252752
11.551469585940843	0.07244359600749928	1.0385995810349913
13.219724714121972	0.07244359600749928	0.8045317611426299
15.128908076758211	0.07244359600749928	0.25260017612303776
17.313814360331925	0.07244359600749928	0.04192962631224993
19.814263275520517	0.07244359600749928	0.01273212739633249
22.675825267662994	0.07244359600749928	0.0035505888321432934
25.950652033822625	0.07244359600749928	0.0008580223337939172
29.698426982540767	0.07244359600749928	0.00023999885643923163
33.98745295832107	0.07244359600749928	0.00006219334420038862
38.895897054520105	0.07244359600749928	0.000019526586222351938
44.51321520124173	0.07244359600749928	4.942672061423717e-6
50.941782491215115	0.07244359600749928	1.0078262330260834e-6
58.29875895619149	0.07244359600749928	2.1191040552919594e-7
66.71822479745835	0.07244359600749928	4.574080279545933e-8
76.35362398484546	0.07244359600749928	8.073134180936918e-9
87.38056075858388	0.07244359600749928	9.032398456795287e-10
100.00000000000031	0.07244359600749928	5.664176998609085e-11
111.55639876771902	0.07244359600749928	3.8830909561098916e-12
138.21730389017998	0.07244359600749928	1.9754708978772885e-15
171.24990861750976	0.07244359600749928	3.9076768549250864e-20
212.17698780180757	0.07244359600749928	0
262.885244821937	0.07244359600749928	0
325.7122869971341	0.07244359600749928	0
403.5543872869759	0.07244359600749928	0
499.9999999999984	0.07244359600749928	0
1000	0.07244359600749928	0
2000	0.07244359600749928	0
1.	0.08317637711026743	0.20835303004959863
1.9999999999999998	0.08317637711026743	0.23801412401164368
2.288838595949997	0.08317637711026743	0.26074806591023025
2.6193910591551774	0.08317637711026743	0.29960045089671883
2.9976816770403563	0.08317637711026743	0.3691618586639114
3.4306047603910415	0.08317637711026743	0.4944326105092026
3.926050291516404	0.08317637711026743	0.7104309272693403
4.493047718431742	0.08317637711026743	1.071929456604332
5.141930515695824	0.08317637711026743	1.6023711668478422
5.884524511008838	0.08317637711026743	2.1404609656192637
6.734363409805407	0.08317637711026743	2.2939891017241574
7.706935445758021	0.08317637711026743	2.156370391572452
8.819965652373028	0.08317637711026743	2.090229698968674
10.093738900052346	0.08317637711026743	1.7343074920666905
11.551469585940843	0.08317637711026743	1.2842488661174765
13.219724714121972	0.08317637711026743	1.0159819813707753
15.128908076758211	0.08317637711026743	0.4313752792028887
17.313814360331925	0.08317637711026743	0.0690125473852766
19.814263275520517	0.08317637711026743	0.01767184351464101
22.675825267662994	0.08317637711026743	0.004932368587250354
25.950652033822625	0.08317637711026743	0.0012430432162113454
29.698426982540767	0.08317637711026743	0.00031894334796323583
33.98745295832107	0.08317637711026743	0.00008310544205272644
38.895897054520105	0.08317637711026743	0.000026050024996343516
44.51321520124173	0.08317637711026743	6.543170103723948e-6
50.941782491215115	0.08317637711026743	1.3601180019143071e-6
58.29875895619149	0.08317637711026743	2.789840054589302e-7
66.71822479745835	0.08317637711026743	5.936126411565016e-8
76.35362398484546	0.08317637711026743	1.0490290846983315e-8
87.38056075858388	0.08317637711026743	1.1873847086765753e-9
100.00000000000031	0.08317637711026743	7.557517196008168e-11
111.55639876771902	0.08317637711026743	5.261889762520021e-12
138.21730389017998	0.08317637711026743	2.7773158709917562e-15
171.24990861750976	0.08317637711026743	5.718782428007155e-20
212.17698780180757	0.08317637711026743	0
262.885244821937	0.08317637711026743	0
325.7122869971341	0.08317637711026743	0
403.5543872869759	0.08317637711026743	0
499.9999999999984	0.08317637711026743	0
1000	0.08317637711026743	0
2000	0.08317637711026743	0
1.	0.09549925860214398	0.19327005067020445
1.9999999999999998	0.09549925860214398	0.20945009595861033
2.288838595949997	0.09549925860214398	0.21829209964658883
2.6193910591551774	0.09549925860214398	0.23457330440907137
2.9976816770403563	0.09549925860214398	0.265273597605073
3.4306047603910415	0.09549925860214398	0.329449757061791
3.926050291516404	0.09549925860214398	0.45463498312647965
4.493047718431742	0.09549925860214398	0.6954232959272674
5.141930515695824	0.09549925860214398	1.1207420596733397
5.884524511008838	0.09549925860214398	1.7567443219951524
6.734363409805407	0.09549925860214398	2.3281198739118905
7.706935445758021	0.09549925860214398	2.3248594492380334
8.819965652373028	0.09549925860214398	2.2343398694548084
10.093738900052346	0.09549925860214398	1.96058968958873
11.551469585940843	0.09549925860214398	1.6027063970262743
13.219724714121972	0.09549925860214398	1.1760433303044795
15.128908076758211	0.09549925860214398	0.7023429618212185
17.313814360331925	0.09549925860214398	0.12671722329300483
19.814263275520517	0.09549925860214398	0.025230065168715912
22.675825267662994	0.09549925860214398	0.00695304388311728
25.950652033822625	0.09549925860214398	0.0018558525996115228
29.698426982540767	0.09549925860214398	0.00042699866274256324
33.98745295832107	0.09549925860214398	0.00011318034090148385
38.895897054520105	0.09549925860214398	0.00003486409232052614
44.51321520124173	0.09549925860214398	8.741514972653164e-6
50.941782491215115	0.09549925860214398	1.8577320898945276e-6
58.29875895619149	0.09549925860214398	3.7155260896430704e-7
66.71822479745835	0.09549925860214398	7.743533248926896e-8
76.35362398484546	0.09549925860214398	1.3742621890677891e-8
87.38056075858388	0.09549925860214398	1.577717456029148e-9
100.00000000000031	0.09549925860214398	1.0197303647230963e-10
111.55639876771902	0.09549925860214398	7.212248056612806e-12
138.21730389017998	0.09549925860214398	3.961450225887481e-15
171.24990861750976	0.09549925860214398	8.518716155530326e-20
212.17698780180757	0.09549925860214398	0
262.885244821937	0.09549925860214398	0
325.7122869971341	0.09549925860214398	0
403.5543872869759	0.09549925860214398	0
499.9999999999984	0.09549925860214398	0
1000	0.09549925860214398	0
2000	0.09549925860214398	0
1.	0.10964781961431896	0.18871405808570135
1.9999999999999998	0.10964781961431896	0.19274821293840738
2.288838595949997	0.10964781961431896	0.19577927229041195
2.6193910591551774	0.10964781961431896	0.20124545851793407
2.9976816770403563	0.10964781961431896	0.21324976641754437
3.4306047603910415	0.10964781961431896	0.23987771856561727
3.926050291516404	0.10964781961431896	0.29988704032756
4.493047718431742	0.10964781961431896	0.4309598443198511
5.141930515695824	0.10964781961431896	0.7031206806280808
5.884524511008838	0.10964781961431896	1.2160609720593638
6.734363409805407	0.10964781961431896	1.984446105273461
7.706935445758021	0.10964781961431896	2.476065770085237
8.819965652373028	0.10964781961431896	2.3174395601593374
10.093738900052346	0.10964781961431896	2.1885176574978993
11.551469585940843	0.10964781961431896	1.8348944177326678
13.219724714121972	0.10964781961431896	1.3468438482276073
15.128908076758211	0.10964781961431896	1.039832778601392
17.313814360331925	0.10964781961431896	0.2503052037503085
19.814263275520517	0.10964781961431896	0.03777776146840938
22.675825267662994	0.10964781961431896	0.009891927562981665
25.950652033822625	0.10964781961431896	0.0027678027201519105
29.698426982540767	0.10964781961431896	0.0005788593885358085
33.98745295832107	0.10964781961431896	0.00015360214884742714
38.895897054520105	0.10964781961431896	0.000045630049245693856
44.51321520124173	0.10964781961431896	0.000011517628872764065
50.941782491215115	0.10964781961431896	2.497785327583598e-6
58.29875895619149	0.10964781961431896	4.874666060028548e-7
66.71822479745835	0.10964781961431896	9.893284918864792e-8
76.35362398484546	0.10964781961431896	1.766784919950004e-8
87.38056075858388	0.10964781961431896	2.060267509787301e-9
100.00000000000031	0.10964781961431896	1.3555993399924426e-10
111.55639876771902	0.10964781961431896	9.732611976769838e-12
138.21730389017998	0.10964781961431896	5.586203609342018e-15
171.24990861750976	0.10964781961431896	1.2590764716298093e-19
212.17698780180757	0.10964781961431896	0
262.885244821937	0.10964781961431896	0
325.7122869971341	0.10964781961431896	0
403.5543872869759	0.10964781961431896	0
499.9999999999984	0.10964781961431896	0
1000	0.10964781961431896	0
2000	0.10964781961431896	0