1.	0.001	0.105453
1.9999999999999998	0.001	0.0963416
2.288838595949997	0.001	0.08748734304071439
2.6193910591551774	0.001	0.07676587159580386
2.9976816770403563	0.001	0.06662097360439508
3.4306047603910415	0.001	0.059807067967165825
3.926050291516404	0.001	0.056473197980516254
4.493047718431742	0.001	0.05254531580559429
5.141930515695824	0.001	0.0437594912281223
5.884524511008838	0.001	0.031128135391784023
6.734363409805407	0.001	0.018956467427064125
7.706935445758021	0.001	0.009665753505424578
8.819965652373028	0.001	0.003908272489320488
10.093738900052346	0.001	0.001323377041390837
11.551469585940843	0.001	0.0004630319502199905
13.219724714121972	0.001	0.00016815173158251116
15.128908076758211	0.001	0.00007016585201888477
17.313814360331925	0.001	0.0000301344881674435
19.814263275520517	0.001	0.000010661985995647474
22.675825267662994	0.001	2.296966138245694e-6
25.950652033822625	0.001	8.626387151180275e-7
29.698426982540767	0.001	3.2724712245308805e-7
33.98745295832107	0.001	1.0397342789524455e-7
38.895897054520105	0.001	3.4916578443443584e-8
44.51321520124173	0.001	7.411337731558396e-9
50.941782491215115	0.001	1.7751004522709246e-9
58.29875895619149	0.001	3.111433520069009e-10
66.71822479745835	0.001	4.399988728695579e-11
76.35362398484546	0.001	3.3090531188062207e-12
87.38056075858388	0.001	1.0200844169628718e-13
100.00000000000031	0.001	1.048174554116079e-15
111.55639876771902	0.001	1.805711833656248e-17
138.21730389017998	0.001	6.734818008408687e-23
171.24990861750976	0.001	0
212.17698780180757	0.001	0
262.885244821937	0.001	0
325.7122869971341	0.001	0
403.5543872869759	0.001	0
499.9999999999984	0.001	0
1000	0.001	0
2000	0.001	0
1.	0.0011481536214968829	0.12271852396849851
1.9999999999999998	0.0011481536214968829	0.11139237162335894
2.288838595949997	0.0011481536214968829	0.10107538566803309
2.6193910591551774	0.0011481536214968829	0.08865335985994727
2.9976816770403563	0.0011481536214968829	0.07675601827288571
3.4306047603910415	0.0011481536214968829	0.06860247702042535
3.926050291516404	0.0011481536214968829	0.0646118954686083
4.493047718431742	0.0011481536214968829	0.060247905196630085
5.141930515695824	0.0011481536214968829	0.05043515426720188
5.884524511008838	0.0011481536214968829	0.036060048171358036
6.734363409805407	0.0011481536214968829	0.02205233893442469
7.706935445758021	0.0011481536214968829	0.011272490614991727
8.819965652373028	0.0011481536214968829	0.004574132751497479
10.093738900052346	0.0011481536214968829	0.0015451788101874947
11.551469585940843	0.0011481536214968829	0.0005398798795077382
13.219724714121972	0.0011481536214968829	0.00019503217909543253
15.128908076758211	0.0011481536214968829	0.00008119190063144746
17.313814360331925	0.0011481536214968829	0.00003488718904496095
19.814263275520517	0.0011481536214968829	0.000012360372641171159
22.675825267662994	0.0011481536214968829	2.6617037229618292e-6
25.950652033822625	0.0011481536214968829	9.971749657316375e-7
29.698426982540767	0.0011481536214968829	3.7845302440397274e-7
33.98745295832107	0.0011481536214968829	1.2027452712092532e-7
38.895897054520105	0.0011481536214968829	4.037370439217338e-8
44.51321520124173	0.0011481536214968829	8.564865145359993e-9
50.941782491215115	0.0011481536214968829	2.05069927700991e-9
58.29875895619149	0.0011481536214968829	3.5951117788636873e-10
66.71822479745835	0.0011481536214968829	5.085746256792196e-11
76.35362398484546	0.0011481536214968829	3.8266116586286765e-12
87.38056075858388	0.0011481536214968829	1.1800250712635205e-13
100.00000000000031	0.0011481536214968829	1.215060851587351e-15
111.55639876771902	0.0011481536214968829	2.094562341384266e-17
138.21730389017998	0.0011481536214968829	7.828144915128886e-23
171.24990861750976	0.0011481536214968829	0
212.17698780180757	0.0011481536214968829	0
262.885244821937	0.0011481536214968829	0
325.7122869971341	0.0011481536214968829	0
403.5543872869759	0.0011481536214968829	0
499.9999999999984	0.0011481536214968829	0
1000	0.0011481536214968829	0
2000	0.0011481536214968829	0
1.	0.0013182567385564075	0.14732952812503852
1.9999999999999998	0.0013182567385564075	0.12884766532385308
2.288838595949997	0.0013182567385564075	0.11683475623549247
2.6193910591551774	0.0013182567385564075	0.1024236969698031
2.9976816770403563	0.0013182567385564075	0.0884919371216974
3.4306047603910415	0.0013182567385564075	0.07871815973993077
3.926050291516404	0.0013182567385564075	0.07389851945743102
4.493047718431742	0.0013182567385564075	0.06906125048375808
5.141930515695824	0.0013182567385564075	0.058150040736054245
5.884524511008838	0.0013182567385564075	0.04181510388385804
6.734363409805407	0.0013182567385564075	0.025656287080634325
7.706935445758021	0.0013182567385564075	0.013157722380737006
8.819965652373028	0.0013182567385564075	0.0053532355472261746
10.093738900052346	0.0013182567385564075	0.0018099434192341622
11.551469585940843	0.0013182567385564075	0.0006293609160663817
13.219724714121972	0.0013182567385564075	0.00022569170687767996
15.128908076758211	0.0013182567385564075	0.00009395855741640594
17.313814360331925	0.0013182567385564075	0.000040449343309168974
19.814263275520517	0.0013182567385564075	0.000014323146087600552
22.675825267662994	0.0013182567385564075	3.101362483509118e-6
25.950652033822625	0.0013182567385564075	1.158616405268804e-6
29.698426982540767	0.0013182567385564075	4.399251577974048e-7
33.98745295832107	0.0013182567385564075	1.398517923296137e-7
38.895897054520105	0.0013182567385564075	4.692139861653562e-8
44.51321520124173	0.0013182567385564075	9.948542085900892e-9
50.941782491215115	0.0013182567385564075	2.380885717092591e-9
58.29875895619149	0.0013182567385564075	4.175343939094118e-10
66.71822479745835	0.0013182567385564075	5.908282983665619e-11
76.35362398484546	0.0013182567385564075	4.44799913067452e-12
87.38056075858388	0.0013182567385564075	1.3721260216187184e-13
100.00000000000031	0.0013182567385564075	1.416267961578564e-15
111.55639876771902	0.0013182567385564075	2.443216828705473e-17
138.21730389017998	0.0013182567385564075	9.152668505154558e-23
171.24990861750976	0.0013182567385564075	0
212.17698780180757	0.0013182567385564075	0
262.885244821937	0.0013182567385564075	0
325.7122869971341	0.0013182567385564075	0
403.5543872869759	0.0013182567385564075	0
499.9999999999984	0.0013182567385564075	0
1000	0.0013182567385564075	0
2000	0.0013182567385564075	0
1.	0.0015135612484362087	0.1747781842367598
1.9999999999999998	0.0015135612484362087	0.14910313057805408
2.288838595949997	0.0015135612484362087	0.13511718596495062
2.6193910591551774	0.0015135612484362087	0.11840205782430392
2.9976816770403563	0.0015135612484362087	0.10209704257614385
3.4306047603910415	0.0015135612484362087	0.09036571852918651
3.926050291516404	0.0015135612484362087	0.08450346451344443
4.493047718431742	0.0015135612484362087	0.07914648558254381
5.141930515695824	0.0015135612484362087	0.06707464454437824
5.884524511008838	0.0015135612484362087	0.04855874512612099
6.734363409805407	0.0015135612484362087	0.029936877098342057
7.706935445758021	0.0015135612484362087	0.015413483010884518
8.819965652373028	0.0015135612484362087	0.006294041839174958
10.093738900052346	0.0015135612484362087	0.0021202251611090227
11.551469585940843	0.0015135612484362087	0.0007359875990076781
13.219724714121972	0.0015135612484362087	0.00026219926532759536
15.128908076758211	0.0015135612484362087	0.00010909186713760298
17.313814360331925	0.0015135612484362087	0.00004683316894482492
19.814263275520517	0.0015135612484362087	0.000016646858725963116
22.675825267662994	0.0015135612484362087	3.5982681138739705e-6
25.950652033822625	0.0015135612484362087	1.339888467232954e-6
29.698426982540767	0.0015135612484362087	5.089835815156848e-7
33.98745295832107	0.0015135612484362087	1.618587157288725e-7
38.895897054520105	0.0015135612484362087	5.4271048151720295e-8
44.51321520124173	0.0015135612484362087	1.1501314449352217e-8
50.941782491215115	0.0015135612484362087	2.7507618516579196e-9
58.29875895619149	0.0015135612484362087	4.826586051710093e-10
66.71822479745835	0.0015135612484362087	6.831272753573349e-11
76.35362398484546	0.0015135612484362087	5.1461831123263256e-12
87.38056075858388	0.0015135612484362087	1.5880760699008957e-13
100.00000000000031	0.0015135612484362087	1.6437118332919411e-15
111.55639876771902	0.0015135612484362087	2.837978599689883e-17
138.21730389017998	0.0015135612484362087	1.0660228569233695e-22
171.24990861750976	0.0015135612484362087	0
212.17698780180757	0.0015135612484362087	0
262.885244821937	0.0015135612484362087	0
325.7122869971341	0.0015135612484362087	0
403.5543872869759	0.0015135612484362087	0
499.9999999999984	0.0015135612484362087	0
1000	0.0015135612484362087	0
2000	0.0015135612484362087	0
1.	0.0017378008287493763	0.20787012831033513
1.9999999999999998	0.0017378008287493763	0.17255708749412255
2.288838595949997	0.0017378008287493763	0.15630815816916843
2.6193910591551774	0.0017378008287493763	0.13698801593784737
2.9976816770403563	0.0017378008287493763	0.11790700453992782
3.4306047603910415	0.0017378008287493763	0.1038109805237972
3.926050291516404	0.0017378008287493763	0.09658584140391106
4.493047718431742	0.0017378008287493763	0.09064666614242585
5.141930515695824	0.0017378008287493763	0.07738512398134598
5.884524511008838	0.0017378008287493763	0.05645691577633842
6.734363409805407	0.0017378008287493763	0.03496916017100997
7.706935445758021	0.0017378008287493763	0.018108189243214248
8.819965652373028	0.0017378008287493763	0.007410846196248925
10.093738900052346	0.0017378008287493763	0.0024974079073781176
11.551469585940843	0.0017378008287493763	0.0008650125589718272
13.219724714121972	0.0017378008287493763	0.00030661583749208294
15.128908076758211	0.0017378008287493763	0.00012656579981404787
17.313814360331925	0.0017378008287493763	0.000054432327856787695
19.814263275520517	0.0017378008287493763	0.00001940852482648771
22.675825267662994	0.0017378008287493763	4.196517988824099e-6
25.950652033822625	0.0017378008287493763	1.556794167865467e-6
29.698426982540767	0.0017378008287493763	5.916413105684104e-7
33.98745295832107	0.0017378008287493763	1.8821168747103676e-7
38.895897054520105	0.0017378008287493763	6.30592656410151e-8
44.51321520124173	0.0017378008287493763	1.335874914749454e-8
50.941782491215115	0.0017378008287493763	3.1922903727683615e-9
58.29875895619149	0.0017378008287493763	5.605786571563739e-10
66.71822479745835	0.0017378008287493763	7.934907700551859e-11
76.35362398484546	0.0017378008287493763	5.982071843566082e-12
87.38056075858388	0.0017378008287493763	1.846705083627338e-13
100.00000000000031	0.0017378008287493763	1.9174852970733497e-15
111.55639876771902	0.0017378008287493763	3.3138598154427175e-17
138.21730389017998	0.0017378008287493763	1.248620587199072e-22
171.24990861750976	0.0017378008287493763	0
212.17698780180757	0.0017378008287493763	0
262.885244821937	0.0017378008287493763	0
325.7122869971341	0.0017378008287493763	0
403.5543872869759	0.0017378008287493763	0
499.9999999999984	0.0017378008287493763	0
1000	0.0017378008287493763	0
2000	0.0017378008287493763	0
1.	0.0019952623149688807	0.24773137638115877
1.9999999999999998	0.0019952623149688807	0.1997382464857262
2.288838595949997	0.0019952623149688807	0.18090731431833382
2.6193910591551774	0.0019952623149688807	0.15853613413388284
2.9976816770403563	0.0019952623149688807	0.13628110187133718
3.4306047603910415	0.0019952623149688807	0.11932705504184983
3.926050291516404	0.0019952623149688807	0.11039712012150288
4.493047718431742	0.0019952623149688807	0.10377014410266679
5.141930515695824	0.0019952623149688807	0.08935029148988818
5.884524511008838	0.0019952623149688807	0.06572555370309345
6.734363409805407	0.0019952623149688807	0.04096028708032558
7.706935445758021	0.0019952623149688807	0.021304522593322255
8.819965652373028	0.0019952623149688807	0.008781282019247402
10.093738900052346	0.0019952623149688807	0.002953582715608166
11.551469585940843	0.0019952623149688807	0.001020571787047274
13.219724714121972	0.0019952623149688807	0.00035887575502631234
15.128908076758211	0.0019952623149688807	0.00014721388115663246
17.313814360331925	0.0019952623149688807	0.00006344214814037363
19.814263275520517	0.0019952623149688807	0.00002264772910185211
22.675825267662994	0.0019952623149688807	4.913630022439323e-6
25.950652033822625	0.0019952623149688807	1.8148998405712587e-6
29.698426982540767	0.0019952623149688807	6.900167609882163e-7
33.98745295832107	0.0019952623149688807	2.1959291670671674e-7
38.895897054520105	0.0019952623149688807	7.350527086606813e-8
44.51321520124173	0.0019952623149688807	1.5568616343569747e-8
50.941782491215115	0.0019952623149688807	3.716198312764984e-9
58.29875895619149	0.0019952623149688807	6.533053815762965e-10
66.71822479745835	0.0019952623149688807	9.246946413210985e-11
76.35362398484546	0.0019952623149688807	6.9772633599183705e-12
87.38056075858388	0.0019952623149688807	2.1547332797798285e-13
100.00000000000031	0.0019952623149688807	2.2454710381489615e-15
111.55639876771902	0.0019952623149688807	3.884946206284982e-17
138.21730389017998	0.0019952623149688807	1.4689642416007208e-22
171.24990861750976	0.0019952623149688807	0
212.17698780180757	0.0019952623149688807	0
262.885244821937	0.0019952623149688807	0
325.7122869971341	0.0019952623149688807	0
403.5543872869759	0.0019952623149688807	0
499.9999999999984	0.0019952623149688807	0
1000	0.0019952623149688807	0
2000	0.0019952623149688807	0
1.	0.0022908676527677745	0.2957926183732782
1.9999999999999998	0.0022908676527677745	0.23121275007904238
2.288838595949997	0.0022908676527677745	0.20935488036585945
2.6193910591551774	0.0022908676527677745	0.18362072817554162
2.9976816770403563	0.0022908676527677745	0.15767575123155467
3.4306047603910415	0.0022908676527677745	0.13731175014872052
3.926050291516404	0.0022908676527677745	0.12617087094250942
4.493047718431742	0.0022908676527677745	0.11876591072443009
5.141930515695824	0.0022908676527677745	0.10312787217762445
5.884524511008838	0.0022908676527677745	0.0765997624288775
6.734363409805407	0.0022908676527677745	0.04811016292482914
7.706935445758021	0.0022908676527677745	0.025205776276380328
8.819965652373028	0.0022908676527677745	0.010454344335888039
10.093738900052346	0.0022908676527677745	0.003502484374838649
11.551469585940843	0.0022908676527677745	0.0012065964242981555
13.219724714121972	0.0022908676527677745	0.0004220792554637885
15.128908076758211	0.0022908676527677745	0.00017158144566797163
17.313814360331925	0.0022908676527677745	0.00007396744365302509
19.814263275520517	0.0022908676527677745	0.00002647196720810246
22.675825267662994	0.0022908676527677745	5.75787039398943e-6
25.950652033822625	0.0022908676527677745	2.1159960596432702e-6
29.698426982540767	0.0022908676527677745	8.047831439224389e-7
33.98745295832107	0.0022908676527677745	2.562253236345228e-7
38.895897054520105	0.0022908676527677745	8.567101400195416e-8
44.51321520124173	0.0022908676527677745	1.814667032062273e-8
50.941782491215115	0.0022908676527677745	4.325118358750361e-9
58.29875895619149	0.0022908676527677745	7.615047673489245e-10
66.71822479745835	0.0022908676527677745	1.0775669623151034e-10
76.35362398484546	0.0022908676527677745	8.13889386620827e-12
87.38056075858388	0.0022908676527677745	2.514415365154198e-13
100.00000000000031	0.0022908676527677745	2.6311878687228256e-15
111.55639876771902	0.0022908676527677745	4.55794351623435e-17
138.21730389017998	0.0022908676527677745	1.7303658424342888e-22
171.24990861750976	0.0022908676527677745	0
212.17698780180757	0.0022908676527677745	0
262.885244821937	0.0022908676527677745	0
325.7122869971341	0.0022908676527677745	0
403.5543872869759	0.0022908676527677745	0
499.9999999999984	0.0022908676527677745	0
1000	0.0022908676527677745	0
2000	0.0022908676527677745	0
1.	0.0026302679918953843	0.35365165766963774
1.9999999999999998	0.0026302679918953843	0.26761278463462573
2.288838595949997	0.0026302679918953843	0.2421729294916266
2.6193910591551774	0.0026302679918953843	0.21274174341517477
2.9976816770403563	0.0026302679918953843	0.18263775759115314
3.4306047603910415	0.0026302679918953843	0.15818674297469973
3.926050291516404	0.0026302679918953843	0.14429088843898022
4.493047718431742	0.0026302679918953843	0.13582693311487332
5.141930515695824	0.0026302679918953843	0.11907888504009415
5.884524511008838	0.0026302679918953843	0.08943865008001992
6.734363409805407	0.0026302679918953843	0.05666655543305229
7.706935445758021	0.0026302679918953843	0.029871697865289065
8.819965652373028	0.0026302679918953843	0.012483655912906325
10.093738900052346	0.0026302679918953843	0.004171452895027619
11.551469585940843	0.0026302679918953843	0.0014303658660706896
13.219724714121972	0.0026302679918953843	0.0004953777461554477
15.128908076758211	0.0026302679918953843	0.0002002684092967068
17.313814360331925	0.0026302679918953843	0.00008638820851447572
19.814263275520517	0.0026302679918953843	0.00003101808633253271
22.675825267662994	0.0026302679918953843	6.755489862378861e-6
25.950652033822625	0.0026302679918953843	2.4680654877791483e-6
29.698426982540767	0.0026302679918953843	9.389531976983231e-7
33.98745295832107	0.0026302679918953843	2.9907932715434803e-7
38.895897054520105	0.0026302679918953843	9.986269350762296e-8
44.51321520124173	0.0026302679918953843	2.1162491099291732e-8
50.941782491215115	0.0026302679918953843	5.0341007787252245e-9
58.29875895619149	0.0026302679918953843	8.880900564485177e-10
66.71822479745835	0.0026302679918953843	1.2560527214419837e-10
76.35362398484546	0.0026302679918953843	9.49793490604165e-12
87.38056075858388	0.0026302679918953843	2.9353799744206233e-13
100.00000000000031	0.0026302679918953843	3.0862117470486424e-15
111.55639876771902	0.0026302679918953843	5.353673288755595e-17
138.21730389017998	0.0026302679918953843	2.0417560983905557e-22
171.24990861750976	0.0026302679918953843	0
212.17698780180757	0.0026302679918953843	0
262.885244821937	0.0026302679918953843	0
325.7122869971341	0.0026302679918953843	0
403.5543872869759	0.0026302679918953843	0
499.9999999999984	0.0026302679918953843	0
1000	0.0026302679918953843	0
2000	0.0026302679918953843	0
1.	0.003019951720402019	0.4230633178948562
1.9999999999999998	0.003019951720402019	0.3096731864672467
2.288838595949997	0.003019951720402019	0.28004831156383403
2.6193910591551774	0.003019951720402019	0.24656405320947877
2.9976816770403563	0.003019951720402019	0.21175801767708735
3.4306047603910415	0.003019951720402019	0.18250994134510304
3.926050291516404	0.003019951720402019	0.1650050870479317
4.493047718431742	0.003019951720402019	0.15521012366190662
5.141930515695824	0.003019951720402019	0.13741105778488982
5.884524511008838	0.003019951720402019	0.10447686850247531
6.734363409805407	0.003019951720402019	0.0668964371577316
7.706935445758021	0.003019951720402019	0.03551957356165213
8.819965652373028	0.003019951720402019	0.01495219230527707
10.093738900052346	0.003019951720402019	0.0049987161216348604
11.551469585940843	0.003019951720402019	0.0017073999245823001
13.219724714121972	0.003019951720402019	0.0005841639053046693
15.128908076758211	0.003019951720402019	0.00023457666340718
17.313814360331925	0.003019951720402019	0.00010114469637015065
19.814263275520517	0.003019951720402019	0.000036431475524675847
22.675825267662994	0.003019951720402019	7.96306410040164e-6
25.950652033822625	0.003019951720402019	2.8894265880864144e-6
29.698426982540767	0.003019951720402019	1.0994407659948918e-6
33.98745295832107	0.003019951720402019	3.503724154339026e-7
38.895897054520105	0.003019951720402019	1.1679362775847126e-7
44.51321520124173	0.003019951720402019	2.477533751009352e-8
50.941782491215115	0.003019951720402019	5.878593730014131e-9
58.29875895619149	0.003019951720402019	1.039705175796515e-9
66.71822479745835	0.003019951720402019	1.4692901665958796e-10
76.35362398484546	0.003019951720402019	1.1125107230000795e-11
87.38056075858388	0.003019951720402019	3.4395600285292487e-13
100.00000000000031	0.003019951720402019	3.635607268485552e-15
111.55639876771902	0.003019951720402019	6.316667014097878e-17
138.21730389017998	0.003019951720402019	2.421522246084561e-22
171.24990861750976	0.003019951720402019	0
212.17698780180757	0.003019951720402019	0
262.885244821937	0.003019951720402019	0
325.7122869971341	0.003019951720402019	0
403.5543872869759	0.003019951720402019	0
499.9999999999984	0.003019951720402019	0
1000	0.003019951720402019	0
2000	0.003019951720402019	0
1.	0.00346736850452532	0.5057367236670831
1.9999999999999998	0.00346736850452532	0.35816683791169573
2.288838595949997	0.00346736850452532	0.3236240222631127
2.6193910591551774	0.00346736850452532	0.2857457572525456
2.9976816770403563	0.00346736850452532	0.24582075124572741
3.4306047603910415	0.00346736850452532	0.21099669298051396
3.926050291516404	0.00346736850452532	0.18895291387144278
4.493047718431742	0.00346736850452532	0.17711997438226623
5.141930515695824	0.00346736850452532	0.15838690472884967
5.884524511008838	0.00346736850452532	0.12215671268694209
6.734363409805407	0.00346736850452532	0.07916213027727727
7.706935445758021	0.00346736850452532	0.042446148777382633
8.819965652373028	0.00346736850452532	0.018064384835414393
10.093738900052346	0.00346736850452532	0.006026360019606582
11.551469585940843	0.00346736850452532	0.0020337022121148436
13.219724714121972	0.00346736850452532	0.000696167177769124
15.128908076758211	0.00346736850452532	0.00027531728537048643
17.313814360331925	0.00346736850452532	0.0001188355050615989
19.814263275520517	0.00346736850452532	0.000042951892720622735
22.675825267662994	0.00346736850452532	9.386098862656081e-6
25.950652033822625	0.00346736850452532	3.3787890847088975e-6
29.698426982540767	0.00346736850452532	1.285656834902308e-6
33.98745295832107	0.00346736850452532	4.0993731209482615e-7
38.895897054520105	0.00346736850452532	1.363695819884335e-7
44.51321520124173	0.00346736850452532	2.8978518958434078e-8
50.941782491215115	0.00346736850452532	6.8534485392036255e-9
58.29875895619149	0.00346736850452532	1.2159691020610336e-9
66.71822479745835	0.00346736850452532	1.7163672200502923e-10
76.35362398484546	0.00346736850452532	1.3015802531646304e-11
87.38056075858388	0.00346736850452532	4.0256693884021845e-13
100.00000000000031	0.00346736850452532	4.280574124600326e-15
111.55639876771902	0.00346736850452532	7.45051777600829e-17
138.21730389017998	0.00346736850452532	2.872994585515686e-22
171.24990861750976	0.00346736850452532	0
212.17698780180757	0.00346736850452532	0
262.885244821937	0.00346736850452532	0
325.7122869971341	0.00346736850452532	0
403.5543872869759	0.00346736850452532	0
499.9999999999984	0.00346736850452532	0
1000	0.00346736850452532	0
2000	0.00346736850452532	0
1.	0.003981071705534978	0.6035443304772223
1.9999999999999998	0.003981071705534978	0.414115186819133
2.288838595949997	0.003981071705534978	0.37366236357797694
2.6193910591551774	0.003981071705534978	0.33078802347784225
2.9976816770403563	0.003981071705534978	0.28555897436959476
3.4306047603910415	0.003981071705534978	0.24434284663497008
3.926050291516404	0.003981071705534978	0.21654908582552723
4.493047718431742	0.003981071705534978	0.20211314045288886
5.141930515695824	0.003981071705534978	0.1825010511001808
5.884524511008838	0.003981071705534978	0.14084282750058655
6.734363409805407	0.003981071705534978	0.0938229009459162
7.706935445758021	0.003981071705534978	0.050885431290992544
8.819965652373028	0.003981071705534978	0.021873927040681602
10.093738900052346	0.003981071705534978	0.007317534930269862
11.551469585940843	0.003981071705534978	0.002456442911151524
13.219724714121972	0.003981071705534978	0.0008275199871692952
15.128908076758211	0.003981071705534978	0.00032421448945197035
17.313814360331925	0.003981071705534978	0.0001399205622524139
19.814263275520517	0.003981071705534978	0.00005069613815074642
22.675825267662994	0.003981071705534978	0.000011087656227565632
25.950652033822625	0.003981071705534978	3.954513951506137e-6
29.698426982540767	0.003981071705534978	1.5044253379152547e-6
33.98745295832107	0.003981071705534978	4.799761125170733e-7
38.895897054520105	0.003981071705534978	1.5927080596120516e-7
44.51321520124173	0.003981071705534978	3.393661173259635e-8
50.941782491215115	0.003981071705534978	7.99265561040929e-9
58.29875895619149	0.003981071705534978	1.4235875888964489e-9
66.71822479745835	0.003981071705534978	2.006286728485107e-10
76.35362398484546	0.003981071705534978	1.5240963157883638e-11
87.38056075858388	0.003981071705534978	4.715876625964645e-13
100.00000000000031	0.003981071705534978	5.047834411640764e-15
111.55639876771902	0.003981071705534978	8.803573543105015e-17
138.21730389017998	0.003981071705534978	3.4173506936255255e-22
171.24990861750976	0.003981071705534978	0
212.17698780180757	0.003981071705534978	0
262.885244821937	0.003981071705534978	0
325.7122869971341	0.003981071705534978	0
403.5543872869759	0.003981071705534978	0
499.9999999999984	0.003981071705534978	0
1000	0.003981071705534978	0
2000	0.003981071705534978	0
1.	0.0045708818961487565	0.7178303673352461
1.9999999999999998	0.0045708818961487565	0.4787212090806477
2.288838595949997	0.0045708818961487565	0.4313924153746194
2.6193910591551774	0.0045708818961487565	0.38270002589786434
2.9976816770403563	0.0045708818961487565	0.3319099632136208
3.4306047603910415	0.0045708818961487565	0.2836577942256625
3.926050291516404	0.0045708818961487565	0.24879609660961205
4.493047718431742	0.0045708818961487565	0.23059616424198873
5.141930515695824	0.0045708818961487565	0.2101770581749815
5.884524511008838	0.0045708818961487565	0.16750078402959145
6.734363409805407	0.0045708818961487565	0.11162688397747611
7.706935445758021	0.0045708818961487565	0.061339171763339945
8.819965652373028	0.0045708818961487565	0.026618152640052246
10.093738900052346	0.0045708818961487565	0.008925646871551111
11.551469585940843	0.0045708818961487565	0.0029715460358494734
13.219724714121972	0.0045708818961487565	0.0010012625677909871
15.128908076758211	0.0045708818961487565	0.00038325239581770483
17.313814360331925	0.0045708818961487565	0.00016574547954080124
19.814263275520517	0.0045708818961487565	0.00006027488113445512
22.675825267662994	0.0045708818961487565	0.000013150191049945156
25.950652033822625	0.0045708818961487565	4.639902272096886e-6
29.698426982540767	0.0045708818961487565	1.7643301796102954e-6
33.98745295832107	0.0045708818961487565	5.632684399221596e-7
38.895897054520105	0.0045708818961487565	1.8634212895574042e-7
44.51321520124173	0.0045708818961487565	3.986127417282009e-8
50.941782491215115	0.0045708818961487565	9.338763681081707e-9
58.29875895619149	0.0045708818961487565	1.6710250316647088e-9
66.71822479745835	0.0045708818961487565	2.350355781673765e-10
76.35362398484546	0.0045708818961487565	1.789071283761221e-11
87.38056075858388	0.0045708818961487565	5.538407267675568e-13
100.00000000000031	0.0045708818961487565	5.971631257905481e-15
111.55639876771902	0.0045708818961487565	1.0438158822492654e-16
138.21730389017998	0.0045708818961487565	4.082421670742068e-22
171.24990861750976	0.0045708818961487565	0
212.17698780180757	0.0045708818961487565	0
262.885244821937	0.0045708818961487565	0
325.7122869971341	0.0045708818961487565	0
403.5543872869759	0.0045708818961487565	0
499.9999999999984	0.0045708818961487565	0
1000	0.0045708818961487565	0
2000	0.0045708818961487565	0
1.	0.005248074602497733	0.8490208699361785
1.9999999999999998	0.005248074602497733	0.5533925112038208
2.288838595949997	0.005248074602497733	0.49757372016158763
2.6193910591551774	0.005248074602497733	0.4427362430544539
2.9976816770403563	0.005248074602497733	0.3855281524039356
3.4306047603910415	0.005248074602497733	0.3297959059269468
3.926050291516404	0.005248074602497733	0.2866412510713811
4.493047718431742	0.005248074602497733	0.2630983149365961
5.141930515695824	0.005248074602497733	0.24153817939677702
5.884524511008838	0.005248074602497733	0.1962908647481331
6.734363409805407	0.005248074602497733	0.13315694853170512
7.706935445758021	0.005248074602497733	0.07429707082449072
8.819965652373028	0.005248074602497733	0.03269530757766355
10.093738900052346	0.005248074602497733	0.010982319108970729
11.551469585940843	0.005248074602497733	0.003617868517873051
13.219724714121972	0.005248074602497733	0.0012040718312014763
15.128908076758211	0.005248074602497733	0.0004546305642048253
17.313814360331925	0.005248074602497733	0.00019619850466276781
19.814263275520517	0.005248074602497733	0.00007172921120846766
22.675825267662994	0.005248074602497733	0.000015705023933072395
25.950652033822625	0.005248074602497733	5.472583160703757e-6
29.698426982540767	0.005248074602497733	2.0792128819025153e-6
33.98745295832107	0.005248074602497733	6.642991434322062e-7
38.895897054520105	0.005248074602497733	2.1895575227836726e-7
44.51321520124173	0.005248074602497733	4.7093640108313454e-8
50.941782491215115	0.005248074602497733	1.096118897090629e-8
58.29875895619149	0.005248074602497733	1.9718650032228563e-9
66.71822479745835	0.005248074602497733	2.766925012585713e-10
76.35362398484546	0.005248074602497733	2.111036054126907e-11
87.38056075858388	0.005248074602497733	6.538999885605021e-13
100.00000000000031	0.005248074602497733	7.106440152306544e-15
111.55639876771902	0.005248074602497733	1.2453266201997418e-16
138.21730389017998	0.005248074602497733	4.912158428041923e-22
171.24990861750976	0.005248074602497733	0
212.17698780180757	0.005248074602497733	0
262.885244821937	0.005248074602497733	0
325.7122869971341	0.005248074602497733	0
403.5543872869759	0.005248074602497733	0
499.9999999999984	0.005248074602497733	0
1000	0.005248074602497733	0
2000	0.005248074602497733	0
1.	0.006025595860743587	0.9959832176228834
1.9999999999999998	0.006025595860743587	0.6397525402488355
2.288838595949997	0.006025595860743587	0.5733959189097211
2.6193910591551774	0.006025595860743587	0.5108554606609367
2.9976816770403563	0.006025595860743587	0.44774642164296796
3.4306047603910415	0.006025595860743587	0.3839512038919052
3.926050291516404	0.006025595860743587	0.33110074747589374
4.493047718431742	0.006025595860743587	0.3002979259111473
5.141930515695824	0.006025595860743587	0.2771527776933201
5.884524511008838	0.006025595860743587	0.2300554447986673
6.734363409805407	0.006025595860743587	0.1593236189838681
7.706935445758021	0.006025595860743587	0.09038013721967073
8.819965652373028	0.006025595860743587	0.04031035503827687
10.093738900052346	0.006025595860743587	0.013623040887917628
11.551469585940843	0.006025595860743587	0.004439967219066217
13.219724714121972	0.006025595860743587	0.0014629867046737103
15.128908076758211	0.006025595860743587	0.0005423973900658869
17.313814360331925	0.006025595860743587	0.00023327995542280866
19.814263275520517	0.006025595860743587	0.00008576949176513198
22.675825267662994	0.006025595860743587	0.000018850192368172455
25.950652033822625	0.006025595860743587	6.474425428244051e-6
29.698426982540767	0.006025595860743587	2.4566622621741367e-6
33.98745295832107	0.006025595860743587	7.855959013569256e-7
38.895897054520105	0.006025595860743587	2.5778095225799854e-7
44.51321520124173	0.006025595860743587	5.5849167266870776e-8
50.941782491215115	0.006025595860743587	1.2895148299235219e-8
58.29875895619149	0.006025595860743587	2.333819156017758e-9
66.71822479745835	0.006025595860743587	3.2660094361376804e-10
76.35362398484546	0.006025595860743587	2.498446529921289e-11
87.38056075858388	0.006025595860743587	7.745210896775029e-13
100.00000000000031	0.006025595860743587	8.48853222625268e-15
111.55639876771902	0.006025595860743587	1.4917914349249433e-16
138.21730389017998	0.006025595860743587	5.941464641341215e-22
171.24990861750976	0.006025595860743587	0
212.17698780180757	0.006025595860743587	0
262.885244821937	0.006025595860743587	0
325.7122869971341	0.006025595860743587	0
403.5543872869759	0.006025595860743587	0
499.9999999999984	0.006025595860743587	0
1000	0.006025595860743587	0
2000	0.006025595860743587	0
1.	0.006918309709189377	1.1554599480488454
1.9999999999999998	0.006918309709189377	0.7392569675854195
2.288838595949997	0.006918309709189377	0.6603113554425799
2.6193910591551774	0.006918309709189377	0.5885817799027107
2.9976816770403563	0.006918309709189377	0.5190146994513936
3.4306047603910415	0.006918309709189377	0.44742236620408676
3.926050291516404	0.006918309709189377	0.3836109621220461
4.493047718431742	0.006918309709189377	0.34320914859604823
5.141930515695824	0.006918309709189377	0.31753695351682315
5.884524511008838	0.006918309709189377	0.2695455701656846
6.734363409805407	0.006918309709189377	0.19099170771871285
7.706935445758021	0.006918309709189377	0.11056737002512015
8.819965652373028	0.006918309709189377	0.04993743369105763
10.093738900052346	0.006918309709189377	0.017080589328729336
11.551469585940843	0.006918309709189377	0.005480781679077633
13.219724714121972	0.006918309709189377	0.0018212547164414357
15.128908076758211	0.006918309709189377	0.00064960859589632
17.313814360331925	0.006918309709189377	0.0002792229725971665
19.814263275520517	0.006918309709189377	0.00010293558356822218
22.675825267662994	0.006918309709189377	0.000022464688276254662
25.950652033822625	0.006918309709189377	7.588801818959113e-6
29.698426982540767	0.006918309709189377	2.874055089998828e-6
33.98745295832107	0.006918309709189377	9.200872776741682e-7
38.895897054520105	0.006918309709189377	3.0029744957775415e-7
44.51321520124173	0.006918309709189377	6.56730600995025e-8
50.941782491215115	0.006918309709189377	1.501788501381403e-8
58.29875895619149	0.006918309709189377	2.7359100103955745e-9
66.71822479745835	0.006918309709189377	3.817683549321978e-10
76.35362398484546	0.006918309709189377	2.929428499284134e-11
87.38056075858388	0.006918309709189377	9.091507060600195e-13
100.00000000000031	0.006918309709189377	1.0052083772069861e-14
111.55639876771902	0.006918309709189377	1.7723422945857045e-16
138.21730389017998	0.006918309709189377	7.136929033615282e-22
171.24990861750976	0.006918309709189377	0
212.17698780180757	0.006918309709189377	0
262.885244821937	0.006918309709189377	0
325.7122869971341	0.006918309709189377	0
403.5543872869759	0.006918309709189377	0
499.9999999999984	0.006918309709189377	0
1000	0.006918309709189377	0
2000	0.006918309709189377	0
1.	0.00794328234724283	1.3205003257494274
1.9999999999999998	0.00794328234724283	0.8534382603023547
2.288838595949997	0.00794328234724283	0.7599116838618086
2.6193910591551774	0.00794328234724283	0.6767249854663523
2.9976816770403563	0.00794328234724283	0.5996858761714787
3.4306047603910415	0.00794328234724283	0.5207294486598117
3.926050291516404	0.00794328234724283	0.4457381200241338
4.493047718431742	0.00794328234724283	0.3930993295199709
5.141930515695824	0.00794328234724283	0.3629820675835983
5.884524511008838	0.00794328234724283	0.3148256482359303
6.734363409805407	0.00794328234724283	0.2292417638550739
7.706935445758021	0.00794328234724283	0.13580649967138822
8.819965652373028	0.00794328234724283	0.06260641899797864
10.093738900052346	0.00794328234724283	0.021657916349455644
11.551469585940843	0.00794328234724283	0.006824293010264098
13.219724714121972	0.00794328234724283	0.002223712472154797
15.128908076758211	0.00794328234724283	0.0007831886757219406
17.313814360331925	0.00794328234724283	0.0003345469271025624
19.814263275520517	0.00794328234724283	0.0001239971444328674
22.675825267662994	0.00794328234724283	0.000027391858511998097
25.950652033822625	0.00794328234724283	9.079211933574198e-6
29.698426982540767	0.00794328234724283	3.429410795596644e-6
33.98745295832107	0.00794328234724283	1.0994038776993805e-6
38.895897054520105	0.00794328234724283	3.565428588774551e-7
44.51321520124173	0.00794328234724283	7.888924302032284e-8
50.941782491215115	0.00794328234724283	1.7836679592457856e-8
58.29875895619149	0.00794328234724283	3.2718357760095926e-9
66.71822479745835	0.00794328234724283	4.552446626035137e-10
76.35362398484546	0.00794328234724283	3.505540905823321e-11
87.38056075858388	0.00794328234724283	1.0897352291614477e-12
100.00000000000031	0.00794328234724283	1.215713033828638e-14
111.55639876771902	0.00794328234724283	2.1515404003136966e-16
138.21730389017998	0.00794328234724283	8.773579236052238e-22
171.24990861750976	0.00794328234724283	0
212.17698780180757	0.00794328234724283	0
262.885244821937	0.00794328234724283	0
325.7122869971341	0.00794328234724283	0
403.5543872869759	0.00794328234724283	0
499.9999999999984	0.00794328234724283	0
1000	0.00794328234724283	0
2000	0.00794328234724283	0
1.	0.009120108393559116	1.483819777058772
1.9999999999999998	0.009120108393559116	0.9839448218504113
2.288838595949997	0.009120108393559116	0.8748383734865669
2.6193910591551774	0.009120108393559116	0.7775816197678225
2.9976816770403563	0.009120108393559116	0.6909495446405112
3.4306047603910415	0.009120108393559116	0.6055600571448428
3.926050291516404	0.009120108393559116	0.5194828646958184
4.493047718431742	0.009120108393559116	0.4521121905399493
5.141930515695824	0.009120108393559116	0.4136328979370956
5.884524511008838	0.009120108393559116	0.3662264460467392
6.734363409805407	0.009120108393559116	0.27508455835267526
7.706935445758021	0.009120108393559116	0.16696346376520102
8.819965652373028	0.009120108393559116	0.07918682023212156
10.093738900052346	0.009120108393559116	0.027769379852540778
11.551469585940843	0.009120108393559116	0.008590137744897338
13.219724714121972	0.009120108393559116	0.0027850354889272745
15.128908076758211	0.009120108393559116	0.0009507367460935699
17.313814360331925	0.009120108393559116	0.00040288845490038603
19.814263275520517	0.009120108393559116	0.0001500966771652488
22.675825267662994	0.009120108393559116	0.000033168759657062195
25.950652033822625	0.009120108393559116	0.000010759745950901282
29.698426982540767	0.009120108393559116	4.049432698435226e-6
33.98745295832107	0.009120108393559116	1.300493812064558e-6
38.895897054520105	0.009120108393559116	4.1861267447495003e-7
44.51321520124173	0.009120108393559116	9.39340894605159e-8
50.941782491215115	0.009120108393559116	2.0965125498705355e-8
58.29875895619149	0.009120108393559116	3.871943036139695e-9
66.71822479745835	0.009120108393559116	5.373565465575128e-10
76.35362398484546	0.009120108393559116	4.1546266542658636e-11
87.38056075858388	0.009120108393559116	1.2945780373164578e-12
100.00000000000031	0.009120108393559116	1.4570869732032362e-14
111.55639876771902	0.009120108393559116	2.5899559657590183e-16
138.21730389017998	0.009120108393559116	1.0715024384567269e-21
171.24990861750976	0.009120108393559116	0
212.17698780180757	0.009120108393559116	0
262.885244821937	0.009120108393559116	0
325.7122869971341	0.009120108393559116	0
403.5543872869759	0.009120108393559116	0
499.9999999999984	0.009120108393559116	0
1000	0.009120108393559116	0
2000	0.009120108393559116	0
1.	0.010471285480509017	1.6257984743246103
1.9999999999999998	0.010471285480509017	1.1308484214020065
2.288838595949997	0.010471285480509017	1.0072091785821085
2.6193910591551774	0.010471285480509017	0.8944694682722742
2.9976816770403563	0.010471285480509017	0.7960095121856607
3.4306047603910415	0.010471285480509017	0.7033710118719777
3.926050291516404	0.010471285480509017	0.6058440289352264
4.493047718431742	0.010471285480509017	0.5221235845583349
5.141930515695824	0.010471285480509017	0.47187934119917124
5.884524511008838	0.010471285480509017	0.42450986978661037
6.734363409805407	0.010471285480509017	0.32957698235244703
7.706935445758021	0.010471285480509017	0.2063351540218856
8.819965652373028	0.010471285480509017	0.10068918160548414
10.093738900052346	0.010471285480509017	0.035979043186861084
11.551469585940843	0.010471285480509017	0.010924397657344171
13.219724714121972	0.010471285480509017	0.00352792140740834
15.128908076758211	0.010471285480509017	0.001163315214867631
17.313814360331925	0.010471285480509017	0.0004868073504668717
19.814263275520517	0.010471285480509017	0.00018248512159564883
22.675825267662994	0.010471285480509017	0.00004099206656615761
25.950652033822625	0.010471285480509017	0.000012979847359881845
29.698426982540767	0.010471285480509017	4.860953044907166e-6
33.98745295832107	0.010471285480509017	1.5647218272387196e-6
38.895897054520105	0.010471285480509017	4.993336788327374e-7
44.51321520124173	0.010471285480509017	1.1388971839842214e-7
50.941782491215115	0.010471285480509017	2.5058374615330243e-8
58.29875895619149	0.010471285480509017	4.657100942894697e-9
66.71822479745835	0.010471285480509017	6.450536385586472e-10
76.35362398484546	0.010471285480509017	5.010477005174079e-11
87.38056075858388	0.010471285480509017	1.566555687026033e-12
100.00000000000031	0.010471285480509017	1.778260652008094e-14
111.55639876771902	0.010471285480509017	3.176957212157521e-16
138.21730389017998	0.010471285480509017	1.3363897701792099e-21
171.24990861750976	0.010471285480509017	0
212.17698780180757	0.010471285480509017	0
262.885244821937	0.010471285480509017	0
325.7122869971341	0.010471285480509017	0
403.5543872869759	0.010471285480509017	0
499.9999999999984	0.010471285480509017	0
1000	0.010471285480509017	0
2000	0.010471285480509017	0
1.	0.012022644346174156	1.7297111721411853
1.9999999999999998	0.012022644346174156	1.289994136104824
2.288838595949997	0.012022644346174156	1.1577947959071642
2.6193910591551774	0.012022644346174156	1.0294135042231325
2.9976816770403563	0.012022644346174156	0.9145259765959106
3.4306047603910415	0.012022644346174156	0.8116960028271736
3.926050291516404	0.012022644346174156	0.7062537798548217
4.493047718431742	0.012022644346174156	0.6046658408032833
5.141930515695824	0.012022644346174156	0.5370918772617149
5.884524511008838	0.012022644346174156	0.48846828998587166
6.734363409805407	0.012022644346174156	0.3941183892118205
7.706935445758021	0.012022644346174156	0.2559762083277885
8.819965652373028	0.012022644346174156	0.1289844278318529
10.093738900052346	0.012022644346174156	0.047077601322968315
11.551469585940843	0.012022644346174156	0.014076396827470373
13.219724714121972	0.012022644346174156	0.0044893934036484015
15.128908076758211	0.012022644346174156	0.001437695830866063
17.313814360331925	0.012022644346174156	0.0005925981619231648
19.814263275520517	0.012022644346174156	0.00022331268900799197
22.675825267662994	0.012022644346174156	0.00005104627423498977
25.950652033822625	0.012022644346174156	0.000015735224084287168
29.698426982540767	0.012022644346174156	5.8539348160122736e-6
33.98745295832107	0.012022644346174156	1.8899177572350712e-6
38.895897054520105	0.012022644346174156	5.972504991118324e-7
44.51321520124173	0.012022644346174156	1.3872143417367386e-7
50.941782491215115	0.012022644346174156	3.006411099065005e-8
58.29875895619149	0.012022644346174156	5.616854598549556e-9
66.71822479745835	0.012022644346174156	7.771988054270982e-10
76.35362398484546	0.012022644346174156	6.068821848910602e-11
87.38056075858388	0.012022644346174156	1.9063792780545956e-12
100.00000000000031	0.012022644346174156	2.181225485985964e-14
111.55639876771902	0.012022644346174156	3.920334705545121e-16
138.21730389017998	0.012022644346174156	1.680988305026078e-21
171.24990861750976	0.012022644346174156	0
212.17698780180757	0.012022644346174156	0
262.885244821937	0.012022644346174156	0
325.7122869971341	0.012022644346174156	0
403.5543872869759	0.012022644346174156	0
499.9999999999984	0.012022644346174156	0
1000	0.012022644346174156	0
2000	0.012022644346174156	0
1.	0.01380384264602888	1.7767894991161246
1.9999999999999998	0.01380384264602888	1.4561231990256176
2.288838595949997	0.01380384264602888	1.3246142073876497
2.6193910591551774	0.01380384264602888	1.183083209293259
2.9976816770403563	0.01380384264602888	1.0500827969622182
3.4306047603910415	0.01380384264602888	0.9328337929388885
3.926050291516404	0.01380384264602888	0.8200065933166185
4.493047718431742	0.01380384264602888	0.7023498606713242
5.141930515695824	0.01380384264602888	0.6138498551656737
5.884524511008838	0.01380384264602888	0.5603971482825088
6.734363409805407	0.01380384264602888	0.4693702493271209
7.706935445758021	0.01380384264602888	0.31869328252186085
8.819965652373028	0.01380384264602888	0.16641061891391293
10.093738900052346	0.01380384264602888	0.0624195686314895
11.551469585940843	0.01380384264602888	0.018426245254908692
13.219724714121972	0.01380384264602888	0.005811145179269864
15.128908076758211	0.01380384264602888	0.0017973760316667927
17.313814360331925	0.01380384264602888	0.0007244529286759753
19.814263275520517	0.01380384264602888	0.000274133947711071
22.675825267662994	0.01380384264602888	0.0000629078756271034
25.950652033822625	0.01380384264602888	0.000018830776674087363
29.698426982540767	0.01380384264602888	6.943609582888945e-6
33.98745295832107	0.01380384264602888	2.2499861001149056e-6
38.895897054520105	0.01380384264602888	7.034284684035386e-7
44.51321520124173	0.01380384264602888	1.6657597584617573e-7
50.941782491215115	0.01380384264602888	3.555723670482524e-8
58.29875895619149	0.01380384264602888	6.6679985170752024e-9
66.71822479745835	0.01380384264602888	9.228262123405764e-10
76.35362398484546	0.01380384264602888	7.24876672827449e-11
87.38056075858388	0.01380384264602888	2.2913169984289565e-12
100.00000000000031	0.01380384264602888	2.640893869969374e-14
111.55639876771902	0.01380384264602888	4.780306178113633e-16
138.21730389017998	0.01380384264602888	2.0952846506126786e-21
171.24990861750976	0.01380384264602888	0
212.17698780180757	0.01380384264602888	0
262.885244821937	0.01380384264602888	0
325.7122869971341	0.01380384264602888	0
403.5543872869759	0.01380384264602888	0
499.9999999999984	0.01380384264602888	0
1000	0.01380384264602888	0
2000	0.01380384264602888	0
1.	0.015848931924611172	1.7527686750762919
1.9999999999999998	0.015848931924611172	1.6095315740012075
2.288838595949997	0.015848931924611172	1.4957227020643993
2.6193910591551774	0.015848931924611172	1.3548420228965834
2.9976816770403563	0.015848931924611172	1.205991894066428
3.4306047603910415	0.015848931924611172	1.0708009757805885
3.926050291516404	0.015848931924611172	0.9472698573308264
4.493047718431742	0.015848931924611172	0.8168293227170094
5.141930515695824	0.015848931924611172	0.7045944207460499
5.884524511008838	0.015848931924611172	0.6386337308859319
6.734363409805407	0.015848931924611172	0.5546147158661374
7.706935445758021	0.015848931924611172	0.39431598672885754
8.819965652373028	0.015848931924611172	0.21552055571469148
10.093738900052346	0.015848931924611172	0.08364452671828423
11.551469585940843	0.015848931924611172	0.02453505339914314
13.219724714121972	0.015848931924611172	0.007592044751349052
15.128908076758211	0.015848931924611172	0.0022768237603829206
17.313814360331925	0.015848931924611172	0.0008930096825091824
19.814263275520517	0.015848931924611172	0.0003380982716933286
22.675825267662994	0.015848931924611172	0.00007924690604000936
25.950652033822625	0.015848931924611172	0.00002298613739718481
29.698426982540767	0.015848931924611172	8.376032507137755e-6
33.98745295832107	0.015848931924611172	2.7262686180297346e-6
38.895897054520105	0.015848931924611172	8.425558902680339e-7
44.51321520124173	0.015848931924611172	2.0346167120299075e-7
50.941782491215115	0.015848931924611172	4.281692012187768e-8
58.29875895619149	0.015848931924611172	8.04456976524931e-9
66.71822479745835	0.015848931924611172	1.1150388159605274e-9
76.35362398484546	0.015848931924611172	8.816021222353e-11
87.38056075858388	0.015848931924611172	2.809097883303981e-12
100.00000000000031	0.015848931924611172	3.260185611506785e-14
111.55639876771902	0.015848931924611172	5.950695991076809e-16
138.21730389017998	0.015848931924611172	2.674317154744948e-21
171.24990861750976	0.015848931924611172	0
212.17698780180757	0.015848931924611172	0
262.885244821937	0.015848931924611172	0
325.7122869971341	0.015848931924611172	0
403.5543872869759	0.015848931924611172	0
499.9999999999984	0.015848931924611172	0
1000	0.015848931924611172	0
2000	0.015848931924611172	0
1.	0.01819700858609988	1.6553194657891712
1.9999999999999998	0.01819700858609988	1.7253001666900845
2.288838595949997	0.01819700858609988	1.6537707162777557
2.6193910591551774	0.01819700858609988	1.5342801126590173
2.9976816770403563	0.01819700858609988	1.383820014752824
3.4306047603910415	0.01819700858609988	1.229869214703558
3.926050291516404	0.01819700858609988	1.0888104257034557
4.493047718431742	0.01819700858609988	0.949061027063808
5.141930515695824	0.01819700858609988	0.8124603454531562
5.884524511008838	0.01819700858609988	0.7251929078031509
6.734363409805407	0.01819700858609988	0.6486027484582773
7.706935445758021	0.01819700858609988	0.48523211196891636
8.819965652373028	0.01819700858609988	0.27857707398704296
10.093738900052346	0.01819700858609988	0.11336399808241465
11.551469585940843	0.01819700858609988	0.033371910862834364
13.219724714121972	0.01819700858609988	0.010060118546514351
15.128908076758211	0.01819700858609988	0.0029296461685454594
17.313814360331925	0.01819700858609988	0.001104056961579711
19.814263275520517	0.01819700858609988	0.00042059637670391147
22.675825267662994	0.01819700858609988	0.00010069826497909992
25.950652033822625	0.01819700858609988	0.000028260492698915328
29.698426982540767	0.01819700858609988	0.00001013764040105718
33.98745295832107	0.01819700858609988	3.3166700769265293e-6
38.895897054520105	0.01819700858609988	1.0128174154772919e-6
44.51321520124173	0.01819700858609988	2.491767829300651e-7
50.941782491215115	0.01819700858609988	5.179670123838845e-8
58.29875895619149	0.01819700858609988	9.732103281397147e-9
66.71822479745835	0.01819700858609988	1.3526605814157596e-9
76.35362398484546	0.01819700858609988	1.0770293432065063e-10
87.38056075858388	0.01819700858609988	3.465357141729786e-12
100.00000000000031	0.01819700858609988	4.050943147866397e-14
111.55639876771902	0.01819700858609988	7.465416489497074e-16
138.21730389017998	0.01819700858609988	3.450461572523352e-21
171.24990861750976	0.01819700858609988	0
212.17698780180757	0.01819700858609988	0
262.885244821937	0.01819700858609988	0
325.7122869971341	0.01819700858609988	0
403.5543872869759	0.01819700858609988	0
499.9999999999984	0.01819700858609988	0
1000	0.01819700858609988	0
2000	0.01819700858609988	0
1.	0.02089296130854045	1.4875824073091335
1.9999999999999998	0.02089296130854045	1.777639248846071
2.288838595949997	0.02089296130854045	1.7694983786817504
2.6193910591551774	0.02089296130854045	1.7019272405844805
2.9976816770403563	0.02089296130854045	1.5757065997629616
3.4306047603910415	0.02089296130854045	1.408855857222314
3.926050291516404	0.02089296130854045	1.2450376807243297
4.493047718431742	0.02089296130854045	1.0949785096694302
5.141930515695824	0.02089296130854045	0.9399580895921537
5.884524511008838	0.02089296130854045	0.8238951883819106
6.734363409805407	0.02089296130854045	0.7494660079912749
7.706935445758021	0.02089296130854045	0.5941731636984229
8.819965652373028	0.02089296130854045	0.3623397034363284
10.093738900052346	0.02089296130854045	0.15502950671904106
11.551469585940843	0.02089296130854045	0.04653177483649295
13.219724714121972	0.02089296130854045	0.013466826561361405
15.128908076758211	0.02089296130854045	0.0038455777496804898
17.313814360331925	0.02089296130854045	0.0013824910903560048
19.814263275520517	0.02089296130854045	0.0005269200400169232
22.675825267662994	0.02089296130854045	0.0001288420811066061
25.950652033822625	0.02089296130854045	0.00003497004973292474
29.698426982540767	0.02089296130854045	0.000012289498869670798
33.98745295832107	0.02089296130854045	4.043308862191576e-6
38.895897054520105	0.02089296130854045	1.219926779095409e-6
44.51321520124173	0.02089296130854045	3.0517101075571214e-7
50.941782491215115	0.02089296130854045	6.283291710997837e-8
58.29875895619149	0.02089296130854045	1.1790090536498018e-8
66.71822479745835	0.02089296130854045	1.6446157274133325e-9
76.35362398484546	0.02089296130854045	1.3191489011081646e-10
87.38056075858388	0.02089296130854045	4.292414786077411e-12
100.00000000000031	0.02089296130854045	5.061065522393676e-14
111.55639876771902	0.02089296130854045	9.427474881666216e-16
138.21730389017998	0.02089296130854045	4.4939808849187186e-21
171.24990861750976	0.02089296130854045	0
212.17698780180757	0.02089296130854045	0
262.885244821937	0.02089296130854045	0
325.7122869971341	0.02089296130854045	0
403.5543872869759	0.02089296130854045	0
499.9999999999984	0.02089296130854045	0
1000	0.02089296130854045	0
2000	0.02089296130854045	0
1.	0.023988329190194974	1.2762482016080217
1.9999999999999998	0.023988329190194974	1.741118928406095
2.288838595949997	0.023988329190194974	1.811499170911608
2.6193910591551774	0.023988329190194974	1.826210050765806
2.9976816770403563	0.023988329190194974	1.7548404592567766
3.4306047603910415	0.023988329190194974	1.6045698607866496
3.926050291516404	0.023988329190194974	1.425571601796248
4.493047718431742	0.023988329190194974	1.26077213538493
5.141930515695824	0.023988329190194974	1.090641272254761
5.884524511008838	0.023988329190194974	0.9390316851166929
6.734363409805407	0.023988329190194974	0.8548354721686204
7.706935445758021	0.023988329190194974	0.7216147693025552
8.819965652373028	0.023988329190194974	0.46998207336023184
10.093738900052346	0.023988329190194974	0.21424371733455833
11.551469585940843	0.023988329190194974	0.06602763136450829
13.219724714121972	0.023988329190194974	0.018301901478905556
15.128908076758211	0.023988329190194974	0.005153073021612686
17.313814360331925	0.023988329190194974	0.0017403477867089976
19.814263275520517	0.023988329190194974	0.0006692932727393801
22.675825267662994	0.023988329190194974	0.0001667299810694062
25.950652033822625	0.023988329190194974	0.000043814115107186475
29.698426982540767	0.023988329190194974	0.000014996569214266835
33.98745295832107	0.023988329190194974	4.961865193233288e-6
38.895897054520105	0.023988329190194974	1.479538727194396e-6
44.51321520124173	0.023988329190194974	3.753325789819195e-7
50.941782491215115	0.023988329190194974	7.67685982665223e-8
58.29875895619149	0.023988329190194974	1.4380829632663617e-8
66.71822479745835	0.023988329190194974	2.013855818168921e-9
76.35362398484546	0.023988329190194974	1.6273486868136207e-10
87.38056075858388	0.023988329190194974	5.361291569863211e-12
100.00000000000031	0.023988329190194974	6.393506284392647e-14
111.55639876771902	0.023988329190194974	1.2045788300627454e-15
138.21730389017998	0.023988329190194974	5.937084830111452e-21
171.24990861750976	0.023988329190194974	0
212.17698780180757	0.023988329190194974	0
262.885244821937	0.023988329190194974	0
325.7122869971341	0.023988329190194974	0
403.5543872869759	0.023988329190194974	0
499.9999999999984	0.023988329190194974	0
1000	0.023988329190194974	0
2000	0.023988329190194974	0
1.	0.027542287033381744	1.0572907988662728
1.9999999999999998	0.027542287033381744	1.6106504760142608
2.288838595949997	0.027542287033381744	1.752209528195759
2.6193910591551774	0.027542287033381744	1.8567199584288336
2.9976816770403563	0.027542287033381744	1.8816292096499214
3.4306047603910415	0.027542287033381744	1.7970177018329843
3.926050291516404	0.027542287033381744	1.6309091526819126
4.493047718431742	0.027542287033381744	1.4400201141415752
5.141930515695824	0.027542287033381744	1.2583592620370685
5.884524511008838	0.027542287033381744	1.076858925617471
6.734363409805407	0.027542287033381744	0.9691892037463175
7.706935445758021	0.027542287033381744	0.8610779974178642
8.819965652373028	0.027542287033381744	0.6027465246841653
10.093738900052346	0.027542287033381744	0.2961243375395253
11.551469585940843	0.027542287033381744	0.09512588746599722
13.219724714121972	0.027542287033381744	0.02703010960375309
15.128908076758211	0.027542287033381744	0.007056925172659188
17.313814360331925	0.027542287033381744	0.002219790424323409
19.814263275520517	0.027542287033381744	0.0008570383299781529
22.675825267662994	0.027542287033381744	0.00021769816875300116
25.950652033822625	0.027542287033381744	0.00005556436500112207
29.698426982540767	0.027542287033381744	0.000018399353975863664
33.98745295832107	0.027542287033381744	6.118558703732165e-6
38.895897054520105	0.027542287033381744	1.8040384502653434e-6
44.51321520124173	0.027542287033381744	4.628606651928553e-7
50.941782491215115	0.027542287033381744	9.425741086736019e-8
58.29875895619149	0.027542287033381744	1.7644456148992515e-8
66.71822479745835	0.027542287033381744	2.4800047354340976e-9
76.35362398484546	0.027542287033381744	2.0186956125358713e-10
87.38056075858388	0.027542287033381744	6.738560539247196e-12
100.00000000000031	0.027542287033381744	8.16013713624224e-14
111.55639876771902	0.027542287033381744	1.5549196154216208e-15
138.21730389017998	0.027542287033381744	7.941899812607395e-21
171.24990861750976	0.027542287033381744	0
212.17698780180757	0.027542287033381744	0
262.885244821937	0.027542287033381744	0
325.7122869971341	0.027542287033381744	0
403.5543872869759	0.027542287033381744	0
499.9999999999984	0.027542287033381744	0
1000	0.027542287033381744	0
2000	0.027542287033381744	0
1.	0.03162277660168389	0.8612101243634901
1.9999999999999998	0.03162277660168389	1.399301211918664
2.288838595949997	0.03162277660168389	1.5834300727607231
2.6193910591551774	0.03162277660168389	1.7682808951321218
2.9976816770403563	0.03162277660168389	1.906860003573814
3.4306047603910415	0.03162277660168389	1.945128135503272
3.926050291516404	0.03162277660168389	1.8394687022134983
4.493047718431742	0.03162277660168389	1.6413396428562135
5.141930515695824	0.03162277660168389	1.4465087826121168
5.884524511008838	0.03162277660168389	1.2470682126485688
6.734363409805407	0.03162277660168389	1.0942189544437597
7.706935445758021	0.03162277660168389	1.000489639490912
8.819965652373028	0.03162277660168389	0.7620220181676456
10.093738900052346	0.03162277660168389	0.4097321635415583
11.551469585940843	0.03162277660168389	0.1404833575202772
13.219724714121972	0.03162277660168389	0.03623540609416357
15.128908076758211	0.03162277660168389	0.009883697923327434
17.313814360331925	0.03162277660168389	0.0028861559511911775
19.814263275520517	0.03162277660168389	0.001105284732472445
22.675825267662994	0.03162277660168389	0.00028541137234614123
25.950652033822625	0.03162277660168389	0.0000711582279750863
29.698426982540767	0.03162277660168389	0.000022631573360841546
33.98745295832107	0.03162277660168389	7.5536056954572665e-6
38.895897054520105	0.03162277660168389	2.2037647513065693e-6
44.51321520124173	0.03162277660168389	5.707324808963556e-7
50.941782491215115	0.03162277660168389	1.157889804485954e-7
58.29875895619149	0.03162277660168389	2.1706468462414016e-8
66.71822479745835	0.03162277660168389	3.0606846081298942e-9
76.35362398484546	0.03162277660168389	2.5092435182590053e-10
87.38056075858388	0.03162277660168389	8.49256916232942e-12
100.00000000000031	0.03162277660168389	1.0489439378307713e-13
111.55639876771902	0.03162277660168389	2.0196729517292172e-15
138.21730389017998	0.03162277660168389	1.0716253407703883e-20
171.24990861750976	0.03162277660168389	0
212.17698780180757	0.03162277660168389	0
262.885244821937	0.03162277660168389	0
325.7122869971341	0.03162277660168389	0
403.5543872869759	0.03162277660168389	0
499.9999999999984	0.03162277660168389	0
1000	0.03162277660168389	0
2000	0.03162277660168389	0
1.	0.03630780547701025	0.7109738997905979
1.9999999999999998	0.03630780547701025	1.1512797588011887
2.288838595949997	0.03630780547701025	1.3385488171699074
2.6193910591551774	0.03630780547701025	1.5648503770503992
2.9976816770403563	0.03630780547701025	1.800420437525869
3.4306047603910415	0.03630780547701025	1.9767001456911772
3.926050291516404	0.03630780547701025	2.0054199867433193
4.493047718431742	0.03630780547701025	1.8750907311840805
5.141930515695824	0.03630780547701025	1.6604100918308982
5.884524511008838	0.03630780547701025	1.44723912978217
6.734363409805407	0.03630780547701025	1.241209815415023
7.706935445758021	0.03630780547701025	1.135370634707408
8.819965652373028	0.03630780547701025	0.9476979353314083
10.093738900052346	0.03630780547701025	0.5620948004379605
11.551469585940843	0.03630780547701025	0.2099244542379204
13.219724714121972	0.03630780547701025	0.05340451971672442
15.128908076758211	0.03630780547701025	0.014095968548394771
17.313814360331925	0.03630780547701025	0.003830597688087238
19.814263275520517	0.03630780547701025	0.0014355556215107175
22.675825267662994	0.03630780547701025	0.0003799888057038801
25.950652033822625	0.03630780547701025	0.00009331782048180999
29.698426982540767	0.03630780547701025	0.000028297895692988234
33.98745295832107	0.03630780547701025	9.457131641971278e-6
38.895897054520105	0.03630780547701025	2.73269364905886e-6
44.51321520124173	0.03630780547701025	7.13716043961023e-7
50.941782491215115	0.03630780547701025	1.4405726369986122e-7
58.29875895619149	0.03630780547701025	2.7111042645161117e-8
66.71822479745835	0.03630780547701025	3.83382151413514e-9
76.35362398484546	0.03630780547701025	3.1663222371599536e-10
87.38056075858388	0.03630780547701025	1.0878314441600924e-11
100.00000000000031	0.03630780547701025	1.375222294272412e-13
111.55639876771902	0.03630780547701025	2.671736208388518e-15
138.21730389017998	0.03630780547701025	1.477698461073182e-20
171.24990861750976	0.03630780547701025	0
212.17698780180757	0.03630780547701025	0
262.885244821937	0.03630780547701025	0
325.7122869971341	0.03630780547701025	0
403.5543872869759	0.03630780547701025	0
499.9999999999984	0.03630780547701025	0
1000	0.03630780547701025	0
2000	0.03630780547701025	0
1.	0.04168693834703368	0.6125556095446059
1.9999999999999998	0.04168693834703368	0.9143917823585883
2.288838595949997	0.04168693834703368	1.0709077203048671
2.6193910591551774	0.04168693834703368	1.2873889439012856
2.9976816770403563	0.04168693834703368	1.5594591511887923
3.4306047603910415	0.04168693834703368	1.8487702939676276
3.926050291516404	0.04168693834703368	2.0582092175520885
4.493047718431742	0.04168693834703368	2.0781404291171772
5.141930515695824	0.04168693834703368	1.8959913088995004
5.884524511008838	0.04168693834703368	1.6666502290751803
6.734363409805407	0.04168693834703368	1.4243608805947707
7.706935445758021	0.04168693834703368	1.2719817019438169
8.819965652373028	0.04168693834703368	1.146341606076094
10.093738900052346	0.04168693834703368	0.7567766502032361
11.551469585940843	0.04168693834703368	0.31458620469676324
13.219724714121972	0.04168693834703368	0.0814562055940874
15.128908076758211	0.04168693834703368	0.020475603993685143
17.313814360331925	0.04168693834703368	0.005247864162616379
19.814263275520517	0.04168693834703368	0.0018727732182342663
22.675825267662994	0.04168693834703368	0.0005039249747805653
25.950652033822625	0.04168693834703368	0.00012319666192932283
29.698426982540767	0.04168693834703368	0.00003537332763485745
33.98745295832107	0.04168693834703368	0.000011794454628802467
38.895897054520105	0.04168693834703368	3.380440474830531e-6
44.51321520124173	0.04168693834703368	8.900322394356516e-7
50.941782491215115	0.04168693834703368	1.782765023355997e-7
58.29875895619149	0.04168693834703368	3.372435218091017e-8
66.71822479745835	0.04168693834703368	4.783464199979727e-9
76.35362398484546	0.04168693834703368	3.984187586179783e-10
87.38056075858388	0.04168693834703368	1.3925460431848023e-11
100.00000000000031	0.04168693834703368	1.8039888795571006e-13
111.55639876771902	0.04168693834703368	3.5325672769898175e-15
138.21730389017998	0.04168693834703368	2.0470310791164386e-20
171.24990861750976	0.04168693834703368	0
212.17698780180757	0.04168693834703368	0
262.885244821937	0.04168693834703368	0
325.7122869971341	0.04168693834703368	0
403.5543872869759	0.04168693834703368	0
499.9999999999984	0.04168693834703368	0
1000	0.04168693834703368	0
2000	0.04168693834703368	0
1.	0.047863009232264	0.5496699379151696
1.9999999999999998	0.047863009232264	0.7182818189376889
2.288838595949997	0.047863009232264	0.8262832363515156
2.6193910591551774	0.047863009232264	0.9946103638334369
2.9976816770403563	0.047863009232264	1.242250877351474
3.4306047603910415	0.047863009232264	1.572012987927824
3.926050291516404	0.047863009232264	1.9305397113062026
4.493047718431742	0.047863009232264	2.1601689192551206
5.141930515695824	0.047863009232264	2.132450039590774
5.884524511008838	0.047863009232264	1.9106789751387512
6.734363409805407	0.047863009232264	1.6522295820760844
7.706935445758021	0.047863009232264	1.4311713062760678
8.819965652373028	0.047863009232264	1.32597062056403
10.093738900052346	0.047863009232264	0.9903415199298801
11.551469585940843	0.047863009232264	0.47223810128911975
13.219724714121972	0.047863009232264	0.12896482805802303
15.128908076758211	0.047863009232264	0.03018493611033613
17.313814360331925	0.047863009232264	0.007429556150285818
19.814263275520517	0.047863009232264	0.0024602940287975074
22.675825267662994	0.047863009232264	0.0006748775516774534
25.950652033822625	0.047863009232264	0.00016617058031488376
29.698426982540767	0.047863009232264	0.00004491088276082906
33.98745295832107	0.047863009232264	0.000014859482189558792
38.895897054520105	0.047863009232264	4.234824556007503e-6
44.51321520124173	0.047863009232264	1.1225118997983863e-6
50.941782491215115	0.047863009232264	2.2283599777312889e-7
58.29875895619149	0.047863009232264	4.230937473641101e-8
66.71822479745835	0.047863009232264	6.021172739010097e-9
76.35362398484546	0.047863009232264	5.069704094643085e-10
87.38056075858388	0.047863009232264	1.8083540463818227e-11
100.00000000000031	0.047863009232264	2.3972302137346136e-13
111.55639876771902	0.047863009232264	4.734817225278034e-15
138.21730389017998	0.047863009232264	2.893657837317839e-20
171.24990861750976	0.047863009232264	0
212.17698780180757	0.047863009232264	0
262.885244821937	0.047863009232264	0
325.7122869971341	0.047863009232264	0
403.5543872869759	0.047863009232264	0
499.9999999999984	0.047863009232264	0
1000	0.047863009232264	0
2000	0.047863009232264	0
1.	0.05495408738576265	0.5019840848278154
1.9999999999999998	0.05495408738576265	0.5792122473892609
2.288838595949997	0.05495408738576265	0.642981016093375
2.6193910591551774	0.05495408738576265	0.7415129918741445
2.9976816770403563	0.05495408738576265	0.9349676549288678
3.4306047603910415	0.05495408738576265	1.2210744392230497
3.926050291516404	0.05495408738576265	1.6181207725551439
4.493047718431742	0.05495408738576265	2.039788517372788
5.141930515695824	0.05495408738576265	2.2811496632982293
5.884524511008838	0.05495408738576265	2.177208195141492
6.734363409805407	0.05495408738576265	1.926508505568571
7.706935445758021	0.05495408738576265	1.6394209738861703
8.819965652373028	0.05495408738576265	1.4869903089735577
10.093738900052346	0.05495408738576265	1.255864592904493
11.551469585940843	0.05495408738576265	0.6962032783531276
13.219724714121972	0.05495408738576265	0.21095971515188133
15.128908076758211	0.05495408738576265	0.045722044121933376
17.313814360331925	0.05495408738576265	0.011031248976664906
19.814263275520517	0.05495408738576265	0.0032625726726578583
22.675825267662994	0.05495408738576265	0.0009179738654264829
25.950652033822625	0.05495408738576265	0.00023012290693885583
29.698426982540767	0.05495408738576265	0.000058325878884535266
33.98745295832107	0.05495408738576265	0.000018996544735282817
38.895897054520105	0.05495408738576265	5.40253855816917e-6
44.51321520124173	0.05495408738576265	1.4362717164264402e-6
50.941782491215115	0.05495408738576265	2.83415410550364e-7
58.29875895619149	0.05495408738576265	5.374288289160253e-8
66.71822479745835	0.05495408738576265	7.672119477648355e-9
76.35362398484546	0.05495408738576265	6.553577846903731e-10
87.38056075858388	0.05495408738576265	2.393108913923479e-11
100.00000000000031	0.05495408738576265	3.2384356198939404e-13
111.55639876771902	0.05495408738576265	6.47426272031283e-15
138.21730389017998	0.05495408738576265	4.199321362986526e-20
171.24990861750976	0.05495408738576265	0
212.17698780180757	0.05495408738576265	0
262.885244821937	0.05495408738576265	0
325.7122869971341	0.05495408738576265	0
403.5543872869759	0.05495408738576265	0
499.9999999999984	0.05495408738576265	0
1000	0.05495408738576265	0
2000	0.05495408738576265	0
1.	0.06309573444801955	0.44368068299965363
1.9999999999999998	0.06309573444801955	0.4824287204034982
2.288838595949997	0.06309573444801955	0.5157025135348006
2.6193910591551774	0.06309573444801955	0.5769278866429814
2.9976816770403563	0.06309573444801955	0.6880931716106492
3.4306047603910415	0.06309573444801955	0.8890692979573903
3.926050291516404	0.06309573444801955	1.2239289143797518
4.493047718431742	0.06309573444801955	1.7083264072515003
5.141930515695824	0.06309573444801955	2.2016088417575688
5.884524511008838	0.06309573444801955	2.4050388999872734
6.734363409805407	0.06309573444801955	2.2032199257729252
7.706935445758021	0.06309573444801955	1.8959925073652928
8.819965652373028	0.06309573444801955	1.660701658378221
10.093738900052346	0.06309573444801955	1.5098868915455275
11.551469585940843	0.06309573444801955	0.9908820855681972
13.219724714121972	0.06309573444801955	0.34944225648956273
15.128908076758211	0.06309573444801955	0.07253977988806906
17.313814360331925	0.06309573444801955	0.01700666445064326
19.814263275520517	0.06309573444801955	0.004419281335266502
22.675825267662994	0.06309573444801955	0.001226263508332405
25.950652033822625	0.06309573444801955	0.0003155729628180791
29.698426982540767	0.06309573444801955	0.00007504652530093784
33.98745295832107	0.06309573444801955	0.000023786058580075665
38.895897054520105	0.06309573444801955	6.776347624986412e-6
44.51321520124173	0.06309573444801955	1.7959481660852308e-6
50.941782491215115	0.06309573444801955	3.5539358026827987e-7
58.29875895619149	0.06309573444801955	6.678203001770255e-8
66.71822479745835	0.06309573444801955	9.55374657511365e-9
76.35362398484546	0.06309573444801955	8.311598595797632e-10
87.38056075858388	0.06309573444801955	3.1126243719074403e-11
100.00000000000031	0.06309573444801955	4.2968421785617607e-13
111.55639876771902	0.06309573444801955	8.746214712971173e-15
138.21730389017998	0.06309573444801955	6.038599298132807e-20
171.24990861750976	0.06309573444801955	0
212.17698780180757	0.06309573444801955	0
262.885244821937	0.06309573444801955	0
325.7122869971341	0.06309573444801955	0
403.5543872869759	0.06309573444801955	0
499.9999999999984	0.06309573444801955	0
1000	0.06309573444801955	0
2000	0.06309573444801955	0
1.	0.07244359600749928	0.3576590367401124
1.9999999999999998	0.07244359600749928	0.4065570324050337
2.288838595949997	0.07244359600749928	0.42758593541298545
2.6193910591551774	0.07244359600749928	0.4617072219366373
2.9976816770403563	0.07244359600749928	0.5233985203130787
3.4306047603910415	0.07244359600749928	0.6395582414646919
3.926050291516404	0.07244359600749928	0.8617513606401561
4.493047718431742	0.07244359600749928	1.2623285785852396
5.141930515695824	0.07244359600749928	1.8489705313621194
5.884524511008838	0.07244359600749928	2.397240418050139
6.734363409805407	0.07244359600749928	2.475368869250994
7.706935445758021	0.07244359600749928	2.1860012311519
8.819965652373028	0.07244359600749928	1.8613211825533025
10.093738900052346	0.07244359600749928	1.7110697984061325
11.551469585940843	0.07244359600749928	1.33199776325732
13.219724714121972	0.07244359600749928	0.5776460144443906
15.128908076758211	0.07244359600749928	0.12278862435705959
17.313814360331925	0.07244359600749928	0.026976776263830084
19.814263275520517	0.07244359600749928	0.006173054798480329
22.675825267662994	0.07244359600749928	0.0016879702015808724
25.950652033822625	0.07244359600749928	0.0004484081360568812
29.698426982540767	0.07244359600749928	0.00010076980288161298
33.98745295832107	0.07244359600749928	0.00003061770618069628
38.895897054520105	0.07244359600749928	8.756902991860416e-6
44.51321520124173	0.07244359600749928	2.300553173759608e-6
50.941782491215115	0.07244359600749928	4.6237583278472e-7
58.29875895619149	0.07244359600749928	8.535620456472559e-8
66.71822479745835	0.07244359600749928	1.2228908186708469e-8
76.35362398484546	0.07244359600749928	1.0863259376110346e-9
87.38056075858388	0.07244359600749928	4.1737374682808495e-11
100.00000000000031	0.07244359600749928	5.892910408902644e-13
111.55639876771902	0.07244359600749928	1.2281702073633418e-14
138.21730389017998	0.07244359600749928	9.008670917069593e-20
171.24990861750976	0.07244359600749928	0
212.17698780180757	0.07244359600749928	0
262.885244821937	0.07244359600749928	0
325.7122869971341	0.07244359600749928	0
403.5543872869759	0.07244359600749928	0
499.9999999999984	0.07244359600749928	0
1000	0.07244359600749928	0
2000	0.07244359600749928	0
1.	0.08317637711026743	0.272005182673408
1.9999999999999998	0.08317637711026743	0.3384621452255086
2.288838595949997	0.08317637711026743	0.35459607723766934
2.6193910591551774	0.08317637711026743	0.3796392786565702
2.9976816770403563	0.08317637711026743	0.4166524780853069
3.4306047603910415	0.08317637711026743	0.4813005623897241
3.926050291516404	0.08317637711026743	0.6087816699281446
4.493047718431742	0.08317637711026743	0.8624508320662847
5.141930515695824	0.08317637711026743	1.3489315578337124
5.884524511008838	0.08317637711026743	2.056543506703171
6.734363409805407	0.08317637711026743	2.5802894601763704
7.706935445758021	0.08317637711026743	2.4901397735057214
8.819965652373028	0.08317637711026743	2.1494707161626727
10.093738900052346	0.08317637711026743	1.8625544521867916
11.551469585940843	0.08317637711026743	1.6667633710200196
13.219724714121972	0.08317637711026743	0.9096833475467674
15.128908076758211	0.08317637711026743	0.218731147509599
17.313814360331925	0.08317637711026743	0.04347076761279446
19.814263275520517	0.08317637711026743	0.009132108026867515
22.675825267662994	0.08317637711026743	0.0023405386421864803
25.950652033822625	0.08317637711026743	0.0006451193272584445
29.698426982540767	0.08317637711026743	0.00013901817862289426
33.98745295832107	0.08317637711026743	0.00003979006751793945
38.895897054520105	0.08317637711026743	0.000011410916649517229
44.51321520124173	0.08317637711026743	2.9649425697209147e-6
50.941782491215115	0.08317637711026743	6.119881231174661e-7
58.29875895619149	0.08317637711026743	1.1024870078034804e-7
66.71822479745835	0.08317637711026743	1.5841293580880402e-8
76.35362398484546	0.08317637711026743	1.4369142400071551e-9
87.38056075858388	0.08317637711026743	5.6671023534940286e-11
100.00000000000031	0.08317637711026743	8.219649252430814e-13
111.55639876771902	0.08317637711026743	1.7576356227257504e-14
138.21730389017998	0.08317637711026743	1.3651971029512663e-19
171.24990861750976	0.08317637711026743	0
212.17698780180757	0.08317637711026743	0
262.885244821937	0.08317637711026743	0
325.7122869971341	0.08317637711026743	0
403.5543872869759	0.08317637711026743	0
499.9999999999984	0.08317637711026743	0
1000	0.08317637711026743	0
2000	0.08317637711026743	0
1.	0.09549925860214398	0.19070427312459667
1.9999999999999998	0.09549925860214398	0.25502528030032806
2.288838595949997	0.09549925860214398	0.278683140022702
2.6193910591551774	0.09549925860214398	0.30618034889051426
2.9976816770403563	0.09549925860214398	0.3426504140345625
3.4306047603910415	0.09549925860214398	0.38535599694023287
3.926050291516404	0.09549925860214398	0.4555685845457303
4.493047718431742	0.09549925860214398	0.5914033639732645
5.141930515695824	0.09549925860214398	0.8882219616511579
5.884524511008838	0.09549925860214398	1.4842763468736748
6.734363409805407	0.09549925860214398	2.3177922761198437
7.706935445758021	0.09549925860214398	2.7154773807557984
8.819965652373028	0.09549925860214398	2.4357701307778563
10.093738900052346	0.09549925860214398	2.0261665866210707
11.551469585940843	0.09549925860214398	1.9188513921443229
13.219724714121972	0.09549925860214398	1.3259766115957416
15.128908076758211	0.09549925860214398	0.3997521785388901
17.313814360331925	0.09549925860214398	0.07152637815606129
19.814263275520517	0.09549925860214398	0.01448531978820437
22.675825267662994	0.09549925860214398	0.0032475777293174213
25.950652033822625	0.09549925860214398	0.0009351915724097914
29.698426982540767	0.09549925860214398	0.00019718136393409623
33.98745295832107	0.09549925860214398	0.000052208399279986494
38.895897054520105	0.09549925860214398	0.000014941724899250191
44.51321520124173	0.09549925860214398	3.841634326547633e-6
50.941782491215115	0.09549925860214398	8.181071997705158e-7
58.29875895619149	0.09549925860214398	1.4363088600931546e-7
66.71822479745835	0.09549925860214398	2.075599741671709e-8
76.35362398484546	0.09549925860214398	1.918796915465833e-9
87.38056075858388	0.09549925860214398	7.779823818402037e-11
100.00000000000031	0.09549925860214398	1.1638937151584282e-12
111.55639876771902	0.09549925860214398	2.5481480549845808e-14
138.21730389017998	0.09549925860214398	2.102814015274109e-19
171.24990861750976	0.09549925860214398	0
212.17698780180757	0.09549925860214398	0
262.885244821937	0.09549925860214398	0
325.7122869971341	0.09549925860214398	0
403.5543872869759	0.09549925860214398	0
499.9999999999984	0.09549925860214398	0
1000	0.09549925860214398	0
2000	0.09549925860214398	0
1.	0.10964781961431896	0.13620369484829006
1.9999999999999998	0.10964781961431896	0.18375790861540042
2.288838595949997	0.10964781961431896	0.20599081870851257
2.6193910591551774	0.10964781961431896	0.23367901986496664
2.9976816770403563	0.10964781961431896	0.2677941153633693
3.4306047603910415	0.10964781961431896	0.3093534711012262
3.926050291516404	0.10964781961431896	0.36161223524913644
4.493047718431742	0.10964781961431896	0.43428771068564753
5.141930515695824	0.10964781961431896	0.5869300902198116
5.884524511008838	0.10964781961431896	0.9454007798880114
6.734363409805407	0.10964781961431896	1.6819312657800853
7.706935445758021	0.10964781961431896	2.5829374706668236
8.819965652373028	0.10964781961431896	2.7085960307923838
10.093738900052346	0.10964781961431896	2.2498313656996025
11.551469585940843	0.10964781961431896	2.0331330642010683
13.219724714121972	0.10964781961431896	1.7337116156860666
15.128908076758211	0.10964781961431896	0.7150918004287989
17.313814360331925	0.10964781961431896	0.1255927292026923
19.814263275520517	0.10964781961431896	0.02434436136168192
22.675825267662994	0.10964781961431896	0.004593228450691008
25.950652033822625	0.10964781961431896	0.0013872519959481423
29.698426982540767	0.10964781961431896	0.0002925882066711617
33.98745295832107	0.10964781961431896	0.00007049093612779702
38.895897054520105	0.10964781961431896	0.00002000099834119903
44.51321520124173	0.10964781961431896	5.0756549829003095e-6
50.941782491215115	0.10964781961431896	1.1135433838135454e-6
58.29875895619149	0.10964781961431896	1.917419318647123e-7
66.71822479745835	0.10964781961431896	2.786008601524334e-8
76.35362398484546	0.10964781961431896	2.6213894537807316e-9
87.38056075858388	0.10964781961431896	1.0924878783357376e-10
100.00000000000031	0.10964781961431896	1.6961869926546282e-12
111.55639876771902	0.10964781961431896	3.790020793307151e-14
138.21730389017998	0.10964781961431896	3.36895754351752e-19
171.24990861750976	0.10964781961431896	0
212.17698780180757	0.10964781961431896	0
262.885244821937	0.10964781961431896	0
325.7122869971341	0.10964781961431896	0
403.5543872869759	0.10964781961431896	0
499.9999999999984	0.10964781961431896	0
1000	0.10964781961431896	0
2000	0.10964781961431896	0