1.	0.001	0.0475574
1.9999999999999998	0.001	0.0639015
2.288838595949997	0.001	0.06879247622486995
2.6193910591551774	0.001	0.07284441671090348
2.9976816770403563	0.001	0.07881291394641202
3.4306047603910415	0.001	0.08241310090317239
3.926050291516404	0.001	0.0825070963670475
4.493047718431742	0.001	0.07544102843349111
5.141930515695824	0.001	0.05933528670902158
5.884524511008838	0.001	0.04019653663918009
6.734363409805407	0.001	0.028259880757658007
7.706935445758021	0.001	0.022771425700669458
8.819965652373028	0.001	0.015221229491975203
10.093738900052346	0.001	0.00640720560468787
11.551469585940843	0.001	0.0017456472586450122
13.219724714121972	0.001	0.0005094058061201661
15.128908076758211	0.001	0.00018542669367169082
17.313814360331925	0.001	0.0001025598319981868
19.814263275520517	0.001	0.00007330702964042714
22.675825267662994	0.001	0.00004841799408656241
25.950652033822625	0.001	0.00002173049089014579
29.698426982540767	0.001	0.000010913862229916058
33.98745295832107	0.001	4.910095848808573e-6
38.895897054520105	0.001	1.908091801433035e-6
44.51321520124173	0.001	6.62294788830066e-7
50.941782491215115	0.001	2.452692798058349e-7
58.29875895619149	0.001	9.263764593972932e-8
66.71822479745835	0.001	3.328383792832415e-8
76.35362398484546	0.001	1.1182021697682641e-8
87.38056075858388	0.001	3.754972595611481e-9
100.00000000000031	0.001	1.3509608158989767e-9
111.55639876771902	0.001	6.082816266275453e-10
138.21730389017998	0.001	1.1087393671385899e-10
171.24990861750976	0.001	1.785625030554164e-11
212.17698780180757	0.001	3.2829121776528513e-12
262.885244821937	0.001	4.756254079723675e-13
325.7122869971341	0.001	2.561041112705483e-14
403.5543872869759	0.001	3.7727309089822794e-16
499.9999999999984	0.001	3.0105910424766222e-19
1.	0.0011481536214968829	0.05357284057011209
1.9999999999999998	0.0011481536214968829	0.07251790512945193
2.288838595949997	0.0011481536214968829	0.07819839689172471
2.6193910591551774	0.0011481536214968829	0.08414956110901689
2.9976816770403563	0.0011481536214968829	0.08983778221947929
3.4306047603910415	0.0011481536214968829	0.09411888621553374
3.926050291516404	0.0011481536214968829	0.09446408613224218
4.493047718431742	0.0011481536214968829	0.0866831059445217
5.141930515695824	0.0011481536214968829	0.06845410978602198
5.884524511008838	0.0011481536214968829	0.046431781059414645
6.734363409805407	0.0011481536214968829	0.03253128245635329
7.706935445758021	0.0011481536214968829	0.026191013956141467
8.819965652373028	0.0011481536214968829	0.017575091972188726
10.093738900052346	0.0011481536214968829	0.007427311175502596
11.551469585940843	0.0011481536214968829	0.0020227796176810345
13.219724714121972	0.0011481536214968829	0.0005893560999331326
15.128908076758211	0.0011481536214968829	0.0002138293497934641
17.313814360331925	0.0011481536214968829	0.0001178291818327441
19.814263275520517	0.0011481536214968829	0.0000842412624398479
22.675825267662994	0.0011481536214968829	0.00005572584104691271
25.950652033822625	0.0011481536214968829	0.00002499712992640652
29.698426982540767	0.0011481536214968829	0.000012552596756932485
33.98745295832107	0.0011481536214968829	5.64635380966054e-6
38.895897054520105	0.0011481536214968829	2.1938391280619547e-6
44.51321520124173	0.0011481536214968829	7.621561403095453e-7
50.941782491215115	0.0011481536214968829	2.8221134553263596e-7
58.29875895619149	0.0011481536214968829	1.0654295973444731e-7
66.71822479745835	0.0011481536214968829	3.8267280177952356e-8
76.35362398484546	0.0011481536214968829	1.285729497642097e-8
87.38056075858388	0.0011481536214968829	4.316893413089956e-9
100.00000000000031	0.0011481536214968829	1.5532290712547592e-9
111.55639876771902	0.0011481536214968829	6.993132914459443e-10
138.21730389017998	0.0011481536214968829	1.274652591132914e-10
171.24990861750976	0.0011481536214968829	2.0527837095464146e-11
212.17698780180757	0.0011481536214968829	3.773976649973032e-12
262.885244821937	0.0011481536214968829	5.467728412609493e-13
325.7122869971341	0.0011481536214968829	2.9441974565349004e-14
403.5543872869759	0.0011481536214968829	4.337307129641375e-16
499.9999999999984	0.0011481536214968829	3.4613057706415667e-19
1.	0.0013182567385564075	0.060175473405526446
1.9999999999999998	0.0013182567385564075	0.08215291526474876
2.288838595949997	0.0013182567385564075	0.08874346577901149
2.6193910591551774	0.0013182567385564075	0.0956658978093706
2.9976816770403563	0.0013182567385564075	0.10231478049969474
3.4306047603910415	0.0013182567385564075	0.10740675180896567
3.926050291516404	0.0013182567385564075	0.10809173433776956
4.493047718431742	0.0013182567385564075	0.09958278690974959
5.141930515695824	0.0013182567385564075	0.07902617971367
5.884524511008838	0.0013182567385564075	0.05370487425942253
6.734363409805407	0.0013182567385564075	0.03744838013160667
7.706935445758021	0.0013182567385564075	0.030149058291562787
8.819965652373028	0.0013182567385564075	0.020314285896417913
10.093738900052346	0.0013182567385564075	0.008620209669012382
11.551469585940843	0.0013182567385564075	0.00234490475195206
13.219724714121972	0.0013182567385564075	0.0006814686087927784
15.128908076758211	0.0013182567385564075	0.00024692795322306805
17.313814360331925	0.0013182567385564075	0.00013543044113948345
19.814263275520517	0.0013182567385564075	0.00009688242378889495
22.675825267662994	0.0013182567385564075	0.00006409316685270403
25.950652033822625	0.0013182567385564075	0.000028747545798368853
29.698426982540767	0.0013182567385564075	0.000014441013802297097
33.98745295832107	0.0013182567385564075	6.494770886965207e-6
38.895897054520105	0.0013182567385564075	2.5252760272579285e-6
44.51321520124173	0.0013182567385564075	8.781788489822347e-7
50.941782491215115	0.0013182567385564075	3.251201881965602e-7
58.29875895619149	0.0013182567385564075	1.226804136862088e-7
66.71822479745835	0.0013182567385564075	4.404692519574251e-8
76.35362398484546	0.0013182567385564075	1.4800334347931843e-8
87.38056075858388	0.0013182567385564075	4.968489284742181e-9
100.00000000000031	0.0013182567385564075	1.7877902532520883e-9
111.55639876771902	0.0013182567385564075	8.048663877236277e-10
138.21730389017998	0.0013182567385564075	1.4670282546061957e-10
171.24990861750976	0.0013182567385564075	2.362537304137761e-11
212.17698780180757	0.0013182567385564075	4.343316258970955e-12
262.885244821937	0.0013182567385564075	6.292596716752283e-13
325.7122869971341	0.0013182567385564075	3.3884488466580646e-14
403.5543872869759	0.0013182567385564075	4.991948698660928e-16
499.9999999999984	0.0013182567385564075	3.9840013647448884e-19
1.	0.0015135612484362087	0.06737914331278617
1.9999999999999998	0.0015135612484362087	0.09289626618426669
2.288838595949997	0.0015135612484362087	0.10055303596390959
2.6193910591551774	0.0015135612484362087	0.10860110244633277
2.9976816770403563	0.0015135612484362087	0.11638411162763664
3.4306047603910415	0.0015135612484362087	0.12245510561950088
3.926050291516404	0.0015135612484362087	0.12361109348710338
4.493047718431742	0.0015135612484362087	0.11440513170143234
5.141930515695824	0.0015135612484362087	0.09125825891797976
5.884524511008838	0.0015135612484362087	0.06217955419660059
6.734363409805407	0.0015135612484362087	0.04319250697594142
7.706935445758021	0.0015135612484362087	0.03469806907132255
8.819965652373028	0.0015135612484362087	0.023503564340415093
10.093738900052346	0.0015135612484362087	0.010022414502508728
11.551469585940843	0.0015135612484362087	0.002724674738929554
13.219724714121972	0.0015135612484362087	0.0007882841762966717
15.128908076758211	0.0015135612484362087	0.0002850677695239913
17.313814360331925	0.0015135612484362087	0.000155839874961456
19.814263275520517	0.0015135612484362087	0.00011144774492529336
22.675825267662994	0.0015135612484362087	0.00007380974779577559
25.950652033822625	0.0015135612484362087	0.0000330788243846428
29.698426982540767	0.0015135612484362087	0.000016620056445826054
33.98745295832107	0.0015135612484362087	7.473386584974724e-6
38.895897054520105	0.0015135612484362087	2.9056751801716874e-6
44.51321520124173	0.0015135612484362087	1.0116150000622023e-6
50.941782491215115	0.0015135612484362087	3.7445120602801027e-7
58.29875895619149	0.0015135612484362087	1.4121315222595647e-7
66.71822479745835	0.0015135612484362087	5.067968402017098e-8
76.35362398484546	0.0015135612484362087	1.7030490486199004e-8
87.38056075858388	0.0015135612484362087	5.71612861303635e-9
100.00000000000031	0.0015135612484362087	2.056946868315895e-9
111.55639876771902	0.0015135612484362087	9.259707285356643e-10
138.21730389017998	0.0015135612484362087	1.687747163248661e-10
171.24990861750976	0.0015135612484362087	2.717901522756426e-11
212.17698780180757	0.0015135612484362087	4.99643921672042e-12
262.885244821937	0.0015135612484362087	7.238888438953194e-13
325.7122869971341	0.0015135612484362087	3.898115936810884e-14
403.5543872869759	0.0015135612484362087	5.743040967218681e-16
499.9999999999984	0.0015135612484362087	4.583779663584087e-19
1.	0.0017378008287493763	0.07515882681380526
1.9999999999999998	0.0017378008287493763	0.10478404221967226
2.288838595949997	0.0017378008287493763	0.11369800349504319
2.6193910591551774	0.0017378008287493763	0.12308807749400347
2.9976816770403563	0.0017378008287493763	0.1322100849704868
3.4306047603910415	0.0017378008287493763	0.13943107905884947
3.926050291516404	0.0017378008287493763	0.1412530593198968
4.493047718431742	0.0017378008287493763	0.1314071024051271
5.141930515695824	0.0017378008287493763	0.10546802993783105
5.884524511008838	0.0017378008287493763	0.07205511909380574
6.734363409805407	0.0017378008287493763	0.04979469017750831
7.706935445758021	0.0017378008287493763	0.03995986555175262
8.819965652373028	0.0017378008287493763	0.02720606371148184
10.093738900052346	0.0017378008287493763	0.011682979061436626
11.551469585940843	0.0017378008287493763	0.0031699793138589144
13.219724714121972	0.0017378008287493763	0.0009122879258712941
15.128908076758211	0.0017378008287493763	0.00032947461077390667
17.313814360331925	0.0017378008287493763	0.00017917379406922932
19.814263275520517	0.0017378008287493763	0.00012813981150866153
22.675825267662994	0.0017378008287493763	0.00008495747962216145
25.950652033822625	0.0017378008287493763	0.00003807250526586853
29.698426982540767	0.0017378008287493763	0.000019132543070093624
33.98745295832107	0.0017378008287493763	8.598709724690894e-6
38.895897054520105	0.0017378008287493763	3.34379478844737e-6
44.51321520124173	0.0017378008287493763	1.1656325976267416e-6
50.941782491215115	0.0017378008287493763	4.313704358474532e-7
58.29875895619149	0.0017378008287493763	1.6257208798210808e-7
66.71822479745835	0.0017378008287493763	5.8317726375688294e-8
76.35362398484546	0.0017378008287493763	1.9598975186560493e-8
87.38056075858388	0.0017378008287493763	6.576885252689064e-9
100.00000000000031	0.0017378008287493763	2.366864078889595e-9
111.55639876771902	0.0017378008287493763	1.065393061488218e-9
138.21730389017998	0.0017378008287493763	1.9418375758381998e-10
171.24990861750976	0.0017378008287493763	3.126972439367395e-11
212.17698780180757	0.0017378008287493763	5.748205724982495e-12
262.885244821937	0.0017378008287493763	8.328089171730458e-13
325.7122869971341	0.0017378008287493763	4.48480134148188e-14
403.5543872869759	0.0017378008287493763	6.607716845808718e-16
499.9999999999984	0.0017378008287493763	5.274371983225517e-19
1.	0.0019952623149688807	0.08348886888757233
1.9999999999999998	0.0019952623149688807	0.11790011216568883
2.288838595949997	0.0019952623149688807	0.12824507548917616
2.6193910591551774	0.0019952623149688807	0.13922816983912045
2.9976816770403563	0.0019952623149688807	0.14991718808815033
3.4306047603910415	0.0019952623149688807	0.1585531941495133
3.926050291516404	0.0019952623149688807	0.1612541721290099
4.493047718431742	0.0019952623149688807	0.15091221629732451
5.141930515695824	0.0019952623149688807	0.12197712356250251
5.884524511008838	0.0019952623149688807	0.08362856699750432
6.734363409805407	0.0019952623149688807	0.05745502987113078
7.706935445758021	0.0019952623149688807	0.04601730823867177
8.819965652373028	0.0019952623149688807	0.031522296518215503
10.093738900052346	0.0019952623149688807	0.013619553325341652
11.551469585940843	0.0019952623149688807	0.003697771902996158
13.219724714121972	0.0019952623149688807	0.0010584025753760877
15.128908076758211	0.0019952623149688807	0.00038116282561399773
17.313814360331925	0.0019952623149688807	0.00020625190836555743
19.814263275520517	0.0019952623149688807	0.00014739003936747863
22.675825267662994	0.0019952623149688807	0.00009781069953942878
25.950652033822625	0.0019952623149688807	0.00004383374273217787
29.698426982540767	0.0019952623149688807	0.000022033849896770772
33.98745295832107	0.0019952623149688807	9.900554847120924e-6
38.895897054520105	0.0019952623149688807	3.85175821911475e-6
44.51321520124173	0.0019952623149688807	1.3446458442537097e-6
50.941782491215115	0.0019952623149688807	4.974966020546811e-7
58.29875895619149	0.0019952623149688807	1.8735380318578678e-7
66.71822479745835	0.0019952623149688807	6.717187953792804e-8
76.35362398484546	0.0019952623149688807	2.2576706761846797e-8
87.38056075858388	0.0019952623149688807	7.574422614419036e-9
100.00000000000031	0.0019952623149688807	2.72606232451098e-9
111.55639876771902	0.0019952623149688807	1.2269595565166214e-9
138.21730389017998	0.0019952623149688807	2.2362724766326017e-10
171.24990861750976	0.0019952623149688807	3.6009632738467496e-11
212.17698780180757	0.0019952623149688807	6.619204378644062e-12
262.885244821937	0.0019952623149688807	9.590052863742042e-13
325.7122869971341	0.0019952623149688807	5.164594196295463e-14
403.5543872869759	0.0019952623149688807	7.609667051496747e-16
499.9999999999984	0.0019952623149688807	6.074777513068843e-19
1.	0.0022908676527677745	0.09228533015235278
1.9999999999999998	0.0022908676527677745	0.1322228862710762
2.288838595949997	0.0022908676527677745	0.14430581373548979
2.6193910591551774	0.0022908676527677745	0.15709389332986184
2.9976816770403563	0.0022908676527677745	0.16966288337420873
3.4306047603910415	0.0022908676527677745	0.18003086675723398
3.926050291516404	0.0022908676527677745	0.18391281458202394
4.493047718431742	0.0022908676527677745	0.17321786591957655
5.141930515695824	0.0022908676527677745	0.1411558171564039
5.884524511008838	0.0022908676527677745	0.0971549292911395
6.734363409805407	0.0022908676527677745	0.06638988210720365
7.706935445758021	0.0022908676527677745	0.05299950726125782
8.819965652373028	0.0022908676527677745	0.036617123536498736
10.093738900052346	0.0022908676527677745	0.015929671925214724
11.551469585940843	0.0022908676527677745	0.004322887200284368
13.219724714121972	0.0022908676527677745	0.0012297884342569276
15.128908076758211	0.0022908676527677745	0.00044145876806656764
17.313814360331925	0.0022908676527677745	0.000237717359622255
19.814263275520517	0.0022908676527677745	0.00016971782142869273
22.675825267662994	0.0022908676527677745	0.00011262440296934631
25.950652033822625	0.0022908676527677745	0.00005049115719990496
29.698426982540767	0.0022908676527677745	0.000025382985460755738
33.98745295832107	0.0022908676527677745	0.000011403541391183561
38.895897054520105	0.0022908676527677745	4.437789526652196e-6
44.51321520124173	0.0022908676527677745	1.5517357062582322e-6
50.941782491215115	0.0022908676527677745	5.739544560260537e-7
58.29875895619149	0.0022908676527677745	2.1596439487208581e-7
66.71822479745835	0.0022908676527677745	7.738485600364748e-8
76.35362398484546	0.0022908676527677745	2.6011558064967516e-8
87.38056075858388	0.0022908676527677745	8.72469622586501e-9
100.00000000000031	0.0022908676527677745	3.1402790251164666e-9
111.55639876771902	0.0022908676527677745	1.413228871136315e-9
138.21730389017998	0.0022908676527677745	2.5757168221589403e-10
171.24990861750976	0.0022908676527677745	4.147366514070412e-11
212.17698780180757	0.0022908676527677745	7.623181465985171e-12
262.885244821937	0.0022908676527677745	1.1044695511911849e-12
325.7122869971341	0.0022908676527677745	5.948221982553097e-14
403.5543872869759	0.0022908676527677745	8.76484934102938e-16
499.9999999999984	0.0022908676527677745	6.99773647858417e-19
1.	0.0026302679918953843	0.10144494580602521
1.9999999999999998	0.0026302679918953843	0.14777190800230208
2.288838595949997	0.0026302679918953843	0.1618418278518034
2.6193910591551774	0.0026302679918953843	0.17683092454359772
2.9976816770403563	0.0026302679918953843	0.19158891851218096
3.4306047603910415	0.0026302679918953843	0.20404190953180915
3.926050291516404	0.0026302679918953843	0.20941184362900006
4.493047718431742	0.0026302679918953843	0.19870889224727672
5.141930515695824	0.0026302679918953843	0.1634798329540877
5.884524511008838	0.0026302679918953843	0.11313371271292896
6.734363409805407	0.0026302679918953843	0.07682188332041637
7.706935445758021	0.0026302679918953843	0.06114652519986543
8.819965652373028	0.0026302679918953843	0.042575137290748355
10.093738900052346	0.0026302679918953843	0.018683220392519573
11.551469585940843	0.0026302679918953843	0.005068429647829204
13.219724714121972	0.0026302679918953843	0.0014293069510234666
15.128908076758211	0.0026302679918953843	0.0005124606974976094
17.313814360331925	0.0026302679918953843	0.0002737543380488959
19.814263275520517	0.0026302679918953843	0.00019561999431859614
22.675825267662994	0.0026302679918953843	0.00012983334536333276
25.950652033822625	0.0026302679918953843	0.00005818520390375915
29.698426982540767	0.0026302679918953843	0.000029259175652043473
33.98745295832107	0.0026302679918953843	0.000013138866539074843
38.895897054520105	0.0026302679918953843	5.118630784477858e-6
44.51321520124173	0.0026302679918953843	1.793057283700825e-6
50.941782491215115	0.0026302679918953843	6.62998910463419e-7
58.29875895619149	0.0026302679918953843	2.4923062460458777e-7
66.71822479745835	0.0026302679918953843	8.924687652894243e-8
76.35362398484546	0.0026302679918953843	3.000132219733826e-8
87.38056075858388	0.0026302679918953843	1.0060140393638492e-8
100.00000000000031	0.0026302679918953843	3.6212499022323326e-9
111.55639876771902	0.0026302679918953843	1.6294658789241536e-9
138.21730389017998	0.0026302679918953843	2.9697653367294413e-10
171.24990861750976	0.0026302679918953843	4.781597759659141e-11
212.17698780180757	0.0026302679918953843	8.78837581032451e-12
262.885244821937	0.0026302679918953843	1.2732944320342953e-12
325.7122869971341	0.0026302679918953843	6.85779996881396e-14
403.5543872869759	0.0026302679918953843	1.0105856967232107e-15
499.9999999999984	0.0026302679918953843	8.069486640762663e-19
1.	0.003019951720402019	0.11083903619450226
1.9999999999999998	0.003019951720402019	0.164482067963224
2.288838595949997	0.003019951720402019	0.18089599872591133
2.6193910591551774	0.003019951720402019	0.19839913857424557
2.9976816770403563	0.003019951720402019	0.21578515969740933
3.4306047603910415	0.003019951720402019	0.230699184792698
3.926050291516404	0.003019951720402019	0.23810011824871163
4.493047718431742	0.003019951720402019	0.22785116858144536
5.141930515695824	0.003019951720402019	0.1894250763857157
5.884524511008838	0.003019951720402019	0.13197585792941596
6.734363409805407	0.003019951720402019	0.08899749007645438
7.706935445758021	0.003019951720402019	0.0704654283543353
8.819965652373028	0.003019951720402019	0.049558313215194875
10.093738900052346	0.003019951720402019	0.021973087996562807
11.551469585940843	0.003019951720402019	0.005961728189111635
13.219724714121972	0.003019951720402019	0.0016671971953849197
15.128908076758211	0.003019951720402019	0.000595386342473692
17.313814360331925	0.003019951720402019	0.0003159806685228776
19.814263275520517	0.003019951720402019	0.0002253914631980105
22.675825267662994	0.003019951720402019	0.000149678451189825
25.950652033822625	0.003019951720402019	0.00006708004940672775
29.698426982540767	0.003019951720402019	0.000033744902975951485
33.98745295832107	0.003019951720402019	0.000015148312897003746
38.895897054520105	0.003019951720402019	5.894409047381263e-6
44.51321520124173	0.003019951720402019	2.0690134123470696e-6
50.941782491215115	0.003019951720402019	7.647433303742595e-7
58.29875895619149	0.003019951720402019	2.871685759442097e-7
66.71822479745835	0.003019951720402019	1.0275854470162121e-7
76.35362398484546	0.003019951720402019	3.454602679937368e-8
87.38056075858388	0.003019951720402019	1.158058198846913e-8
100.00000000000031	0.003019951720402019	4.168878885281244e-9
111.55639876771902	0.003019951720402019	1.8756051556350534e-9
138.21730389017998	0.003019951720402019	3.418269367635959e-10
171.24990861750976	0.003019951720402019	5.5033976634294673e-11
212.17698780180757	0.003019951720402019	1.0114230270740057e-11
262.885244821937	0.003019951720402019	1.4654094086399233e-12
325.7122869971341	0.003019951720402019	7.892968300835738e-14
403.5543872869759	0.003019951720402019	1.163225391429888e-15
499.9999999999984	0.003019951720402019	9.28973425943788e-19
1.	0.00346736850452532	0.1202519685376086
1.9999999999999998	0.00346736850452532	0.1821569409223661
2.288838595949997	0.00346736850452532	0.20131483862379826
2.6193910591551774	0.00346736850452532	0.22177797929317541
2.9976816770403563	0.00346736850452532	0.2422919810216132
3.4306047603910415	0.00346736850452532	0.26026399686889934
3.926050291516404	0.00346736850452532	0.2702228878724358
4.493047718431742	0.00346736850452532	0.2609679265498862
5.141930515695824	0.00346736850452532	0.21966585356776855
5.884524511008838	0.00346736850452532	0.15435765424459952
6.734363409805407	0.00346736850452532	0.10331387488938532
7.706935445758021	0.00346736850452532	0.08127756704980678
8.819965652373028	0.00346736850452532	0.057763264424882624
10.093738900052346	0.00346736850452532	0.02594298217670441
11.551469585940843	0.00346736850452532	0.007035460897373222
13.219724714121972	0.00346736850452532	0.0019454328573386601
15.128908076758211	0.00346736850452532	0.0006929974615370038
17.313814360331925	0.00346736850452532	0.00036507723186663776
19.814263275520517	0.00346736850452532	0.0002599024293676112
22.675825267662994	0.00346736850452532	0.00017269318764071126
25.950652033822625	0.00346736850452532	0.00007737706167240262
29.698426982540767	0.00346736850452532	0.00003893794759258648
33.98745295832107	0.00346736850452532	0.000017471027683899558
38.895897054520105	0.00346736850452532	6.803163364061071e-6
44.51321520124173	0.00346736850452532	2.3934275404988827e-6
50.941782491215115	0.00346736850452532	8.842599485528292e-7
58.29875895619149	0.00346736850452532	3.316459432885936e-7
66.71822479745835	0.00346736850452532	1.1858102648571238e-7
76.35362398484546	0.00346736850452532	3.9867716263223785e-8
87.38056075858388	0.00346736850452532	1.3360013749040135e-8
100.00000000000031	0.00346736850452532	4.809848604832121e-9
111.55639876771902	0.00346736850452532	2.1636124698503678e-9
138.21730389017998	0.00346736850452532	3.9430425897759187e-10
171.24990861750976	0.00346736850452532	6.347844858676868e-11
212.17698780180757	0.00346736850452532	1.1665179240496607e-11
262.885244821937	0.00346736850452532	1.6901342311509041e-12
325.7122869971341	0.00346736850452532	9.103962451944898e-14
403.5543872869759	0.00346736850452532	1.3418268919669118e-15
499.9999999999984	0.00346736850452532	1.0717935487465623e-18
1.	0.003981071705534978	0.12949402490883216
1.9999999999999998	0.003981071705534978	0.20069105497929252
2.288838595949997	0.003981071705534978	0.22296895686465348
2.6193910591551774	0.003981071705534978	0.24696914426233124
2.9976816770403563	0.003981071705534978	0.27106317334854974
3.4306047603910415	0.003981071705534978	0.29267323019373614
3.926050291516404	0.003981071705534978	0.305981110341801
4.493047718431742	0.003981071705534978	0.29845315332103545
5.141930515695824	0.003981071705534978	0.25492306718267305
5.884524511008838	0.003981071705534978	0.18119276763769046
6.734363409805407	0.003981071705534978	0.12016596579620356
7.706935445758021	0.003981071705534978	0.09380716544572552
8.819965652373028	0.003981071705534978	0.06738133953589868
10.093738900052346	0.003981071705534978	0.030720319410405074
11.551469585940843	0.003981071705534978	0.00833582164997792
13.219724714121972	0.003981071705534978	0.0022804021051889547
15.128908076758211	0.003981071705534978	0.0008086019703570653
17.313814360331925	0.003981071705534978	0.0004225964852148248
19.814263275520517	0.003981071705534978	0.0002997359379194455
22.675825267662994	0.003981071705534978	0.00019934524128336115
25.950652033822625	0.003981071705534978	0.00008930905175302122
29.698426982540767	0.003981071705534978	0.000044960364267325996
33.98745295832107	0.003981071705534978	0.000020167780934291163
38.895897054520105	0.003981071705534978	7.853020949907447e-6
44.51321520124173	0.003981071705534978	2.7697478466012664e-6
50.941782491215115	0.003981071705534978	1.022773340603271e-6
58.29875895619149	0.003981071705534978	3.8307162849986864e-7
66.71822479745835	0.003981071705534978	1.3685081354146123e-7
76.35362398484546	0.003981071705534978	4.601196778093401e-8
87.38056075858388	0.003981071705534978	1.5413290964830954e-8
100.00000000000031	0.003981071705534978	5.549508708933291e-9
111.55639876771902	0.003981071705534978	2.495845590964674e-9
138.21730389017998	0.003981071705534978	4.5483667029313736e-10
171.24990861750976	0.003981071705534978	7.321734815998397e-11
212.17698780180757	0.003981071705534978	1.345355595981281e-11
262.885244821937	0.003981071705534978	1.949274362876259e-12
325.7122869971341	0.003981071705534978	1.050065710790402e-13
403.5543872869759	0.003981071705534978	1.5478469474050896e-15
499.9999999999984	0.003981071705534978	1.236599035899256e-18
1.	0.0045708818961487565	0.138108021386589
1.9999999999999998	0.0045708818961487565	0.21970405339647184
2.288838595949997	0.0045708818961487565	0.24550193918414884
2.6193910591551774	0.0045708818961487565	0.27352915763924157
2.9976816770403563	0.0045708818961487565	0.3020611928382923
3.4306047603910415	0.0045708818961487565	0.3280602751430103
3.926050291516404	0.0045708818961487565	0.34547811969705877
4.493047718431742	0.0045708818961487565	0.3409991517635167
5.141930515695824	0.0045708818961487565	0.29586307443034043
5.884524511008838	0.0045708818961487565	0.21286072024354724
6.734363409805407	0.0045708818961487565	0.14029595533344436
7.706935445758021	0.0045708818961487565	0.1083371967574019
8.819965652373028	0.0045708818961487565	0.07993934527060267
10.093738900052346	0.0045708818961487565	0.03651221053259658
11.551469585940843	0.0045708818961487565	0.009933720072128319
13.219724714121972	0.0045708818961487565	0.002680688895282857
15.128908076758211	0.0045708818961487565	0.0009459887661919268
17.313814360331925	0.0045708818961487565	0.0004885843986057953
19.814263275520517	0.0045708818961487565	0.00034588524345344006
22.675825267662994	0.0045708818961487565	0.0002305701175995121
25.950652033822625	0.0045708818961487565	0.00010316291117757014
29.698426982540767	0.0045708818961487565	0.00005195944236759664
33.98745295832107	0.0045708818961487565	0.000023284124682940936
38.895897054520105	0.0045708818961487565	9.084182503893486e-6
44.51321520124173	0.0045708818961487565	3.212924495319149e-6
50.941782491215115	0.0045708818961487565	1.1857199274182885e-6
58.29875895619149	0.0045708818961487565	4.434244582558338e-7
66.71822479745835	0.0045708818961487565	1.5826477601336597e-7
76.35362398484546	0.0045708818961487565	5.321184426618889e-8
87.38056075858388	0.0045708818961487565	1.7817928316501485e-8
100.00000000000031	0.0045708818961487565	6.4157404870157e-9
111.55639876771902	0.0045708818961487565	2.884801287219481e-9
138.21730389017998	0.0045708818961487565	5.256990026707818e-10
171.24990861750976	0.0045708818961487565	8.461668721514315e-11
212.17698780180757	0.0045708818961487565	1.5546394529550986e-11
262.885244821937	0.0045708818961487565	2.252528956872096e-12
325.7122869971341	0.0045708818961487565	1.2135322942457087e-13
403.5543872869759	0.0045708818961487565	1.7890328822878336e-15
499.9999999999984	0.0045708818961487565	1.4296160896635883e-18
1.	0.005248074602497733	0.1457460381563417
1.9999999999999998	0.005248074602497733	0.23877410960921186
2.288838595949997	0.005248074602497733	0.26856899152540553
2.6193910591551774	0.005248074602497733	0.30129826213386285
2.9976816770403563	0.005248074602497733	0.33496232704739143
3.4306047603910415	0.005248074602497733	0.3665554573602079
3.926050291516404	0.005248074602497733	0.38904927952605356
4.493047718431742	0.005248074602497733	0.38876331281214077
5.141930515695824	0.005248074602497733	0.3430312555561169
5.884524511008838	0.005248074602497733	0.2505118096392684
6.734363409805407	0.005248074602497733	0.16436003301566093
7.706935445758021	0.005248074602497733	0.12516030010054832
8.819965652373028	0.005248074602497733	0.09220552278226551
10.093738900052346	0.005248074602497733	0.043579506254532926
11.551469585940843	0.005248074602497733	0.011912075261939012
13.219724714121972	0.005248074602497733	0.0031631167862370344
15.128908076758211	0.005248074602497733	0.0011092191565979883
17.313814360331925	0.005248074602497733	0.000566491571721074
19.814263275520517	0.005248074602497733	0.00039860282922840514
22.675825267662994	0.005248074602497733	0.0002665121133228161
25.950652033822625	0.005248074602497733	0.00011925326775497702
29.698426982540767	0.005248074602497733	0.000060090047397950394
33.98745295832107	0.005248074602497733	0.000026917888900419786
38.895897054520105	0.005248074602497733	0.00001050661969964873
44.51321520124173	0.005248074602497733	3.7274644365915183e-6
50.941782491215115	0.005248074602497733	1.3746584831833805e-6
58.29875895619149	0.005248074602497733	5.132073391188243e-7
66.71822479745835	0.005248074602497733	1.8298887996279023e-7
76.35362398484546	0.005248074602497733	6.152205330577093e-8
87.38056075858388	0.005248074602497733	2.0591424839168926e-8
100.00000000000031	0.005248074602497733	7.414885981488009e-9
111.55639876771902	0.005248074602497733	3.3332244247208443e-9
138.21730389017998	0.005248074602497733	6.07385747920588e-10
171.24990861750976	0.005248074602497733	9.77548474015916e-11
212.17698780180757	0.005248074602497733	1.7957922566210022e-11
262.885244821937	0.005248074602497733	2.6019776407020457e-12
325.7122869971341	0.005248074602497733	1.4019383473035758e-13
403.5543872869759	0.005248074602497733	2.0670824081576947e-15
499.9999999999984	0.005248074602497733	1.652243639398098e-18
1.	0.006025595860743587	0.15219196568409343
1.9999999999999998	0.006025595860743587	0.25729090142295347
2.288838595949997	0.006025595860743587	0.29160471056552834
2.6193910591551774	0.006025595860743587	0.32965896066978145
2.9976816770403563	0.006025595860743587	0.369536962253356
3.4306047603910415	0.006025595860743587	0.40730806157010757
3.926050291516404	0.006025595860743587	0.43629575110735525
4.493047718431742	0.006025595860743587	0.4414136991129343
5.141930515695824	0.006025595860743587	0.39705764192952925
5.884524511008838	0.006025595860743587	0.29560721609999774
6.734363409805407	0.006025595860743587	0.19315467734583475
7.706935445758021	0.006025595860743587	0.1448481213930832
8.819965652373028	0.006025595860743587	0.10809505897113084
10.093738900052346	0.006025595860743587	0.05224754309873959
11.551469585940843	0.006025595860743587	0.014370777171368473
13.219724714121972	0.006025595860743587	0.0037330555434898537
15.128908076758211	0.006025595860743587	0.00130566655639824
17.313814360331925	0.006025595860743587	0.0006570273864552415
19.814263275520517	0.006025595860743587	0.00045999756696515497
22.675825267662994	0.006025595860743587	0.00030866645863249773
25.950652033822625	0.006025595860743587	0.00013798240029279428
29.698426982540767	0.006025595860743587	0.00006956490790899187
33.98745295832107	0.006025595860743587	0.000031153298747760374
38.895897054520105	0.006025595860743587	0.000012170902530830392
44.51321520124173	0.006025595860743587	4.332497289432908e-6
50.941782491215115	0.006025595860743587	1.5965015905438366e-6
58.29875895619149	0.006025595860743587	5.949020274246767e-7
66.71822479745835	0.006025595860743587	2.1189437856185908e-7
76.35362398484546	0.006025595860743587	7.123286768029263e-8
87.38056075858388	0.006025595860743587	2.3830049348688542e-8
100.00000000000031	0.006025595860743587	8.581492898956539e-9
111.55639876771902	0.006025595860743587	3.856584203842421e-9
138.21730389017998	0.006025595860743587	7.027175757456504e-10
171.24990861750976	0.006025595860743587	1.1308400410119235e-10
212.17698780180757	0.006025595860743587	2.0770843180909045e-11
262.885244821937	0.006025595860743587	3.009605129545573e-12
325.7122869971341	0.006025595860743587	1.6217562796026842e-13
403.5543872869759	0.006025595860743587	2.3915839258196854e-15
499.9999999999984	0.006025595860743587	1.91220723898898e-18
1.	0.006918309709189377	0.15711099839757878
1.9999999999999998	0.006918309709189377	0.2744929943962492
2.288838595949997	0.006918309709189377	0.31371780212388484
2.6193910591551774	0.006918309709189377	0.35805012219864435
2.9976816770403563	0.006918309709189377	0.40499816311726594
3.4306047603910415	0.006918309709189377	0.45008833710970686
3.926050291516404	0.006918309709189377	0.48662399007807067
4.493047718431742	0.006918309709189377	0.4992139305097127
5.141930515695824	0.006918309709189377	0.458768903924869
5.884524511008838	0.006918309709189377	0.34937033868111406
6.734363409805407	0.006918309709189377	0.22808277768703916
7.706935445758021	0.006918309709189377	0.16791827421569577
8.819965652373028	0.006918309709189377	0.1268481543152705
10.093738900052346	0.006918309709189377	0.06291468456616005
11.551469585940843	0.006918309709189377	0.01749804655299112
13.219724714121972	0.006918309709189377	0.0044323923492919585
15.128908076758211	0.006918309709189377	0.0015414570533871443
17.313814360331925	0.006918309709189377	0.0007651286270716107
19.814263275520517	0.006918309709189377	0.0005322033974872136
22.675825267662994	0.006918309709189377	0.00035803245439510405
25.950652033822625	0.006918309709189377	0.0001597978964223536
29.698426982540767	0.006918309709189377	0.00008060091634725953
33.98745295832107	0.006918309709189377	0.00003608418664951059
38.895897054520105	0.006918309709189377	0.000014105312558855916
44.51321520124173	0.006918309709189377	5.0395192756359756e-6
50.941782491215115	0.006918309709189377	1.8553116261041326e-6
58.29875895619149	0.006918309709189377	6.899000649094024e-7
66.71822479745835	0.006918309709189377	2.454591212589074e-7
76.35362398484546	0.006918309709189377	8.250170045903229e-8
87.38056075858388	0.006918309709189377	2.7585135005140066e-8
100.00000000000031	0.006918309709189377	9.934032418666947e-9
111.55639876771902	0.006918309709189377	4.4630361885422515e-9
138.21730389017998	0.006918309709189377	8.131704187321108e-10
171.24990861750976	0.006918309709189377	1.3084022271663599e-10
212.17698780180757	0.006918309709189377	2.4028091596227775e-11
262.885244821937	0.006918309709189377	3.4816428560527545e-12
325.7122869971341	0.006918309709189377	1.876366363456554e-13
403.5543872869759	0.006918309709189377	2.767589220390029e-15
499.9999999999984	0.006918309709189377	2.2136079035396075e-18
1.	0.00794328234724283	0.16020700247323835
1.9999999999999998	0.00794328234724283	0.2896230246047326
2.288838595949997	0.00794328234724283	0.334175818950888
2.6193910591551774	0.00794328234724283	0.3855012018435313
2.9976816770403563	0.00794328234724283	0.4401502748872587
3.4306047603910415	0.00794328234724283	0.4939235263409857
3.926050291516404	0.00794328234724283	0.5396401203969804
4.493047718431742	0.00794328234724283	0.5618110437039651
5.141930515695824	0.00794328234724283	0.528378075173313
5.884524511008838	0.00794328234724283	0.4133853949373607
6.734363409805407	0.00794328234724283	0.2709078382603385
7.706935445758021	0.00794328234724283	0.19491241938044576
8.819965652373028	0.00794328234724283	0.14898923188118668
10.093738900052346	0.00794328234724283	0.07620127298379313
11.551469585940843	0.00794328234724283	0.021490551687121186
13.219724714121972	0.00794328234724283	0.00531466700462765
15.128908076758211	0.00794328234724283	0.0018272972272521718
17.313814360331925	0.00794328234724283	0.000889516737148107
19.814263275520517	0.00794328234724283	0.0006174621946631623
22.675825267662994	0.00794328234724283	0.00041535835767946916
25.950652033822625	0.00794328234724283	0.00018529242923029756
29.698426982540767	0.00794328234724283	0.00009350560493343984
33.98745295832107	0.00794328234724283	0.0000418242802559677
38.895897054520105	0.00794328234724283	0.000016393220517811155
44.51321520124173	0.00794328234724283	5.880234723010323e-6
50.941782491215115	0.00794328234724283	2.1624747645876062e-6
58.29875895619149	0.00794328234724283	8.022737042226653e-7
66.71822479745835	0.00794328234724283	2.8511465489344504e-7
76.35362398484546	0.00794328234724283	9.580375600118494e-8
87.38056075858388	0.00794328234724283	3.2014258300828305e-8
100.00000000000031	0.00794328234724283	1.1529081674085432e-8
111.55639876771902	0.00794328234724283	5.17780311183904e-9
138.21730389017998	0.00794328234724283	9.433414226724523e-10
171.24990861750976	0.00794328234724283	1.517599496842887e-10
212.17698780180757	0.00794328234724283	2.7864443772098007e-11
262.885244821937	0.00794328234724283	4.0376225034480504e-12
325.7122869971341	0.00794328234724283	2.17633524029138e-13
403.5543872869759	0.00794328234724283	3.210715680955771e-15
499.9999999999984	0.00794328234724283	2.5690795706898924e-18
1.	0.009120108393559116	0.16144699830732842
1.9999999999999998	0.009120108393559116	0.3019589831606478
2.288838595949997	0.009120108393559116	0.3519857325073255
2.6193910591551774	0.009120108393559116	0.4099851444999473
2.9976816770403563	0.009120108393559116	0.473532202551592
3.4306047603910415	0.009120108393559116	0.5375834852353725
3.926050291516404	0.009120108393559116	0.5942879429673371
4.493047718431742	0.009120108393559116	0.6284517715577126
5.141930515695824	0.009120108393559116	0.606104812714905
5.884524511008838	0.009120108393559116	0.4892020164119246
6.734363409805407	0.009120108393559116	0.3233995895246059
7.706935445758021	0.009120108393559116	0.22675840906793132
8.819965652373028	0.009120108393559116	0.17531116502699476
10.093738900052346	0.009120108393559116	0.09272521304703596
11.551469585940843	0.009120108393559116	0.02660667251219451
13.219724714121972	0.009120108393559116	0.006391743946748917
15.128908076758211	0.009120108393559116	0.0021751853277031073
17.313814360331925	0.009120108393559116	0.0010397179427846833
19.814263275520517	0.009120108393559116	0.0007172126005212736
22.675825267662994	0.009120108393559116	0.0004819418502990608
25.950652033822625	0.009120108393559116	0.00021510886758500404
29.698426982540767	0.009120108393559116	0.00010857860179592661
33.98745295832107	0.009120108393559116	0.00004855244917758704
38.895897054520105	0.009120108393559116	0.000019029014118303332
44.51321520124173	0.009120108393559116	6.8548101366709334e-6
50.941782491215115	0.009120108393559116	2.5176889953307003e-6
58.29875895619149	0.009120108393559116	9.317171027274876e-7
66.71822479745835	0.009120108393559116	3.3073243751007927e-7
76.35362398484546	0.009120108393559116	1.1108913353171514e-7
87.38056075858388	0.009120108393559116	3.709865772322486e-8
100.00000000000031	0.009120108393559116	1.3359554687719765e-8
111.55639876771902	0.009120108393559116	5.997508173553874e-9
138.21730389017998	0.009120108393559116	1.0926006049500299e-9
171.24990861750976	0.009120108393559116	1.757396044151723e-10
212.17698780180757	0.009120108393559116	3.226001308190348e-11
262.885244821937	0.009120108393559116	4.674683114438773e-12
325.7122869971341	0.009120108393559116	2.520160037367966e-13
403.5543872869759	0.009120108393559116	3.718886573967361e-15
499.9999999999984	0.009120108393559116	2.9770653296059467e-18
1.	0.010471285480509017	0.16098600495377063
1.9999999999999998	0.010471285480509017	0.31074090563120665
2.288838595949997	0.010471285480509017	0.36543358962954575
2.6193910591551774	0.010471285480509017	0.43052098365892805
2.9976816770403563	0.010471285480509017	0.5035009703859681
3.4306047603910415	0.010471285480509017	0.5789892250621151
3.926050291516404	0.010471285480509017	0.6487204402814277
4.493047718431742	0.010471285480509017	0.6977390582031195
5.141930515695824	0.010471285480509017	0.6911300078759417
5.884524511008838	0.010471285480509017	0.5781490412114768
6.734363409805407	0.010471285480509017	0.38919585741607915
7.706935445758021	0.010471285480509017	0.264965171171137
8.819965652373028	0.010471285480509017	0.2061838978530457
10.093738900052346	0.010471285480509017	0.11336964220232004
11.551469585940843	0.010471285480509017	0.03332749777984711
13.219724714121972	0.010471285480509017	0.007714209657011434
15.128908076758211	0.010471285480509017	0.0026054902368648093
17.313814360331925	0.010471285480509017	0.0012152659188848119
19.814263275520517	0.010471285480509017	0.0008331193671428513
22.675825267662994	0.010471285480509017	0.000561224747177179
25.950652033822625	0.010471285480509017	0.0002500601820342235
29.698426982540767	0.010471285480509017	0.00012626637058657587
33.98745295832107	0.010471285480509017	0.000056430281303872896
38.895897054520105	0.010471285480509017	0.000022157086952896802
44.51321520124173	0.010471285480509017	8.017688231313429e-6
50.941782491215115	0.010471285480509017	2.94047807275406e-6
58.29875895619149	0.010471285480509017	1.0852262726534472e-6
66.71822479745835	0.010471285480509017	3.8478053690988276e-7
76.35362398484546	0.010471285480509017	1.2917566503822238e-7
87.38056075858388	0.010471285480509017	4.310903495213307e-8
100.00000000000031	0.010471285480509017	1.552246567891673e-8
111.55639876771902	0.010471285480509017	6.965472910463287e-9
138.21730389017998	0.010471285480509017	1.2688258426659511e-9
171.24990861750976	0.010471285480509017	2.0404125672829171e-10
212.17698780180757	0.010471285480509017	3.744562987221248e-11
262.885244821937	0.010471285480509017	5.42625357723137e-12
325.7122869971341	0.010471285480509017	2.9259383580358975e-13
403.5543872869759	0.010471285480509017	4.31890433177012e-15
499.9999999999984	0.010471285480509017	3.459242530511188e-18
1.	0.012022644346174156	0.15946382173893614
1.9999999999999998	0.012022644346174156	0.31448996721091876
2.288838595949997	0.012022644346174156	0.37336274919661583
2.6193910591551774	0.012022644346174156	0.44497140168537186
2.9976816770403563	0.012022644346174156	0.5277757493480565
3.4306047603910415	0.012022644346174156	0.6162255585353336
3.926050291516404	0.012022644346174156	0.7011612405804223
4.493047718431742	0.012022644346174156	0.7683214670989919
5.141930515695824	0.012022644346174156	0.7827073024893454
5.884524511008838	0.012022644346174156	0.6825157682629515
6.734363409805407	0.012022644346174156	0.4721519513084673
7.706935445758021	0.012022644346174156	0.3113572145911627
8.819965652373028	0.012022644346174156	0.24277931582746168
10.093738900052346	0.012022644346174156	0.13964321790713796
11.551469585940843	0.012022644346174156	0.04226363377829655
13.219724714121972	0.012022644346174156	0.009487473693771141
15.128908076758211	0.012022644346174156	0.0031365603353178256
17.313814360331925	0.012022644346174156	0.0014280036586439284
19.814263275520517	0.012022644346174156	0.0009709667068649835
22.675825267662994	0.012022644346174156	0.0006546919198969442
25.950652033822625	0.012022644346174156	0.00029123154392217377
29.698426982540767	0.012022644346174156	0.00014706509864664493
33.98745295832107	0.012022644346174156	0.00006566446435219285
38.895897054520105	0.012022644346174156	0.00002585723319179105
44.51321520124173	0.012022644346174156	9.400836180646e-6
50.941782491215115	0.012022644346174156	3.441842158846827e-6
58.29875895619149	0.012022644346174156	1.2665641822510508e-6
66.71822479745835	0.012022644346174156	4.485726805961465e-7
76.35362398484546	0.012022644346174156	1.504911403851182e-7
87.38056075858388	0.012022644346174156	5.0184659237052596e-8
100.00000000000031	0.012022644346174156	1.806727017969542e-8
111.55639876771902	0.012022644346174156	8.103486799665362e-9
138.21730389017998	0.012022644346174156	1.4759758000006638e-9
171.24990861750976	0.012022644346174156	2.3729537110627595e-10
212.17698780180757	0.012022644346174156	4.3535326028749925e-11
262.885244821937	0.012022644346174156	6.3089717636712766e-12
325.7122869971341	0.012022644346174156	3.402697879826881e-13
403.5543872869759	0.012022644346174156	5.0242980585759865e-15
499.9999999999984	0.012022644346174156	4.02664628067677e-18
1.	0.01380384264602888	0.15230412982943417
1.9999999999999998	0.01380384264602888	0.313172867251176
2.288838595949997	0.01380384264602888	0.3747835792501971
2.6193910591551774	0.01380384264602888	0.4517932034881745
2.9976816770403563	0.01380384264602888	0.5441114946316717
3.4306047603910415	0.01380384264602888	0.6460464131422831
3.926050291516404	0.01380384264602888	0.7496028947519808
4.493047718431742	0.01380384264602888	0.8381029901776538
5.141930515695824	0.01380384264602888	0.8779829031575961
5.884524511008838	0.01380384264602888	0.7983894471326469
6.734363409805407	0.01380384264602888	0.5731708783354741
7.706935445758021	0.01380384264602888	0.37006548776057746
8.819965652373028	0.01380384264602888	0.28487137257911566
10.093738900052346	0.01380384264602888	0.17243870212569026
11.551469585940843	0.01380384264602888	0.054396308835657076
13.219724714121972	0.01380384264602888	0.011732962030023232
15.128908076758211	0.01380384264602888	0.0038053697513336406
17.313814360331925	0.01380384264602888	0.0016803833012901462
19.814263275520517	0.01380384264602888	0.001131402045020179
22.675825267662994	0.01380384264602888	0.0007641134686078724
25.950652033822625	0.01380384264602888	0.0003402484205590451
29.698426982540767	0.01380384264602888	0.0001715960128501582
33.98745295832107	0.01380384264602888	0.00007657191396361285
38.895897054520105	0.01380384264602888	0.000030247536303546542
44.51321520124173	0.01380384264602888	0.000011050412745157101
50.941782491215115	0.01380384264602888	4.037698806399762e-6
58.29875895619149	0.01380384264602888	1.4812472678185194e-6
66.71822479745835	0.01380384264602888	5.240472527223413e-7
76.35362398484546	0.01380384264602888	1.7566817778598965e-7
87.38056075858388	0.01380384264602888	5.853198575239162e-8
100.00000000000031	0.01380384264602888	2.1066997026363217e-8
111.55639876771902	0.01380384264602888	9.443877385809873e-9
138.21730389017998	0.01380384264602888	1.7199159586686092e-9
171.24990861750976	0.01380384264602888	2.7643656459685857e-10
212.17698780180757	0.01380384264602888	5.069907108392418e-11
262.885244821937	0.01380384264602888	7.347412393304538e-12
325.7122869971341	0.01380384264602888	3.9638315902740186e-13
403.5543872869759	0.01380384264602888	5.855033487791457e-15
499.9999999999984	0.01380384264602888	4.695710673414953e-18
1.	0.015848931924611172	0.15853002852426823
1.9999999999999998	0.015848931924611172	0.3068068474944152
2.288838595949997	0.015848931924611172	0.3689685176168219
2.6193910591551774	0.015848931924611172	0.44915610067184775
2.9976816770403563	0.015848931924611172	0.5488953520197236
3.4306047603910415	0.015848931924611172	0.6660982722391493
3.926050291516404	0.015848931924611172	0.7903284142554023
4.493047718431742	0.015848931924611172	0.9026642846483344
5.141930515695824	0.015848931924611172	0.9718991754016177
5.884524511008838	0.015848931924611172	0.9251156082657274
6.734363409805407	0.015848931924611172	0.6973941462734379
7.706935445758021	0.015848931924611172	0.4437574911138055
8.819965652373028	0.015848931924611172	0.3347352074267997
10.093738900052346	0.015848931924611172	0.2133018879567259
11.551469585940843	0.015848931924611172	0.07098937861706109
13.219724714121972	0.015848931924611172	0.01483332418774134
15.128908076758211	0.015848931924611172	0.004649694739665344
17.313814360331925	0.015848931924611172	0.0019898914914345603
19.814263275520517	0.015848931924611172	0.0013223628634530071
22.675825267662994	0.015848931924611172	0.0008954632427299362
25.950652033822625	0.015848931924611172	0.00039838222125328487
29.698426982540767	0.015848931924611172	0.00020087977435808254
33.98745295832107	0.015848931924611172	0.00008960372933662007
38.895897054520105	0.015848931924611172	0.000035450917747767926
44.51321520124173	0.015848931924611172	0.00001301441890126251
50.941782491215115	0.015848931924611172	4.7442431731407e-6
58.29875895619149	0.015848931924611172	1.7348226871972798e-6
66.71822479745835	0.015848931924611172	6.131443154557347e-7
76.35362398484546	0.015848931924611172	2.0533847880948477e-7
87.38056075858388	0.015848931924611172	6.835524664463219e-8
100.00000000000031	0.015848931924611172	2.459322406425978e-8
111.55639876771902	0.015848931924611172	1.1018180099185934e-8
138.21730389017998	0.015848931924611172	2.006356030705837e-9
171.24990861750976	0.015848931924611172	3.2237065943207107e-10
212.17698780180757	0.015848931924611172	5.910036171915712e-11
262.885244821937	0.015848931924611172	8.565335451622225e-12
325.7122869971341	0.015848931924611172	4.622301492728552e-13
403.5543872869759	0.015848931924611172	6.830631353576087e-15
499.9999999999984	0.015848931924611172	5.4825128154610394e-18
1.	0.01819700858609988	0.1606280200034471
1.9999999999999998	0.01819700858609988	0.2955899632734036
2.288838595949997	0.01819700858609988	0.3557136463578273
2.6193910591551774	0.01819700858609988	0.43602122331783305
2.9976816770403563	0.01819700858609988	0.541393436559618
3.4306047603910415	0.01819700858609988	0.6718793484890346
3.926050291516404	0.01819700858609988	0.8165490972003446
4.493047718431742	0.01819700858609988	0.9568475589510663
5.141930515695824	0.01819700858609988	1.0607402517175892
5.884524511008838	0.01819700858609988	1.058759302243646
6.734363409805407	0.01819700858609988	0.8471074824674862
7.706935445758021	0.01819700858609988	0.5396248508476411
8.819965652373028	0.01819700858609988	0.3922207935701767
10.093738900052346	0.01819700858609988	0.26372866247221216
11.551469585940843	0.01819700858609988	0.0937474465752604
13.219724714121972	0.01819700858609988	0.01895314757442771
15.128908076758211	0.01819700858609988	0.0057214720249493724
17.313814360331925	0.01819700858609988	0.0023815567848179736
19.814263275520517	0.01819700858609988	0.0015473831087826422
22.675825267662994	0.01819700858609988	0.0010483061065885754
25.950652033822625	0.01819700858609988	0.0004675607695252842
29.698426982540767	0.01819700858609988	0.00023577230920531937
33.98745295832107	0.01819700858609988	0.00010496649307886795
38.895897054520105	0.01819700858609988	0.000041721261847186514
44.51321520124173	0.01819700858609988	0.000015388618795264624
50.941782491215115	0.01819700858609988	5.594375773167955e-6
58.29875895619149	0.01819700858609988	2.0389134658351378e-6
66.71822479745835	0.01819700858609988	7.199422731422909e-7
76.35362398484546	0.01819700858609988	2.4084731304210536e-7
87.38056075858388	0.01819700858609988	8.009317720105175e-8
100.00000000000031	0.01819700858609988	2.880094246884623e-8
111.55639876771902	0.01819700858609988	1.2895077333709478e-8
138.21730389017998	0.01819700858609988	2.3477601509301565e-9
171.24990861750976	0.01819700858609988	3.7708604873800323e-10
212.17698780180757	0.01819700858609988	6.910008133256596e-11
262.885244821937	0.01819700858609988	1.0015154334928881e-11
325.7122869971341	0.01819700858609988	5.40658325619589e-13
403.5543872869759	0.01819700858609988	7.993593818267236e-15
499.9999999999984	0.01819700858609988	6.4218019343483236e-18
1.	0.02089296130854045	0.16690890985865822
1.9999999999999998	0.02089296130854045	0.284058165500709
2.288838595949997	0.02089296130854045	0.33644102196106224
2.6193910591551774	0.02089296130854045	0.4135056206208385
2.9976816770403563	0.02089296130854045	0.5197558492983778
3.4306047603910415	0.02089296130854045	0.6588357781833859
3.926050291516404	0.02089296130854045	0.8244199750642403
4.493047718431742	0.02089296130854045	0.9956267545242764
5.141930515695824	0.02089296130854045	1.1402088957556662
5.884524511008838	0.02089296130854045	1.1924271828256965
6.734363409805407	0.02089296130854045	1.0230962316800682
7.706935445758021	0.02089296130854045	0.6686768075224993
8.819965652373028	0.02089296130854045	0.46060683129130453
10.093738900052346	0.02089296130854045	0.32604874522379734
11.551469585940843	0.02089296130854045	0.1251757399700519
13.219724714121972	0.02089296130854045	0.02487408486273704
15.128908076758211	0.02089296130854045	0.007094044709642316
17.313814360331925	0.02089296130854045	0.002876266813836023
19.814263275520517	0.02089296130854045	0.0018165217020958675
22.675825267662994	0.02089296130854045	0.0012327620867581444
25.950652033822625	0.02089296130854045	0.0005502628096309961
29.698426982540767	0.02089296130854045	0.00027725443616892704
33.98745295832107	0.02089296130854045	0.00012330742525836006
38.895897054520105	0.02089296130854045	0.000049224136776834726
44.51321520124173	0.02089296130854045	0.000018234349730320203
50.941782491215115	0.02089296130854045	6.6076827259222285e-6
58.29875895619149	0.02089296130854045	2.400202887733059e-6
66.71822479745835	0.02089296130854045	8.467378276512277e-7
76.35362398484546	0.02089296130854045	2.8294588453610195e-7
87.38056075858388	0.02089296130854045	9.398295045256259e-8
100.00000000000031	0.02089296130854045	3.377032273728778e-8
111.55639876771902	0.02089296130854045	1.5109719051674397e-8
138.21730389017998	0.02089296130854045	2.750477366660508e-9
171.24990861750976	0.02089296130854045	4.41580229382455e-10
212.17698780180757	0.02089296130854045	8.087644341064212e-11
262.885244821937	0.02089296130854045	1.1722700322466591e-11
325.7122869971341	0.02089296130854045	6.330952994373514e-13
403.5543872869759	0.02089296130854045	9.365568953254408e-15
499.9999999999984	0.02089296130854045	7.53191684949512e-18
1.	0.023988329190194974	0.17661110284738926
1.9999999999999998	0.023988329190194974	0.2658418723894037
2.288838595949997	0.023988329190194974	0.31301456085013574
2.6193910591551774	0.023988329190194974	0.3821939911111391
2.9976816770403563	0.023988329190194974	0.4841411598453194
3.4306047603910415	0.023988329190194974	0.6257033262494255
3.926050291516404	0.023988329190194974	0.8084127510133935
4.493047718431742	0.023988329190194974	1.0138190774416949
5.141930515695824	0.023988329190194974	1.2042903691392677
5.884524511008838	0.023988329190194974	1.3175202717497183
6.734363409805407	0.023988329190194974	1.2132702757950473
7.706935445758021	0.023988329190194974	0.8338015304936559
8.819965652373028	0.023988329190194974	0.5455370317183134
10.093738900052346	0.023988329190194974	0.40115553186267416
11.551469585940843	0.023988329190194974	0.16930633858069719
13.219724714121972	0.023988329190194974	0.03361649253501413
15.128908076758211	0.023988329190194974	0.008864119294579451
17.313814360331925	0.023988329190194974	0.003481781110030142
19.814263275520517	0.023988329190194974	0.0021358929399969
22.675825267662994	0.023988329190194974	0.0014498159748397995
25.950652033822625	0.023988329190194974	0.0006497577104579912
29.698426982540767	0.023988329190194974	0.0003270083489311155
33.98745295832107	0.023988329190194974	0.00014507821097820323
38.895897054520105	0.023988329190194974	0.00005822824261359481
44.51321520124173	0.023988329190194974	0.00002164701640390986
50.941782491215115	0.023988329190194974	7.814939836623394e-6
58.29875895619149	0.023988329190194974	2.8294561839296527e-6
66.71822479745835	0.023988329190194974	9.97217028912821e-7
76.35362398484546	0.023988329190194974	3.328587123177609e-7
87.38056075858388	0.023988329190194974	1.1041342725813206e-7
100.00000000000031	0.023988329190194974	3.963438788894204e-8
111.55639876771902	0.023988329190194974	1.772038809121762e-8
138.21730389017998	0.023988329190194974	3.2250043032189105e-9
171.24990861750976	0.023988329190194974	5.175129896014326e-10
212.17698780180757	0.023988329190194974	9.472754433957496e-11
262.885244821937	0.023988329190194974	1.3731310392542864e-11
325.7122869971341	0.023988329190194974	7.419139191379958e-13
403.5543872869759	0.023988329190194974	1.0982551928193752e-14
499.9999999999984	0.023988329190194974	8.842934913412072e-18
1.	0.027542287033381744	0.1891329543140141
1.9999999999999998	0.027542287033381744	0.2503050566860855
2.288838595949997	0.027542287033381744	0.2874659125748034
2.6193910591551774	0.027542287033381744	0.34635938406460415
2.9976816770403563	0.027542287033381744	0.43683670174981437
3.4306047603910415	0.027542287033381744	0.5734380335843912
3.926050291516404	0.027542287033381744	0.7652402793090171
4.493047718431742	0.027542287033381744	1.0021290894221755
5.141930515695824	0.027542287033381744	1.2396599947892224
5.884524511008838	0.027542287033381744	1.4179795849052836
6.734363409805407	0.027542287033381744	1.408828019005556
7.706935445758021	0.027542287033381744	1.0473009139621425
8.819965652373028	0.027542287033381744	0.6558111268711642
10.093738900052346	0.027542287033381744	0.48867478690713023
11.551469585940843	0.027542287033381744	0.23033916723205428
13.219724714121972	0.027542287033381744	0.04736848163615461
15.128908076758211	0.027542287033381744	0.01120066691963715
17.313814360331925	0.027542287033381744	0.004558014381392793
19.814263275520517	0.027542287033381744	0.0025221884911266605
22.675825267662994	0.027542287033381744	0.0017113217871117096
25.950652033822625	0.027542287033381744	0.0007705443388242826
29.698426982540767	0.027542287033381744	0.00038708842342331426
33.98745295832107	0.027542287033381744	0.00017132627069656815
38.895897054520105	0.027542287033381744	0.00006924642105587466
44.51321520124173	0.027542287033381744	0.00002580469692060035
50.941782491215115	0.027542287033381744	9.275372142571082e-6
58.29875895619149	0.027542287033381744	3.3477628696401174e-6
66.71822479745835	0.027542287033381744	1.1785720007284724e-6
76.35362398484546	0.027542287033381744	3.9299262875700296e-7
87.38056075858388	0.027542287033381744	1.3015673498799668e-7
100.00000000000031	0.027542287033381744	4.6659967794715436e-8
111.55639876771902	0.027542287033381744	2.0844917422542782e-8
138.21730389017998	0.027542287033381744	3.792693145483098e-9
171.24990861750976	0.027542287033381744	6.082670938398969e-10
212.17698780180757	0.027542287033381744	1.1126358269784558e-10
262.885244821937	0.027542287033381744	1.6129622280963652e-11
325.7122869971341	0.027542287033381744	8.719593206823141e-13
403.5543872869759	0.027542287033381744	1.2917281491686953e-14
499.9999999999984	0.027542287033381744	1.041509562489761e-17
1.	0.03162277660168389	0.201797927376627
1.9999999999999998	0.03162277660168389	0.23703207610975363
2.288838595949997	0.03162277660168389	0.26362700741861
2.6193910591551774	0.03162277660168389	0.30656041619686697
2.9976816770403563	0.03162277660168389	0.3737008637159419
3.4306047603910415	0.03162277660168389	0.5032092512304432
3.926050291516404	0.03162277660168389	0.6955975315457219
4.493047718431742	0.03162277660168389	0.9527262486129991
5.141930515695824	0.03162277660168389	1.2395601737564856
5.884524511008838	0.03162277660168389	1.4889401116446295
6.734363409805407	0.03162277660168389	1.5866279978871474
7.706935445758021	0.03162277660168389	1.3063698268051882
8.819965652373028	0.03162277660168389	0.8127820279150301
10.093738900052346	0.03162277660168389	0.5889250617803073
11.551469585940843	0.03162277660168389	0.31299228310801186
13.219724714121972	0.03162277660168389	0.06906276705150038
15.128908076758211	0.03162277660168389	0.014327148866198557
17.313814360331925	0.03162277660168389	0.005344411920268204
19.814263275520517	0.03162277660168389	0.0029815120704521584
22.675825267662994	0.03162277660168389	0.0020135198312537174
25.950652033822625	0.03162277660168389	0.0009201841559664065
29.698426982540767	0.03162277660168389	0.0004602919574908128
33.98745295832107	0.03162277660168389	0.00020234765123166524
38.895897054520105	0.03162277660168389	0.00008262999509571439
44.51321520124173	0.03162277660168389	0.00003081155628699799
50.941782491215115	0.03162277660168389	0.000011019869883722714
58.29875895619149	0.03162277660168389	3.965834963485901e-6
66.71822479745835	0.03162277660168389	1.3941575646181108e-6
76.35362398484546	0.03162277660168389	4.6448660195129334e-7
87.38056075858388	0.03162277660168389	1.53555428886514e-7
100.00000000000031	0.03162277660168389	5.495407516750733e-8
111.55639876771902	0.03162277660168389	2.4529484891422585e-8
138.21730389017998	0.03162277660168389	4.461746207141493e-9
171.24990861750976	0.03162277660168389	7.151084116801791e-10
212.17698780180757	0.03162277660168389	1.3070433761007343e-10
262.885244821937	0.03162277660168389	1.8949637029071832e-11
325.7122869971341	0.03162277660168389	1.0250348382576798e-12
403.5543872869759	0.03162277660168389	1.5198036073073234e-14
499.9999999999984	0.03162277660168389	1.227339219846263e-17
1.	0.03630780547701025	0.21053399858266286
1.9999999999999998	0.03630780547701025	0.2255439893241523
2.288838595949997	0.03630780547701025	0.24270889954382974
2.6193910591551774	0.03630780547701025	0.2682910982352228
2.9976816770403563	0.03630780547701025	0.31103231804592224
3.4306047603910415	0.03630780547701025	0.399176941448659
3.926050291516404	0.03630780547701025	0.6049789969477471
4.493047718431742	0.03630780547701025	0.8640728322644854
5.141930515695824	0.03630780547701025	1.1935001250109434
5.884524511008838	0.03630780547701025	1.520631087041272
6.734363409805407	0.03630780547701025	1.7306795912830357
7.706935445758021	0.03630780547701025	1.5895209358234699
8.819965652373028	0.03630780547701025	1.0298424936223096
10.093738900052346	0.03630780547701025	0.7026156692105068
11.551469585940843	0.03630780547701025	0.42262298519191094
13.219724714121972	0.03630780547701025	0.10438894875967046
15.128908076758211	0.03630780547701025	0.018649262820234998
17.313814360331925	0.03630780547701025	0.006790423366298386
19.814263275520517	0.03630780547701025	0.003543638395780289
22.675825267662994	0.03630780547701025	0.01317481155860709
25.950652033822625	0.03630780547701025	0.0011015670618945172
29.698426982540767	0.03630780547701025	0.0005507001657960506
33.98745295832107	0.03630780547701025	0.00024131244302086802
38.895897054520105	0.03630780547701025	0.0000989482065365407
44.51321520124173	0.03630780547701025	0.00003683138035231315
50.941782491215115	0.03630780547701025	0.000013099510510076927
58.29875895619149	0.03630780547701025	4.701432146817491e-6
66.71822479745835	0.03630780547701025	1.649551381467042e-6
76.35362398484546	0.03630780547701025	5.492331176024213e-7
87.38056075858388	0.03630780547701025	1.811864063251192e-7
100.00000000000031	0.03630780547701025	6.470201983750079e-8
111.55639876771902	0.03630780547701025	2.8854445791900345e-8
138.21730389017998	0.03630780547701025	5.246552055012951e-9
171.24990861750976	0.03630780547701025	8.402718413727929e-10
212.17698780180757	0.03630780547701025	1.534429859756655e-10
262.885244821937	0.03630780547701025	2.2248667315618792e-11
325.7122869971341	0.03630780547701025	1.2043268077388053e-12
403.5543872869759	0.03630780547701025	1.787386563358217e-14
499.9999999999984	0.03630780547701025	1.4460491234002957e-17
1.	0.04168693834703368	0.20914190743712405
1.9999999999999998	0.04168693834703368	0.21505892757892509
2.288838595949997	0.04168693834703368	0.22599585506725225
2.6193910591551774	0.04168693834703368	0.24724098015535062
2.9976816770403563	0.04168693834703368	0.28804907534868013
3.4306047603910415	0.04168693834703368	0.36385866298057157
3.926050291516404	0.04168693834703368	0.4711517400375718
4.493047718431742	0.04168693834703368	0.7411540530463339
5.141930515695824	0.04168693834703368	1.093159321038208
5.884524511008838	0.04168693834703368	1.493211091002876
6.734363409805407	0.04168693834703368	1.8153202739871035
7.706935445758021	0.04168693834703368	1.8594311515864625
8.819965652373028	0.04168693834703368	1.3317944374299941
10.093738900052346	0.04168693834703368	0.8410107874110977
11.551469585940843	0.04168693834703368	0.563490812962758
13.219724714121972	0.04168693834703368	0.16199280003301297
15.128908076758211	0.04168693834703368	0.025188307344651165
17.313814360331925	0.04168693834703368	0.00876736110079564
19.814263275520517	0.04168693834703368	0.004240721897644832
22.675825267662994	0.04168693834703368	0.01780300025770991
25.950652033822625	0.04168693834703368	0.0013234530959873119
29.698426982540767	0.04168693834703368	0.0006608695064700502
33.98745295832107	0.04168693834703368	0.0002901074566880446
38.895897054520105	0.04168693834703368	0.00011967825623349785
44.51321520124173	0.04168693834703368	0.00004433718449131143
50.941782491215115	0.04168693834703368	0.00001567419914706012
58.29875895619149	0.04168693834703368	5.6105265473838336e-6
66.71822479745835	0.04168693834703368	1.9633828189827423e-6
76.35362398484546	0.04168693834703368	6.534337172808281e-7
87.38056075858388	0.04168693834703368	2.150347949249346e-7
100.00000000000031	0.04168693834703368	7.658337421133631e-8
111.55639876771902	0.04168693834703368	3.411930206311812e-8
138.21730389017998	0.04168693834703368	6.201204897115466e-9
171.24990861750976	0.04168693834703368	9.923258869710535e-10
212.17698780180757	0.04168693834703368	1.81022511525267e-10
262.885244821937	0.04168693834703368	2.6250779906964067e-11
325.7122869971341	0.04168693834703368	1.4220981687320126e-12
403.5543872869759	0.04168693834703368	2.11297639541146e-14
499.9999999999984	0.04168693834703368	1.7130012471227606e-17
1.	0.047863009232264	0.19423396477702046
1.9999999999999998	0.047863009232264	0.20339498152922264
2.288838595949997	0.047863009232264	0.211215944360243
2.6193910591551774	0.047863009232264	0.22564305580199417
2.9976816770403563	0.047863009232264	0.25288716918632453
3.4306047603910415	0.047863009232264	0.3046019289739638
3.926050291516404	0.047863009232264	0.4069250009197862
4.493047718431742	0.047863009232264	0.6025680424642894
5.141930515695824	0.047863009232264	0.939063072151054
5.884524511008838	0.047863009232264	1.3935521155422892
6.734363409805407	0.047863009232264	1.8345407711922237
7.706935445758021	0.047863009232264	2.078169005246243
8.819965652373028	0.047863009232264	1.7145319440770928
10.093738900052346	0.047863009232264	1.0331722369339302
11.551469585940843	0.047863009232264	0.7282196022047311
13.219724714121972	0.047863009232264	0.2539483669336891
15.128908076758211	0.047863009232264	0.036147736013159404
17.313814360331925	0.047863009232264	0.011521068177617243
19.814263275520517	0.047863009232264	0.0051127456259638234
22.675825267662994	0.047863009232264	0.02221744415840813
25.950652033822625	0.047863009232264	0.0016007124250118497
29.698426982540767	0.047863009232264	0.0007959894333688139
33.98745295832107	0.047863009232264	0.00035295295273882383
38.895897054520105	0.047863009232264	0.00014447516649674147
44.51321520124173	0.047863009232264	0.00005309369994138898
50.941782491215115	0.047863009232264	0.000018654739472734197
58.29875895619149	0.047863009232264	6.658073969560183e-6
66.71822479745835	0.047863009232264	2.3220750080204276e-6
76.35362398484546	0.047863009232264	7.724849759200367e-7
87.38056075858388	0.047863009232264	2.535117386095061e-7
100.00000000000031	0.047863009232264	8.999406654709136e-8
111.55639876771902	0.047863009232264	4.005081578664943e-8
138.21730389017998	0.047863009232264	7.275438282846001e-9
171.24990861750976	0.047863009232264	1.163100583230498e-9
212.17698780180757	0.047863009232264	2.1192324199863073e-10
262.885244821937	0.047863009232264	3.073605665562075e-11
325.7122869971341	0.047863009232264	1.666615106522788e-12
403.5543872869759	0.047863009232264	2.479481070706686e-14
499.9999999999984	0.047863009232264	2.014897545267061e-17
1.	0.05495408738576265	0.1671800481259011
1.9999999999999998	0.05495408738576265	0.18920802523701333
2.288838595949997	0.05495408738576265	0.19768098288997052
2.6193910591551774	0.05495408738576265	0.20991508132105108
2.9976816770403563	0.05495408738576265	0.22896717434502334
3.4306047603910415	0.05495408738576265	0.26298972145395366
3.926050291516404	0.05495408738576265	0.3303722088831751
4.493047718431742	0.05495408738576265	0.47178166363045637
5.141930515695824	0.05495408738576265	0.7520596579905566
5.884524511008838	0.05495408738576265	1.2205332287582595
6.734363409805407	0.05495408738576265	1.7708215842657145
7.706935445758021	0.05495408738576265	2.190367835809193
8.819965652373028	0.05495408738576265	2.116739572124976
10.093738900052346	0.05495408738576265	1.3209685829525348
11.551469585940843	0.05495408738576265	0.9123141986756668
13.219724714121972	0.05495408738576265	0.39707334218072493
15.128908076758211	0.05495408738576265	0.05692330935016915
17.313814360331925	0.05495408738576265	0.015347041060531419
19.814263275520517	0.05495408738576265	0.006269461266218322
22.675825267662994	0.05495408738576265	0.02469942004676283
25.950652033822625	0.05495408738576265	0.0019487326088246466
29.698426982540767	0.05495408738576265	0.0009653802979010795
33.98745295832107	0.05495408738576265	0.0004248088011214197
38.895897054520105	0.05495408738576265	0.00017626909258482433
44.51321520124173	0.05495408738576265	0.00006405636128819004
50.941782491215115	0.05495408738576265	0.000022376740425211137
58.29875895619149	0.05495408738576265	7.957970411639444e-6
66.71822479745835	0.05495408738576265	2.763847486405554e-6
76.35362398484546	0.05495408738576265	9.188159938548208e-7
87.38056075858388	0.05495408738576265	3.0061911125800995e-7
100.00000000000031	0.05495408738576265	1.0631162064789847e-7
111.55639876771902	0.05495408738576265	4.72548837351428e-8
138.21730389017998	0.05495408738576265	8.57867013326273e-9
171.24990861750976	0.05495408738576265	1.3699271894853391e-9
212.17698780180757	0.05495408738576265	2.4926993131658317e-10
262.885244821937	0.05495408738576265	3.615799271786855e-11
325.7122869971341	0.05495408738576265	1.9626764333570306e-12
403.5543872869759	0.05495408738576265	2.92426686511014e-14
499.9999999999984	0.05495408738576265	2.3827816627111756e-17
1.	0.06309573444801955	0.13333088561793785
1.9999999999999998	0.06309573444801955	0.16868391100464575
2.288838595949997	0.06309573444801955	0.18010086577700327
2.6193910591551774	0.06309573444801955	0.19396897674511787
2.9976816770403563	0.06309573444801955	0.2114380208100109
3.4306047603910415	0.06309573444801955	0.23464234091292652
3.926050291516404	0.06309573444801955	0.2779149213872227
4.493047718431742	0.06309573444801955	0.3669313915061287
5.141930515695824	0.06309573444801955	0.5675537524971754
5.884524511008838	0.06309573444801955	0.9780653516203074
6.734363409805407	0.06309573444801955	1.5975511015838926
7.706935445758021	0.06309573444801955	2.203306700333894
8.819965652373028	0.06309573444801955	2.4445096649984266
10.093738900052346	0.06309573444801955	1.7565547106957793
11.551469585940843	0.06309573444801955	1.111154390468798
13.219724714121972	0.06309573444801955	0.6038604647150263
15.128908076758211	0.06309573444801955	0.09878872529460228
17.313814360331925	0.06309573444801955	0.020562153630090136
19.814263275520517	0.06309573444801955	0.007869415300876266
22.675825267662994	0.06309573444801955	0.004973293870591215
25.950652033822625	0.06309573444801955	0.0023770599149739026
29.698426982540767	0.06309573444801955	0.001170956627938681
33.98745295832107	0.06309573444801955	0.000515053492730978
38.895897054520105	0.06309573444801955	0.00021458128915675703
44.51321520124173	0.06309573444801955	0.00007694128364269629
50.941782491215115	0.06309573444801955	0.00002675064545405712
58.29875895619149	0.06309573444801955	9.467965526729199e-6
66.71822479745835	0.06309573444801955	3.2722755725256008e-6
76.35362398484546	0.06309573444801955	1.086378857101683e-6
87.38056075858388	0.06309573444801955	3.5429272655156183e-7
100.00000000000031	0.06309573444801955	1.2475156803224615e-7
111.55639876771902	0.06309573444801955	5.537282005225481e-8
138.21730389017998	0.06309573444801955	1.0044669592042402e-8
171.24990861750976	0.06309573444801955	1.6020058538336058e-9
212.17698780180757	0.06309573444801955	2.9104183848081476e-10
262.885244821937	0.06309573444801955	4.2224947325343993e-11
325.7122869971341	0.06309573444801955	2.294750600219977e-12
403.5543872869759	0.06309573444801955	3.42483111792879e-14
499.9999999999984	0.06309573444801955	2.7993100548322913e-17
1.	0.07244359600749928	0.10229201325679883
1.9999999999999998	0.07244359600749928	0.1445340103144976
2.288838595949997	0.07244359600749928	0.1587379400785888
2.6193910591551774	0.07244359600749928	0.17438605962077489
2.9976816770403563	0.07244359600749928	0.19269309181154978
3.4306047603910415	0.07244359600749928	0.21432729534737718
3.926050291516404	0.07244359600749928	0.2441630426149886
4.493047718431742	0.07244359600749928	0.29901080830458454
5.141930515695824	0.07244359600749928	0.42303127065854007
5.884524511008838	0.07244359600749928	0.7238922736584369
6.734363409805407	0.07244359600749928	1.3201727741121791
7.706935445758021	0.07244359600749928	2.0776365067148346
8.819965652373028	0.07244359600749928	2.609267853021537
10.093738900052346	0.07244359600749928	2.2812052500481856
11.551469585940843	0.07244359600749928	1.3621290683944716
13.219724714121972	0.07244359600749928	0.8759859276753315
15.128908076758211	0.07244359600749928	0.18412338553517799
17.313814360331925	0.07244359600749928	0.02776019653143859
19.814263275520517	0.07244359600749928	0.010279355714546483
22.675825267662994	0.07244359600749928	0.006032255298504223
25.950652033822625	0.07244359600749928	0.0028894258139920198
29.698426982540767	0.07244359600749928	0.0013756350087807735
33.98745295832107	0.07244359600749928	0.0005961485147074514
38.895897054520105	0.07244359600749928	0.0002441191986284153
44.51321520124173	0.07244359600749928	0.00008632706932381679
50.941782491215115	0.07244359600749928	0.000029923620887004755
58.29875895619149	0.07244359600749928	0.000010522757083241093
66.71822479745835	0.07244359600749928	3.6170485660390152e-6
76.35362398484546	0.07244359600749928	1.1979835053342184e-6
87.38056075858388	0.07244359600749928	3.893750278500313e-7
100.00000000000031	0.07244359600749928	1.3645097030397234e-7
111.55639876771902	0.07244359600749928	6.04627518935455e-8
138.21730389017998	0.07244359600749928	1.0957860022598235e-8
171.24990861750976	0.07244359600749928	1.7451239945914069e-9
212.17698780180757	0.07244359600749928	3.164751131696905e-10
262.885244821937	0.07244359600749928	4.59237386452487e-11
325.7122869971341	0.07244359600749928	2.499209044925619e-12
403.5543872869759	0.07244359600749928	3.737234386361731e-14
499.9999999999984	0.07244359600749928	3.0654597446856333e-17
1.	0.08317637711026743	0.08389343923850567
1.9999999999999998	0.08317637711026743	0.12078405065138159
2.288838595949997	0.08317637711026743	0.1345139849208004
2.6193910591551774	0.08317637711026743	0.15080510701870198
2.9976816770403563	0.08317637711026743	0.17106613891250913
3.4306047603910415	0.08317637711026743	0.19501929506556584
3.926050291516404	0.08317637711026743	0.22144306768144537
4.493047718431742	0.08317637711026743	0.2588389351953801
5.141930515695824	0.08317637711026743	0.32877432849747484
5.884524511008838	0.08317637711026743	0.512339847880767
6.734363409805407	0.08317637711026743	0.9638616669282314
7.706935445758021	0.08317637711026743	1.7930267242715994
8.819965652373028	0.08317637711026743	2.5748170197089357
10.093738900052346	0.08317637711026743	2.7386427768972688
11.551469585940843	0.08317637711026743	1.755049683686984
13.219724714121972	0.08317637711026743	1.1834885367336085
15.128908076758211	0.08317637711026743	0.3486075065316776
17.313814360331925	0.08317637711026743	0.039496128578164515
19.814263275520517	0.08317637711026743	0.014005966430480778
22.675825267662994	0.08317637711026743	0.007284514933656824
25.950652033822625	0.08317637711026743	0.04715162166997152
29.698426982540767	0.08317637711026743	0.001677073431357872
33.98745295832107	0.08317637711026743	0.0007351400346243298
38.895897054520105	0.08317637711026743	0.00029161616485166565
44.51321520124173	0.08317637711026743	0.00010188873371967846
50.941782491215115	0.08317637711026743	0.000035288293730150295
58.29875895619149	0.08317637711026743	0.000012305725794969813
66.71822479745835	0.08317637711026743	4.204707064702852e-6
76.35362398484546	0.08317637711026743	1.3875374399943259e-6
87.38056075858388	0.08317637711026743	4.4941627467691596e-7
100.00000000000031	0.08317637711026743	1.5668283429836392e-7
111.55639876771902	0.08317637711026743	6.928286710824604e-8
138.21730389017998	0.08317637711026743	1.2542461829842972e-8
171.24990861750976	0.08317637711026743	1.994205883205271e-9
212.17698780180757	0.08317637711026743	3.608997637508631e-10
262.885244821937	0.08317637711026743	5.2382155314400715e-11
325.7122869971341	0.08317637711026743	2.8551915301642305e-12
403.5543872869759	0.08317637711026743	4.279018030734244e-14
499.9999999999984	0.08317637711026743	3.524028932840699e-17
1.	0.09549925860214398	0.082153105846407
1.9999999999999998	0.09549925860214398	0.10242806166560185
2.288838595949997	0.09549925860214398	0.11277202275841927
2.6193910591551774	0.09549925860214398	0.12671313185055055
2.9976816770403563	0.09549925860214398	0.14489817932308535
3.4306047603910415	0.09549925860214398	0.168496363733617
3.926050291516404	0.09549925860214398	0.19707910005518012
4.493047718431742	0.09549925860214398	0.23248994602607556
5.141930515695824	0.09549925860214398	0.2803712304630903
5.884524511008838	0.09549925860214398	0.3780849670088167
6.734363409805407	0.09549925860214398	0.6636874819440178
7.706935445758021	0.09549925860214398	1.3692081200652335
8.819965652373028	0.09549925860214398	2.3516469121984995
10.093738900052346	0.09549925860214398	2.9344534753018867
11.551469585940843	0.09549925860214398	2.3398604409164343
13.219724714121972	0.09549925860214398	1.468168263921879
15.128908076758211	0.09549925860214398	0.6354289296444552
17.313814360331925	0.09549925860214398	0.06550695006121535
19.814263275520517	0.09549925860214398	0.019790052020902553
22.675825267662994	0.09549925860214398	0.008842810007918036
25.950652033822625	0.09549925860214398	0.004338249809291364
29.698426982540767	0.09549925860214398	0.002111991057530198
33.98745295832107	0.09549925860214398	0.0009227824127786884
38.895897054520105	0.09549925860214398	0.0003756050461930975
44.51321520124173	0.09549925860214398	0.00013021421831300404
50.941782491215115	0.09549925860214398	0.00004514207696727122
58.29875895619149	0.09549925860214398	0.000015579846368054005
66.71822479745835	0.09549925860214398	5.288564506945901e-6
76.35362398484546	0.09549925860214398	1.7367228587992632e-6
87.38056075858388	0.09549925860214398	5.604341792178764e-7
100.00000000000031	0.09549925860214398	1.9432040002974624e-7
111.55639876771902	0.09549925860214398	8.570405397959884e-8
138.21730389017998	0.09549925860214398	1.549487228275622e-8
171.24990861750976	0.09549925860214398	2.4590222682938933e-9
212.17698780180757	0.09549925860214398	4.4396987876709283e-10
262.885244821937	0.09549925860214398	6.445548481866455e-11
325.7122869971341	0.09549925860214398	3.519626196636392e-12
403.5543872869759	0.09549925860214398	5.2881751125200516e-14
499.9999999999984	0.09549925860214398	4.375175957086279e-17
1.	0.10964781961431896	0.09376865190823502
1.9999999999999998	0.10964781961431896	0.09836145184620569
2.288838595949997	0.10964781961431896	0.10392608573030235
2.6193910591551774	0.10964781961431896	0.11194126180007573
2.9976816770403563	0.10964781961431896	0.13818110816771673
3.4306047603910415	0.10964781961431896	0.14399757391877438
3.926050291516404	0.10964781961431896	0.17122134778130033
4.493047718431742	0.10964781961431896	0.20644619029920303
5.141930515695824	0.10964781961431896	0.25147241135761494
5.884524511008838	0.10964781961431896	0.3132715641502508
6.734363409805407	0.10964781961431896	0.45227429723219403
7.706935445758021	0.10964781961431896	0.9091687257510364
8.819965652373028	0.10964781961431896	1.9168316075826317
10.093738900052346	0.10964781961431896	2.8329136750706363
11.551469585940843	0.10964781961431896	2.922110715474098
13.219724714121972	0.10964781961431896	1.7731668665677316
15.128908076758211	0.10964781961431896	1.0589911888879227
17.313814360331925	0.10964781961431896	0.13628047681987263
19.814263275520517	0.10964781961431896	0.02817618083799099
22.675825267662994	0.10964781961431896	0.010948329918762387
25.950652033822625	0.10964781961431896	0.005344579246012509
29.698426982540767	0.10964781961431896	0.0026528334042422745
33.98745295832107	0.10964781961431896	0.0011109145131164141
38.895897054520105	0.10964781961431896	0.0004295857206297666
44.51321520124173	0.10964781961431896	0.00014871372215757137
50.941782491215115	0.10964781961431896	0.00005160085413032444
58.29875895619149	0.10964781961431896	0.000017587952752054313
66.71822479745835	0.10964781961431896	5.927259719944034e-6
76.35362398484546	0.10964781961431896	1.935435000250191e-6
87.38056075858388	0.10964781961431896	6.219276226994407e-7
100.00000000000031	0.10964781961431896	2.1438203455353752e-7
111.55639876771902	0.10964781961431896	9.425242899272854e-8
138.21730389017998	0.10964781961431896	1.7014369861811096e-8
171.24990861750976	0.10964781961431896	2.69442714624089e-9
212.17698780180757	0.10964781961431896	4.851521194107775e-10
262.885244821937	0.10964781961431896	7.045410251169196e-11
325.7122869971341	0.10964781961431896	3.8551465476816105e-12
403.5543872869759	0.10964781961431896	5.80906946450171e-14
499.9999999999984	0.10964781961431896	4.831354269916618e-17