1.	0.001	0.0257619
1.9999999999999998	0.001	0.04827669999999999
2.288838595949997	0.001	0.058313751209699886
2.6193910591551774	0.001	0.06973313400641559
2.9976816770403563	0.001	0.08187893856975888
3.4306047603910415	0.001	0.0918355323921815
3.926050291516404	0.001	0.09520679668627596
4.493047718431742	0.001	0.08876162593503303
5.141930515695824	0.001	0.07372788695985896
5.884524511008838	0.001	0.05495029901930702
6.734363409805407	0.001	0.03592633989945383
7.706935445758021	0.001	0.018783980272155634
8.819965652373028	0.001	0.0073060648339583496
10.093738900052346	0.001	0.0023381614263740095
11.551469585940843	0.001	0.000892663158842265
13.219724714121972	0.001	0.000513764105579172
15.128908076758211	0.001	0.000290168500382509
17.313814360331925	0.001	0.00015501360844391338
19.814263275520517	0.001	0.0000868351013482658
22.675825267662994	0.001	0.000047559269105917966
25.950652033822625	0.001	0.00001763413831146934
29.698426982540767	0.001	8.062891706046477e-6
33.98745295832107	0.001	3.565409328011347e-6
38.895897054520105	0.001	1.4393312758085353e-6
44.51321520124173	0.001	4.888512029332105e-7
50.941782491215115	0.001	1.5647956553082464e-7
58.29875895619149	0.001	4.7114278252173306e-8
66.71822479745835	0.001	1.2033040658969261e-8
76.35362398484546	0.001	2.196996042158285e-9
87.38056075858388	0.001	2.3215870875847712e-10
100.00000000000031	0.001	1.2781760370945367e-11
111.55639876771902	0.001	7.861855130881777e-13
138.21730389017998	0.001	2.838553341553798e-16
171.24990861750976	0.001	7.169492470208398e-20
212.17698780180757	0.001	1.2486813305214278e-20
262.885244821937	0.001	1.8090810581921498e-21
325.7122869971341	0.001	9.741138385286197e-23
403.5543872869759	0.001	1.4349884368613163e-24
499.9999999999984	0.001	0
1000	0.001	0
2000	0.001	0
1.	0.0011481536214968829	0.02895817440982838
1.9999999999999998	0.0011481536214968829	0.054450444842844
2.288838595949997	0.0011481536214968829	0.06588782269716645
2.6193910591551774	0.0011481536214968829	0.07896535822324341
2.9976816770403563	0.0011481536214968829	0.0930043099474931
3.4306047603910415	0.0011481536214968829	0.10467134919809376
3.926050291516404	0.0011481536214968829	0.10893132900878516
4.493047718431742	0.0011481536214968829	0.10190434948685902
5.141930515695824	0.0011481536214968829	0.08486175823565255
5.884524511008838	0.0011481536214968829	0.06338169166301143
6.734363409805407	0.0011481536214968829	0.04153826959647013
7.706935445758021	0.0011481536214968829	0.021796167198498376
8.819965652373028	0.0011481536214968829	0.008487471557512003
10.093738900052346	0.0011481536214968829	0.0027120744351388964
11.551469585940843	0.0011481536214968829	0.0010305984693788463
13.219724714121972	0.0011481536214968829	0.0005907426033661083
15.128908076758211	0.0011481536214968829	0.00033422950643129145
17.313814360331925	0.0011481536214968829	0.00017851712057504013
19.814263275520517	0.0011481536214968829	0.00010001847681479746
22.675825267662994	0.0011481536214968829	0.00005473381406928749
25.950652033822625	0.0011481536214968829	0.000020310270038256774
29.698426982540767	0.0011481536214968829	9.283567432594671e-6
33.98745295832107	0.0011481536214968829	4.106250060722989e-6
38.895897054520105	0.0011481536214968829	1.6556868679619107e-6
44.51321520124173	0.0011481536214968829	5.624041812866937e-7
50.941782491215115	0.0011481536214968829	1.8003586035515454e-7
58.29875895619149	0.0011481536214968829	5.418786812429809e-8
66.71822479745835	0.0011481536214968829	1.3839185991754955e-8
76.35362398484546	0.0011481536214968829	2.52611999929813e-9
87.38056075858388	0.0011481536214968829	2.669593323001249e-10
100.00000000000031	0.0011481536214968829	1.471426536917699e-11
111.55639876771902	0.0011481536214968829	9.049291938409404e-13
138.21730389017998	0.0011481536214968829	3.2702837439533753e-16
171.24990861750976	0.0011481536214968829	8.242488891589623e-20
212.17698780180757	0.0011481536214968829	1.435213093535356e-20
262.885244821937	0.0011481536214968829	2.0793291712401517e-21
325.7122869971341	0.0011481536214968829	1.1196516257387779e-22
403.5543872869759	0.0011481536214968829	1.6494430008317938e-24
499.9999999999984	0.0011481536214968829	0
1000	0.0011481536214968829	0
2000	0.0011481536214968829	0
1.	0.0013182567385564075	0.032453232988080394
1.9999999999999998	0.0013182567385564075	0.061253769557594345
2.288838595949997	0.0013182567385564075	0.07426237619666771
2.6193910591551774	0.0013182567385564075	0.0892479481833734
2.9976816770403563	0.0013182567385564075	0.10543981468344413
3.4306047603910415	0.0013182567385564075	0.11915077430397451
3.926050291516404	0.0013182567385564075	0.12455469655955416
4.493047718431742	0.0013182567385564075	0.11699174115740751
5.141930515695824	0.0013182567385564075	0.09769183694977848
5.884524511008838	0.0013182567385564075	0.07313317993165999
6.734363409805407	0.0013182567385564075	0.04805829522507994
7.706935445758021	0.0013182567385564075	0.025307339214810508
8.819965652373028	0.0013182567385564075	0.009876503642275342
10.093738900052346	0.0013182567385564075	0.0031491693301109753
11.551469585940843	0.0013182567385564075	0.0011896978320140594
13.219724714121972	0.0013182567385564075	0.0006811084349753222
15.128908076758211	0.0013182567385564075	0.0003850533612610372
17.313814360331925	0.0013182567385564075	0.0002053559678176711
19.814263275520517	0.0013182567385564075	0.00011523203197289278
22.675825267662994	0.0013182567385564075	0.00006317303133529986
25.950652033822625	0.0013182567385564075	0.000023402823218636407
29.698426982540767	0.0013182567385564075	0.000010692835466034012
33.98745295832107	0.0013182567385564075	4.729853445099408e-6
38.895897054520105	0.0013182567385564075	1.9092068317842655e-6
44.51321520124173	0.0013182567385564075	6.486086766731467e-7
50.941782491215115	0.0013182567385564075	2.076497725114282e-7
58.29875895619149	0.0013182567385564075	6.247532380210594e-8
66.71822479745835	0.0013182567385564075	1.5955158623898817e-8
76.35362398484546	0.0013182567385564075	2.9115460856785356e-9
87.38056075858388	0.0013182567385564075	3.0772200496089937e-10
100.00000000000031	0.0013182567385564075	1.698230106711977e-11
111.55639876771902	0.0013182567385564075	1.0442679376836874e-12
138.21730389017998	0.0013182567385564075	3.7777926784931587e-16
171.24990861750976	0.0013182567385564075	9.49862615539311e-20
212.17698780180757	0.0013182567385564075	1.6534682779581693e-20
262.885244821937	0.0013182567385564075	2.395545038456555e-21
325.7122869971341	0.0013182567385564075	1.2899595470104486e-22
403.5543872869759	0.0013182567385564075	1.900398705342128e-24
499.9999999999984	0.0013182567385564075	0
1000	0.0013182567385564075	0
2000	0.0013182567385564075	0
1.	0.0015135612484362087	0.03625002284642716
1.9999999999999998	0.0015135612484362087	0.06868614492510836
2.288838595949997	0.0015135612484362087	0.08346058405625757
2.6193910591551774	0.0015135612484362087	0.1006061217132413
2.9976816770403563	0.0015135612484362087	0.11930514824201353
3.4306047603910415	0.0015135612484362087	0.13545316753711092
3.926050291516404	0.0015135612484362087	0.14229310789385657
4.493047718431742	0.0015135612484362087	0.13426414258741434
5.141930515695824	0.0015135612484362087	0.11249607574067283
5.884524511008838	0.0015135612484362087	0.08441492053131011
6.734363409805407	0.0015135612484362087	0.05566755740763321
7.706935445758021	0.0015135612484362087	0.029422349979976933
8.819965652373028	0.0015135612484362087	0.011511480810425766
10.093738900052346	0.0015135612484362087	0.0036624623936304425
11.551469585940843	0.0015135612484362087	0.0013767689071393283
13.219724714121972	0.0015135612484362087	0.0007834632734690695
15.128908076758211	0.0015135612484362087	0.0004439476142296012
17.313814360331925	0.0015135612484362087	0.00023683660424650947
19.814263275520517	0.0015135612484362087	0.00013277164133084553
22.675825267662994	0.0015135612484362087	0.00007270680887171291
25.950652033822625	0.0015135612484362087	0.000026979892818862428
29.698426982540767	0.0015135612484362087	0.000012321767277134861
33.98745295832107	0.0015135612484362087	5.451760013319321e-6
38.895897054520105	0.0015135612484362087	2.1997838303229204e-6
44.51321520124173	0.0015135612484362087	7.474479725770829e-7
50.941782491215115	0.0015135612484362087	2.393159467787473e-7
58.29875895619149	0.0015135612484362087	7.197209100390303e-8
66.71822479745835	0.0015135612484362087	1.8379852874406755e-8
76.35362398484546	0.0015135612484362087	3.3529904186628144e-9
87.38056075858388	0.0015135612484362087	3.544262780542206e-10
100.00000000000031	0.0015135612484362087	1.9586843250793288e-11
111.55639876771902	0.0015135612484362087	1.2042626527406857e-12
138.21730389017998	0.0015135612484362087	4.361820770535746e-16
171.24990861750976	0.0015135612484362087	1.0936641726816108e-19
212.17698780180757	0.0015135612484362087	1.9031828709902827e-20
262.885244821937	0.0015135612484362087	2.757346647218531e-21
325.7122869971341	0.0015135612484362087	1.4848221458196832e-22
403.5543872869759	0.0015135612484362087	2.187566861412287e-24
499.9999999999984	0.0015135612484362087	0
1000	0.0015135612484362087	0
2000	0.0015135612484362087	0
1.	0.0017378008287493763	0.04035361406775188
1.9999999999999998	0.0017378008287493763	0.07675542794140142
2.288838595949997	0.0017378008287493763	0.09349664957814989
2.6193910591551774	0.0017378008287493763	0.11306410436977377
2.9976816770403563	0.0017378008287493763	0.13469612839860196
3.4306047603910415	0.0017378008287493763	0.1537411489889436
3.926050291516404	0.0017378008287493763	0.1624140690450453
4.493047718431742	0.0017378008287493763	0.15407210655074677
5.141930515695824	0.0017378008287493763	0.12960304137549417
5.884524511008838	0.0017378008287493763	0.09754927381906944
6.734363409805407	0.0017378008287493763	0.0645446273218335
7.706935445758021	0.0017378008287493763	0.03428676018037081
8.819965652373028	0.0017378008287493763	0.013460088793407807
10.093738900052346	0.0017378008287493763	0.00427102092040622
11.551469585940843	0.0017378008287493763	0.0015956366274969898
13.219724714121972	0.0017378008287493763	0.0009035293757263579
15.128908076758211	0.0017378008287493763	0.0005121733712123437
17.313814360331925	0.0017378008287493763	0.0002731014440608247
19.814263275520517	0.0017378008287493763	0.00015305283899141945
22.675825267662994	0.0017378008287493763	0.00008378693488371217
25.950652033822625	0.0017378008287493763	0.000031121886834762766
29.698426982540767	0.0017378008287493763	0.000014207157207069023
33.98745295832107	0.0017378008287493763	6.289439945630342e-6
38.895897054520105	0.0017378008287493763	2.5372635147694547e-6
44.51321520124173	0.0017378008287493763	8.622756416173795e-7
50.941782491215115	0.0017378008287493763	2.761139111119825e-7
58.29875895619149	0.0017378008287493763	8.300056066952573e-8
66.71822479745835	0.0017378008287493763	2.1195434494126157e-8
76.35362398484546	0.0017378008287493763	3.865378503967445e-9
87.38056075858388	0.0017378008287493763	4.086551962830515e-10
100.00000000000031	0.0017378008287493763	2.261838635636662e-11
111.55639876771902	0.0017378008287493763	1.3904620642180043e-12
138.21730389017998	0.0017378008287493763	5.043153100299252e-16
171.24990861750976	0.0017378008287493763	1.2604782935868935e-19
212.17698780180757	0.0017378008287493763	2.1926711015868155e-20
262.885244821937	0.0017378008287493763	3.176773514850197e-21
325.7122869971341	0.0017378008287493763	1.7107430612418895e-22
403.5543872869759	0.0017378008287493763	2.5205274947907385e-24
499.9999999999984	0.0017378008287493763	0
1000	0.0017378008287493763	0
2000	0.0017378008287493763	0
1.	0.0019952623149688807	0.04472393613453336
1.9999999999999998	0.0019952623149688807	0.08543578126471894
2.288838595949997	0.0019952623149688807	0.10311400397535266
2.6193910591551774	0.0019952623149688807	0.1266721850869351
2.9976816770403563	0.0019952623149688807	0.15166523240990468
3.4306047603910415	0.0019952623149688807	0.17413828357665412
3.926050291516404	0.0019952623149688807	0.1851961969392955
4.493047718431742	0.0019952623149688807	0.17674523732660183
5.141930515695824	0.0019952623149688807	0.14937215351129696
5.884524511008838	0.0019952623149688807	0.11277493782752179
6.734363409805407	0.0019952623149688807	0.07492227285320213
7.706935445758021	0.0019952623149688807	0.04003171659789131
8.819965652373028	0.0019952623149688807	0.01577211640122734
10.093738900052346	0.0019952623149688807	0.004989872813740599
11.551469585940843	0.0019952623149688807	0.0018467678955343871
13.219724714121972	0.0019952623149688807	0.0010407754315079614
15.128908076758211	0.0019952623149688807	0.0005913836975340437
17.313814360331925	0.0019952623149688807	0.00031457858946384425
19.814263275520517	0.0019952623149688807	0.00017660724019715807
22.675825267662994	0.0019952623149688807	0.00009659634903120285
25.950652033822625	0.0019952623149688807	0.00003592273231308705
29.698426982540767	0.0019952623149688807	0.000016387362346356144
33.98745295832107	0.0019952623149688807	7.253988963456457e-6
38.895897054520105	0.0019952623149688807	2.9296861421907256e-6
44.51321520124173	0.0019952623149688807	9.958474613506854e-7
50.941782491215115	0.0019952623149688807	3.189287178478294e-7
58.29875895619149	0.0019952623149688807	9.582260156170518e-8
66.71822479745835	0.0019952623149688807	2.4468750304881736e-8
76.35362398484546	0.0019952623149688807	4.460796720254232e-9
87.38056075858388	0.0019952623149688807	4.717024034710082e-10
100.00000000000031	0.0019952623149688807	2.615208118803079e-11
111.55639876771902	0.0019952623149688807	1.607511024732903e-12
138.21730389017998	0.0019952623149688807	5.839536422564702e-16
171.24990861750976	0.0019952623149688807	1.4541939038853033e-19
212.17698780180757	0.0019952623149688807	2.5285890922662175e-20
262.885244821937	0.0019952623149688807	3.6634748760448605e-21
325.7122869971341	0.0019952623149688807	1.9729172578801039e-22
403.5543872869759	0.0019952623149688807	2.9069579850398627e-24
499.9999999999984	0.0019952623149688807	0
1000	0.0019952623149688807	0
2000	0.0019952623149688807	0
1.	0.0022908676527677745	0.04933806336186552
1.9999999999999998	0.0022908676527677745	0.09581271760270786
2.288838595949997	0.0022908676527677745	0.11459481753725902
2.6193910591551774	0.0022908676527677745	0.14137096407510308
2.9976816770403563	0.0022908676527677745	0.17022595549227468
3.4306047603910415	0.0022908676527677745	0.19678195583879987
3.926050291516404	0.0022908676527677745	0.21089879169914902
4.493047718431742	0.0022908676527677745	0.20270782680599678
5.141930515695824	0.0022908676527677745	0.17221978960249185
5.884524511008838	0.0022908676527677745	0.13049262885411625
6.734363409805407	0.0022908676527677745	0.08707586238446663
7.706935445758021	0.0022908676527677745	0.046827134513533146
8.819965652373028	0.0022908676527677745	0.018535488567988135
10.093738900052346	0.0022908676527677745	0.005843944450653098
11.551469585940843	0.0022908676527677745	0.002142754871363242
13.219724714121972	0.0022908676527677745	0.0012002420435824222
15.128908076758211	0.0022908676527677745	0.0006834220859414713
17.313814360331925	0.0022908676527677745	0.0003633376972049885
19.814263275520517	0.0022908676527677745	0.00020390712481124212
22.675825267662994	0.0022908676527677745	0.00011155834059905665
25.950652033822625	0.0022908676527677745	0.00004149418198664247
29.698426982540767	0.0022908676527677745	0.000018916313611364145
33.98745295832107	0.0022908676527677745	8.376346689601847e-6
38.895897054520105	0.0022908676527677745	3.3826493998804282e-6
44.51321520124173	0.0022908676527677745	1.1500926766174666e-6
50.941782491215115	0.0022908676527677745	3.683819783585504e-7
58.29875895619149	0.0022908676527677745	1.1062095145208203e-7
66.71822479745835	0.0022908676527677745	2.824627022768496e-8
76.35362398484546	0.0022908676527677745	5.147639192055605e-9
87.38056075858388	0.0022908676527677745	5.444739156692605e-10
100.00000000000031	0.0022908676527677745	3.024268695983196e-11
111.55639876771902	0.0022908676527677745	1.8587790259118383e-12
138.21730389017998	0.0022908676527677745	6.764480421026244e-16
171.24990861750976	0.0022908676527677745	1.6774569170720474e-19
212.17698780180757	0.0022908676527677745	2.9154073084875557e-20
262.885244821937	0.0022908676527677745	4.223944881055911e-21
325.7122869971341	0.0022908676527677745	2.274842831075507e-22
403.5543872869759	0.0022908676527677745	3.35204305012838e-24
499.9999999999984	0.0022908676527677745	0
1000	0.0022908676527677745	0
2000	0.0022908676527677745	0
1.	0.0026302679918953843	0.05414397156526231
1.9999999999999998	0.0026302679918953843	0.10564694181466583
2.288838595949997	0.0026302679918953843	0.12675382545871197
2.6193910591551774	0.0026302679918953843	0.1571089998921967
2.9976816770403563	0.0026302679918953843	0.1903280027898132
3.4306047603910415	0.0026302679918953843	0.221751024360193
3.926050291516404	0.0026302679918953843	0.2396618260363918
4.493047718431742	0.0026302679918953843	0.23230285450942084
5.141930515695824	0.0026302679918953843	0.19862381078578986
5.884524511008838	0.0026302679918953843	0.15111661406374477
6.734363409805407	0.0026302679918953843	0.10139775223029135
7.706935445758021	0.0026302679918953843	0.054896370008533826
8.819965652373028	0.0026302679918953843	0.021847309498498235
10.093738900052346	0.0026302679918953843	0.006862697381666819
11.551469585940843	0.0026302679918953843	0.00249360908076591
13.219724714121972	0.0026302679918953843	0.0013871011686335277
15.128908076758211	0.0026302679918953843	0.000790279998172876
17.313814360331925	0.0026302679918953843	0.00041978360786861803
19.814263275520517	0.0026302679918953843	0.00023553451896953743
22.675825267662994	0.0026302679918953843	0.00012890327290979728
25.950652033822625	0.0026302679918953843	0.00004796904712999666
29.698426982540767	0.0026302679918953843	0.00002185260601497296
33.98745295832107	0.0026302679918953843	9.674695884562167e-6
38.895897054520105	0.0026302679918953843	3.910540335601416e-6
44.51321520124173	0.0026302679918953843	1.3299359021251398e-6
50.941782491215115	0.0026302679918953843	4.260567283646484e-7
58.29875895619149	0.0026302679918953843	1.2786632342871516e-7
66.71822479745835	0.0026302679918953843	3.2647814660457115e-8
76.35362398484546	0.0026302679918953843	5.947683925664848e-9
87.38056075858388	0.0026302679918953843	6.293034583305392e-10
100.00000000000031	0.0026302679918953843	3.5025194866771304e-11
111.55639876771902	0.0026302679918953843	2.1526039003710347e-12
138.21730389017998	0.0026302679918953843	7.849916836137563e-16
171.24990861750976	0.0026302679918953843	1.9372369317075817e-19
212.17698780180757	0.0026302679918953843	3.365066032368823e-20
262.885244821937	0.0026302679918953843	4.875462437909562e-21
325.7122869971341	0.0026302679918953843	2.6258572322089347e-22
403.5543872869759	0.0026302679918953843	3.869548522517509e-24
499.9999999999984	0.0026302679918953843	0
1000	0.0026302679918953843	0
2000	0.0026302679918953843	0
1.	0.003019951720402019	0.059087119216193036
1.9999999999999998	0.003019951720402019	0.1157710393898312
2.288838595949997	0.003019951720402019	0.14109592700537196
2.6193910591551774	0.003019951720402019	0.1736671727963994
2.9976816770403563	0.003019951720402019	0.21186223172459168
3.4306047603910415	0.003019951720402019	0.2490583325209536
3.926050291516404	0.003019951720402019	0.27186313428256714
4.493047718431742	0.003019951720402019	0.2660631704392403
5.141930515695824	0.003019951720402019	0.22909109826520258
5.884524511008838	0.003019951720402019	0.17520280566780666
6.734363409805407	0.003019951720402019	0.1182278881197016
7.706935445758021	0.003019951720402019	0.06453069605785226
8.819965652373028	0.003019951720402019	0.025838469744683186
10.093738900052346	0.003019951720402019	0.008092497146184855
11.551469585940843	0.003019951720402019	0.0028992402216629753
13.219724714121972	0.003019951720402019	0.001602332058153172
15.128908076758211	0.003019951720402019	0.0009148389725291792
17.313814360331925	0.003019951720402019	0.0004854510700059758
19.814263275520517	0.003019951720402019	0.0002722382947891169
22.675825267662994	0.003019951720402019	0.00014887136962367966
25.950652033822625	0.003019951720402019	0.000055504701317644016
29.698426982540767	0.003019951720402019	0.0000252648267187012
33.98745295832107	0.003019951720402019	0.00001118716119667578
38.895897054520105	0.003019951720402019	4.520646742477219e-6
44.51321520124173	0.003019951720402019	1.5379091219971514e-6
50.941782491215115	0.003019951720402019	4.927651934890849e-7
58.29875895619149	0.003019951720402019	1.4779715339556056e-7
66.71822479745835	0.003019951720402019	3.7733773751172656e-8
76.35362398484546	0.003019951720402019	6.871896049589325e-9
87.38056075858388	0.003019951720402019	7.273873214678255e-10
100.00000000000031	0.003019951720402019	4.057338045258701e-11
111.55639876771902	0.003019951720402019	2.49360173355412e-12
138.21730389017998	0.003019951720402019	9.114938533143106e-16
171.24990861750976	0.003019951720402019	2.2369351562160745e-19
212.17698780180757	0.003019951720402019	3.883220648359013e-20
262.885244821937	0.003019951720402019	5.626226639401335e-21
325.7122869971341	0.003019951720402019	3.030396995585715e-22
403.5543872869759	0.003019951720402019	4.466046903888479e-24
499.9999999999984	0.003019951720402019	0
1000	0.003019951720402019	0
2000	0.003019951720402019	0
1.	0.00346736850452532	0.06408458329615414
1.9999999999999998	0.00346736850452532	0.12601496576004062
2.288838595949997	0.00346736850452532	0.1541278197841895
2.6193910591551774	0.00346736850452532	0.19079406555258238
2.9976816770403563	0.00346736850452532	0.2346530938739055
3.4306047603910415	0.00346736850452532	0.2785511801555773
3.926050291516404	0.00346736850452532	0.3075608790147222
4.493047718431742	0.00346736850452532	0.30431888517721556
5.141930515695824	0.00346736850452532	0.2643788396457401
5.884524511008838	0.00346736850452532	0.20331455982931768
6.734363409805407	0.00346736850452532	0.1380917163789797
7.706935445758021	0.00346736850452532	0.07613255135617908
8.819965652373028	0.00346736850452532	0.0306779613748306
10.093738900052346	0.00346736850452532	0.009582659645664219
11.551469585940843	0.00346736850452532	0.0033854976722151957
13.219724714121972	0.00346736850452532	0.0018513889286251813
15.128908076758211	0.00346736850452532	0.001060427671028296
17.313814360331925	0.00346736850452532	0.0005620423235267553
19.814263275520517	0.00346736850452532	0.0003147074906947967
22.675825267662994	0.00346736850452532	0.0001722810885274112
25.950652033822625	0.00346736850452532	0.00006429045236656978
29.698426982540767	0.00346736850452532	0.000029239184265111215
33.98745295832107	0.00346736850452532	0.000012954072707986421
38.895897054520105	0.00346736850452532	5.233762249212676e-6
44.51321520124173	0.00346736850452532	1.7811479170256207e-6
50.941782491215115	0.00346736850452532	5.708014888008347e-7
58.29875895619149	0.00346736850452532	1.7109405639095195e-7
66.71822479745835	0.00346736850452532	4.367726617059929e-8
76.35362398484546	0.00346736850452532	7.951825646433482e-9
87.38056075858388	0.00346736850452532	8.421209338775233e-10
100.00000000000031	0.00346736850452532	4.708528145856534e-11
111.55639876771902	0.00346736850452532	2.894052684831466e-12
138.21730389017998	0.00346736850452532	1.060744942507491e-15
171.24990861750976	0.00346736850452532	2.586578156228257e-19
212.17698780180757	0.00346736850452532	4.486970254651117e-20
262.885244821937	0.00346736850452532	6.501053894751716e-21
325.7122869971341	0.00346736850452532	3.5018324499758837e-22
403.5543872869759	0.00346736850452532	5.161303928694147e-24
499.9999999999984	0.00346736850452532	0
1000	0.00346736850452532	0
2000	0.00346736850452532	0
1.	0.003981071705534978	0.0690404138664178
1.9999999999999998	0.003981071705534978	0.13610402789881734
2.288838595949997	0.003981071705534978	0.16715588534965112
2.6193910591551774	0.003981071705534978	0.20818918985954885
2.9976816770403563	0.003981071705534978	0.2583132698690643
3.4306047603910415	0.003981071705534978	0.31008444872933943
3.926050291516404	0.003981071705534978	0.34681512481629373
4.493047718431742	0.003981071705534978	0.34760313813045485
5.141930515695824	0.003981071705534978	0.30514108876215956
5.884524511008838	0.003981071705534978	0.23624771609234893
6.734363409805407	0.003981071705534978	0.16166182981507138
7.706935445758021	0.003981071705534978	0.09006428395558629
8.819965652373028	0.003981071705534978	0.036608329933924336
10.093738900052346	0.003981071705534978	0.01138870820552369
11.551469585940843	0.003981071705534978	0.003957897047282172
13.219724714121972	0.003981071705534978	0.0021417791805785624
15.128908076758211	0.003981071705534978	0.0012300784356215275
17.313814360331925	0.003981071705534978	0.0006510256560290097
19.814263275520517	0.003981071705534978	0.00036484237149875536
22.675825267662994	0.003981071705534978	0.00019919213023111395
25.950652033822625	0.003981071705534978	0.0000745609602625043
29.698426982540767	0.003981071705534978	0.00003387109702911109
33.98745295832107	0.003981071705534978	0.000015011413800400049
38.895897054520105	0.003981071705534978	6.066948180230569e-6
44.51321520124173	0.003981071705534978	2.0655302415763698e-6
50.941782491215115	0.003981071705534978	6.620409756732803e-7
58.29875895619149	0.003981071705534978	1.9831497952595705e-7
66.71822479745835	0.003981071705534978	5.061937685302098e-8
76.35362398484546	0.003981071705534978	9.213432339708668e-9
87.38056075858388	0.003981071705534978	9.763358269837907e-10
100.00000000000031	0.003981071705534978	5.4728915832489104e-11
111.55639876771902	0.003981071705534978	3.3645262141477735e-12
138.21730389017998	0.003981071705534978	1.2370219347044055e-15
171.24990861750976	0.003981071705534978	2.994226284620775e-19
212.17698780180757	0.003981071705534978	5.18985470859844e-20
262.885244821937	0.003981071705534978	7.51952478383607e-21
325.7122869971341	0.003981071705534978	4.0507242076071775e-22
403.5543872869759	0.003981071705534978	5.9709870580368374e-24
499.9999999999984	0.003981071705534978	0
1000	0.003981071705534978	0
2000	0.003981071705534978	0
1.	0.0045708818961487565	0.0738357127527127
1.9999999999999998	0.0045708818961487565	0.1457520247074183
2.288838595949997	0.0045708818961487565	0.17970686760994042
2.6193910591551774	0.0045708818961487565	0.2253142052711043
2.9976816770403563	0.0045708818961487565	0.28228530232555754
3.4306047603910415	0.0045708818961487565	0.34321754355864925
3.926050291516404	0.0045708818961487565	0.38983913212257265
4.493047718431742	0.0045708818961487565	0.3964681264670237
5.141930515695824	0.0045708818961487565	0.3523820983422702
5.884524511008838	0.0045708818961487565	0.2749796740057936
6.734363409805407	0.0045708818961487565	0.18961580321061688
7.706935445758021	0.0045708818961487565	0.10690144464963945
8.819965652373028	0.0045708818961487565	0.04391527156264385
10.093738900052346	0.0045708818961487565	0.013636268057717602
11.551469585940843	0.0045708818961487565	0.0046533797490095315
13.219724714121972	0.0045708818961487565	0.0024815275064055406
15.128908076758211	0.0045708818961487565	0.0014293281604766082
17.313814360331925	0.0045708818961487565	0.0007546364344922765
19.814263275520517	0.0045708818961487565	0.0004230380608594228
22.675825267662994	0.0045708818961487565	0.00023095599024442422
25.950652033822625	0.0045708818961487565	0.00008659505399039376
29.698426982540767	0.0045708818961487565	0.000039292380157614375
33.98745295832107	0.0045708818961487565	0.000017414547855908513
38.895897054520105	0.0045708818961487565	7.039699404678702e-6
44.51321520124173	0.0045708818961487565	2.397807064763674e-6
50.941782491215115	0.0045708818961487565	7.686440016150902e-7
58.29875895619149	0.0045708818961487565	2.3009946712807768e-7
66.71822479745835	0.0045708818961487565	5.8721232643443167e-8
76.35362398484546	0.0045708818961487565	1.0686442217186342e-8
87.38056075858388	0.0045708818961487565	1.1332934273068049e-9
100.00000000000031	0.0045708818961487565	6.370067838761768e-11
111.55639876771902	0.0045708818961487565	3.917401430917992e-12
138.21730389017998	0.0045708818961487565	1.4454379869410022e-15
171.24990861750976	0.0045708818961487565	3.4690392358579543e-19
212.17698780180757	0.0045708818961487565	6.007157508876497e-20
262.885244821937	0.0045708818961487565	8.703843439951279e-21
325.7122869971341	0.0045708818961487565	4.689117585431452e-22
403.5543872869759	0.0045708818961487565	6.912877076158887e-24
499.9999999999984	0.0045708818961487565	0
1000	0.0045708818961487565	0
2000	0.0045708818961487565	0
1.	0.005248074602497733	0.07839022494250343
1.9999999999999998	0.005248074602497733	0.1545760449103575
2.288838595949997	0.005248074602497733	0.19137288119976387
2.6193910591551774	0.005248074602497733	0.24165726752454808
2.9976816770403563	0.005248074602497733	0.30595941000753807
3.4306047603910415	0.005248074602497733	0.37736176414537675
3.926050291516404	0.005248074602497733	0.43580829444500474
4.493047718431742	0.005248074602497733	0.4511612952123799
5.141930515695824	0.005248074602497733	0.40670130887945566
5.884524511008838	0.005248074602497733	0.3203807969344311
6.734363409805407	0.005248074602497733	0.22290289966606947
7.706935445758021	0.005248074602497733	0.12737459672169624
8.819965652373028	0.005248074602497733	0.05303375778929448
10.093738900052346	0.005248074602497733	0.016410929118331714
11.551469585940843	0.005248074602497733	0.005485643934778882
13.219724714121972	0.005248074602497733	0.0028840269743689697
15.128908076758211	0.005248074602497733	0.0016630987223834738
17.313814360331925	0.005248074602497733	0.0008756696385985611
19.814263275520517	0.005248074602497733	0.0004911181214175348
22.675825267662994	0.005248074602497733	0.00026813196501367407
25.950652033822625	0.005248074602497733	0.00010071855069269027
29.698426982540767	0.005248074602497733	0.00004564678432218446
33.98745295832107	0.005248074602497733	0.00002023659830771471
38.895897054520105	0.005248074602497733	8.175045182372021e-6
44.51321520124173	0.005248074602497733	2.785966929582912e-6
50.941782491215115	0.005248074602497733	8.931497666587883e-7
58.29875895619149	0.005248074602497733	2.6720259369027536e-7
66.71822479745835	0.005248074602497733	6.817229485964186e-8
76.35362398484546	0.005248074602497733	1.2406275089570649e-8
87.38056075858388	0.005248074602497733	1.3169116506556985e-9
100.00000000000031	0.005248074602497733	7.423480617209694e-11
111.55639876771902	0.005248074602497733	4.567669255190399e-12
138.21730389017998	0.005248074602497733	1.6922786988839549e-15
171.24990861750976	0.005248074602497733	4.021770910819109e-19
212.17698780180757	0.005248074602497733	6.956765787728056e-20
262.885244821937	0.005248074602497733	1.0079887055864393e-20
325.7122869971341	0.005248074602497733	5.431000516743316e-22
403.5543872869759	0.005248074602497733	8.007731520854638e-24
499.9999999999984	0.005248074602497733	0
1000	0.005248074602497733	0
2000	0.005248074602497733	0
1.	0.006025595860743587	0.08260387756795912
1.9999999999999998	0.006025595860743587	0.16216295960986918
2.288838595949997	0.006025595860743587	0.201520754657134
2.6193910591551774	0.006025595860743587	0.25643712307429595
2.9976816770403563	0.006025595860743587	0.3284972018740892
3.4306047603910415	0.006025595860743587	0.41158351569835927
3.926050291516404	0.006025595860743587	0.4842167563017684
4.493047718431742	0.006025595860743587	0.5114695692752788
5.141930515695824	0.006025595860743587	0.46900860196155625
5.884524511008838	0.006025595860743587	0.3734861283340163
6.734363409805407	0.006025595860743587	0.2625324036498811
7.706935445758021	0.006025595860743587	0.15261238036316674
8.819965652373028	0.006025595860743587	0.06442098386397564
10.093738900052346	0.006025595860743587	0.019901623725181276
11.551469585940843	0.006025595860743587	0.006497594274357907
13.219724714121972	0.006025595860743587	0.0033535191898434033
15.128908076758211	0.006025595860743587	0.0019390051294227808
17.313814360331925	0.006025595860743587	0.0010187766670994105
19.814263275520517	0.006025595860743587	0.0005711011492822236
22.675825267662994	0.006025595860743587	0.00031150227128344066
25.950652033822625	0.006025595860743587	0.00011737575468346831
29.698426982540767	0.006025595860743587	0.00005311017429988346
33.98745295832107	0.006025595860743587	0.000023549606580762498
38.895897054520105	0.006025595860743587	9.517151275635199e-6
44.51321520124173	0.006025595860743587	3.2452276888989513e-6
50.941782491215115	0.006025595860743587	1.0403895302688004e-6
58.29875895619149	0.006025595860743587	3.1107016248367307e-7
66.71822479745835	0.006025595860743587	7.933638632353666e-8
76.35362398484546	0.006025595860743587	1.4440524183417024e-8
87.38056075858388	0.006025595860743587	1.5345888389978293e-9
100.00000000000031	0.006025595860743587	8.67666922565029e-11
111.55639876771902	0.006025595860743587	5.342949633064958e-12
138.21730389017998	0.006025595860743587	1.9888163800231847e-15
171.24990861750976	0.006025595860743587	4.673292139751585e-19
212.17698780180757	0.006025595860743587	8.073679689838321e-20
262.885244821937	0.006025595860743587	1.1698420490887577e-20
325.7122869971341	0.006025595860743587	6.303801974516084e-22
403.5543872869759	0.006025595860743587	9.296164616301301e-24
499.9999999999984	0.006025595860743587	0
1000	0.006025595860743587	0
2000	0.006025595860743587	0
1.	0.006918309709189377	0.0863892987668621
1.9999999999999998	0.006918309709189377	0.16806099807865812
2.288838595949997	0.006918309709189377	0.20971579484561087
2.6193910591551774	0.006918309709189377	0.2688462189768528
2.9976816770403563	0.006918309709189377	0.3485003644532213
3.4306047603910415	0.006918309709189377	0.4442648518833592
3.926050291516404	0.006918309709189377	0.5340340059725376
4.493047718431742	0.006918309709189377	0.5772148048255082
5.141930515695824	0.006918309709189377	0.5400489045206204
5.884524511008838	0.006918309709189377	0.43588430993293437
6.734363409805407	0.006918309709189377	0.30971054191888825
7.706935445758021	0.006918309709189377	0.18343658125906181
8.819965652373028	0.006918309709189377	0.07872340436221589
10.093738900052346	0.006918309709189377	0.024331055990653504
11.551469585940843	0.006918309709189377	0.007746435614332864
13.219724714121972	0.006918309709189377	0.003905858586921292
15.128908076758211	0.006918309709189377	0.0022655859022179853
17.313814360331925	0.006918309709189377	0.0011858469515048094
19.814263275520517	0.006918309709189377	0.000664513626473364
22.675825267662994	0.006918309709189377	0.0003621552465818054
25.950652033822625	0.006918309709189377	0.0001370412908235545
29.698426982540767	0.006918309709189377	0.0000618865805005913
33.98745295832107	0.006918309709189377	0.000027450376422713952
38.895897054520105	0.006918309709189377	0.00001110090929499985
44.51321520124173	0.006918309709189377	3.7876736950777315e-6
50.941782491215115	0.006918309709189377	1.2141740100500877e-6
58.29875895619149	0.006918309709189377	3.6283838094731274e-7
66.71822479745835	0.006918309709189377	9.249698173758644e-8
76.35362398484546	0.006918309709189377	1.6843165749429523e-8
87.38056075858388	0.006918309709189377	1.7923844941186962e-9
100.00000000000031	0.006918309709189377	1.0166051670998016e-10
111.55639876771902	0.006918309709189377	6.266946114491379e-12
138.21730389017998	0.006918309709189377	2.3452898885259202e-15
171.24990861750976	0.006918309709189377	5.4395526711935115e-19
212.17698780180757	0.006918309709189377	9.384048383249856e-20
262.885244821937	0.006918309709189377	1.3597390757704287e-20
325.7122869971341	0.006918309709189377	7.328061136671456e-22
403.5543872869759	0.006918309709189377	1.0808649975748799e-23
499.9999999999984	0.006918309709189377	0
1000	0.006918309709189377	0
2000	0.006918309709189377	0
1.	0.00794328234724283	0.0897103062792331
1.9999999999999998	0.00794328234724283	0.1722520031593625
2.288838595949997	0.00794328234724283	0.2152727957258335
2.6193910591551774	0.00794328234724283	0.2778762531120157
2.9976816770403563	0.00794328234724283	0.3648084442094285
3.4306047603910415	0.00794328234724283	0.4737531025250422
3.926050291516404	0.00794328234724283	0.5834471262647911
4.493047718431742	0.00794328234724283	0.6476818870448061
5.141930515695824	0.00794328234724283	0.6207071012859859
5.884524511008838	0.00794328234724283	0.5089054123508101
6.734363409805407	0.00794328234724283	0.36614862565470874
7.706935445758021	0.00794328234724283	0.22110377207247983
8.819965652373028	0.00794328234724283	0.09705093188215921
10.093738900052346	0.00794328234724283	0.030074060043145924
11.551469585940843	0.00794328234724283	0.009281507691192823
13.219724714121972	0.00794328234724283	0.004564776806026199
15.128908076758211	0.00794328234724283	0.002652446229799703
17.313814360331925	0.00794328234724283	0.0013857069692269383
19.814263275520517	0.00794328234724283	0.0007761082129691096
22.675825267662994	0.00794328234724283	0.0004219811223804803
25.950652033822625	0.00794328234724283	0.00016030888782171028
29.698426982540767	0.00794328234724283	0.00007225847151676737
33.98745295832107	0.00794328234724283	0.00003204825190258692
38.895897054520105	0.00794328234724283	0.000012971615829453426
44.51321520124173	0.00794328234724283	4.428970555800281e-6
50.941782491215115	0.00794328234724283	1.4193923667216648e-6
58.29875895619149	0.00794328234724283	4.2397752387173267e-7
66.71822479745835	0.00794328234724283	1.0801801424173678e-7
76.35362398484546	0.00794328234724283	1.9684264855444836e-8
87.38056075858388	0.00794328234724283	2.0981832251677254e-9
100.00000000000031	0.00794328234724283	1.1938940878409622e-10
111.55639876771902	0.00794328234724283	7.370766056070724e-12
138.21730389017998	0.00794328234724283	2.775350056066151e-15
171.24990861750976	0.00794328234724283	6.34110199769571e-19
212.17698780180757	0.00794328234724283	1.092124883517548e-19
262.885244821937	0.00794328234724283	1.5825159245893913e-20
325.7122869971341	0.00794328234724283	8.52997329276347e-22
403.5543872869759	0.00794328234724283	1.258416726385962e-23
499.9999999999984	0.00794328234724283	0
1000	0.00794328234724283	0
2000	0.00794328234724283	0
1.	0.009120108393559116	0.09285849570252526
1.9999999999999998	0.009120108393559116	0.17383599783774853
2.288838595949997	0.009120108393559116	0.21770478343316413
2.6193910591551774	0.009120108393559116	0.282747254249183
2.9976816770403563	0.009120108393559116	0.3759304580552109
3.4306047603910415	0.009120108393559116	0.49809523601691763
3.926050291516404	0.009120108393559116	0.6301939826904072
4.493047718431742	0.009120108393559116	0.7206415364491199
5.141930515695824	0.009120108393559116	0.7104147968344641
5.884524511008838	0.009120108393559116	0.5941950301696621
6.734363409805407	0.009120108393559116	0.4334203270466498
7.706935445758021	0.009120108393559116	0.2676677126036247
8.819965652373028	0.009120108393559116	0.12077454139724599
10.093738900052346	0.009120108393559116	0.037544087464610035
11.551469585940843	0.009120108393559116	0.01122484647141138
13.219724714121972	0.009120108393559116	0.005347369968215608
15.128908076758211	0.009120108393559116	0.0031099238731975634
17.313814360331925	0.009120108393559116	0.0016214555710531361
19.814263275520517	0.009120108393559116	0.0009063133256686555
22.675825267662994	0.009120108393559116	0.0004928595506279656
25.950652033822625	0.009120108393559116	0.00018794742830081273
29.698426982540767	0.009120108393559116	0.00008453278737923082
33.98745295832107	0.009120108393559116	0.00003750330836901065
38.895897054520105	0.009120108393559116	0.000015168610403487102
44.51321520124173	0.009120108393559116	5.1827248586203836e-6
50.941782491215115	0.009120108393559116	1.6602198314109112e-6
58.29875895619149	0.009120108393559116	4.95745173844275e-7
66.71822479745835	0.009120108393559116	1.262064974473563e-7
76.35362398484546	0.009120108393559116	2.3025051797099894e-8
87.38056075858388	0.009120108393559116	2.4591244934361294e-9
100.00000000000031	0.009120108393559116	1.403895388306218e-10
111.55639876771902	0.009120108393559116	8.684133489445283e-12
138.21730389017998	0.009120108393559116	3.292835868843964e-15
171.24990861750976	0.009120108393559116	7.394786745000102e-19
212.17698780180757	0.009120108393559116	1.2711676977030493e-19
262.885244821937	0.009120108393559116	1.8419991706432084e-20
325.7122869971341	0.009120108393559116	9.93038976478366e-22
403.5543872869759	0.009120108393559116	1.4653851752068094e-23
499.9999999999984	0.009120108393559116	0
1000	0.009120108393559116	0
2000	0.009120108393559116	0
1.	0.010471285480509017	0.09529507381701187
1.9999999999999998	0.010471285480509017	0.17315900727484318
2.288838595949997	0.010471285480509017	0.21668379939650964
2.6193910591551774	0.010471285480509017	0.2826912746565154
2.9976816770403563	0.010471285480509017	0.3805734701632384
3.4306047603910415	0.010471285480509017	0.5148243117161928
3.926050291516404	0.010471285480509017	0.6700526350326581
4.493047718431742	0.010471285480509017	0.7932597238786099
5.141930515695824	0.010471285480509017	0.8089668608784901
5.884524511008838	0.010471285480509017	0.6936239776690665
6.734363409805407	0.010471285480509017	0.5139194721844099
7.706935445758021	0.010471285480509017	0.3248742705082418
8.819965652373028	0.010471285480509017	0.1508923559539715
10.093738900052346	0.010471285480509017	0.047450793335615166
11.551469585940843	0.010471285480509017	0.013716677052741705
13.219724714121972	0.010471285480509017	0.006282095973047417
15.128908076758211	0.010471285480509017	0.0036569276404854693
17.313814360331925	0.010471285480509017	0.0019035721277252736
19.814263275520517	0.010471285480509017	0.0010607007203851963
22.675825267662994	0.010471285480509017	0.0005759133682900427
25.950652033822625	0.010471285480509017	0.0002208948458947152
29.698426982540767	0.010471285480509017	0.00009912529621650031
33.98745295832107	0.010471285480509017	0.000043971735412124545
38.895897054520105	0.010471285480509017	0.000017754587943887847
44.51321520124173	0.010471285480509017	6.070373018422552e-6
50.941782491215115	0.010471285480509017	1.9432302802539668e-6
58.29875895619149	0.010471285480509017	5.801248904960763e-7
66.71822479745835	0.010471285480509017	1.4754961563449637e-7
76.35362398484546	0.010471285480509017	2.6961906234189046e-8
87.38056075858388	0.010471285480509017	2.8863006332581746e-9
100.00000000000031	0.010471285480509017	1.653311433710919e-10
111.55639876771902	0.010471285480509017	1.0252367628946168e-11
138.21730389017998	0.010471285480509017	3.918565648350571e-15
171.24990861750976	0.010471285480509017	8.627678643987523e-19
212.17698780180757	0.010471285480509017	1.479825013537609e-19
262.885244821937	0.010471285480509017	2.1444238533229695e-20
325.7122869971341	0.010471285480509017	1.156312771586545e-21
403.5543872869759	0.010471285480509017	1.706807342212286e-23
499.9999999999984	0.010471285480509017	0
1000	0.010471285480509017	0
2000	0.010471285480509017	0
1.	0.012022644346174156	0.09728203667298142
1.9999999999999998	0.012022644346174156	0.1698728609762876
2.288838595949997	0.012022644346174156	0.2118365939759774
2.6193910591551774	0.012022644346174156	0.2772150090957871
2.9976816770403563	0.012022644346174156	0.37735325954913584
3.4306047603910415	0.012022644346174156	0.5213125698282316
3.926050291516404	0.012022644346174156	0.6999414784996764
4.493047718431742	0.012022644346174156	0.8616938100859246
5.141930515695824	0.012022644346174156	0.9148036257797988
5.884524511008838	0.012022644346174156	0.8093142308262056
6.734363409805407	0.012022644346174156	0.6111321116409762
7.706935445758021	0.012022644346174156	0.3954011809502484
8.819965652373028	0.012022644346174156	0.19049808631937284
10.093738900052346	0.012022644346174156	0.06076818598174102
11.551469585940843	0.012022644346174156	0.01695672130939429
13.219724714121972	0.012022644346174156	0.0073934840665260855
15.128908076758211	0.012022644346174156	0.0043081917731919595
17.313814360331925	0.012022644346174156	0.0022321942656634347
19.814263275520517	0.012022644346174156	0.0012445498883729702
22.675825267662994	0.012022644346174156	0.0006750037174029698
25.950652033822625	0.012022644346174156	0.00026034325383741713
29.698426982540767	0.012022644346174156	0.00011652906351077122
33.98745295832107	0.012022644346174156	0.00005164594049897052
38.895897054520105	0.012022644346174156	0.000020888602655219742
44.51321520124173	0.012022644346174156	7.146087234542959e-6
50.941782491215115	0.012022644346174156	2.285346183723604e-6
58.29875895619149	0.012022644346174156	6.82185208495581e-7
66.71822479745835	0.012022644346174156	1.733142838872926e-7
76.35362398484546	0.012022644346174156	3.1736896752138207e-8
87.38056075858388	0.012022644346174156	3.4067357083714235e-9
100.00000000000031	0.012022644346174156	1.9581212444781297e-10
111.55639876771902	0.012022644346174156	1.2180181244716986e-11
138.21730389017998	0.012022644346174156	4.697675545056591e-15
171.24990861750976	0.012022644346174156	1.0111858006470675e-18
212.17698780180757	0.012022644346174156	1.7299371042819316e-19
262.885244821937	0.012022644346174156	2.5069580719656465e-20
325.7122869971341	0.012022644346174156	1.3521091600014522e-21
403.5543872869759	0.012022644346174156	1.9964758205706188e-23
499.9999999999984	0.012022644346174156	0
1000	0.012022644346174156	0
2000	0.012022644346174156	0
1.	0.01380384264602888	0.09875493877622571
1.9999999999999998	0.01380384264602888	0.16428884564769164
2.288838595949997	0.01380384264602888	0.2037215776432285
2.6193910591551774	0.01380384264602888	0.2663189527792892
2.9976816770403563	0.01380384264602888	0.365379168932109
3.4306047603910415	0.01380384264602888	0.5154285257581251
3.926050291516404	0.01380384264602888	0.7158200370851686
4.493047718431742	0.01380384264602888	0.9203740180866956
5.141930515695824	0.01380384264602888	1.0232121142179615
5.884524511008838	0.01380384264602888	0.9411699033117731
6.734363409805407	0.01380384264602888	0.7263270061183286
7.706935445758021	0.01380384264602888	0.4825913478730362
8.819965652373028	0.01380384264602888	0.24214934796652435
10.093738900052346	0.01380384264602888	0.0790475878587458
11.551469585940843	0.01380384264602888	0.02126392816334262
13.219724714121972	0.01380384264602888	0.008759326760680836
15.128908076758211	0.01380384264602888	0.00508931049606726
17.313814360331925	0.01380384264602888	0.002631353442852884
19.814263275520517	0.01380384264602888	0.0014607526118082567
22.675825267662994	0.01380384264602888	0.0007921591906044039
25.950652033822625	0.01380384264602888	0.0003077531871030845
29.698426982540767	0.01380384264602888	0.00013547504502060728
33.98745295832107	0.01380384264602888	0.00006083860395205765
38.895897054520105	0.01380384264602888	0.000024270505044088662
44.51321520124173	0.01380384264602888	8.306343853622636e-6
50.941782491215115	0.01380384264602888	2.652907943662795e-6
58.29875895619149	0.01380384264602888	7.918891076146157e-7
66.71822479745835	0.01380384264602888	2.0093232338958039e-7
76.35362398484546	0.01380384264602888	3.689148682084783e-8
87.38056075858388	0.01380384264602888	3.9724970694391724e-9
100.00000000000031	0.01380384264602888	2.2913928132575193e-10
111.55639876771902	0.01380384264602888	1.4307317278847035e-11
138.21730389017998	0.01380384264602888	5.574744671403329e-15
171.24990861750976	0.01380384264602888	1.1694791805315385e-18
212.17698780180757	0.01380384264602888	1.9947551919751949e-19
262.885244821937	0.01380384264602888	2.8908317652188006e-20
325.7122869971341	0.01380384264602888	1.559569254076222e-21
403.5543872869759	0.01380384264602888	2.30367266176958e-23
499.9999999999984	0.01380384264602888	0
1000	0.01380384264602888	0
2000	0.01380384264602888	0
1.	0.015848931924611172	0.09581905144021395
1.9999999999999998	0.015848931924611172	0.15688688796950895
2.288838595949997	0.015848931924611172	0.19265965042125846
2.6193910591551774	0.015848931924611172	0.25075400376776213
2.9976816770403563	0.015848931924611172	0.3456062157264749
3.4306047603910415	0.015848931924611172	0.4962626302690706
3.926050291516404	0.015848931924611172	0.7125547873908699
4.493047718431742	0.015848931924611172	0.9607131939010632
5.141930515695824	0.015848931924611172	1.1273311951736769
5.884524511008838	0.015848931924611172	1.0871309394034514
6.734363409805407	0.015848931924611172	0.8635092258294016
7.706935445758021	0.015848931924611172	0.5884060448822713
8.819965652373028	0.015848931924611172	0.30970728698873295
10.093738900052346	0.015848931924611172	0.10445542423840473
11.551469585940843	0.015848931924611172	0.02714202630546709
13.219724714121972	0.015848931924611172	0.010402672119728226
15.128908076758211	0.015848931924611172	0.006028374564055866
17.313814360331925	0.015848931924611172	0.0031188500866223745
19.814263275520517	0.015848931924611172	0.001720624781145296
22.675825267662994	0.015848931924611172	0.0009325778988937855
25.950652033822625	0.015848931924611172	0.0003601233978868721
29.698426982540767	0.015848931924611172	0.00016015087678567292
33.98745295832107	0.015848931924611172	0.00006972710265372824
38.895897054520105	0.015848931924611172	0.000028255608642420886
44.51321520124173	0.015848931924611172	9.67083273428065e-6
50.941782491215115	0.015848931924611172	3.0835374436864763e-6
58.29875895619149	0.015848931924611172	9.20435405827192e-7
66.71822479745835	0.015848931924611172	2.3323274978485803e-7
76.35362398484546	0.015848931924611172	4.295744031276373e-8
87.38056075858388	0.015848931924611172	4.642299635272294e-9
100.00000000000031	0.015848931924611172	2.687724179400202e-10
111.55639876771902	0.015848931924611172	1.685791751577541e-11
138.21730389017998	0.015848931924611172	6.644558046286988e-15
171.24990861750976	0.015848931924611172	1.3538247834263093e-18
212.17698780180757	0.015848931924611172	2.301104843428638e-19
262.885244821937	0.015848931924611172	3.334951857748125e-20
325.7122869971341	0.015848931924611172	1.79970903832215e-21
403.5543872869759	0.015848931924611172	2.659542950142992e-23
499.9999999999984	0.015848931924611172	0
1000	0.015848931924611172	0
2000	0.015848931924611172	0
1.	0.01819700858609988	0.09960250179460953
1.9999999999999998	0.01819700858609988	0.14864697178306938
2.288838595949997	0.01819700858609988	0.1797378045159604
2.6193910591551774	0.01819700858609988	0.23149817516860444
2.9976816770403563	0.01819700858609988	0.31854845803404236
3.4306047603910415	0.01819700858609988	0.4633170130561238
3.926050291516404	0.01819700858609988	0.6875329939556094
4.493047718431742	0.01819700858609988	0.974869781617978
5.141930515695824	0.01819700858609988	1.2172902128749665
5.884524511008838	0.01819700858609988	1.2435293432195964
6.734363409805407	0.01819700858609988	1.024609527499172
7.706935445758021	0.01819700858609988	0.7176099402556919
8.819965652373028	0.01819700858609988	0.39784760878510356
10.093738900052346	0.01819700858609988	0.14030136410993416
11.551469585940843	0.01819700858609988	0.03547152548215099
13.219724714121972	0.01819700858609988	0.012516839520151573
15.128908076758211	0.01819700858609988	0.007155131613509759
17.313814360331925	0.01819700858609988	0.0037158426700974875
19.814263275520517	0.01819700858609988	0.002032865904015174
22.675825267662994	0.01819700858609988	0.00110290550207949
25.950652033822625	0.01819700858609988	0.000434645059044606
29.698426982540767	0.01819700858609988	0.00019292844090970223
33.98745295832107	0.01819700858609988	0.00008523863301758178
38.895897054520105	0.01819700858609988	0.00003441595136175965
44.51321520124173	0.01819700858609988	0.000011774277779653784
50.941782491215115	0.01819700858609988	3.746595942063144e-6
58.29875895619149	0.01819700858609988	1.118266901748499e-6
66.71822479745835	0.01819700858609988	2.829842593335524e-7
76.35362398484546	0.01819700858609988	5.230797520870788e-8
87.38056075858388	0.01819700858609988	5.675657391531465e-9
100.00000000000031	0.01819700858609988	3.2993851365033096e-10
111.55639876771902	0.01819700858609988	2.0803314802693574e-11
138.21730389017998	0.01819700858609988	8.30604280588556e-15
171.24990861750976	0.01819700858609988	1.637577118981332e-18
212.17698780180757	0.01819700858609988	2.7719422624485714e-19
262.885244821937	0.01819700858609988	4.017565889705016e-20
325.7122869971341	0.01819700858609988	2.1688555361173215e-21
403.5543872869759	0.01819700858609988	3.206621532583122e-23
499.9999999999984	0.01819700858609988	0
1000	0.01819700858609988	0
2000	0.01819700858609988	0
1.	0.02089296130854045	0.10016599191296831
1.9999999999999998	0.02089296130854045	0.13978712715368383
2.288838595949997	0.02089296130854045	0.16581207335026926
2.6193910591551774	0.02089296130854045	0.20997152260023677
2.9976816770403563	0.02089296130854045	0.2862819770254076
3.4306047603910415	0.02089296130854045	0.4189567532769216
3.926050291516404	0.02089296130854045	0.6392488554813704
4.493047718431742	0.02089296130854045	0.9553540080917886
5.141930515695824	0.02089296130854045	1.278409208792306
5.884524511008838	0.02089296130854045	1.402176725385407
6.734363409805407	0.02089296130854045	1.2142060912845105
7.706935445758021	0.02089296130854045	0.8754453211064531
8.819965652373028	0.02089296130854045	0.5108078031502739
10.093738900052346	0.02089296130854045	0.19101944230425716
11.551469585940843	0.02089296130854045	0.04750282166967011
13.219724714121972	0.02089296130854045	0.015319771671088838
15.128908076758211	0.02089296130854045	0.008513855474460593
17.313814360331925	0.02089296130854045	0.004449197736345866
19.814263275520517	0.02089296130854045	0.002405224676249019
22.675825267662994	0.02089296130854045	0.001309570940043667
25.950652033822625	0.02089296130854045	0.0005197623467249529
29.698426982540767	0.02089296130854045	0.00023010265762770705
33.98745295832107	0.02089296130854045	0.00010153017636446062
38.895897054520105	0.02089296130854045	0.00004096714232188995
44.51321520124173	0.02089296130854045	0.000014000052714903103
50.941782491215115	0.02089296130854045	4.444393916262196e-6
58.29875895619149	0.02089296130854045	1.3260906204509919e-6
66.71822479745835	0.02089296130854045	3.351876849460161e-7
76.35362398484546	0.02089296130854045	6.219758861754372e-8
87.38056075858388	0.02089296130854045	6.779108590024778e-9
100.00000000000031	0.02089296130854045	3.9591007705208606e-10
111.55639876771902	0.02089296130854045	2.5112237397791693e-11
138.21730389017998	0.02089296130854045	1.017179379645727e-14
171.24990861750976	0.02089296130854045	1.932788755950652e-18
212.17698780180757	0.02089296130854045	3.25578265468175e-19
262.885244821937	0.02089296130854045	4.7191114845098815e-20
325.7122869971341	0.02089296130854045	2.5486006845696835e-21
403.5543872869759	0.02089296130854045	3.7702267771916296e-23
499.9999999999984	0.02089296130854045	0
1000	0.02089296130854045	0
2000	0.02089296130854045	0
1.	0.023988329190194974	0.09851977642361996
1.9999999999999998	0.023988329190194974	0.13038992880680642
2.288838595949997	0.023988329190194974	0.15151378780810826
2.6193910591551774	0.023988329190194974	0.18752600505173367
2.9976816770403563	0.023988329190194974	0.2511861633690061
3.4306047603910415	0.023988329190194974	0.3664705149274273
3.926050291516404	0.023988329190194974	0.5716164862621911
4.493047718431742	0.023988329190194974	0.8984749005211792
5.141930515695824	0.023988329190194974	1.296359821592101
5.884524511008838	0.023988329190194974	1.5457701983734529
6.734363409805407	0.023988329190194974	1.427820585983222
7.706935445758021	0.023988329190194974	1.0650935377463386
8.819965652373028	0.023988329190194974	0.6559920726617237
10.093738900052346	0.023988329190194974	0.2640435531727009
11.551469585940843	0.023988329190194974	0.06550457155018305
13.219724714121972	0.023988329190194974	0.019049328220471406
15.128908076758211	0.023988329190194974	0.010162998764781363
17.313814360331925	0.023988329190194974	0.005358055026101902
19.814263275520517	0.023988329190194974	0.0028577612341149808
22.675825267662994	0.023988329190194974	0.0015632152858868834
25.950652033822625	0.023988329190194974	0.0006235038046876251
29.698426982540767	0.023988329190194974	0.0002755434890877195
33.98745295832107	0.023988329190194974	0.00012138189005422137
38.895897054520105	0.023988329190194974	0.00004885102211004949
44.51321520124173	0.023988329190194974	0.000016661656256328578
50.941782491215115	0.023988329190194974	5.275721250882225e-6
58.29875895619149	0.023988329190194974	1.572853755929074e-6
66.71822479745835	0.023988329190194974	3.972586267684857e-7
76.35362398484546	0.023988329190194974	7.40050030963191e-8
87.38056075858388	0.023988329190194974	8.105985335216843e-9
100.00000000000031	0.023988329190194974	4.760005917572379e-10
111.55639876771902	0.023988329190194974	3.039243962874763e-11
138.21730389017998	0.023988329190194974	1.2509235908828578e-14
171.24990861750976	0.023988329190194974	2.281151638405566e-18
212.17698780180757	0.023988329190194974	3.8204932346967183e-19
262.885244821937	0.023988329190194974	5.538046860258209e-20
325.7122869971341	0.023988329190194974	2.9922547823321384e-21
403.5543872869759	0.023988329190194974	4.4294274865072175e-23
499.9999999999984	0.023988329190194974	0
1000	0.023988329190194974	0
2000	0.023988329190194974	0
1.	0.027542287033381744	0.0956493104728975
1.9999999999999998	0.027542287033381744	0.12172203162483033
2.288838595949997	0.027542287033381744	0.13818096863767373
2.6193910591551774	0.027542287033381744	0.16644021766316336
2.9976816770403563	0.027542287033381744	0.21670449081022464
3.4306047603910415	0.027542287033381744	0.31092990981830837
3.926050291516404	0.027542287033381744	0.48860746449790676
4.493047718431742	0.027542287033381744	0.8029950832788957
5.141930515695824	0.027542287033381744	1.253550428833396
5.884524511008838	0.027542287033381744	1.6461496754337281
6.734363409805407	0.027542287033381744	1.6539978951945558
7.706935445758021	0.027542287033381744	1.28902089207079
8.819965652373028	0.027542287033381744	0.8355351163070628
10.093738900052346	0.027542287033381744	0.3676833029500494
11.551469585940843	0.027542287033381744	0.09341622047212517
13.219724714121972	0.027542287033381744	0.024315423632169927
15.128908076758211	0.027542287033381744	0.012175171682376702
17.313814360331925	0.027542287033381744	0.006500758063661988
19.814263275520517	0.027542287033381744	0.003407103432739777
22.675825267662994	0.027542287033381744	0.0018720302177424398
25.950652033822625	0.027542287033381744	0.0007502249686769101
29.698426982540767	0.027542287033381744	0.00033141862738048013
33.98745295832107	0.027542287033381744	0.000145637949129986
38.895897054520105	0.027542287033381744	0.00005841901742917723
44.51321520124173	0.027542287033381744	0.00001986693830619018
50.941782491215115	0.027542287033381744	6.273844856024227e-6
58.29875895619149	0.027542287033381744	1.8675384342834852e-6
66.71822479745835	0.027542287033381744	4.7162596429135786e-7
76.35362398484546	0.027542287033381744	8.818591325364469e-8
87.38056075858388	0.027542287033381744	9.711601546427087e-9
100.00000000000031	0.027542287033381744	5.740971394931213e-10
111.55639876771902	0.027542287033381744	3.6918669278087796e-11
138.21730389017998	0.027542287033381744	1.5467513574025933e-14
171.24990861750976	0.027542287033381744	2.6948915034893287e-18
212.17698780180757	0.027542287033381744	4.482525901033869e-19
262.885244821937	0.027542287033381744	6.498208703015198e-20
325.7122869971341	0.027542287033381744	3.512899258048851e-21
403.5543872869759	0.027542287033381744	5.204041799602734e-23
499.9999999999984	0.027542287033381744	0
1000	0.027542287033381744	0
2000	0.027542287033381744	0
1.	0.03162277660168389	0.091231425333028
1.9999999999999998	0.03162277660168389	0.11341304764529067
2.288838595949997	0.03162277660168389	0.12628400565354791
2.6193910591551774	0.03162277660168389	0.14752021490754827
2.9976816770403563	0.03162277660168389	0.18552845818170927
3.4306047603910415	0.03162277660168389	0.2576586827956021
3.926050291516404	0.03162277660168389	0.40100664551460097
4.493047718431742	0.03162277660168389	0.6795195873118047
5.141930515695824	0.03162277660168389	1.1462309837099527
5.884524511008838	0.03162277660168389	1.676600879040031
6.734363409805407	0.03162277660168389	1.8750976191068682
7.706935445758021	0.03162277660168389	1.5576199464454183
8.819965652373028	0.03162277660168389	1.0590206660809707
10.093738900052346	0.03162277660168389	0.5131611412862612
11.551469585940843	0.03162277660168389	0.13750558486377096
13.219724714121972	0.03162277660168389	0.03190383292550777
15.128908076758211	0.03162277660168389	0.014633661221390844
17.313814360331925	0.03162277660168389	0.007956999394013757
19.814263275520517	0.03162277660168389	0.00408181304661016
22.675825267662994	0.03162277660168389	0.0022557273888866173
25.950652033822625	0.03162277660168389	0.0009064168676489351
29.698426982540767	0.03162277660168389	0.00040065618613546684
33.98745295832107	0.03162277660168389	0.000175441299242355
38.895897054520105	0.03162277660168389	0.00007021819548312686
44.51321520124173	0.03162277660168389	0.00002378700444982406
50.941782491215115	0.03162277660168389	7.492540939132374e-6
58.29875895619149	0.03162277660168389	2.2247320773470746e-6
66.71822479745835	0.03162277660168389	5.622103637616414e-7
76.35362398484546	0.03162277660168389	1.054696588599858e-7
87.38056075858388	0.03162277660168389	1.1683908744990411e-8
100.00000000000031	0.03162277660168389	6.963584730195905e-10
111.55639876771902	0.03162277660168389	4.512117701128535e-11
138.21730389017998	0.03162277660168389	1.9279693817775553e-14
171.24990861750976	0.03162277660168389	3.194154279929104e-18
212.17698780180757	0.03162277660168389	5.269510855868134e-19
262.885244821937	0.03162277660168389	7.639802644581775e-20
325.7122869971341	0.03162277660168389	4.132561678254225e-21
403.5543872869759	0.03162277660168389	6.127257088489808e-23
499.9999999999984	0.03162277660168389	0
1000	0.03162277660168389	0
2000	0.03162277660168389	0
1.	0.03630780547701025	0.08599209508218628
1.9999999999999998	0.03630780547701025	0.1054909928414292
2.288838595949997	0.03630780547701025	0.11531494300947805
2.6193910591551774	0.03630780547701025	0.1310120630541394
2.9976816770403563	0.03630780547701025	0.15839418038369335
3.4306047603910415	0.03630780547701025	0.21064499195000902
3.926050291516404	0.03630780547701025	0.31789604422524714
4.493047718431742	0.03630780547701025	0.5437139593023822
5.141930515695824	0.03630780547701025	0.9803612292475551
5.884524511008838	0.03630780547701025	1.6076821531203636
6.734363409805407	0.03630780547701025	2.048149424174928
7.706935445758021	0.03630780547701025	1.8655011780122792
8.819965652373028	0.03630780547701025	1.3264924280643613
10.093738900052346	0.03630780547701025	0.7134048007951891
11.551469585940843	0.03630780547701025	0.20879164587204938
13.219724714121972	0.03630780547701025	0.04402138016696147
15.128908076758211	0.03630780547701025	0.017715874815984956
17.313814360331925	0.03630780547701025	0.009790364413417739
19.814263275520517	0.03630780547701025	0.004914872686363702
22.675825267662994	0.03630780547701025	0.0027464879141650706
25.950652033822625	0.03630780547701025	0.0011008043488038139
29.698426982540767	0.03630780547701025	0.0004880323796246196
33.98745295832107	0.03630780547701025	0.00021271806693312135
38.895897054520105	0.03630780547701025	0.00008510869527090705
44.51321520124173	0.03630780547701025	0.000028697134600189843
50.941782491215115	0.03630780547701025	9.018957288822953e-6
58.29875895619149	0.03630780547701025	2.6683014561392087e-6
66.71822479745835	0.03630780547701025	6.75350458174578e-7
76.35362398484546	0.03630780547701025	1.270421941648296e-7
87.38056075858388	0.03630780547701025	1.416624926795567e-8
100.00000000000031	0.03630780547701025	8.527118994851299e-10
111.55639876771902	0.03630780547701025	5.5691649247558044e-11
138.21730389017998	0.03630780547701025	2.4321265354095114e-14
171.24990861750976	0.03630780547701025	3.812214187037592e-18
212.17698780180757	0.03630780547701025	6.227480338912749e-19
262.885244821937	0.03630780547701025	9.029631034774708e-20
325.7122869971341	0.03630780547701025	4.887758740758933e-21
403.5543872869759	0.03630780547701025	7.254118230579258e-23
499.9999999999984	0.03630780547701025	0
1000	0.03630780547701025	0
2000	0.03630780547701025	0
1.	0.04168693834703368	0.08116217922861248
1.9999999999999998	0.04168693834703368	0.0984603630698464
2.288838595949997	0.04168693834703368	0.10624391232920219
2.6193910591551774	0.04168693834703368	0.11764398622130719
2.9976816770403563	0.04168693834703368	0.13676603857078637
3.4306047603910415	0.04168693834703368	0.17278354100102328
3.926050291516404	0.04168693834703368	0.2473037529161203
4.493047718431742	0.04168693834703368	0.4140556559871541
5.141930515695824	0.04168693834703368	0.7776521895705841
5.884524511008838	0.04168693834703368	1.4260619655906006
6.734363409805407	0.04168693834703368	2.111529654985553
7.706935445758021	0.04168693834703368	2.1824614092707844
8.819965652373028	0.04168693834703368	1.643354498253672
10.093738900052346	0.04168693834703368	0.9752106820469887
11.551469585940843	0.04168693834703368	0.3243277221662798
13.219724714121972	0.04168693834703368	0.06434076885776191
15.128908076758211	0.04168693834703368	0.02175599952476785
17.313814360331925	0.04168693834703368	0.012161083152163191
19.814263275520517	0.04168693834703368	0.005974869422053754
22.675825267662994	0.04168693834703368	0.0033473592370760717
25.950652033822625	0.04168693834703368	0.0013410212542906434
29.698426982540767	0.04168693834703368	0.0005976816604463873
33.98745295832107	0.04168693834703368	0.00025918201395572346
38.895897054520105	0.04168693834703368	0.00010347022739673324
44.51321520124173	0.04168693834703368	0.000034710742657212424
50.941782491215115	0.04168693834703368	0.000010890814204496553
58.29875895619149	0.04168693834703368	3.207088049339904e-6
66.71822479745835	0.04168693834703368	8.135184018090736e-7
76.35362398484546	0.04168693834703368	1.5339192464751687e-7
87.38056075858388	0.04168693834703368	1.7231775248355304e-8
100.00000000000031	0.04168693834703368	1.0493618910364738e-9
111.55639876771902	0.04168693834703368	6.910409821448427e-11
138.21730389017998	0.04168693834703368	3.091915189640609e-14
171.24990861750976	0.04168693834703368	4.560243234432498e-18
212.17698780180757	0.04168693834703368	7.361637057862297e-19
262.885244821937	0.04168693834703368	1.067540103167118e-19
325.7122869971341	0.04168693834703368	5.78324692191212e-21
403.5543872869759	0.04168693834703368	8.592836240838945e-23
499.9999999999984	0.04168693834703368	0
1000	0.04168693834703368	0
2000	0.04168693834703368	0
1.	0.047863009232264	0.07781679953689608
1.9999999999999998	0.047863009232264	0.092512494018447
2.288838595949997	0.047863009232264	0.09821766494266862
2.6193910591551774	0.047863009232264	0.10680202898368954
2.9976816770403563	0.047863009232264	0.12050707888481893
3.4306047603910415	0.047863009232264	0.14459644716794307
3.926050291516404	0.047863009232264	0.19370101011432156
4.493047718431742	0.047863009232264	0.30566244752892185
5.141930515695824	0.047863009232264	0.5746041805793217
5.884524511008838	0.047863009232264	1.1566241626508813
6.734363409805407	0.047863009232264	2.0159111978759587
7.706935445758021	0.047863009232264	2.4629280792331802
8.819965652373028	0.047863009232264	2.0286722599360725
10.093738900052346	0.047863009232264	1.3055492319128847
11.551469585940843	0.047863009232264	0.5082839980511376
13.219724714121972	0.047863009232264	0.09979134812725504
15.128908076758211	0.047863009232264	0.027391966041000186
17.313814360331925	0.047863009232264	0.015169659998215606
19.814263275520517	0.047863009232264	0.007354217176112561
22.675825267662994	0.047863009232264	0.004107132219647573
25.950652033822625	0.047863009232264	0.0016418166045295665
29.698426982540767	0.047863009232264	0.0007249116203612196
33.98745295832107	0.047863009232264	0.0003077126849391367
38.895897054520105	0.047863009232264	0.00012504515110348008
44.51321520124173	0.047863009232264	0.000041736606146718425
50.941782491215115	0.047863009232264	0.00001308359124725839
58.29875895619149	0.047863009232264	3.831940712216684e-6
66.71822479745835	0.047863009232264	9.743248653198848e-7
76.35362398484546	0.047863009232264	1.8415175214995685e-7
87.38056075858388	0.047863009232264	2.0866435221792076e-8
100.00000000000031	0.047863009232264	1.2873338470899235e-9
111.55639876771902	0.047863009232264	8.551888113665464e-11
138.21730389017998	0.047863009232264	3.9310967561796017e-14
171.24990861750976	0.047863009232264	5.423528154415288e-18
212.17698780180757	0.047863009232264	8.630785438397899e-19
262.885244821937	0.047863009232264	1.2517546768582414e-19
325.7122869971341	0.047863009232264	6.78743190025708e-21
403.5543872869759	0.047863009232264	1.0097898851913201e-22
499.9999999999984	0.047863009232264	0
1000	0.047863009232264	0
2000	0.047863009232264	0
1.	0.05495408738576265	0.07746110063274869
1.9999999999999998	0.05495408738576265	0.08791820817272224
2.288838595949997	0.05495408738576265	0.09259198728813148
2.6193910591551774	0.05495408738576265	0.09959114035520998
2.9976816770403563	0.05495408738576265	0.10942308264688154
3.4306047603910415	0.05495408738576265	0.12566833717535114
3.926050291516404	0.05495408738576265	0.15725610087560793
4.493047718431742	0.05495408738576265	0.22736185718638924
5.141930515695824	0.05495408738576265	0.40285861640178183
5.884524511008838	0.05495408738576265	0.8505312245972542
6.734363409805407	0.05495408738576265	1.7322235309044913
7.706935445758021	0.05495408738576265	2.595395722393667
8.819965652373028	0.05495408738576265	2.461609752452057
10.093738900052346	0.05495408738576265	1.6951250949741938
11.551469585940843	0.05495408738576265	0.7878104329497506
13.219724714121972	0.05495408738576265	0.16533120937834506
15.128908076758211	0.05495408738576265	0.03601152148662752
17.313814360331925	0.05495408738576265	0.0189202374438511
19.814263275520517	0.05495408738576265	0.009189559651148343
22.675825267662994	0.05495408738576265	0.005060574860534102
25.950652033822625	0.05495408738576265	0.0020221838265024454
29.698426982540767	0.05495408738576265	0.0009130793842222593
33.98745295832107	0.05495408738576265	0.00039153857110124
38.895897054520105	0.05495408738576265	0.00015691208410590629
44.51321520124173	0.05495408738576265	0.000052135962458626456
50.941782491215115	0.05495408738576265	0.000016342907543684145
58.29875895619149	0.05495408738576265	4.759419458373894e-6
66.71822479745835	0.05495408738576265	1.2122248543270887e-6
76.35362398484546	0.05495408738576265	2.298517248730318e-7
87.38056075858388	0.05495408738576265	2.6312684741173487e-8
100.00000000000031	0.05495408738576265	1.645673423961542e-9
111.55639876771902	0.05495408738576265	1.1036333823397849e-10
138.21730389017998	0.05495408738576265	5.2281949402942396e-14
171.24990861750976	0.05495408738576265	6.705037466990884e-18
212.17698780180757	0.05495408738576265	1.048625765859939e-18
262.885244821937	0.05495408738576265	1.5210960730748262e-19
325.7122869971341	0.05495408738576265	8.256579124823408e-21
403.5543872869759	0.05495408738576265	1.23017885910545e-22
499.9999999999984	0.05495408738576265	1.0023891786015729e-25
1000	0.05495408738576265	0
2000	0.05495408738576265	0
1.	0.06309573444801955	0.0784102066670971
1.9999999999999998	0.06309573444801955	0.08521999990860933
2.288838595949997	0.06309573444801955	0.08884857951244748
2.6193910591551774	0.06309573444801955	0.09425201540334516
2.9976816770403563	0.06309573444801955	0.10259502875966033
3.4306047603910415	0.06309573444801955	0.11413216560035126
3.926050291516404	0.06309573444801955	0.13404897182563366
4.493047718431742	0.06309573444801955	0.17589672170216739
5.141930515695824	0.06309573444801955	0.2798160480821415
5.884524511008838	0.06309573444801955	0.5739982170720417
6.734363409805407	0.06309573444801955	1.319912452047251
7.706935445758021	0.06309573444801955	2.4737632021485036
8.819965652373028	0.06309573444801955	2.8799793191967145
10.093738900052346	0.06309573444801955	2.15587600019499
11.551469585940843	0.06309573444801955	1.1841821081771249
13.219724714121972	0.06309573444801955	0.290163756994273
15.128908076758211	0.06309573444801955	0.050700603251356516
17.313814360331925	0.06309573444801955	0.02359495289764337
19.814263275520517	0.06309573444801955	0.011687887380059402
22.675825267662994	0.06309573444801955	0.00622915662622881
25.950652033822625	0.06309573444801955	0.0025051668267108552
29.698426982540767	0.06309573444801955	0.0011425269690426801
33.98745295832107	0.06309573444801955	0.0004867426434496376
38.895897054520105	0.06309573444801955	0.00019559936086475802
44.51321520124173	0.06309573444801955	0.00006475461932345292
50.941782491215115	0.06309573444801955	0.00002031061536072729
58.29875895619149	0.06309573444801955	5.8830567389684204e-6
66.71822479745835	0.06309573444801955	1.4987499987926137e-6
76.35362398484546	0.06309573444801955	2.855709123352687e-7
87.38056075858388	0.06309573444801955	3.309198891761282e-8
100.00000000000031	0.06309573444801955	2.097742807170125e-9
111.55639876771902	0.06309573444801955	1.421686988952165e-10
138.21730389017998	0.06309573444801955	6.964177102377378e-14
171.24990861750976	0.06309573444801955	8.249531154034294e-18
212.17698780180757	0.06309573444801955	1.2630080534485202e-18
262.885244821937	0.06309573444801955	1.8324002881363586e-19
325.7122869971341	0.06309573444801955	9.958350372663197e-21
403.5543872869759	0.06309573444801955	1.4862474459247646e-22
499.9999999999984	0.06309573444801955	1.2147934231656066e-25
1000	0.06309573444801955	0
2000	0.06309573444801955	0
1.	0.07244359600749928	0.08021939922728823
1.9999999999999998	0.07244359600749928	0.08519520001059211
2.288838595949997	0.07244359600749928	0.08807548632906453
2.6193910591551774	0.07244359600749928	0.09209311822094363
2.9976816770403563	0.07244359600749928	0.09827163620083704
3.4306047603910415	0.07244359600749928	0.10714013197663058
3.926050291516404	0.07244359600749928	0.1205650188736774
4.493047718431742	0.07244359600749928	0.14607291009543855
5.141930515695824	0.07244359600749928	0.23742611195291602
5.884524511008838	0.07244359600749928	0.3725678195752983
6.734363409805407	0.07244359600749928	0.8875484189468996
7.706935445758021	0.07244359600749928	2.095284506209737
8.819965652373028	0.07244359600749928	3.1258058696735747
10.093738900052346	0.07244359600749928	2.679653155454062
11.551469585940843	0.07244359600749928	1.6820706008897464
13.219724714121972	0.07244359600749928	0.5226701544850936
15.128908076758211	0.07244359600749928	0.07877310538425274
17.313814360331925	0.07244359600749928	0.02936981546399723
19.814263275520517	0.07244359600749928	0.01507970843236712
22.675825267662994	0.07244359600749928	0.007683514201475001
25.950652033822625	0.07244359600749928	0.003124336513538791
29.698426982540767	0.07244359600749928	0.001439564648570549
33.98745295832107	0.07244359600749928	0.0006090910563104769
38.895897054520105	0.07244359600749928	0.00024611519623725896
44.51321520124173	0.07244359600749928	0.00008127893129776455
50.941782491215115	0.07244359600749928	0.000025507645578486436
58.29875895619149	0.07244359600749928	7.351872424145278e-6
66.71822479745835	0.07244359600749928	1.8698270417088338e-6
76.35362398484546	0.07244359600749928	3.588135027282672e-7
87.38056075858388	0.07244359600749928	4.21724508986529e-8
100.00000000000031	0.07244359600749928	2.7075866181016552e-9
111.55639876771902	0.07244359600749928	1.8568998159664818e-10
138.21730389017998	0.07244359600749928	9.438406460583918e-14
171.24990861750976	0.07244359600749928	1.0266116579049114e-17
212.17698780180757	0.07244359600749928	1.5308727147803037e-18
262.885244821937	0.07244359600749928	2.2214607938434467e-19
325.7122869971341	0.07244359600749928	1.2089439949203144e-20
403.5543872869759	0.07244359600749928	1.807802019146331e-22
499.9999999999984	0.07244359600749928	1.4828487021431894e-25
1000	0.07244359600749928	0
2000	0.07244359600749928	0
1.	0.08317637711026743	0.0825813949625868
1.9999999999999998	0.08317637711026743	0.08755249497261046
2.288838595949997	0.08317637711026743	0.08894429138156987
2.6193910591551774	0.08317637711026743	0.09275911359102815
2.9976816770403563	0.08317637711026743	0.09812062821100019
3.4306047603910415	0.08317637711026743	0.10532009086477213
3.926050291516404	0.08317637711026743	0.11437302156088627
4.493047718431742	0.08317637711026743	0.13062396755495959
5.141930515695824	0.08317637711026743	0.16435021707727193
5.884524511008838	0.08317637711026743	0.25251978869315783
6.734363409805407	0.08317637711026743	0.5412648981346458
7.706935445758021	0.08317637711026743	1.4424771721540273
8.819965652373028	0.08317637711026743	2.9631944066883795
10.093738900052346	0.08317637711026743	3.2236026356219285
11.551469585940843	0.08317637711026743	2.241629294501094
13.219724714121972	0.08317637711026743	0.923215991298864
15.128908076758211	0.08317637711026743	0.13878049635298462
17.313814360331925	0.08317637711026743	0.03715588302629186
19.814263275520517	0.08317637711026743	0.019679546867702555
22.675825267662994	0.08317637711026743	0.009506603172622505
25.950652033822625	0.08317637711026743	0.003941439769991566
29.698426982540767	0.08317637711026743	0.0018033726549917608
33.98745295832107	0.08317637711026743	0.0007591751325929301
38.895897054520105	0.08317637711026743	0.00030720114094070496
44.51321520124173	0.08317637711026743	0.0001013605637580441
50.941782491215115	0.08317637711026743	0.00003178522549637738
58.29875895619149	0.08317637711026743	9.114980593872132e-6
66.71822479745835	0.08317637711026743	2.311241423817704e-6
76.35362398484546	0.08317637711026743	4.475511613221538e-7
87.38056075858388	0.08317637711026743	5.343100676013156e-8
100.00000000000031	0.08317637711026743	3.4729976165042823e-9
111.55639876771902	0.08317637711026743	2.413774411745582e-10
138.21730389017998	0.08317637711026743	1.2773016841250574e-13
171.24990861750976	0.08317637711026743	1.269833084020046e-17
212.17698780180757	0.08317637711026743	1.8319404540738436e-18
262.885244821937	0.08317637711026743	2.6589372507595524e-19
325.7122869971341	0.08317637711026743	1.4493032152785504e-20
403.5543872869759	0.08317637711026743	2.172047857026216e-22
499.9999999999984	0.08317637711026743	1.788815467053047e-25
1000	0.08317637711026743	0
2000	0.08317637711026743	0
1.	0.09549925860214398	0.08129300432828293
1.9999999999999998	0.09549925860214398	0.08837429723922469
2.288838595949997	0.09549925860214398	0.09063388334002409
2.6193910591551774	0.09549925860214398	0.09355750796595863
2.9976816770403563	0.09549925860214398	0.09736062509630346
3.4306047603910415	0.09549925860214398	0.1031800804518687
3.926050291516404	0.09549925860214398	0.11080501795249634
4.493047718431742	0.09549925860214398	0.12240898090392936
5.141930515695824	0.09549925860214398	0.1431041026693897
5.884524511008838	0.09549925860214398	0.1881689703944227
6.734363409805407	0.09549925860214398	0.33025858363918337
7.706935445758021	0.09549925860214398	0.8649994359812491
8.819965652373028	0.09549925860214398	2.3348363695584267
10.093738900052346	0.09549925860214398	3.572009002215903
11.551469585940843	0.09549925860214398	2.8290035287899866
13.219724714121972	0.09549925860214398	1.5186419025580027
15.128908076758211	0.09549925860214398	0.2751317071333695
17.313814360331925	0.09549925860214398	0.049304223400216216
19.814263275520517	0.09549925860214398	0.025660527166235167
22.675825267662994	0.09549925860214398	0.011881339032133509
25.950652033822625	0.09549925860214398	0.005013536990683387
29.698426982540767	0.09549925860214398	0.0023351795959974174
33.98745295832107	0.09549925860214398	0.0009653913309662949
38.895897054520105	0.09549925860214398	0.00039040606551293957
44.51321520124173	0.09549925860214398	0.00012898003145463856
50.941782491215115	0.09549925860214398	0.00004029627319949245
58.29875895619149	0.09549925860214398	0.000011482987798682156
66.71822479745835	0.09549925860214398	2.903233534571555e-6
76.35362398484546	0.09549925860214398	5.676462200558075e-7
87.38056075858388	0.09549925860214398	6.886527071476812e-8
100.00000000000031	0.09549925860214398	4.537940578531117e-9
111.55639876771902	0.09549925860214398	3.2004848958601005e-10
138.21730389017998	0.09549925860214398	1.7685150202670355e-13
171.24990861750976	0.09549925860214398	1.602702895290791e-17
212.17698780180757	0.09549925860214398	2.217120823368033e-18
262.885244821937	0.09549925860214398	3.2188138826499063e-19
325.7122869971341	0.09549925860214398	1.7576531317737205e-20
403.5543872869759	0.09549925860214398	2.6408379379990084e-22
499.9999999999984	0.09549925860214398	2.184900724983792e-25
1000	0.09549925860214398	0
2000	0.09549925860214398	0
1.	0.10964781961431896	0.085342548370532
1.9999999999999998	0.10964781961431896	0.09647949666329342
2.288838595949997	0.10964781961431896	0.09454135960352586
2.6193910591551774	0.10964781961431896	0.09773835560457635
2.9976816770403563	0.10964781961431896	0.10091997293555126
3.4306047603910415	0.10964781961431896	0.1056480368877042
3.926050291516404	0.10964781961431896	0.11276197903169317
4.493047718431742	0.10964781961431896	0.1205069930835878
5.141930515695824	0.10964781961431896	0.13518611969992422
5.884524511008838	0.10964781961431896	0.16218770082872047
6.734363409805407	0.10964781961431896	0.23181611802525676
7.706935445758021	0.10964781961431896	0.4779567819714709
8.819965652373028	0.10964781961431896	1.4685371754903511
10.093738900052346	0.10964781961431896	3.341455696439304
11.551469585940843	0.10964781961431896	3.4447599939123763
13.219724714121972	0.10964781961431896	2.2238096927605024
15.128908076758211	0.10964781961431896	0.5770842857424955
17.313814360331925	0.10964781961431896	0.07270047457528164
19.814263275520517	0.10964781961431896	0.03315128536532477
22.675825267662994	0.10964781961431896	0.015221789509356298
25.950652033822625	0.10964781961431896	0.006421360950753833
29.698426982540767	0.10964781961431896	0.0029966806273524606
33.98745295832107	0.10964781961431896	0.0012578853418875864
38.895897054520105	0.10964781961431896	0.0005056589819870036
44.51321520124173	0.10964781961431896	0.00016776482401080345
50.941782491215115	0.10964781961431896	0.00005201565865228336
58.29875895619149	0.10964781961431896	0.000014697282987135073
66.71822479745835	0.10964781961431896	3.7111928878516606e-6
76.35362398484546	0.10964781961431896	7.316738172120786e-7
87.38056075858388	0.10964781961431896	9.013636856105098e-8
100.00000000000031	0.10964781961431896	6.045704961458588e-9
111.55639876771902	0.10964781961431896	4.3318648462132073e-10
138.21730389017998	0.10964781961431896	2.5065445821455965e-13
171.24990861750976	0.10964781961431896	2.0692360261069252e-17
212.17698780180757	0.10964781961431896	2.713863450877721e-18
262.885244821937	0.10964781961431896	3.941103661041833e-19
325.7122869971341	0.10964781961431896	2.1565109876290786e-20
403.5543872869759	0.10964781961431896	3.249509932420047e-22
499.9999999999984	0.10964781961431896	2.702594565660717e-25
1000	0.10964781961431896	0
2000	0.10964781961431896	0