1.	0.001	0.0929175
2.	0.001	0.0906953
2.28884	0.001	0.0834406
2.61939	0.001	0.0743639
2.99768	0.001	0.0655409
3.4306	0.001	0.0585496
3.92605	0.001	0.0520871
4.49305	0.001	0.042783
5.14193	0.001	0.0314365
5.88452	0.001	0.0238997
6.73436	0.001	0.0204004
7.70694	0.001	0.0154407
8.81997	0.001	0.00860897
10.0937	0.001	0.00332918
11.5515	0.001	0.00110296
13.2197	0.001	0.000402152
15.1289	0.001	0.000173882
17.3138	0.001	0.0000807746
19.8143	0.001	0.00002875
22.6758	0.001	4.76507e-6
25.9507	0.001	1.77235e-6
29.6984	0.001	6.34533e-7
33.9875	0.001	2.05227e-7
1.	0.00114815	0.109408
2.	0.00114815	0.10483
2.28884	0.00114815	0.0964316
2.61939	0.00114815	0.0859116
2.99768	0.00114815	0.0755737
3.4306	0.00114815	0.0673445
3.92605	0.00114815	0.0599379
4.49305	0.00114815	0.0494302
5.14193	0.00114815	0.0364013
5.88452	0.00114815	0.0275342
6.73436	0.00114815	0.0234733
7.70694	0.00114815	0.017852
8.81997	0.00114815	0.00999515
10.0937	0.00114815	0.0038748
11.5515	0.00114815	0.00128074
13.2197	0.00114815	0.000465362
15.1289	0.00114815	0.000200799
17.3138	0.00114815	0.0000930622
19.8143	0.00114815	0.0000332409
22.6758	0.00114815	5.49857e-6
25.9507	0.00114815	2.04258e-6
29.6984	0.00114815	7.31995e-7
33.9875	0.00114815	2.367e-7
1.	0.00131826	0.129152
2.	0.00131826	0.121212
2.28884	0.00131826	0.111509
2.61939	0.00131826	0.0993212
2.99768	0.00131826	0.0872154
3.4306	0.00131826	0.0774845
3.92605	0.00131826	0.0689793
4.49305	0.00131826	0.0571455
5.14193	0.00131826	0.042188
5.88452	0.00131826	0.0317428
6.73436	0.00131826	0.0270154
7.70694	0.00131826	0.0206512
8.81997	0.00131826	0.0116157
10.0937	0.00131826	0.00451595
11.5515	0.00131826	0.00148686
13.2197	0.00131826	0.00053939
15.1289	0.00131826	0.00023222
17.3138	0.00131826	0.000107254
19.8143	0.00131826	0.0000385915
22.6758	0.00131826	6.35229e-6
25.9507	0.00131826	2.35547e-6
29.6984	0.00131826	8.45047e-7
33.9875	0.00131826	2.73975e-7
1.	0.00151356	0.152872
2.	0.00151356	0.140239
2.28884	0.00151356	0.129016
2.61939	0.00151356	0.114932
2.99768	0.00151356	0.100724
3.4306	0.00151356	0.0892071
3.92605	0.00151356	0.0794129
4.49305	0.00151356	0.0661188
5.14193	0.00151356	0.0489691
5.88452	0.00151356	0.0366161
6.73436	0.00151356	0.0311078
7.70694	0.00151356	0.0239028
8.81997	0.00151356	0.0135316
10.0937	0.00151356	0.00527421
11.5515	0.00151356	0.00172948
13.2197	0.00151356	0.000624287
15.1289	0.00151356	0.000268623
17.3138	0.00151356	0.000123709
19.8143	0.00151356	0.0000445886
22.6758	0.00151356	7.34956e-6
25.9507	0.00151356	2.7183e-6
29.6984	0.00151356	9.75357e-7
33.9875	0.00151356	3.16272e-7
1.	0.0017378	0.181441
2.	0.0017378	0.162298
2.28884	0.0017378	0.149347
2.61939	0.0017378	0.133097
2.99768	0.0017378	0.116443
3.4306	0.0017378	0.102768
3.92605	0.0017378	0.0914112
4.49305	0.0017378	0.0765547
5.14193	0.0017378	0.0569328
5.88452	0.0017378	0.0422799
6.73436	0.0017378	0.0358185
7.70694	0.0017378	0.0276924
8.81997	0.0017378	0.0157919
10.0937	0.0017378	0.00617274
11.5515	0.0017378	0.00201589
13.2197	0.0017378	0.000724319
15.1289	0.0017378	0.000311114
17.3138	0.0017378	0.000142867
19.8143	0.0017378	0.00005175
22.6758	0.0017378	8.50449e-6
25.9507	0.0017378	3.13951e-6
29.6984	0.0017378	1.12712e-6
33.9875	0.0017378	3.65495e-7
1.	0.00199526	0.215905
2.	0.00199526	0.187916
2.28884	0.00199526	0.172966
2.61939	0.00199526	0.154222
2.99768	0.00199526	0.134734
3.4306	0.00199526	0.118469
3.92605	0.00199526	0.105281
4.49305	0.00199526	0.088692
5.14193	0.00199526	0.0662918
5.88452	0.00199526	0.0488787
6.73436	0.00199526	0.0412427
7.70694	0.00199526	0.0321451
8.81997	0.00199526	0.0184507
10.0937	0.00199526	0.00724694
11.5515	0.00199526	0.00235817
13.2197	0.00199526	0.000840266
15.1289	0.00199526	0.000360803
17.3138	0.00199526	0.000165004
19.8143	0.00199526	0.0000601423
22.6758	0.00199526	9.87285e-6
25.9507	0.00199526	3.62932e-6
29.6984	0.00199526	1.30287e-6
33.9875	0.00199526	4.22792e-7
1.	0.00229087	0.257585
2.	0.00229087	0.217634
2.28884	0.00229087	0.200356
2.61939	0.00229087	0.178798
2.99768	0.00229087	0.156048
3.4306	0.00229087	0.136671
3.92605	0.00229087	0.121279
4.49305	0.00229087	0.102805
5.14193	0.00229087	0.0773446
5.88452	0.00229087	0.0565921
6.73436	0.00229087	0.0475233
7.70694	0.00229087	0.0373442
8.81997	0.00229087	0.0216396
10.0937	0.00229087	0.0085396
11.5515	0.00229087	0.00276025
13.2197	0.00229087	0.00097885
15.1289	0.00229087	0.000419015
17.3138	0.00229087	0.000190718
19.8143	0.00229087	0.0000699943
22.6758	0.00229087	0.0000114656
25.9507	0.00229087	4.19984e-6
29.6984	0.00229087	1.50741e-6
33.9875	0.00229087	4.91312e-7
1.	0.00263027	0.307838
2.	0.00263027	0.252002
2.28884	0.00263027	0.232067
2.61939	0.00263027	0.207409
2.99768	0.00263027	0.180921
3.4306	0.00263027	0.157802
3.92605	0.00263027	0.139795
4.49305	0.00263027	0.119228
5.14193	0.00263027	0.0904033
5.88452	0.00263027	0.0656806
6.73436	0.00263027	0.0547699
7.70694	0.00263027	0.0434151
8.81997	0.00263027	0.0253877
10.0937	0.00263027	0.0100992
11.5515	0.00263027	0.00324791
13.2197	0.00263027	0.0011409
15.1289	0.00263027	0.00048729
17.3138	0.00263027	0.000221049
19.8143	0.00263027	0.0000816761
22.6758	0.00263027	0.0000133605
25.9507	0.00263027	4.86747e-6
29.6984	0.00263027	1.74554e-6
33.9875	0.00263027	5.68549e-7
1.	0.00301995	0.368422
2.	0.00301995	0.291799
2.28884	0.00301995	0.2687
2.61939	0.00301995	0.240676
2.99768	0.00301995	0.209976
3.4306	0.00301995	0.182441
3.92605	0.00301995	0.16108
4.49305	0.00301995	0.138282
5.14193	0.00301995	0.105874
5.88452	0.00301995	0.0764571
6.73436	0.00301995	0.0631265
7.70694	0.00301995	0.0505564
8.81997	0.00301995	0.0299409
10.0937	0.00301995	0.0119788
11.5515	0.00301995	0.00383444
13.2197	0.00301995	0.00133728
15.1289	0.00301995	0.000567881
17.3138	0.00301995	0.000256364
19.8143	0.00301995	0.0000955131
22.6758	0.00301995	0.000015545
25.9507	0.00301995	5.64734e-6
29.6984	0.00301995	2.02285e-6
33.9875	0.00301995	6.60656e-7
1.	0.00346737	0.441185
2.	0.00346737	0.337651
2.28884	0.00346737	0.310968
2.61939	0.00346737	0.27923
2.99768	0.00346737	0.243946
3.4306	0.00346737	0.211153
3.92605	0.00346737	0.185751
4.49305	0.00346737	0.16037
5.14193	0.00346737	0.124119
5.88452	0.00346737	0.089203
6.73436	0.00346737	0.0727647
7.70694	0.00346737	0.0588622
8.81997	0.00346737	0.0353806
10.0937	0.00346737	0.0142897
11.5515	0.00346737	0.00453737
13.2197	0.00346737	0.00156771
15.1289	0.00346737	0.000663072
17.3138	0.00346737	0.000297829
19.8143	0.00346737	0.000111945
22.6758	0.00346737	0.0000181617
25.9507	0.00346737	6.55954e-6
29.6984	0.00346737	2.34627e-6
33.9875	0.00346737	7.69316e-7
1.	0.00398107	0.528114
2.	0.00398107	0.390458
2.28884	0.00398107	0.35953
2.61939	0.00398107	0.323795
2.99768	0.00398107	0.283597
3.4306	0.00398107	0.244828
3.92605	0.00398107	0.214342
4.49305	0.00398107	0.186022
5.14193	0.00398107	0.145782
5.88452	0.00398107	0.104342
6.73436	0.00398107	0.0839797
7.70694	0.00398107	0.0686238
8.81997	0.00398107	0.0419163
10.0937	0.00398107	0.0171291
11.5515	0.00398107	0.00540478
13.2197	0.00398107	0.00184652
15.1289	0.00398107	0.000775473
17.3138	0.00398107	0.00034621
19.8143	0.00398107	0.000131587
22.6758	0.00398107	0.000021426
25.9507	0.00398107	7.63381e-6
29.6984	0.00398107	2.72307e-6
33.9875	0.00398107	8.96182e-7
1.	0.00457088	0.630949
2.	0.00457088	0.451155
2.28884	0.00457088	0.415013
2.61939	0.00457088	0.374921
2.99768	0.00457088	0.329691
3.4306	0.00457088	0.284416
3.92605	0.00457088	0.247672
4.49305	0.00457088	0.215738
5.14193	0.00457088	0.171519
5.88452	0.00457088	0.122542
6.73436	0.00457088	0.0970919
7.70694	0.00457088	0.0802272
8.81997	0.00457088	0.0498564
10.0937	0.00457088	0.0206581
11.5515	0.00457088	0.00646766
13.2197	0.00457088	0.00218155
15.1289	0.00457088	0.000909616
17.3138	0.00457088	0.000403924
19.8143	0.00457088	0.000155075
22.6758	0.00457088	0.000025106
25.9507	0.00457088	8.90109e-6
29.6984	0.00457088	3.16276e-6
33.9875	0.00457088	1.04742e-6
1.	0.00524807	0.751055
2.	0.00524807	0.520755
2.28884	0.00524807	0.478137
2.61939	0.00524807	0.43341
2.99768	0.00524807	0.383344
3.4306	0.00524807	0.331073
3.92605	0.00524807	0.286601
4.49305	0.00524807	0.249986
5.14193	0.00524807	0.201946
5.88452	0.00524807	0.144547
6.73436	0.00524807	0.1123
7.70694	0.00524807	0.0935081
8.81997	0.00524807	0.0595071
10.0937	0.00524807	0.0250614
11.5515	0.00524807	0.0077822
13.2197	0.00524807	0.00432306
15.1289	0.00524807	0.0010699
17.3138	0.00524807	0.000471692
19.8143	0.00524807	0.000183436
22.6758	0.00524807	0.0000295209
25.9507	0.00524807	0.0000104018
29.6984	0.00524807	3.67677e-6
33.9875	0.00524807	1.21764e-6
1.	0.0060256	0.88851
2.	0.0060256	0.600452
2.28884	0.0060256	0.55
2.61939	0.0060256	0.50022
2.99768	0.0060256	0.445235
3.4306	0.0060256	0.385696
3.92605	0.0060256	0.332127
4.49305	0.0060256	0.289561
5.14193	0.0060256	0.237679
5.88452	0.0060256	0.171385
6.73436	0.0060256	0.129981
7.70694	0.0060256	0.109101
8.81997	0.0060256	0.0712852
10.0937	0.0060256	0.0306094
11.5515	0.0060256	0.00944295
13.2197	0.0060256	0.00308992
15.1289	0.0060256	0.00126249
17.3138	0.0060256	0.000553711
19.8143	0.0060256	0.000217763
22.6758	0.0060256	0.0000350746
25.9507	0.0060256	0.0000121876
29.6984	0.0060256	4.28237e-6
33.9875	0.0060256	1.43494e-6
1.	0.00691831	1.04202
2.	0.00691831	0.692083
2.28884	0.00691831	0.63188
2.61939	0.00691831	0.575505
2.99768	0.00691831	0.515854
3.4306	0.00691831	0.449178
3.92605	0.00691831	0.385643
4.49305	0.00691831	0.335118
5.14193	0.00691831	0.279569
5.88452	0.00691831	0.204081
6.73436	0.00691831	0.151227
7.70694	0.00691831	0.127257
8.81997	0.00691831	0.0853836
10.0937	0.00691831	0.0376181
11.5515	0.00691831	0.0115462
13.2197	0.00691831	0.0037151
15.1289	0.00691831	0.00149515
17.3138	0.00691831	0.000653145
19.8143	0.00691831	0.000259256
22.6758	0.00691831	0.000041796
25.9507	0.00691831	0.0000143236
29.6984	0.00691831	4.99501e-6
33.9875	0.00691831	1.68555e-6
1.	0.00794328	1.20732
2.	0.00794328	0.7974
2.28884	0.00794328	0.724471
2.61939	0.00794328	0.659686
2.99768	0.00794328	0.59504
3.4306	0.00794328	0.522651
3.92605	0.00794328	0.448393
4.49305	0.00794328	0.387681
5.14193	0.00794328	0.328219
5.88452	0.00794328	0.244508
6.73436	0.00794328	0.176871
7.70694	0.00794328	0.148254
8.81997	0.00794328	0.102842
10.0937	0.00794328	0.0466409
11.5515	0.00794328	0.0142909
13.2197	0.00794328	0.00447191
15.1289	0.00794328	0.00177817
17.3138	0.00794328	0.000953754
19.8143	0.00794328	0.00030981
22.6758	0.00794328	0.0000500776
25.9507	0.00794328	0.0000168945
29.6984	0.00794328	5.84289e-6
33.9875	0.00794328	1.98599e-6
1.	0.00912011	1.37645
2.	0.00912011	0.916812
2.28884	0.00912011	0.828737
2.61939	0.00912011	0.753072
2.99768	0.00912011	0.683135
3.4306	0.00912011	0.6064
3.92605	0.00912011	0.52242
4.49305	0.00912011	0.449509
5.14193	0.00912011	0.384381
5.88452	0.00912011	0.293388
6.73436	0.00912011	0.208536
7.70694	0.00912011	0.172289
8.81997	0.00912011	0.12386
10.0937	0.00912011	0.0581884
11.5515	0.00912011	0.0178779
13.2197	0.00912011	0.00542851
15.1289	0.00912011	0.00212473
17.3138	0.00912011	0.000919149
19.8143	0.00912011	0.000371907
22.6758	0.00912011	0.000060182
25.9507	0.00912011	0.0000200095
29.6984	0.00912011	6.85628e-6
33.9875	0.00912011	2.3511e-6
1.	0.0104713	1.54089
2.	0.0104713	1.05119
2.28884	0.0104713	0.946242
2.61939	0.0104713	0.85652
2.99768	0.0104713	0.779583
3.4306	0.0104713	0.700961
3.92605	0.0104713	0.609933
4.49305	0.0104713	0.521843
5.14193	0.0104713	0.448208
5.88452	0.0104713	0.352164
6.73436	0.0104713	0.247289
7.70694	0.0104713	0.199994
8.81997	0.0104713	0.149745
10.0937	0.0104713	0.0731232
11.5515	0.0104713	0.0226633
13.2197	0.0104713	0.00665809
15.1289	0.0104713	0.00255519
17.3138	0.0104713	0.00109679
19.8143	0.0104713	0.000447521
22.6758	0.0104713	0.0000732238
25.9507	0.0104713	0.0000237883
29.6984	0.0104713	8.08821e-6
33.9875	0.0104713	2.7862e-6
1.	0.0120226	1.68109
2.	0.0120226	1.1992
2.28884	0.0120226	1.07809
2.61939	0.0120226	0.971624
2.99768	0.0120226	0.885723
3.4306	0.0120226	0.805186
3.92605	0.0120226	0.709722
4.49305	0.0120226	0.60652
5.14193	0.0120226	0.520819
5.88452	0.0120226	0.42158
6.73436	0.0120226	0.296823
7.70694	0.0120226	0.232143
8.81997	0.0120226	0.180476
10.0937	0.0120226	0.0924601
11.5515	0.0120226	0.029151
13.2197	0.0120226	0.00825382
15.1289	0.0120226	0.00309075
17.3138	0.0120226	0.00131873
19.8143	0.0120226	0.000540164
22.6758	0.0120226	0.0000897088
25.9507	0.0120226	0.0000284017
29.6984	0.0120226	9.59136e-6
33.9875	0.0120226	3.30578e-6
1.	0.0138038	1.77899
2.	0.0138038	1.35575
2.28884	0.0138038	1.22463
2.61939	0.0138038	1.10259
2.99768	0.0138038	1.00132
3.4306	0.0138038	0.915965
3.92605	0.0138038	0.820803
4.49305	0.0138038	0.705973
5.14193	0.0138038	0.604315
5.88452	0.0138038	0.502604
6.73436	0.0138038	0.360485
7.70694	0.0138038	0.27019
8.81997	0.0138038	0.216929
10.0937	0.0138038	0.118109
11.5515	0.0138038	0.0380957
13.2197	0.0138038	0.0103625
15.1289	0.0138038	0.00376652
17.3138	0.0138038	0.00159444
19.8143	0.0138038	0.000652303
22.6758	0.0138038	0.00011105
25.9507	0.0138038	0.0000340588
29.6984	0.0138038	0.0000114558
33.9875	0.0138038	3.92394e-6
1.	0.0158489	1.81736
2.	0.0158489	1.51068
2.28884	0.0158489	1.38352
2.61939	0.0158489	1.24773
2.99768	0.0158489	1.12764
3.4306	0.0158489	1.03228
3.92605	0.0158489	0.939537
4.49305	0.0158489	0.822731
5.14193	0.0158489	0.701573
5.88452	0.0158489	0.593611
6.73436	0.0158489	0.44009
7.70694	0.0158489	0.315636
8.81997	0.0158489	0.259023
10.0937	0.0158489	0.149901
11.5515	0.0158489	0.0506209
13.2197	0.0158489	0.0132749
15.1289	0.0158489	0.0046246
17.3138	0.0158489	0.00194126
19.8143	0.0158489	0.000791523
22.6758	0.0158489	0.000137903
25.9507	0.0158489	0.0000410565
29.6984	0.0158489	0.000013768
33.9875	0.0158489	4.68093e-6
1.	0.018197	1.78301
2.	0.018197	1.64942
2.28884	0.018197	1.53993
2.61939	0.018197	1.40417
2.99768	0.018197	1.26683
3.4306	0.018197	1.15496
3.92605	0.018197	1.06533
4.49305	0.018197	0.954102
5.14193	0.018197	0.81544
5.88452	0.018197	0.69426
6.73436	0.018197	0.5379
7.70694	0.018197	0.374885
8.81997	0.018197	0.307053
10.0937	0.018197	0.191619
11.5515	0.018197	0.0683448
13.2197	0.018197	0.0172798
15.1289	0.018197	0.00573543
17.3138	0.018197	0.00238123
19.8143	0.018197	0.000959649
22.6758	0.018197	0.000173635
25.9507	0.018197	0.0000497628
29.6984	0.018197	0.0000166766
33.9875	0.018197	5.6012e-6
1.	0.020893	1.67242
2.	0.020893	1.74082
2.28884	0.020893	1.67443
2.61939	0.020893	1.56202
2.99768	0.020893	1.42017
3.4306	0.020893	1.29171
3.92605	0.020893	1.1936
4.49305	0.020893	1.09248
5.14193	0.020893	0.948203
5.88452	0.020893	0.808013
6.73436	0.020893	0.65444
7.70694	0.020893	0.453302
8.81997	0.020893	0.36077
10.0937	0.020893	0.244524
11.5515	0.020893	0.0932926
13.2197	0.020893	0.0230519
15.1289	0.020893	0.0072027
17.3138	0.020893	0.00293366
19.8143	0.020893	0.00117008
22.6758	0.020893	0.000220539
25.9507	0.020893	0.0000606881
29.6984	0.020893	0.0000203288
33.9875	0.020893	6.73773e-6
1.	0.0239883	1.4992
2.	0.0239883	1.75971
2.28884	0.0239883	1.75715
2.61939	0.0239883	1.69769
2.99768	0.0239883	1.58478
3.4306	0.0239883	1.44237
3.92605	0.0239883	1.32313
4.49305	0.0239883	1.23089
5.14193	0.0239883	1.10289
5.88452	0.0239883	0.939218
6.73436	0.0239883	0.783694
7.70694	0.0239883	0.558775
8.81997	0.0239883	0.420512
10.0937	0.0239883	0.309164
11.5515	0.0239883	0.128793
13.2197	0.0239883	0.0315657
15.1289	0.0239883	0.00917221
17.3138	0.0239883	0.00365202
19.8143	0.0239883	0.00143577
22.6758	0.0239883	0.000284455
25.9507	0.0239883	0.000074609
29.6984	0.0239883	0.0000249225
33.9875	0.0239883	8.17202e-6
1.	0.0275423	1.25411
2.	0.0275423	1.68758
2.28884	0.0275423	1.75861
2.61939	0.0275423	1.78035
2.99768	0.0275423	1.72991
3.4306	0.0275423	1.60468
3.92605	0.0275423	1.46322
4.49305	0.0275423	1.36803
5.14193	0.0275423	1.26351
5.88452	0.0275423	1.08938
6.73436	0.0275423	0.923602
7.70694	0.0275423	0.694932
8.81997	0.0275423	0.493939
10.0937	0.0275423	0.385536
11.5515	0.0275423	0.178622
13.2197	0.0275423	0.0447266
15.1289	0.0275423	0.0118925
17.3138	0.0275423	0.00457241
19.8143	0.0275423	0.00177787
22.6758	0.0275423	0.000368349
25.9507	0.0275423	0.0000926417
29.6984	0.0275423	0.0000306231
33.9875	0.0275423	0.0000100006
1.	0.0316228	1.03034
2.	0.0316228	1.52398
2.28884	0.0316228	1.66072
2.61939	0.0316228	1.77265
2.99768	0.0316228	1.8154
3.4306	0.0316228	1.75702
3.92605	0.0316228	1.62642
4.49305	0.0316228	1.50352
5.14193	0.0316228	1.41585
5.88452	0.0316228	1.27005
6.73436	0.0316228	1.07772
7.70694	0.0316228	0.862378
8.81997	0.0316228	0.589697
10.0937	0.0316228	0.470113
11.5515	0.0316228	0.247672
13.2197	0.0316228	0.0657026
15.1289	0.0316228	0.0157703
17.3138	0.0316228	0.00578102
19.8143	0.0316228	0.00223342
22.6758	0.0316228	0.000485593
25.9507	0.0316228	0.000116158
29.6984	0.0316228	0.0000376406
33.9875	0.0316228	0.0000123991
1.	0.0363078	0.793392
2.	0.0363078	1.29251
2.28884	0.0363078	1.46698
2.61939	0.0363078	1.6481
2.99768	0.0363078	1.79839
3.4306	0.0363078	1.85678
3.92605	0.0363078	1.79239
4.49305	0.0363078	1.65221
5.14193	0.0363078	1.55865
5.88452	0.0363078	1.45881
6.73436	0.0363078	1.25182
7.70694	0.0363078	1.04514
8.81997	0.0363078	0.728902
10.0937	0.0363078	0.560269
11.5515	0.0363078	0.340811
13.2197	0.0363078	0.0991671
15.1289	0.0363078	0.0215153
17.3138	0.0363078	0.00740055
19.8143	0.0363078	0.00284805
22.6758	0.0363078	0.00064719
25.9507	0.0363078	0.000147471
29.6984	0.0363078	0.0000466293
33.9875	0.0363078	0.0000155152
1.	0.0416869	0.58839
2.	0.0416869	1.02727
2.28884	0.0416869	1.2014
2.61939	0.0416869	1.42061
2.99768	0.0416869	1.65115
3.4306	0.0416869	1.84383
3.92605	0.0416869	1.91308
4.49305	0.0416869	1.82104
5.14193	0.0416869	1.69732
5.88452	0.0416869	1.62753
6.73436	0.0416869	1.46638
7.70694	0.0416869	1.23356
8.81997	0.0416869	0.922412
10.0937	0.0416869	0.656495
11.5515	0.0416869	0.459568
13.2197	0.0416869	0.152418
15.1289	0.0416869	0.0305681
17.3138	0.0416869	0.0096392
19.8143	0.0416869	0.00367807
22.6758	0.0416869	0.000868186
25.9507	0.0416869	0.000189932
29.6984	0.0416869	0.0000585272
33.9875	0.0416869	0.0000194635
1.	0.047863	0.426745
2.	0.047863	0.753589
2.28884	0.047863	0.907577
2.61939	0.047863	1.12605
2.99768	0.047863	1.39476
3.4306	0.047863	1.68161
3.92605	0.047863	1.91229
4.49305	0.047863	1.96741
5.14193	0.047863	1.85723
5.88452	0.047863	1.76898
6.73436	0.047863	1.68133
7.70694	0.047863	1.44196
8.81997	0.047863	1.15763
10.0937	0.047863	0.781082
11.5515	0.047863	0.598271
13.2197	0.047863	0.23607
15.1289	0.047863	0.0459265
17.3138	0.047863	0.0135487
19.8143	0.047863	0.00479923
22.6758	0.047863	0.00114905
25.9507	0.047863	0.000250762
29.6984	0.047863	0.0000747523
33.9875	0.047863	0.0000243589
1.	0.0549541	0.316359
2.	0.0549541	0.554831
2.28884	0.0549541	0.675032
2.61939	0.0549541	0.845313
2.99768	0.0549541	1.08346
3.4306	0.0549541	1.39376
3.92605	0.0549541	1.73897
4.49305	0.0549541	1.99929
5.14193	0.0549541	2.02545
5.88452	0.0549541	1.90779
6.73436	0.0549541	1.86442
7.70694	0.0549541	1.68581
8.81997	0.0549541	1.4076
10.0937	0.0549541	0.973231
11.5515	0.0549541	0.740421
13.2197	0.0549541	0.36136
15.1289	0.0549541	0.0736609
17.3138	0.0549541	0.017398
19.8143	0.0549541	0.00632671
22.6758	0.0549541	0.00150817
25.9507	0.0549541	0.000338784
29.6984	0.0549541	0.0000970666
33.9875	0.0549541	0.0000301872
1.	0.0630957	0.251866
2.	0.0630957	0.394386
2.28884	0.0630957	0.474754
2.61939	0.0630957	0.596009
2.99768	0.0630957	0.779391
3.4306	0.0630957	1.04816
3.92605	0.0630957	1.41616
4.49305	0.0630957	1.82879
5.14193	0.0630957	2.10246
5.88452	0.0630957	2.08065
6.73436	0.0630957	1.99538
7.70694	0.0630957	1.93549
8.81997	0.0630957	1.65049
10.0937	0.0630957	1.25036
11.5515	0.0630957	0.880885
13.2197	0.0630957	0.537709
15.1289	0.0630957	0.165472
17.3138	0.0630957	0.0245219
19.8143	0.0630957	0.00843342
22.6758	0.0630957	0.00195179
25.9507	0.0630957	0.000468207
29.6984	0.0630957	0.000127993
33.9875	0.0630957	0.000037809
1.	0.0724436	0.221787
2.	0.0724436	0.29152
2.28884	0.0724436	0.337203
2.61939	0.0724436	0.411451
2.99768	0.0724436	0.532828
3.4306	0.0724436	0.728224
3.92605	0.0724436	1.03442
4.49305	0.0724436	1.47226
5.14193	0.0724436	1.95487
5.88452	0.0724436	2.2125
6.73436	0.0724436	2.13629
7.70694	0.0724436	2.10453
8.81997	0.0724436	1.90516
10.0937	0.0724436	1.54993
11.5515	0.0724436	1.04682
13.2197	0.0724436	0.760266
15.1289	0.0724436	0.220722
17.3138	0.0724436	0.0365319
19.8143	0.0724436	0.0114525
22.6758	0.0724436	0.00257198
25.9507	0.0724436	0.000664069
29.6984	0.0724436	0.000169848
33.9875	0.0724436	0.0000480973
1.	0.0831764	0.207841
2.	0.0831764	0.235679
2.28884	0.0831764	0.25719
2.61939	0.0831764	0.294652
2.99768	0.0831764	0.361592
3.4306	0.0831764	0.48138
3.92605	0.0831764	0.693487
4.49305	0.0831764	1.04807
5.14193	0.0831764	1.57257
5.88452	0.0831764	2.12219
6.73436	0.0831764	2.30637
7.70694	0.0831764	2.20809
8.81997	0.0831764	2.16745
10.0937	0.0831764	1.80317
11.5515	0.0831764	1.31252
13.2197	0.0831764	0.984128
15.1289	0.0831764	0.38533
17.3138	0.0831764	0.0593973
19.8143	0.0831764	0.0158547
22.6758	0.0831764	0.00343595
25.9507	0.0831764	0.000974497
29.6984	0.0831764	0.000226905
33.9875	0.0831764	0.0000626586
1.	0.0954993	0.194443
2.	0.0954993	0.209257
2.28884	0.0954993	0.216845
2.61939	0.0954993	0.231736
2.99768	0.0954993	0.261602
3.4306	0.0954993	0.322564
3.92605	0.0954993	0.441587
4.49305	0.0954993	0.674112
5.14193	0.0954993	1.08954
5.88452	0.0954993	1.72633
6.73436	0.0954993	2.31293
7.70694	0.0954993	2.35615
8.81997	0.0954993	2.29263
10.0937	0.0954993	2.04059
11.5515	0.0954993	1.64682
13.2197	0.0954993	1.17036
15.1289	0.0954993	0.644672
17.3138	0.0954993	0.10839
19.8143	0.0954993	0.0226027
22.6758	0.0954993	0.00504601
25.9507	0.0954993	0.00146144
29.6984	0.0954993	0.000306706
33.9875	0.0954993	0.000083267
1.	0.109648	0.191558
2.	0.109648	0.194271
2.28884	0.109648	0.197191
2.61939	0.109648	0.201897
2.99768	0.109648	0.212815
3.4306	0.109648	0.238092
3.92605	0.109648	0.293247
4.49305	0.109648	0.417968
5.14193	0.109648	0.679842
5.88452	0.109648	1.18397
6.73436	0.109648	1.9505
7.70694	0.109648	2.471
8.81997	0.109648	2.35781
10.0937	0.109648	2.26629
11.5515	0.109648	1.89695
13.2197	0.109648	1.36985
15.1289	0.109648	0.983986
17.3138	0.109648	0.217265
19.8143	0.109648	0.0336556
22.6758	0.109648	0.00657036
25.9507	0.109648	0.00215489
29.6984	0.109648	0.000421127
33.9875	0.109648	0.000111663