1.	0.001	0.0129754
1.9999999999999998	0.001	0.016978
2.288838595949997	0.001	0.019225689073939924
2.6193910591551774	0.001	0.022908417088603212
2.9976816770403563	0.001	0.029011837616806996
3.4306047603910415	0.001	0.038722530540116665
3.926050291516404	0.001	0.0523087075474471
4.493047718431742	0.001	0.06698844092951374
5.141930515695824	0.001	0.07560719645424832
5.884524511008838	0.001	0.0705013023479967
6.734363409805407	0.001	0.05210442378405815
7.706935445758021	0.001	0.030365501796378508
8.819965652373028	0.001	0.01443516222563807
10.093738900052346	0.001	0.005977732647402268
11.551469585940843	0.001	0.002329566115261755
13.219724714121972	0.001	0.0008748223857879632
15.128908076758211	0.001	0.00036387136696018575
17.313814360331925	0.001	0.00019262361793074894
19.814263275520517	0.001	0.000126096977087051
22.675825267662994	0.001	0.00007792046314283413
25.950652033822625	0.001	0.00003426193946359314
29.698426982540767	0.001	0.00001741813799790721
33.98745295832107	0.001	7.562558095177793e-6
38.895897054520105	0.001	3.10118267716182e-6
44.51321520124173	0.001	1.2013572573770327e-6
50.941782491215115	0.001	4.4090062463049403e-7
58.29875895619149	0.001	1.5335451836593566e-7
66.71822479745835	0.001	5.2063543545193695e-8
76.35362398484546	0.001	1.6521877084574438e-8
87.38056075858388	0.001	5.2527437332180515e-9
100.00000000000031	0.001	1.8882209650886576e-9
111.55639876771902	0.001	8.427290935915195e-10
138.21730389017998	0.001	1.5368243417953488e-10
171.24990861750976	0.001	2.4752171670580845e-11
212.17698780180757	0.001	4.55074938532052e-12
262.885244821937	0.001	6.593091571630951e-13
325.7122869971341	0.001	3.550093508057498e-14
403.5543872869759	0.001	5.229728915690299e-16
499.9999999999984	0.001	4.173256925526502e-19
1.	0.0011481536214968829	0.01469304069633438
1.9999999999999998	0.0011481536214968829	0.019256254117012973
2.288838595949997	0.0011481536214968829	0.02180104856988968
2.6193910591551774	0.0011481536214968829	0.025946791342056297
2.9976816770403563	0.0011481536214968829	0.032842933526381894
3.4306047603910415	0.0011481536214968829	0.04386377080350652
3.926050291516404	0.0011481536214968829	0.05938667739070613
4.493047718431742	0.0011481536214968829	0.07634905702602247
5.141930515695824	0.0011481536214968829	0.08655976236768274
5.884524511008838	0.0011481536214968829	0.0810756479161004
6.734363409805407	0.0011481536214968829	0.06011631006726679
7.706935445758021	0.0011481536214968829	0.03509623440668773
8.819965652373028	0.0011481536214968829	0.016699827825405314
10.093738900052346	0.0011481536214968829	0.006908580320544628
11.551469585940843	0.0011481536214968829	0.0026875769270341306
13.219724714121972	0.0011481536214968829	0.0010085356958014252
15.128908076758211	0.0011481536214968829	0.000419049625810965
17.313814360331925	0.0011481536214968829	0.00022163327215291918
19.814263275520517	0.0011481536214968829	0.0001450175893059177
22.675825267662994	0.0011481536214968829	0.00008957219709304013
25.950652033822625	0.0011481536214968829	0.000039406061007787637
29.698426982540767	0.0011481536214968829	0.000020032592852422936
33.98745295832107	0.0011481536214968829	8.701042181013782e-6
38.895897054520105	0.0011481536214968829	3.567074564134112e-6
44.51321520124173	0.0011481536214968829	1.380909891020137e-6
50.941782491215115	0.0011481536214968829	5.064298346999566e-7
58.29875895619149	0.0011481536214968829	1.7623709560601122e-7
66.71822479745835	0.0011481536214968829	5.984746648561559e-8
76.35362398484546	0.0011481536214968829	1.8992248232724223e-8
87.38056075858388	0.0011481536214968829	6.037829617492038e-9
100.00000000000031	0.0011481536214968829	2.1697819677511277e-9
111.55639876771902	0.0011481536214968829	9.68405444175478e-10
138.21730389017998	0.0011481536214968829	1.7659834401367202e-10
171.24990861750976	0.0011481536214968829	2.8442317577634795e-11
212.17698780180757	0.0011481536214968829	5.229057027460145e-12
262.885244821937	0.0011481536214968829	7.575829906042676e-13
325.7122869971341	0.0011481536214968829	4.0793430266900255e-14
403.5543872869759	0.0011481536214968829	6.009563608727524e-16
499.9999999999984	0.0011481536214968829	4.795833422546829e-19
1.	0.0013182567385564075	0.016604563349740926
1.9999999999999998	0.0013182567385564075	0.021798151263361286
2.288838595949997	0.0013182567385564075	0.02466343119037576
2.6193910591551774	0.0013182567385564075	0.02933025690828179
2.9976816770403563	0.0013182567385564075	0.037109466496285395
3.4306047603910415	0.0013182567385564075	0.049577960807072476
3.926050291516404	0.0013182567385564075	0.06730915818785851
4.493047718431742	0.0013182567385564075	0.0869306181602688
5.141930515695824	0.0013182567385564075	0.0990621562505071
5.884524511008838	0.0013182567385564075	0.09324894003927334
6.734363409805407	0.0013182567385564075	0.0694064208946765
7.706935445758021	0.0013182567385564075	0.040603329286591765
8.819965652373028	0.0013182567385564075	0.019328632698547846
10.093738900052346	0.0013182567385564075	0.007986979012597597
11.551469585940843	0.0013182567385564075	0.0031037539042606103
13.219724714121972	0.0013182567385564075	0.001164788174814109
15.128908076758211	0.0013182567385564075	0.00048272193769335187
17.313814360331925	0.0013182567385564075	0.0002550838516962231
19.814263275520517	0.0013182567385564075	0.00016681387853051687
22.675825267662994	0.0013182567385564075	0.0001029192997868425
25.950652033822625	0.0013182567385564075	0.00004533512975371894
29.698426982540767	0.0013182567385564075	0.000023045260240173182
33.98745295832107	0.0013182567385564075	0.000010011417830185892
38.895897054520105	0.0013182567385564075	4.106453201747327e-6
44.51321520124173	0.0013182567385564075	1.5884876511478779e-6
50.941782491215115	0.0013182567385564075	5.820787744395439e-7
58.29875895619149	0.0013182567385564075	2.0267953984334733e-7
66.71822479745835	0.0013182567385564075	6.884571209848559e-8
76.35362398484546	0.0013182567385564075	2.1848324092709267e-8
87.38056075858388	0.0013182567385564075	6.945357761720286e-9
100.00000000000031	0.0013182567385564075	2.495073362631284e-9
111.55639876771902	0.0013182567385564075	1.1135998066391848e-9
138.21730389017998	0.0013182567385564075	2.030727518490149e-10
171.24990861750976	0.0013182567385564075	3.2705366675938085e-11
212.17698780180757	0.0013182567385564075	6.0126023639567166e-12
262.885244821937	0.0013182567385564075	8.711056085525353e-13
325.7122869971341	0.0013182567385564075	4.6907498746457746e-14
403.5543872869759	0.0013182567385564075	6.910542508497307e-16
499.9999999999984	0.0013182567385564075	5.515191737991408e-19
1.	0.0015135612484362087	0.01871511300435826
1.9999999999999998	0.0015135612484362087	0.024631417456059977
2.288838595949997	0.0015135612484362087	0.027844603960665452
2.6193910591551774	0.0015135612484362087	0.03307934753632609
2.9976816770403563	0.0015135612484362087	0.04182668342845089
3.4306047603910415	0.0015135612484362087	0.055913033081675556
3.926050291516404	0.0015135612484362087	0.0761272660788036
4.493047718431742	0.0015135612484362087	0.09881808283398301
5.141930515695824	0.0015135612484362087	0.11331908591475019
5.884524511008838	0.0015135612484362087	0.1072639460658862
6.734363409805407	0.0015135612484362087	0.08019245359065058
7.706935445758021	0.0015135612484362087	0.04702619710369013
8.819965652373028	0.0015135612484362087	0.02240771613722729
10.093738900052346	0.0015135612484362087	0.009248647162108383
11.551469585940843	0.0015135612484362087	0.003589181213418353
13.219724714121972	0.0015135612484362087	0.0013442809567214835
15.128908076758211	0.0015135612484362087	0.0005562515030318883
17.313814360331925	0.0015135612484362087	0.00029362066438644275
19.814263275520517	0.0015135612484362087	0.00019177965690888349
22.675825267662994	0.0015135612484362087	0.00011844658842693716
25.950652033822625	0.0015135612484362087	0.00005217111464222179
29.698426982540767	0.0015135612484362087	0.0000265186279562665
33.98745295832107	0.0015135612484362087	0.000011520174200775407
38.895897054520105	0.0015135612484362087	4.726298052415028e-6
44.51321520124173	0.0015135612484362087	1.8266361609138053e-6
50.941782491215115	0.0015135612484362087	6.687264100231152e-7
58.29875895619149	0.0015135612484362087	2.33000677271518e-7
66.71822479745835	0.0015135612484362087	7.916774441041476e-8
76.35362398484546	0.0015135612484362087	2.5124975679228865e-8
87.38056075858388	0.0015135612484362087	7.986363939304822e-9
100.00000000000031	0.0015135612484362087	2.8679568801045807e-9
111.55639876771902	0.0015135612484362087	1.280049909787333e-9
138.21730389017998	0.0015135612484362087	2.334208126863172e-10
171.24990861750976	0.0015135612484362087	3.759174378807453e-11
212.17698780180757	0.0015135612484362087	6.9106700072338165e-12
262.885244821937	0.0015135612484362087	1.0012247630265943e-12
325.7122869971341	0.0015135612484362087	5.391559714296582e-14
403.5543872869759	0.0015135612484362087	7.943313066180258e-16
499.9999999999984	0.0015135612484362087	6.339912676366883e-19
1.	0.0017378008287493763	0.02105090817869345
1.9999999999999998	0.0017378008287493763	0.02776681112692445
2.288838595949997	0.0017378008287493763	0.031361495009237746
2.6193910591551774	0.0017378008287493763	0.03721864204044658
2.9976816770403563	0.0017378008287493763	0.047010679753112315
3.4306047603910415	0.0017378008287493763	0.06289244561681866
3.926050291516404	0.0017378008287493763	0.08590064815002918
4.493047718431742	0.0017378008287493763	0.11213494229060368
5.141930515695824	0.0017378008287493763	0.12950605486009883
5.884524511008838	0.0017378008287493763	0.12338689712175091
6.734363409805407	0.0017378008287493763	0.09274231312696857
7.706935445758021	0.0017378008287493763	0.054533607233877346
8.819965652373028	0.0017378008287493763	0.025995525039105096
10.093738900052346	0.0017378008287493763	0.010719130310217644
11.551469585940843	0.0017378008287493763	0.00415219912466742
13.219724714121972	0.0017378008287493763	0.00155221899795792
15.128908076758211	0.0017378008287493763	0.0006413681973730988
17.313814360331925	0.0017378008287493763	0.00033839349047796275
19.814263275520517	0.0017378008287493763	0.00022072583541318287
22.675825267662994	0.0017378008287493763	0.00013637047785293232
25.950652033822625	0.0017378008287493763	0.00006005814703677713
29.698426982540767	0.0017378008287493763	0.00003052630627731937
33.98745295832107	0.0017378008287493763	0.000013262295848951929
38.895897054520105	0.0017378008287493763	5.440377336140412e-6
44.51321520124173	0.0017378008287493763	2.1004726764497237e-6
50.941782491215115	0.0017378008287493763	7.68175288054413e-7
58.29875895619149	0.0017378008287493763	2.6784392641724837e-7
66.71822479745835	0.0017378008287493763	9.103481729451553e-8
76.35362398484546	0.0017378008287493763	2.889245135602132e-8
87.38056075858388	0.0017378008287493763	9.183124469692898e-9
100.00000000000031	0.0017378008287493763	3.296302619041407e-9
111.55639876771902	0.0017378008287493763	1.4712624487306768e-9
138.21730389017998	0.0017378008287493763	2.682818703375477e-10
171.24990861750976	0.0017378008287493763	4.320442387536727e-11
212.17698780180757	0.0017378008287493763	7.942145816011352e-12
262.885244821937	0.0017378008287493763	1.1506698855692315e-12
325.7122869971341	0.0017378008287493763	6.196528188302242e-14
403.5543872869759	0.0017378008287493763	9.129693333931484e-16
499.9999999999984	0.0017378008287493763	7.28744874731715e-19
1.	0.0019952623149688807	0.023591721484784424
1.9999999999999998	0.0019952623149688807	0.031223529547745623
2.288838595949997	0.0019952623149688807	0.0352395136799878
2.6193910591551774	0.0019952623149688807	0.04176186921112006
2.9976816770403563	0.0019952623149688807	0.05267441722880341
3.4306047603910415	0.0019952623149688807	0.07051831594644994
3.926050291516404	0.0019952623149688807	0.09666880776278809
4.493047718431742	0.0019952623149688807	0.12700200722537974
5.141930515695824	0.0019952623149688807	0.14786915804844183
5.884524511008838	0.0019952623149688807	0.14195998461485593
6.734363409805407	0.0019952623149688807	0.107369979384762
7.706935445758021	0.0019952623149688807	0.06332998726116508
8.819965652373028	0.0019952623149688807	0.03021006825172901
10.093738900052346	0.0019952623149688807	0.01244361211127177
11.551469585940843	0.0019952623149688807	0.004808455317509668
13.219724714121972	0.0019952623149688807	0.00179727852713274
15.128908076758211	0.0019952623149688807	0.0007399596022062531
17.313814360331925	0.0019952623149688807	0.0003900426872366511
19.814263275520517	0.0019952623149688807	0.00025403229836124935
22.675825267662994	0.0019952623149688807	0.00015707850894421113
25.950652033822625	0.0019952623149688807	0.0000691591700974624
29.698426982540767	0.0019952623149688807	0.00003515091682868467
33.98745295832107	0.0019952623149688807	0.000015281236166985055
38.895897054520105	0.0019952623149688807	6.261272841217853e-6
44.51321520124173	0.0019952623149688807	2.414585624466412e-6
50.941782491215115	0.0019952623149688807	8.820127470902288e-7
58.29875895619149	0.0019952623149688807	3.077836894230021e-7
66.71822479745835	0.0019952623149688807	1.0464262759710271e-7
76.35362398484546	0.0019952623149688807	3.3213542482279174e-8
87.38056075858388	0.0019952623149688807	1.0555309626036673e-8
100.00000000000031	0.0019952623149688807	3.7870563174897075e-9
111.55639876771902	0.0019952623149688807	1.6903377160828061e-9
138.21730389017998	0.0019952623149688807	3.082215818265847e-10
171.24990861750976	0.0019952623149688807	4.963430642509724e-11
212.17698780180757	0.0019952623149688807	9.123661729101836e-12
262.885244821937	0.0019952623149688807	1.3218631202221625e-12
325.7122869971341	0.0019952623149688807	7.118691471702651e-14
403.5543872869759	0.0019952623149688807	1.0488918677579528e-15
499.9999999999984	0.0019952623149688807	8.373278827998642e-19
1.	0.0022908676527677745	0.026335178215785626
1.9999999999999998	0.0022908676527677745	0.03499657004045226
2.288838595949997	0.0022908676527677745	0.039479144545626656
2.6193910591551774	0.0022908676527677745	0.046698194734853496
2.9976816770403563	0.0022908676527677745	0.05881722854698574
3.4306047603910415	0.0022908676527677745	0.07877811939431709
3.926050291516404	0.0022908676527677745	0.10843792458057405
4.493047718431742	0.0022908676527677745	0.14351072778243712
5.141930515695824	0.0022908676527677745	0.16857483202279863
5.884524511008838	0.0022908676527677745	0.1634406224889285
6.734363409805407	0.0022908676527677745	0.12445368632917198
7.706935445758021	0.0022908676527677745	0.0736777556019142
8.819965652373028	0.0022908676527677745	0.03517501097234637
10.093738900052346	0.0022908676527677745	0.014468546644447338
11.551469585940843	0.0022908676527677745	0.0055769094132680766
13.219724714121972	0.0022908676527677745	0.0020799918891274893
15.128908076758211	0.0022908676527677745	0.000854336596553407
17.313814360331925	0.0022908676527677745	0.0004498486210835715
19.814263275520517	0.0022908676527677745	0.000292437006981453
22.675825267662994	0.0022908676527677745	0.00018099602831638382
25.950652033822625	0.0022908676527677745	0.00007967470055075251
29.698426982540767	0.0022908676527677745	0.00004049231363359829
33.98745295832107	0.0022908676527677745	0.0000176101324776873
38.895897054520105	0.0022908676527677745	7.209848708865845e-6
44.51321520124173	0.0022908676527677745	2.7766591643474602e-6
50.941782491215115	0.0022908676527677745	1.0129362354248922e-6
58.29875895619149	0.0022908676527677745	3.5378432059732704e-7
66.71822479745835	0.0022908676527677745	1.20322952890925e-7
76.35362398484546	0.0022908676527677745	3.819352094761021e-8
87.38056075858388	0.0022908676527677745	1.2136401160355942e-8
100.00000000000031	0.0022908676527677745	4.351978629231158e-9
111.55639876771902	0.0022908676527677745	1.942532241201212e-9
138.21730389017998	0.0022908676527677745	3.5419640522607646e-10
171.24990861750976	0.0022908676527677745	5.70350416973234e-11
212.17698780180757	0.0022908676527677745	1.0483485227100315e-11
262.885244821937	0.0022908676527677745	1.5188811782144476e-12
325.7122869971341	0.0022908676527677745	8.180109488624387e-14
403.5543872869759	0.0022908676527677745	1.2053557090077878e-15
499.9999999999984	0.0022908676527677745	9.62345620361815e-19
1.	0.0026302679918953843	0.02927478260747104
1.9999999999999998	0.0026302679918953843	0.039106375683829256
2.288838595949997	0.0026302679918953843	0.04407804862260662
2.6193910591551774	0.0026302679918953843	0.052049205820274884
2.9976816770403563	0.0026302679918953843	0.06543574694070181
3.4306047603910415	0.0026302679918953843	0.08766226958974013
3.926050291516404	0.0026302679918953843	0.12119094534824944
4.493047718431742	0.0026302679918953843	0.16165272984435383
5.141930515695824	0.0026302679918953843	0.19194385904669786
5.884524511008838	0.0026302679918953843	0.1880736222454118
6.734363409805407	0.0026302679918953843	0.14436467707569503
7.706935445758021	0.0026302679918953843	0.08585920188946895
8.819965652373028	0.0026302679918953843	0.041009640666134675
10.093738900052346	0.0026302679918953843	0.016849809126867527
11.551469585940843	0.0026302679918953843	0.0064776810744923185
13.219724714121972	0.0026302679918953843	0.0024089896432477427
15.128908076758211	0.0026302679918953843	0.0009867944882936228
17.313814360331925	0.0026302679918953843	0.0005193415396104305
19.814263275520517	0.0026302679918953843	0.00033664842166186525
22.675825267662994	0.0026302679918953843	0.00020860993556422264
25.950652033822625	0.0026302679918953843	0.00009182843858331126
29.698426982540767	0.0026302679918953843	0.000046665197611890015
33.98745295832107	0.0026302679918953843	0.0000202999732570257
38.895897054520105	0.0026302679918953843	8.315000653123518e-6
44.51321520124173	0.0026302679918953843	3.1973463617182266e-6
50.941782491215115	0.0026302679918953843	1.1646842209137721e-6
58.29875895619149	0.0026302679918953843	4.071827184563676e-7
66.71822479745835	0.0026302679918953843	1.3853302424706339e-7
76.35362398484546	0.0026302679918953843	4.3977911202561636e-8
87.38056075858388	0.0026302679918953843	1.3972291069158378e-8
100.00000000000031	0.0026302679918953843	5.007313240487934e-9
111.55639876771902	0.0026302679918953843	2.2350970046307454e-9
138.21730389017998	0.0026302679918953843	4.075276702978078e-10
171.24990861750976	0.0026302679918953843	6.561929301121415e-11
212.17698780180757	0.0026302679918953843	1.2060544511481772e-11
262.885244821937	0.0026302679918953843	1.7473839317203677e-12
325.7122869971341	0.0026302679918953843	9.411157078456737e-14
403.5543872869759	0.0026302679918953843	1.3868598417551532e-15
499.9999999999984	0.0026302679918953843	1.1074027655163832e-18
1.	0.003019951720402019	0.03238941255560483
1.9999999999999998	0.003019951720402019	0.043517418021885974
2.288838595949997	0.003019951720402019	0.049031193444896266
2.6193910591551774	0.003019951720402019	0.0578058644519574
2.9976816770403563	0.003019951720402019	0.07249252394061088
3.4306047603910415	0.003019951720402019	0.0971362003823125
3.926050291516404	0.003019951720402019	0.1348550795182147
4.493047718431742	0.003019951720402019	0.18153089495372285
5.141930515695824	0.003019951720402019	0.21805711089492535
5.884524511008838	0.003019951720402019	0.2163078663702946
6.734363409805407	0.003019951720402019	0.1676668689729014
7.706935445758021	0.003019951720402019	0.10027738153087663
8.819965652373028	0.003019951720402019	0.04798903603159707
10.093738900052346	0.003019951720402019	0.019669789084841214
11.551469585940843	0.003019951720402019	0.00753714795416779
13.219724714121972	0.003019951720402019	0.0027994402662929623
15.128908076758211	0.003019951720402019	0.0011410486880416985
17.313814360331925	0.003019951720402019	0.0005992011377466042
19.814263275520517	0.003019951720402019	0.00038760333529164464
22.675825267662994	0.003019951720402019	0.00024090510539612078
25.950652033822625	0.003019951720402019	0.00010589604013370225
29.698426982540767	0.003019951720402019	0.000053801340688781205
33.98745295832107	0.003019951720402019	0.00002342664705697518
38.895897054520105	0.003019951720402019	9.589253984168353e-6
44.51321520124173	0.003019951720402019	3.680837432635173e-6
50.941782491215115	0.003019951720402019	1.3386007188389678e-6
58.29875895619149	0.003019951720402019	4.684839550558579e-7
66.71822479745835	0.003019951720402019	1.594472329037878e-7
76.35362398484546	0.003019951720402019	5.0622955320552775e-8
87.38056075858388	0.003019951720402019	1.6080538387700657e-8
100.00000000000031	0.003019951720402019	5.759013957759887e-9
111.55639876771902	0.003019951720402019	2.570699027007977e-9
138.21730389017998	0.003019951720402019	4.686986771161761e-10
171.24990861750976	0.003019951720402019	7.546395769598622e-11
212.17698780180757	0.003019951720402019	1.386895325569846e-11
262.885244821937	0.003019951720402019	2.009412619609825e-12
325.7122869971341	0.003019951720402019	1.0823049975479017e-13
403.5543872869759	0.003019951720402019	1.5950496927578396e-15
499.9999999999984	0.003019951720402019	1.2738327724806791e-18
1.	0.00346736850452532	0.035654689085929385
1.9999999999999998	0.00346736850452532	0.04820428433431613
2.288838595949997	0.00346736850452532	0.05429685278361854
2.6193910591551774	0.00346736850452532	0.0638736245857606
2.9976816770403563	0.00346736850452532	0.07989848027044871
3.4306047603910415	0.00346736850452532	0.10701037326977003
3.926050291516404	0.00346736850452532	0.14929397938062144
4.493047718431742	0.00346736850452532	0.20305771170481343
5.141930515695824	0.00346736850452532	0.2472129035818449
5.884524511008838	0.00346736850452532	0.2487016068622771
6.734363409805407	0.00346736850452532	0.1950356364495439
7.706935445758021	0.00346736850452532	0.11743330604384215
8.819965652373028	0.00346736850452532	0.056255911334041134
10.093738900052346	0.00346736850452532	0.02301120934537392
11.551469585940843	0.00346736850452532	0.008790452512559846
13.219724714121972	0.00346736850452532	0.00325039351386265
15.128908076758211	0.00346736850452532	0.001320767071269828
17.313814360331925	0.00346736850452532	0.0006909972905770871
19.814263275520517	0.00346736850452532	0.0004467743891639398
22.675825267662994	0.00346736850452532	0.00027915766104734375
25.950652033822625	0.00346736850452532	0.00012219324457597876
29.698426982540767	0.00346736850452532	0.00006206565205433188
33.98745295832107	0.00346736850452532	0.000027044172021391872
38.895897054520105	0.00346736850452532	0.000011066604649759852
44.51321520124173	0.00346736850452532	4.239344590891672e-6
50.941782491215115	0.00346736850452532	1.5389007512117096e-6
58.29875895619149	0.00346736850452532	5.392087523079966e-7
66.71822479745835	0.00346736850452532	1.8358692207650724e-7
76.35362398484546	0.00346736850452532	5.829434999304411e-8
87.38056075858388	0.00346736850452532	1.851343944767924e-8
100.00000000000031	0.00346736850452532	6.625403734616017e-9
111.55639876771902	0.00346736850452532	2.9575195911837116e-9
138.21730389017998	0.00346736850452532	5.391975299167683e-10
171.24990861750976	0.00346736850452532	8.680901788965807e-11
212.17698780180757	0.00346736850452532	1.5952513693161476e-11
262.885244821937	0.00346736850452532	2.31131965356632e-12
325.7122869971341	0.00346736850452532	1.2450040157734955e-13
403.5543872869759	0.00346736850452532	1.8349972045470386e-15
499.9999999999984	0.00346736850452532	1.4657113622535018e-18
1.	0.003981071705534978	0.03897710956737429
1.9999999999999998	0.003981071705534978	0.0531573148920926
2.288838595949997	0.003981071705534978	0.05987698405692026
2.6193910591551774	0.003981071705534978	0.07026336778405887
2.9976816770403563	0.003981071705534978	0.08761763764719817
3.4306047603910415	0.003981071705534978	0.11724248253953806
3.926050291516404	0.003981071705534978	0.16434207616356244
4.493047718431742	0.003981071705534978	0.22604582170594467
5.141930515695824	0.003981071705534978	0.27919010746825595
5.884524511008838	0.003981071705534978	0.28571381201349816
6.734363409805407	0.003981071705534978	0.22730879550291827
7.706935445758021	0.003981071705534978	0.13786548933021542
8.819965652373028	0.003981071705534978	0.0661467145685326
10.093738900052346	0.003981071705534978	0.02699776732814787
11.551469585940843	0.003981071705534978	0.010265454198868828
13.219724714121972	0.003981071705534978	0.003785762650324569
15.128908076758211	0.003981071705534978	0.0015311079957097753
17.313814360331925	0.003981071705534978	0.000796857735958628
19.814263275520517	0.003981071705534978	0.0005147343714847195
22.675825267662994	0.003981071705534978	0.0003225967452470728
25.950652033822625	0.003981071705534978	0.00014108372202677782
29.698426982540767	0.003981071705534978	0.00007164337798741522
33.98745295832107	0.003981071705534978	0.000031246557175963616
38.895897054520105	0.003981071705534978	0.000012781416822176736
44.51321520124173	0.003981071705534978	4.884953321216591e-6
50.941782491215115	0.003981071705534978	1.7696901796654067e-6
58.29875895619149	0.003981071705534978	6.208419272762048e-7
66.71822479745835	0.003981071705534978	2.1146198481315715e-7
76.35362398484546	0.003981071705534978	6.715462189642067e-8
87.38056075858388	0.003981071705534978	2.1322079445402087e-8
100.00000000000031	0.003981071705534978	7.62421866310088e-9
111.55639876771902	0.003981071705534978	3.403491065169045e-9
138.21730389017998	0.003981071705534978	6.20472296838728e-10
171.24990861750976	0.003981071705534978	9.988491555771798e-11
212.17698780180757	0.003981071705534978	1.8353701399253564e-11
262.885244821937	0.003981071705534978	2.6592496220164643e-12
325.7122869971341	0.003981071705534978	1.4325265551474404e-13
403.5543872869759	0.003981071705534978	2.1116147901169044e-15
499.9999999999984	0.003981071705534978	1.6870025098879434e-18
1.	0.0045708818961487565	0.04228570899479949
1.9999999999999998	0.0045708818961487565	0.05830731477293054
2.288838595949997	0.0045708818961487565	0.06565958094863936
2.6193910591551774	0.0045708818961487565	0.07690137110729847
2.9976816770403563	0.0045708818961487565	0.09553284667722192
3.4306047603910415	0.0045708818961487565	0.12761452937885442
3.926050291516404	0.0045708818961487565	0.17971007907844874
4.493047718431742	0.0045708818961487565	0.2502527858884205
5.141930515695824	0.0045708818961487565	0.31478811620868424
5.884524511008838	0.0045708818961487565	0.32791479991608186
6.734363409805407	0.0045708818961487565	0.2650337636347576
7.706935445758021	0.0045708818961487565	0.1622445633442836
8.819965652373028	0.0045708818961487565	0.0780523690326794
10.093738900052346	0.0045708818961487565	0.031782389057466665
11.551469585940843	0.0045708818961487565	0.012027918044436215
13.219724714121972	0.0045708818961487565	0.004420897873776082
15.128908076758211	0.0045708818961487565	0.0017766276407263299
17.313814360331925	0.0045708818961487565	0.0009200465301558614
19.814263275520517	0.0045708818961487565	0.0005935460636499596
22.675825267662994	0.0045708818961487565	0.0003730005423630562
25.950652033822625	0.0045708818961487565	0.00016301514700683387
29.698426982540767	0.0045708818961487565	0.00008275334279710946
33.98745295832107	0.0045708818961487565	0.00003612512728687623
38.895897054520105	0.0045708818961487565	0.000014767019288176904
44.51321520124173	0.0045708818961487565	5.628995707938348e-6
50.941782491215115	0.0045708818961487565	2.0347380859580453e-6
58.29875895619149	0.0045708818961487565	7.147596166253185e-7
66.71822479745835	0.0045708818961487565	2.4354595227731156e-7
76.35362398484546	0.0045708818961487565	7.735461764223896e-8
87.38056075858388	0.0045708818961487565	2.4553623840646744e-8
100.00000000000031	0.0045708818961487565	8.771710723851633e-9
111.55639876771902	0.0045708818961487565	3.915845210167421e-9
138.21730389017998	0.0045708818961487565	7.138307873887237e-10
171.24990861750976	0.0045708818961487565	1.1490338594277476e-10
212.17698780180757	0.0045708818961487565	2.11108654289522e-11
262.885244821937	0.0045708818961487565	3.0587756036484617e-12
325.7122869971341	0.0045708818961487565	1.6478924313441898e-13
403.5543872869759	0.0045708818961487565	2.429383042144489e-15
499.9999999999984	0.0045708818961487565	1.9413187109014184e-18
1.	0.005248074602497733	0.04549811749473596
1.9999999999999998	0.005248074602497733	0.06358333104420326
2.288838595949997	0.005248074602497733	0.07161959624586187
2.6193910591551774	0.005248074602497733	0.08366639584718395
2.9976816770403563	0.005248074602497733	0.10353317978440008
3.4306047603910415	0.005248074602497733	0.13791060695991442
3.926050291516404	0.005248074602497733	0.1949991282717755
4.493047718431742	0.005248074602497733	0.2751628252146696
5.141930515695824	0.005248074602497733	0.3530352272308285
5.884524511008838	0.005248074602497733	0.37566196539553365
6.734363409805407	0.005248074602497733	0.3093228948560326
7.706935445758021	0.005248074602497733	0.19153576198147343
8.819965652373028	0.005248074602497733	0.09239829138886237
10.093738900052346	0.005248074602497733	0.03757241603753978
11.551469585940843	0.005248074602497733	0.014130704098296115
13.219724714121972	0.005248074602497733	0.00517217510979461
15.128908076758211	0.005248074602497733	0.002064908306637716
17.313814360331925	0.005248074602497733	0.001064788833613049
19.814263275520517	0.005248074602497733	0.0006893631582241945
22.675825267662994	0.005248074602497733	0.0004310545306998457
25.950652033822625	0.005248074602497733	0.0001885027282746846
29.698426982540767	0.005248074602497733	0.00009565974997656737
33.98745295832107	0.005248074602497733	0.00004179393005553176
38.895897054520105	0.005248074602497733	0.00001707833065906678
44.51321520124173	0.005248074602497733	6.490502577470565e-6
50.941782491215115	0.005248074602497733	2.3405397433086712e-6
58.29875895619149	0.005248074602497733	8.233013083041788e-7
66.71822479745835	0.005248074602497733	2.806385630177475e-7
76.35362398484546	0.005248074602497733	8.914835704042161e-8
87.38056075858388	0.005248074602497733	2.8287907508459437e-8
100.00000000000031	0.005248074602497733	1.0095617268225829e-8
111.55639876771902	0.005248074602497733	4.5069703470002e-9
138.21730389017998	0.005248074602497733	8.215288543365472e-10
171.24990861750976	0.005248074602497733	1.3222410683924875e-10
212.17698780180757	0.005248074602497733	2.4290095535209842e-11
262.885244821937	0.005248074602497733	3.5194696343209534e-12
325.7122869971341	0.005248074602497733	1.8962780024663383e-13
403.5543872869759	0.005248074602497733	2.795970253704753e-15
499.9999999999984	0.005248074602497733	2.23485076956652e-18
1.	0.006025595860743587	0.04845358426610893
1.9999999999999998	0.006025595860743587	0.06882777208039528
2.288838595949997	0.006025595860743587	0.07758472567595803
2.6193910591551774	0.006025595860743587	0.09046152247213089
2.9976816770403563	0.006025595860743587	0.11140809898180143
3.4306047603910415	0.006025595860743587	0.14778254242442324
3.926050291516404	0.006025595860743587	0.20970596819626983
4.493047718431742	0.006025595860743587	0.3001295032261343
5.141930515695824	0.006025595860743587	0.3887678379222949
5.884524511008838	0.006025595860743587	0.42930335358916466
6.734363409805407	0.006025595860743587	0.3613232525272826
7.706935445758021	0.006025595860743587	0.22708343935863382
8.819965652373028	0.006025595860743587	0.10999236370650597
10.093738900052346	0.006025595860743587	0.04459791724289902
11.551469585940843	0.006025595860743587	0.016666669256799195
13.219724714121972	0.006025595860743587	0.006073107699737554
15.128908076758211	0.006025595860743587	0.002403403867664107
17.313814360331925	0.006025595860743587	0.0012319866186529965
19.814263275520517	0.006025595860743587	0.0007982067915497332
22.675825267662994	0.006025595860743587	0.0004989934715886325
25.950652033822625	0.006025595860743587	0.0002181739551889781
29.698426982540767	0.006025595860743587	0.00011066952851691619
33.98745295832107	0.006025595860743587	0.000048426347369790735
38.895897054520105	0.006025595860743587	0.000019752202971890932
44.51321520124173	0.006025595860743587	7.481158454283504e-6
50.941782491215115	0.006025595860743587	2.6908336477012403e-6
58.29875895619149	0.006025595860743587	9.478360905693773e-7
66.71822479745835	0.006025595860743587	3.232102359161311e-7
76.35362398484546	0.006025595860743587	1.0268509026668481e-7
87.38056075858388	0.006025595860743587	3.257095322835712e-8
100.00000000000031	0.006025595860743587	1.1611349744916856e-8
111.55639876771902	0.006025595860743587	5.183737422516244e-9
138.21730389017998	0.006025595860743587	9.448091531661648e-10
171.24990861750976	0.006025595860743587	1.520470521957491e-10
212.17698780180757	0.006025595860743587	2.792747698276748e-11
262.885244821937	0.006025595860743587	4.046582586411119e-12
325.7122869971341	0.006025595860743587	2.1805338682868702e-13
403.5543872869759	0.006025595860743587	3.2156163859679582e-15
499.9999999999984	0.006025595860743587	2.5710613185918187e-18
1.	0.006918309709189377	0.05105399915288958
1.9999999999999998	0.006918309709189377	0.07388539835242822
2.288838595949997	0.006918309709189377	0.08344005164721367
2.6193910591551774	0.006918309709189377	0.09713575903415744
2.9976816770403563	0.006918309709189377	0.11899714516173249
3.4306047603910415	0.006918309709189377	0.15710863358316635
3.926050291516404	0.006918309709189377	0.2233660474400149
4.493047718431742	0.006918309709189377	0.32429158600981245
5.141930515695824	0.006918309709189377	0.435769021722808
5.884524511008838	0.006918309709189377	0.48909662667528053
6.734363409805407	0.006918309709189377	0.42243444672700897
7.706935445758021	0.006918309709189377	0.2703036982999405
8.819965652373028	0.006918309709189377	0.13157153487398215
10.093738900052346	0.006918309709189377	0.0532081037107334
11.551469585940843	0.006918309709189377	0.019725897575433523
13.219724714121972	0.006918309709189377	0.007158373281515007
15.128908076758211	0.006918309709189377	0.002804154779862643
17.313814360331925	0.006918309709189377	0.0014273370413300276
19.814263275520517	0.006918309709189377	0.0009232483628950624
22.675825267662994	0.006918309709189377	0.0005789784570305349
25.950652033822625	0.006918309709189377	0.0002527727666431031
29.698426982540767	0.006918309709189377	0.00012814854133327234
33.98745295832107	0.006918309709189377	0.00005614598720328757
38.895897054520105	0.006918309709189377	0.000022901318923462627
44.51321520124173	0.006918309709189377	8.640578567874215e-6
50.941782491215115	0.006918309709189377	3.0993506289817713e-6
58.29875895619149	0.006918309709189377	1.0932495036616287e-6
66.71822479745835	0.006918309709189377	3.729252109794204e-7
76.35362398484546	0.006918309709189377	1.1849208795861215e-7
87.38056075858388	0.006918309709189377	3.756878869245489e-8
100.00000000000031	0.006918309709189377	1.337689104808033e-8
111.55639876771902	0.006918309709189377	5.9720385973556595e-9
138.21730389017998	0.006918309709189377	1.088379947480103e-9
171.24990861750976	0.006918309709189377	1.7512622695157697e-10
212.17698780180757	0.006918309709189377	3.216101268731638e-11
262.885244821937	0.006918309709189377	4.660093621200008e-12
325.7122869971341	0.006918309709189377	2.511470326386324e-13
403.5543872869759	0.006918309709189377	3.704347856221884e-15
499.9999999999984	0.006918309709189377	2.9628649804460082e-18
1.	0.00794328234724283	0.0531302028667625
1.9999999999999998	0.00794328234724283	0.07858890823668159
2.288838595949997	0.00794328234724283	0.08898755942788202
2.6193910591551774	0.00794328234724283	0.10350307544371046
2.9976816770403563	0.00794328234724283	0.12620516505348406
3.4306047603910415	0.00794328234724283	0.1654136856963328
3.926050291516404	0.00794328234724283	0.2352790763449431
4.493047718431742	0.00794328234724283	0.3464575907192697
5.141930515695824	0.00794328234724283	0.47846313530635776
5.884524511008838	0.00794328234724283	0.5545968178054524
6.734363409805407	0.00794328234724283	0.49372556509521853
7.706935445758021	0.00794328234724283	0.32265092851112454
8.819965652373028	0.00794328234724283	0.1583377087333518
10.093738900052346	0.00794328234724283	0.06381505018128175
11.551469585940843	0.00794328234724283	0.023482650664774837
13.219724714121972	0.00794328234724283	0.008436546368327372
15.128908076758211	0.00794328234724283	0.0032788351339092373
17.313814360331925	0.00794328234724283	0.0016569471460230537
19.814263275520517	0.00794328234724283	0.0010667689999102887
22.675825267662994	0.00794328234724283	0.0006716942962003245
25.950652033822625	0.00794328234724283	0.00029317263850255293
29.698426982540767	0.00794328234724283	0.00014853552317799443
33.98745295832107	0.00794328234724283	0.00006519443521530942
38.895897054520105	0.00794328234724283	0.000026550531717954034
44.51321520124173	0.00794328234724283	9.974117654653377e-6
50.941782491215115	0.00794328234724283	3.5674576834176458e-6
58.29875895619149	0.00794328234724283	1.260048177291558e-6
66.71822479745835	0.00794328234724283	4.2995785844627723e-7
76.35362398484546	0.00794328234724283	1.3662196242065407e-7
87.38056075858388	0.00794328234724283	4.329606221286331e-8
100.00000000000031	0.00794328234724283	1.5395935626441107e-8
111.55639876771902	0.00794328234724283	6.873392213305945e-9
138.21730389017998	0.00794328234724283	1.2525096722073385e-9
171.24990861750976	0.00794328234724283	2.0150215475268513e-10
212.17698780180757	0.00794328234724283	3.699748408441041e-11
262.885244821937	0.00794328234724283	5.361025939502269e-12
325.7122869971341	0.00794328234724283	2.8896740440255546e-13
403.5543872869759	0.00794328234724283	4.263096992744639e-15
499.9999999999984	0.00794328234724283	3.411150013242476e-18
1.	0.009120108393559116	0.054567498038002524
1.9999999999999998	0.009120108393559116	0.08271849436285761
2.288838595949997	0.009120108393559116	0.09398913838570863
2.6193910591551774	0.009120108393559116	0.10946005723924157
2.9976816770403563	0.009120108393559116	0.1328081452756279
3.4306047603910415	0.009120108393559116	0.17263768442854163
3.926050291516404	0.009120108393559116	0.24489704890730693
4.493047718431742	0.009120108393559116	0.36555748839604285
5.141930515695824	0.009120108393559116	0.5197930168145684
5.884524511008838	0.009120108393559116	0.6252456442289605
6.734363409805407	0.009120108393559116	0.5763892215425606
7.706935445758021	0.009120108393559116	0.3865368018097303
8.819965652373028	0.009120108393559116	0.19188271455054928
10.093738900052346	0.009120108393559116	0.07708367422346982
11.551469585940843	0.009120108393559116	0.02808061612240313
13.219724714121972	0.009120108393559116	0.010008018076331927
15.128908076758211	0.009120108393559116	0.0038450921306848584
17.313814360331925	0.009120108393559116	0.0019254156578280988
19.814263275520517	0.009120108393559116	0.001233159940134709
22.675825267662994	0.009120108393559116	0.0007803744574035058
25.950652033822625	0.009120108393559116	0.0003404623788117548
29.698426982540767	0.009120108393559116	0.0001723413601054252
33.98745295832107	0.009120108393559116	0.0000757920444786362
38.895897054520105	0.009120108393559116	0.000030826521145737715
44.51321520124173	0.009120108393559116	0.000011524575248443677
50.941782491215115	0.009120108393559116	4.10992422353404e-6
58.29875895619149	0.009120108393559116	1.4534366580533139e-6
66.71822479745835	0.009120108393559116	4.96070223187587e-7
76.35362398484546	0.009120108393559116	1.5763087360790438e-7
87.38056075858388	0.009120108393559116	4.992617261251865e-8
100.00000000000031	0.009120108393559116	1.7728536762790667e-8
111.55639876771902	0.009120108393559116	7.914628380244885e-9
138.21730389017998	0.009120108393559116	1.4420592505571885e-9
171.24990861750976	0.009120108393559116	2.319524258350644e-10
212.17698780180757	0.009120108393559116	4.2578865752625164e-11
262.885244821937	0.009120108393559116	6.16994784704204e-12
325.7122869971341	0.009120108393559116	3.326276344915739e-13
403.5543872869759	0.009120108393559116	4.908426748740364e-15
499.9999999999984	0.009120108393559116	3.929332848160356e-18
1.	0.010471285480509017	0.05528429229747768
1.9999999999999998	0.010471285480509017	0.08615956302294983
2.288838595949997	0.010471285480509017	0.09841859281051268
2.6193910591551774	0.010471285480509017	0.11468601043735266
2.9976816770403563	0.010471285480509017	0.13847109330446483
3.4306047603910415	0.010471285480509017	0.1782666437753908
3.926050291516404	0.010471285480509017	0.25156399447034483
4.493047718431742	0.010471285480509017	0.3801513257484051
5.141930515695824	0.010471285480509017	0.5574916934260177
5.884524511008838	0.010471285480509017	0.6993700587700317
6.734363409805407	0.010471285480509017	0.6721082450858977
7.706935445758021	0.010471285480509017	0.46493712764157374
8.819965652373028	0.010471285480509017	0.23456144125843295
10.093738900052346	0.010471285480509017	0.09379271942963441
11.551469585940843	0.010471285480509017	0.03379669033437392
13.219724714121972	0.010471285480509017	0.011973682440877643
15.128908076758211	0.010471285480509017	0.004523934289737423
17.313814360331925	0.010471285480509017	0.0022473918324663437
19.814263275520517	0.010471285480509017	0.0014276899487259333
22.675825267662994	0.010471285480509017	0.0009093786530669001
25.950652033822625	0.010471285480509017	0.000396053921269825
29.698426982540767	0.010471285480509017	0.0002002179962377367
33.98745295832107	0.010471285480509017	0.00008828079351799369
38.895897054520105	0.010471285480509017	0.0000359126767700337
44.51321520124173	0.010471285480509017	0.000013354317641275097
50.941782491215115	0.010471285480509017	4.748483870481211e-6
58.29875895619149	0.010471285480509017	1.6810418519799559e-6
66.71822479745835	0.010471285480509017	5.738428623247095e-7
76.35362398484546	0.010471285480509017	1.823307472353912e-7
87.38056075858388	0.010471285480509017	5.7713672055925474e-8
100.00000000000031	0.010471285480509017	2.0462643683016956e-8
111.55639876771902	0.010471285480509017	9.134824692791891e-9
138.21730389017998	0.010471285480509017	1.6641293815558263e-9
171.24990861750976	0.010471285480509017	2.6761288196384504e-10
212.17698780180757	0.010471285480509017	4.911240375573279e-11
262.885244821937	0.010471285480509017	7.11691038292829e-12
325.7122869971341	0.010471285480509017	3.837574982709821e-13
403.5543872869759	0.010471285480509017	5.664540882278505e-15
499.9999999999984	0.010471285480509017	4.537015011902628e-18
1.	0.012022644346174156	0.05526977890245454
1.9999999999999998	0.012022644346174156	0.0884349212867611
2.288838595949997	0.012022644346174156	0.10156097936502309
2.6193910591551774	0.012022644346174156	0.11873813357602639
2.9976816770403563	0.012022644346174156	0.14296222665456884
3.4306047603910415	0.012022644346174156	0.18217874791047634
3.926050291516404	0.012022644346174156	0.25465505486798584
4.493047718431742	0.012022644346174156	0.38781247379161143
5.141930515695824	0.012022644346174156	0.5878346061800739
5.884524511008838	0.012022644346174156	0.7734597380884475
6.734363409805407	0.012022644346174156	0.7814172139455791
7.706935445758021	0.012022644346174156	0.5613839627643306
8.819965652373028	0.012022644346174156	0.28831378320403395
10.093738900052346	0.012022644346174156	0.11517071420021577
11.551469585940843	0.012022644346174156	0.041042776338763944
13.219724714121972	0.012022644346174156	0.014318458319199411
15.128908076758211	0.012022644346174156	0.005339884847313726
17.313814360331925	0.012022644346174156	0.002639585582423912
19.814263275520517	0.012022644346174156	0.0016567910786628136
22.675825267662994	0.012022644346174156	0.0010612098386993752
25.950652033822625	0.012022644346174156	0.0004616817124695886
29.698426982540767	0.012022644346174156	0.0002331091477121696
33.98745295832107	0.012022644346174156	0.00010299486379731587
38.895897054520105	0.012022644346174156	0.000041745309577990895
44.51321520124173	0.012022644346174156	0.00001543229729074807
50.941782491215115	0.012022644346174156	5.4717836568972365e-6
58.29875895619149	0.012022644346174156	1.9386990016391747e-6
66.71822479745835	0.012022644346174156	6.618034736226015e-7
76.35362398484546	0.012022644346174156	2.102446384260138e-7
87.38056075858388	0.012022644346174156	6.650324455545428e-8
100.00000000000031	0.012022644346174156	2.3540785184226966e-8
111.55639876771902	0.012022644346174156	1.050809855174475e-8
138.21730389017998	0.012022644346174156	1.9139733145365416e-9
171.24990861750976	0.012022644346174156	3.077136646803961e-10
212.17698780180757	0.012022644346174156	5.645491896933601e-11
262.885244821937	0.012022644346174156	8.181214926244411e-12
325.7122869971341	0.012022644346174156	4.41246618773302e-13
403.5543872869759	0.012022644346174156	6.515291970089617e-15
499.9999999999984	0.012022644346174156	5.2215770846160785e-18
1.	0.01380384264602888	0.054422358836604075
1.9999999999999998	0.01380384264602888	0.08928988737572446
2.288838595949997	0.01380384264602888	0.10329493240081922
2.6193910591551774	0.01380384264602888	0.1213790867677354
2.9976816770403563	0.01380384264602888	0.14596417835287784
3.4306047603910415	0.01380384264602888	0.18424867834961167
3.926050291516404	0.01380384264602888	0.254108990138089
4.493047718431742	0.01380384264602888	0.3881983011579971
5.141930515695824	0.01380384264602888	0.6070042673084003
5.884524511008838	0.01380384264602888	0.8415744897067012
6.734363409805407	0.01380384264602888	0.9013268628499681
7.706935445758021	0.01380384264602888	0.6791670405598604
8.819965652373028	0.01380384264602888	0.3572611164292115
10.093738900052346	0.01380384264602888	0.14297828944391955
11.551469585940843	0.01380384264602888	0.050270684707930946
13.219724714121972	0.01380384264602888	0.017312636501121335
15.128908076758211	0.01380384264602888	0.00633717341116822
17.313814360331925	0.01380384264602888	0.003090514677603552
19.814263275520517	0.01380384264602888	0.001923663682158603
22.675825267662994	0.01380384264602888	0.0012405290328689354
25.950652033822625	0.01380384264602888	0.0005392521837989942
29.698426982540767	0.01380384264602888	0.0002719200007313612
33.98745295832107	0.01380384264602888	0.00012053609247746401
38.895897054520105	0.01380384264602888	0.00004868691519632044
44.51321520124173	0.01380384264602888	0.000017884607800195055
50.941782491215115	0.01380384264602888	6.324613391303279e-6
58.29875895619149	0.01380384264602888	2.2419985647812034e-6
66.71822479745835	0.01380384264602888	7.651955591072436e-7
76.35362398484546	0.01380384264602888	2.430228721933296e-7
87.38056075858388	0.01380384264602888	7.681156691932434e-8
100.00000000000031	0.01380384264602888	2.7143165208456995e-8
111.55639876771902	0.01380384264602888	1.2114542601069423e-8
138.21730389017998	0.01380384264602888	2.206132374096874e-9
171.24990861750976	0.01380384264602888	3.545822435412726e-10
212.17698780180757	0.01380384264602888	6.503133213136574e-11
262.885244821937	0.01380384264602888	9.424484784760674e-12
325.7122869971341	0.01380384264602888	5.084386257900721e-13
403.5543872869759	0.01380384264602888	7.510227812452074e-15
499.9999999999984	0.01380384264602888	6.0231693395902524e-18
1.	0.015848931924611172	0.05244835742025583
1.9999999999999998	0.015848931924611172	0.08868446949480426
2.288838595949997	0.015848931924611172	0.10331790278959742
2.6193910591551774	0.015848931924611172	0.12223905195697735
2.9976816770403563	0.015848931924611172	0.1474051336963917
3.4306047603910415	0.015848931924611172	0.18458961078342911
3.926050291516404	0.015848931924611172	0.25032998389912564
4.493047718431742	0.015848931924611172	0.3805602773506543
5.141930515695824	0.015848931924611172	0.6120110510897179
5.884524511008838	0.015848931924611172	0.8978032061598005
6.734363409805407	0.015848931924611172	1.0280110155546152
7.706935445758021	0.015848931924611172	0.8230442547189807
8.819965652373028	0.015848931924611172	0.44641105705991724
10.093738900052346	0.015848931924611172	0.17958553280049386
11.551469585940843	0.015848931924611172	0.06228196096352471
13.219724714121972	0.015848931924611172	0.021080790859772547
15.128908076758211	0.015848931924611172	0.007555846104780033
17.313814360331925	0.015848931924611172	0.0036361906907682274
19.814263275520517	0.015848931924611172	0.0022375055895146197
22.675825267662994	0.015848931924611172	0.0014536270437264275
25.950652033822625	0.015848931924611172	0.0006309555288272175
29.698426982540767	0.015848931924611172	0.0003176256244379925
33.98745295832107	0.015848931924611172	0.00014125827028355027
38.895897054520105	0.015848931924611172	0.000056939082618530776
44.51321520124173	0.015848931924611172	0.00002077538102730184
50.941782491215115	0.015848931924611172	7.32996459957673e-6
58.29875895619149	0.015848931924611172	2.5987058133358435e-6
66.71822479745835	0.015848931924611172	8.865300446879227e-7
76.35362398484546	0.015848931924611172	2.814464246778967e-7
87.38056075858388	0.015848931924611172	8.887777161161499e-8
100.00000000000031	0.015848931924611172	3.1350469010336e-8
111.55639876771902	0.015848931924611172	1.3989626781849783e-8
138.21730389017998	0.015848931924611172	2.5470083874132846e-9
171.24990861750976	0.015848931924611172	4.092368167315184e-10
212.17698780180757	0.015848931924611172	7.502545951036829e-11
262.885244821937	0.015848931924611172	1.087335571932161e-11
325.7122869971341	0.015848931924611172	5.867823594034423e-13
403.5543872869759	0.015848931924611172	8.671215865697223e-15
499.9999999999984	0.015848931924611172	6.959810213468804e-18
1.	0.01819700858609988	0.04931659651874415
1.9999999999999998	0.01819700858609988	0.086440786505237
2.288838595949997	0.01819700858609988	0.10139991244912838
2.6193910591551774	0.01819700858609988	0.12087806127136523
2.9976816770403563	0.01819700858609988	0.1466441319043742
3.4306047603910415	0.01819700858609988	0.18305457746984516
3.926050291516404	0.01819700858609988	0.24422103650710147
4.493047718431742	0.01819700858609988	0.36595244611050637
5.141930515695824	0.01819700858609988	0.6011711451102182
5.884524511008838	0.01819700858609988	0.9356822006859721
6.734363409805407	0.01819700858609988	1.155559800139683
7.706935445758021	0.01819700858609988	0.9918373917121556
8.819965652373028	0.01819700858609988	0.563054162461256
10.093738900052346	0.01819700858609988	0.22835519761628836
11.551469585940843	0.01819700858609988	0.07798900448732303
13.219724714121972	0.01819700858609988	0.025930601713033893
15.128908076758211	0.01819700858609988	0.00907056835920314
17.313814360331925	0.01819700858609988	0.004277812829627061
19.814263275520517	0.01819700858609988	0.0026087059063603078
22.675825267662994	0.01819700858609988	0.0017030535103603052
25.950652033822625	0.01819700858609988	0.0007397545229602756
29.698426982540767	0.01819700858609988	0.00037160991048966935
33.98745295832107	0.01819700858609988	0.00016596434959375412
38.895897054520105	0.01819700858609988	0.00006664929641652451
44.51321520124173	0.01819700858609988	0.000024148281024103493
50.941782491215115	0.01819700858609988	8.5043574311252e-6
58.29875895619149	0.01819700858609988	3.0140781509053946e-6
66.71822479745835	0.01819700858609988	1.0273743669128475e-6
76.35362398484546	0.01819700858609988	3.259889465619211e-7
87.38056075858388	0.01819700858609988	1.0284231238064555e-7
100.00000000000031	0.01819700858609988	3.620814337021729e-8
111.55639876771902	0.01819700858609988	1.6152763693502097e-8
138.21730389017998	0.01819700858609988	2.940054823886506e-9
171.24990861750976	0.01819700858609988	4.722098206896877e-10
212.17698780180757	0.01819700858609988	8.65312727677336e-11
262.885244821937	0.01819700858609988	1.2541562545576797e-11
325.7122869971341	0.01819700858609988	6.770459839062953e-13
403.5543872869759	0.01819700858609988	1.0010046291565948e-14
499.9999999999984	0.01819700858609988	8.041754552034621e-18
1.	0.02089296130854045	0.048223515687549866
1.9999999999999998	0.02089296130854045	0.08220356081132103
2.288838595949997	0.02089296130854045	0.09674209617543149
2.6193910591551774	0.02089296130854045	0.11746512264266232
2.9976816770403563	0.02089296130854045	0.1437741809006704
3.4306047603910415	0.02089296130854045	0.1798405860311087
3.926050291516404	0.02089296130854045	0.23603217398148552
4.493047718431742	0.02089296130854045	0.34584184675320884
5.141930515695824	0.02089296130854045	0.5737936515443739
5.884524511008838	0.02089296130854045	0.9462175836036637
6.734363409805407	0.02089296130854045	1.2730380161954602
7.706935445758021	0.02089296130854045	1.188097581079365
8.819965652373028	0.02089296130854045	0.7161496463146902
10.093738900052346	0.02089296130854045	0.29435184261559755
11.551469585940843	0.02089296130854045	0.09910597055476791
13.219724714121972	0.02089296130854045	0.03219923533266302
15.128908076758211	0.02089296130854045	0.010978450652475547
17.313814360331925	0.02089296130854045	0.00503624768360092
19.814263275520517	0.02089296130854045	0.0030457629621199033
22.675825267662994	0.02089296130854045	0.0019991170360651477
25.950652033822625	0.02089296130854045	0.000869617679984587
29.698426982540767	0.02089296130854045	0.00043573256846177655
33.98745295832107	0.02089296130854045	0.0001955082107620106
38.895897054520105	0.02089296130854045	0.00007821040446645123
44.51321520124173	0.02089296130854045	0.000028136248819344465
50.941782491215115	0.02089296130854045	9.896388299104397e-6
58.29875895619149	0.02089296130854045	3.5045160830660894e-6
66.71822479745835	0.02089296130854045	1.1929815631321138e-6
76.35362398484546	0.02089296130854045	3.782959189524678e-7
87.38056075858388	0.02089296130854045	1.1921023232482262e-7
100.00000000000031	0.02089296130854045	4.188851444844604e-8
111.55639876771902	0.02089296130854045	1.8679775868261135e-8
138.21730389017998	0.02089296130854045	3.3989553502830585e-9
171.24990861750976	0.02089296130854045	5.456802753487804e-10
212.17698780180757	0.02089296130854045	9.994299044304038e-11
262.885244821937	0.02089296130854045	1.4486299011158407e-11
325.7122869971341	0.02089296130854045	7.823466385502054e-13
403.5543872869759	0.02089296130854045	1.1573490417900673e-14
499.9999999999984	0.02089296130854045	9.307549539752387e-18
1.	0.023988329190194974	0.049310403442208973
1.9999999999999998	0.023988329190194974	0.0771560699966848
2.288838595949997	0.023988329190194974	0.09158147676710482
2.6193910591551774	0.023988329190194974	0.11059100812336524
2.9976816770403563	0.023988329190194974	0.13640007218723704
3.4306047603910415	0.023988329190194974	0.17341340536132493
3.926050291516404	0.023988329190194974	0.225411944222715
4.493047718431742	0.023988329190194974	0.3211483966152823
5.141930515695824	0.023988329190194974	0.5290068116642472
5.884524511008838	0.023988329190194974	0.9210568087367954
6.734363409805407	0.023988329190194974	1.362640306437209
7.706935445758021	0.023988329190194974	1.4066116182783441
8.819965652373028	0.023988329190194974	0.9125690014058917
10.093738900052346	0.023988329190194974	0.38594617988977775
11.551469585940843	0.023988329190194974	0.12809971686825558
13.219724714121972	0.023988329190194974	0.04055284166192615
15.128908076758211	0.023988329190194974	0.013433798881128996
17.313814360331925	0.023988329190194974	0.00599434571169657
19.814263275520517	0.023988329190194974	0.0035742007506550503
22.675825267662994	0.023988329190194974	0.0023505632707812077
25.950652033822625	0.023988329190194974	0.001025690967249608
29.698426982540767	0.023988329190194974	0.0005123609886370027
33.98745295832107	0.023988329190194974	0.0002310624398287061
38.895897054520105	0.023988329190194974	0.00009200752089953392
44.51321520124173	0.023988329190194974	0.00003286994355638901
50.941782491215115	0.023988329190194974	0.000011554495045906572
58.29875895619149	0.023988329190194974	4.08602852101902e-6
66.71822479745835	0.023988329190194974	1.3883011687901557e-6
76.35362398484546	0.023988329190194974	4.3991192577407776e-7
87.38056075858388	0.023988329190194974	1.3844803487626346e-7
100.00000000000031	0.023988329190194974	4.854970590534922e-8
111.55639876771902	0.023988329190194974	2.1639137179914033e-8
138.21730389017998	0.023988329190194974	3.9360533620685115e-9
171.24990861750976	0.023988329190194974	6.315938007199636e-10
212.17698780180757	0.023988329190194974	1.1560968968163825e-10
262.885244821937	0.023988329190194974	1.6758355782780927e-11
325.7122869971341	0.023988329190194974	9.054655428560644e-13
403.5543872869759	0.023988329190194974	1.3403632952502698e-14
499.9999999999984	0.023988329190194974	1.0792331181867094e-17
1.	0.027542287033381744	0.04972949847093143
1.9999999999999998	0.027542287033381744	0.07350311332781556
2.288838595949997	0.027542287033381744	0.08511516714596787
2.6193910591551774	0.027542287033381744	0.10278209834706632
2.9976816770403563	0.027542287033381744	0.12773216412779295
3.4306047603910415	0.027542287033381744	0.16193752891986574
3.926050291516404	0.027542287033381744	0.21262808878119505
4.493047718431742	0.027542287033381744	0.29458876709751197
5.141930515695824	0.027542287033381744	0.47292847055130743
5.884524511008838	0.027542287033381744	0.8558920260343167
6.734363409805407	0.027542287033381744	1.3811808001798835
7.706935445758021	0.027542287033381744	1.6287080305871775
8.819965652373028	0.027542287033381744	1.1647908918946668
10.093738900052346	0.027542287033381744	0.5150752977815432
11.551469585940843	0.027542287033381744	0.16915206756140486
13.219724714121972	0.027542287033381744	0.051841003216792546
15.128908076758211	0.027542287033381744	0.0166458532316269
17.313814360331925	0.027542287033381744	0.007164478751406168
19.814263275520517	0.027542287033381744	0.004208001109851416
22.675825267662994	0.027542287033381744	0.0027758564118241878
25.950652033822625	0.027542287033381744	0.0012158621553085335
29.698426982540767	0.027542287033381744	0.0006046855842504977
33.98745295832107	0.027542287033381744	0.00027423246687829667
38.895897054520105	0.027542287033381744	0.00010874303824688142
44.51321520124173	0.027542287033381744	0.00003859600307323991
50.941782491215115	0.027542287033381744	0.000013568160562573572
58.29875895619149	0.027542287033381744	4.788558758320231e-6
66.71822479745835	0.027542287033381744	1.6228379921181576e-6
76.35362398484546	0.027542287033381744	5.138146748051194e-7
87.38056075858388	0.027542287033381744	1.614658327696707e-7
100.00000000000031	0.027542287033381744	5.6501691927055534e-8
111.55639876771902	0.027542287033381744	2.516656592600481e-8
138.21730389017998	0.027542287033381744	4.575829035184532e-9
171.24990861750976	0.027542287033381744	7.338416156810953e-10
212.17698780180757	0.027542287033381744	1.3423375752772084e-10
262.885244821937	0.027542287033381744	1.9459525564480956e-11
325.7122869971341	0.027542287033381744	1.0519746633168906e-12
403.5543872869759	0.027542287033381744	1.5584061501599263e-14
499.9999999999984	0.027542287033381744	1.2565291522316736e-17
1.	0.03162277660168389	0.05174748842842742
1.9999999999999998	0.03162277660168389	0.06899132587146738
2.288838595949997	0.03162277660168389	0.0791360849713575
2.6193910591551774	0.03162277660168389	0.09475740765016415
2.9976816770403563	0.03162277660168389	0.11677119045881533
3.4306047603910415	0.03162277660168389	0.14971253446558513
3.926050291516404	0.03162277660168389	0.19804212057239745
4.493047718431742	0.03162277660168389	0.2698778526340269
5.141930515695824	0.03162277660168389	0.4157825666185531
5.884524511008838	0.03162277660168389	0.7598437774282252
6.734363409805407	0.03162277660168389	1.3677216703463377
7.706935445758021	0.03162277660168389	1.822136762958119
8.819965652373028	0.03162277660168389	1.4764495631945926
10.093738900052346	0.03162277660168389	0.6959204726338228
11.551469585940843	0.03162277660168389	0.22786042896318123
13.219724714121972	0.03162277660168389	0.06739960912085126
15.128908076758211	0.03162277660168389	0.02092093440842132
17.313814360331925	0.03162277660168389	0.009808817035215227
19.814263275520517	0.03162277660168389	0.004967956740888545
22.675825267662994	0.03162277660168389	0.0032804829780393834
25.950652033822625	0.03162277660168389	0.001449375481125873
29.698426982540767	0.03162277660168389	0.0007180588932958205
33.98745295832107	0.03162277660168389	0.00032756897702265585
38.895897054520105	0.03162277660168389	0.0001290900024293402
44.51321520124173	0.03162277660168389	0.00004555544639392575
50.941782491215115	0.03162277660168389	0.0000160242816095739
58.29875895619149	0.03162277660168389	5.640156979307915e-6
66.71822479745835	0.03162277660168389	1.9052344632954167e-6
76.35362398484546	0.03162277660168389	6.027050478857981e-7
87.38056075858388	0.03162277660168389	1.8906720732114356e-7
100.00000000000031	0.03162277660168389	6.601388028967607e-8
111.55639876771902	0.03162277660168389	2.9378193679903178e-8
138.21730389017998	0.03162277660168389	5.339165251166403e-9
171.24990861750976	0.03162277660168389	8.557062099134271e-10
212.17698780180757	0.03162277660168389	1.5640245640782004e-10
262.885244821937	0.03162277660168389	2.267543996346846e-11
325.7122869971341	0.03162277660168389	1.2265692537756912e-12
403.5543872869759	0.03162277660168389	1.8186141146003102e-14
499.9999999999984	0.03162277660168389	1.468648636049403e-17
1.	0.03630780547701025	0.0551806044301968
1.9999999999999998	0.03630780547701025	0.06584459858531018
2.288838595949997	0.03630780547701025	0.0736190582092131
2.6193910591551774	0.03630780547701025	0.0860873478731706
2.9976816770403563	0.03630780547701025	0.1058991006933003
3.4306047603910415	0.03630780547701025	0.13497840397329883
3.926050291516404	0.03630780547701025	0.17862901336140816
4.493047718431742	0.03630780547701025	0.2450407032532724
5.141930515695824	0.03630780547701025	0.3604311475269815
5.884524511008838	0.03630780547701025	0.6438961513872404
6.734363409805407	0.03630780547701025	1.2600722382665173
7.706935445758021	0.03630780547701025	1.9509267460832973
8.819965652373028	0.03630780547701025	1.8374708273949536
10.093738900052346	0.03630780547701025	0.9551292900221741
11.551469585940843	0.03630780547701025	0.315275484724213
13.219724714121972	0.03630780547701025	0.08977651768747162
15.128908076758211	0.03630780547701025	0.02673924790751288
17.313814360331925	0.03630780547701025	0.010409176212822757
19.814263275520517	0.03630780547701025	0.005854997997046389
22.675825267662994	0.03630780547701025	0.0038561942372669997
25.950652033822625	0.03630780547701025	0.001726231531397242
29.698426982540767	0.03630780547701025	0.0008465582754686463
33.98745295832107	0.03630780547701025	0.0003908480723165769
38.895897054520105	0.03630780547701025	0.00015393717203483127
44.51321520124173	0.03630780547701025	0.00005407565213297313
50.941782491215115	0.03630780547701025	0.000019037732238346418
58.29875895619149	0.03630780547701025	6.676951289341662e-6
66.71822479745835	0.03630780547701025	2.246739784567628e-6
76.35362398484546	0.03630780547701025	7.100652457731671e-7
87.38056075858388	0.03630780547701025	2.222812692814421e-7
100.00000000000031	0.03630780547701025	7.742962525331635e-8
111.55639876771902	0.03630780547701025	3.442143477903035e-8
138.21730389017998	0.03630780547701025	6.252495648443382e-9
171.24990861750976	0.03630780547701025	1.0013491132830298e-9
212.17698780180757	0.03630780547701025	1.8285695641003878e-10
262.885244821937	0.03630780547701025	2.6513726545914818e-11
325.7122869971341	0.03630780547701025	1.4351927991736606e-12
403.5543872869759	0.03630780547701025	2.1300255392177175e-14
499.9999999999984	0.03630780547701025	1.7232540572266365e-17
1.	0.04168693834703368	0.05953148141173159
1.9999999999999998	0.04168693834703368	0.06445520798904297
2.288838595949997	0.04168693834703368	0.06969156732806332
2.6193910591551774	0.04168693834703368	0.07862651514847535
2.9976816770403563	0.04168693834703368	0.09416014189909908
3.4306047603910415	0.04168693834703368	0.1198192713687353
3.926050291516404	0.04168693834703368	0.1582169015676178
4.493047718431742	0.04168693834703368	0.21605859576330963
5.141930515695824	0.04168693834703368	0.31198789106694913
5.884524511008838	0.04168693834703368	0.5267063176935938
6.734363409805407	0.04168693834703368	1.0795116572712213
7.706935445758021	0.04168693834703368	1.9323952273090945
8.819965652373028	0.04168693834703368	2.2148108008340395
10.093738900052346	0.04168693834703368	1.313349899689241
11.551469585940843	0.04168693834703368	0.4477003657936131
13.219724714121972	0.04168693834703368	0.12287317554417398
15.128908076758211	0.04168693834703368	0.034865191136477944
17.313814360331925	0.04168693834703368	0.012734786144618447
19.814263275520517	0.04168693834703368	0.006944323581779174
22.675825267662994	0.04168693834703368	0.004515666069147676
25.950652033822625	0.04168693834703368	0.0020542386648426995
29.698426982540767	0.04168693834703368	0.0009863850194301524
33.98745295832107	0.04168693834703368	0.0004636493927163502
38.895897054520105	0.04168693834703368	0.00018327340891209734
44.51321520124173	0.04168693834703368	0.0000641879270688001
50.941782491215115	0.04168693834703368	0.000022612327513565106
58.29875895619149	0.04168693834703368	7.89322700674103e-6
66.71822479745835	0.04168693834703368	2.6447227333477503e-6
76.35362398484546	0.04168693834703368	8.349294456051855e-7
87.38056075858388	0.04168693834703368	2.6071680875715643e-7
100.00000000000031	0.04168693834703368	9.059091290123697e-8
111.55639876771902	0.04168693834703368	4.021888262858646e-8
138.21730389017998	0.04168693834703368	7.301373206489036e-9
171.24990861750976	0.04168693834703368	1.16834191039923e-9
212.17698780180757	0.04168693834703368	2.1313146441649036e-10
262.885244821937	0.04168693834703368	3.090708120427958e-11
325.7122869971341	0.04168693834703368	1.6743496724991596e-12
403.5543872869759	0.04168693834703368	2.4877763701596026e-14
499.9999999999984	0.04168693834703368	2.016861256720454e-17
1.	0.047863009232264	0.04043199993698558
1.9999999999999998	0.047863009232264	0.06574189859701772
2.288838595949997	0.047863009232264	0.06852908564591281
2.6193910591551774	0.047863009232264	0.0740616288158752
2.9976816770403563	0.047863009232264	0.08489966719093202
3.4306047603910415	0.047863009232264	0.10410530670108767
3.926050291516404	0.047863009232264	0.13757400074848708
4.493047718431742	0.047863009232264	0.18843976069734017
5.141930515695824	0.047863009232264	0.2704280526742116
5.884524511008838	0.047863009232264	0.4273922206990937
6.734363409805407	0.047863009232264	0.8648370307387521
7.706935445758021	0.047863009232264	1.8069452062878915
8.819965652373028	0.047863009232264	2.5214573913232767
10.093738900052346	0.047863009232264	1.7964903745729992
11.551469585940843	0.047863009232264	0.6578701825953376
13.219724714121972	0.047863009232264	0.1735734624964024
15.128908076758211	0.047863009232264	0.04661340896957933
17.313814360331925	0.047863009232264	0.015859262114427237
19.814263275520517	0.047863009232264	0.008319193216670588
22.675825267662994	0.047863009232264	0.005330749325158411
25.950652033822625	0.047863009232264	0.002475002622402052
29.698426982540767	0.047863009232264	0.001197046430667135
33.98745295832107	0.047863009232264	0.0005698510460474013
38.895897054520105	0.047863009232264	0.0002220342703815343
44.51321520124173	0.047863009232264	0.00007768557349830852
50.941782491215115	0.047863009232264	0.000027360322132762684
58.29875895619149	0.047863009232264	9.490687330548423e-6
66.71822479745835	0.047863009232264	3.1664549726527247e-6
76.35362398484546	0.047863009232264	9.98265799916354e-7
87.38056075858388	0.047863009232264	3.1078476544397974e-7
100.00000000000031	0.047863009232264	1.0769431474308698e-7
111.55639876771902	0.047863009232264	4.773588394364292e-8
138.21730389017998	0.047863009232264	8.66042126567704e-9
171.24990861750976	0.047863009232264	1.3844799570044907e-9
212.17698780180757	0.047863009232264	2.522606411892353e-10
262.885244821937	0.047863009232264	3.658637400512465e-11
325.7122869971341	0.047863009232264	1.983838893872402e-12
403.5543872869759	0.047863009232264	2.951429763473214e-14
499.9999999999984	0.047863009232264	2.3984132592243073e-17
1.	0.05495408738576265	0.04038360008609794
1.9999999999999998	0.05495408738576265	0.06466430191692434
2.288838595949997	0.05495408738576265	0.06791038532132068
2.6193910591551774	0.05495408738576265	0.07288732022359114
2.9976816770403563	0.05495408738576265	0.07936436142463114
3.4306047603910415	0.05495408738576265	0.0926791642121627
3.926050291516404	0.05495408738576265	0.11806205722163053
4.493047718431742	0.05495408738576265	0.1618478711122115
5.141930515695824	0.05495408738576265	0.2271631619883998
5.884524511008838	0.05495408738576265	0.3495987632864728
6.734363409805407	0.05495408738576265	0.6557193791594091
7.706935445758021	0.05495408738576265	1.5134465056419526
8.819965652373028	0.05495408738576265	2.6614652666395466
10.093738900052346	0.05495408738576265	2.379491761641802
11.551469585940843	0.05495408738576265	0.9854215031816838
13.219724714121972	0.05495408738576265	0.254975383231416
15.128908076758211	0.05495408738576265	0.06401520641181989
17.313814360331925	0.05495408738576265	0.020020536311143623
19.814263275520517	0.05495408738576265	0.010219840563351805
22.675825267662994	0.05495408738576265	0.0063748027612008035
25.950652033822625	0.05495408738576265	0.003085217096857806
29.698426982540767	0.05495408738576265	0.0014861445283210271
33.98745295832107	0.05495408738576265	0.0006981374145922461
38.895897054520105	0.05495408738576265	0.00026939717302430045
44.51321520124173	0.05495408738576265	0.00009439154680511396
50.941782491215115	0.05495408738576265	0.00003317854790816593
58.29875895619149	0.05495408738576265	0.000011413700585906554
66.71822479745835	0.05495408738576265	3.7936962969274552e-6
76.35362398484546	0.05495408738576265	1.1938469265999683e-6
87.38056075858388	0.05495408738576265	3.703321416121225e-7
100.00000000000031	0.05495408738576265	1.2794504571648712e-7
111.55639876771902	0.05495408738576265	5.6604962533108955e-8
138.21730389017998	0.05495408738576265	1.026218384209041e-8
171.24990861750976	0.05495408738576265	1.6387437728259216e-9
212.17698780180757	0.05495408738576265	2.981832924408953e-10
262.885244821937	0.05495408738576265	4.3253258877423646e-11
325.7122869971341	0.05495408738576265	2.3478023537731172e-12
403.5543872869759	0.05495408738576265	3.498091580604783e-14
499.9999999999984	0.05495408738576265	2.850354229881033e-17
1.	0.06309573444801955	0.042015499598691754
1.9999999999999998	0.06309573444801955	0.05783875041318894
2.288838595949997	0.06309573444801955	0.06377557742481493
2.6193910591551774	0.06309573444801955	0.07012042591752876
2.9976816770403563	0.06309573444801955	0.0755838409253763
3.4306047603910415	0.06309573444801955	0.0852405522254154
3.926050291516404	0.06309573444801955	0.10206298457475718
4.493047718431742	0.06309573444801955	0.1347207955515091
5.141930515695824	0.06309573444801955	0.19203293890300838
5.884524511008838	0.06309573444801955	0.2824539337253322
6.734363409805407	0.06309573444801955	0.49023684784597
7.706935445758021	0.06309573444801955	1.1395556751039715
8.819965652373028	0.06309573444801955	2.5136230236556623
10.093738900052346	0.06309573444801955	3.000411399236277
11.551469585940843	0.06309573444801955	1.5006440641544765
13.219724714121972	0.06309573444801955	0.3922799951855871
15.128908076758211	0.06309573444801955	0.0912705249312622
17.313814360331925	0.06309573444801955	0.026097155337662888
19.814263275520517	0.06309573444801955	0.01244191130134752
22.675825267662994	0.06309573444801955	0.010847638030236476
25.950652033822625	0.06309573444801955	0.0037457061722794152
29.698426982540767	0.06309573444801955	0.0018249849297161062
33.98745295832107	0.06309573444801955	0.0008437612481999408
38.895897054520105	0.06309573444801955	0.0003281725129216817
44.51321520124173	0.06309573444801955	0.00011546659454701552
50.941782491215115	0.06309573444801955	0.000040404611146235806
58.29875895619149	0.06309573444801955	0.000013753269735511462
66.71822479745835	0.06309573444801955	4.5581792517768555e-6
76.35362398484546	0.06309573444801955	1.4310250084389397e-6
87.38056075858388	0.06309573444801955	4.419876264965016e-7
100.00000000000031	0.06309573444801955	1.5219020872800806e-7
111.55639876771902	0.06309573444801955	6.718462742592079e-8
138.21730389017998	0.06309573444801955	1.2170588162945235e-8
171.24990861750976	0.06309573444801955	1.9410559746333186e-9
212.17698780180757	0.06309573444801955	3.5263932509391325e-10
262.885244821937	0.06309573444801955	5.1161493882016125e-11
325.7122869971341	0.06309573444801955	2.7804125663657156e-12
403.5543872869759	0.06309573444801955	4.149674648607018e-14
499.9999999999984	0.06309573444801955	3.3917678388700575e-17
1.	0.07244359600749928	0.04190660004651134
1.9999999999999998	0.07244359600749928	0.04438280574707578
2.288838595949997	0.07244359600749928	0.06548069671445063
2.6193910591551774	0.07244359600749928	0.07300250866904237
2.9976816770403563	0.07244359600749928	0.07653842341066855
3.4306047603910415	0.07244359600749928	0.08268710326244239
3.926050291516404	0.07244359600749928	0.09332081482952888
4.493047718431742	0.07244359600749928	0.1149019216234665
5.141930515695824	0.07244359600749928	0.15841406861376636
5.884524511008838	0.07244359600749928	0.23654074881617468
6.734363409805407	0.07244359600749928	0.37391851207687854
7.706935445758021	0.07244359600749928	0.7910351956313967
8.819965652373028	0.07244359600749928	2.0769851634047023
10.093738900052346	0.07244359600749928	3.3860396033013136
11.551469585940843	0.07244359600749928	2.253133315536696
13.219724714121972	0.07244359600749928	0.6342574503320837
15.128908076758211	0.07244359600749928	0.13627660735088512
17.313814360331925	0.07244359600749928	0.035258581794275365
19.814263275520517	0.07244359600749928	0.015357691042157322
22.675825267662994	0.07244359600749928	0.008901125556395427
25.950652033822625	0.07244359600749928	0.004329296714014348
29.698426982540767	0.07244359600749928	0.0021242026469266086
33.98745295832107	0.07244359600749928	0.0009757045402787696
38.895897054520105	0.07244359600749928	0.00038340233183825395
44.51321520124173	0.07244359600749928	0.0001358330856717964
50.941782491215115	0.07244359600749928	0.00004717428702774041
58.29875895619149	0.07244359600749928	0.00001585662049873399
66.71822479745835	0.07244359600749928	5.245063202976632e-6
76.35362398484546	0.07244359600749928	1.641859983435492e-6
87.38056075858388	0.07244359600749928	5.045234721058935e-7
100.00000000000031	0.07244359600749928	1.7305766455274798e-7
111.55639876771902	0.07244359600749928	7.620880453652231e-8
138.21730389017998	0.07244359600749928	1.3793064257196502e-8
171.24990861750976	0.07244359600749928	2.1966793701539344e-9
212.17698780180757	0.07244359600749928	3.983638146382254e-10
262.885244821937	0.07244359600749928	5.780674464614107e-11
325.7122869971341	0.07244359600749928	3.1458899569540396e-12
403.5543872869759	0.07244359600749928	4.704260508095568e-14
499.9999999999984	0.07244359600749928	3.858647590900143e-17
1.	0.08317637711026743	0.07613802699483076
1.9999999999999998	0.08317637711026743	0.08055552285464015
2.288838595949997	0.08317637711026743	0.08197395793008105
2.6193910591551774	0.08317637711026743	0.08311208573101406
2.9976816770403563	0.08317637711026743	0.08571638974615123
3.4306047603910415	0.08317637711026743	0.08812233568169622
3.926050291516404	0.08317637711026743	0.0930424069164179
4.493047718431742	0.08317637711026743	0.1053399709080193
5.141930515695824	0.08317637711026743	0.13512909056106398
5.884524511008838	0.08317637711026743	0.19402667130847365
6.734363409805407	0.08317637711026743	0.30341499435036134
7.706935445758021	0.08317637711026743	0.5441443992856747
8.819965652373028	0.08317637711026743	1.4764176392499995
10.093738900052346	0.08317637711026743	3.3582557182886923
11.551469585940843	0.08317637711026743	3.1955813840374194
13.219724714121972	0.08317637711026743	1.0744079368839374
15.128908076758211	0.08317637711026743	0.21504322091607309
17.313814360331925	0.08317637711026743	0.04973119229466288
19.814263275520517	0.08317637711026743	0.018939544603031405
22.675825267662994	0.08317637711026743	0.010435155768209756
25.950652033822625	0.08317637711026743	0.005126496055439016
29.698426982540767	0.08317637711026743	0.002563140375377593
33.98745295832107	0.08317637711026743	0.0011820547075560696
38.895897054520105	0.08317637711026743	0.00043627233477213235
44.51321520124173	0.08317637711026743	0.0001559340511851546
50.941782491215115	0.08317637711026743	0.00005358589217976196
58.29875895619149	0.08317637711026743	0.000017769326964189087
66.71822479745835	0.08317637711026743	5.868312115272788e-6
76.35362398484546	0.08317637711026743	1.8309880895258794e-6
87.38056075858388	0.08317637711026743	5.593217051597357e-7
100.00000000000031	0.08317637711026743	1.909844332249405e-7
111.55639876771902	0.08317637711026743	8.38747605571482e-8
138.21730389017998	0.08317637711026743	1.5165272620141042e-8
171.24990861750976	0.08317637711026743	2.4112649642916574e-9
212.17698780180757	0.08317637711026743	4.363785691758538e-10
262.885244821937	0.08317637711026743	6.333730358820307e-11
325.7122869971341	0.08317637711026743	3.452328037780038e-12
403.5543872869759	0.08317637711026743	5.1739386349333173e-14
499.9999999999984	0.08317637711026743	4.261042673644258e-17
1.	0.09549925860214398	0.03607103460274584
1.9999999999999998	0.09549925860214398	0.052460694383040095
2.288838595949997	0.09549925860214398	0.061882721694554686
2.6193910591551774	0.09549925860214398	0.06797917082346085
2.9976816770403563	0.09549925860214398	0.07511720259910004
3.4306047603910415	0.09549925860214398	0.09241073102013732
3.926050291516404	0.09549925860214398	0.09713858941620074
4.493047718431742	0.09549925860214398	0.10331798192720178
5.141930515695824	0.09549925860214398	0.1194990803430252
5.884524511008838	0.09549925860214398	0.1595815553300852
6.734363409805407	0.09549925860214398	0.24240175782096413
7.706935445758021	0.09549925860214398	0.40009074553177915
8.819965652373028	0.09549925860214398	0.9327827455443564
10.093738900052346	0.09549925860214398	2.7597566276098586
11.551469585940843	0.09549925860214398	4.056980040851534
13.219724714121972	0.09549925860214398	1.849778156924954
15.128908076758211	0.09549925860214398	0.36361542945015685
17.313814360331925	0.09549925860214398	0.07377623233327674
19.814263275520517	0.09549925860214398	0.023822617273061664
22.675825267662994	0.09549925860214398	0.013215439457953027
25.950652033822625	0.09549925860214398	0.006579402316735211
29.698426982540767	0.09549925860214398	0.0032865262850540447
33.98745295832107	0.09549925860214398	0.001492748630263908
38.895897054520105	0.09549925860214398	0.0005894790273438348
44.51321520124173	0.09549925860214398	0.00021253179110616608
50.941782491215115	0.09549925860214398	0.00007209984803389955
58.29875895619149	0.09549925860214398	0.000023607308355312268
66.71822479745835	0.09549925860214398	7.776432757300221e-6
76.35362398484546	0.09549925860214398	2.418615344897905e-6
87.38056075858388	0.09549925860214398	7.339298046318496e-7
100.00000000000031	0.09549925860214398	2.4920068404262955e-7
111.55639876771902	0.09549925860214398	1.0912035775860784e-7
138.21730389017998	0.09549925860214398	1.970670884159265e-8
171.24990861750976	0.09549925860214398	3.127509438455033e-9
212.17698780180757	0.09549925860214398	5.646643514283813e-10
262.885244821937	0.09549925860214398	8.197780800065638e-11
325.7122869971341	0.09549925860214398	4.476435469226419e-12
403.5543872869759	0.09549925860214398	6.7257708409343e-14
499.9999999999984	0.09549925860214398	5.564582425577594e-17
1.	0.10964781961431896	0.07565609531098592
1.9999999999999998	0.10964781961431896	0.06018420152841713
2.288838595949997	0.10964781961431896	0.05782526319703215
2.6193910591551774	0.10964781961431896	0.06067489725787689
2.9976816770403563	0.10964781961431896	0.06215117085604785
3.4306047603910415	0.10964781961431896	0.06358357075504625
3.926050291516404	0.10964781961431896	0.09514183278530293
4.493047718431742	0.10964781961431896	0.10939386518595948
5.141930515695824	0.10964781961431896	0.11820203118482661
5.884524511008838	0.10964781961431896	0.13929655411045164
6.734363409805407	0.10964781961431896	0.19496502200980725
7.706935445758021	0.10964781961431896	0.31396854075069885
8.819965652373028	0.10964781961431896	0.5921342565160702
10.093738900052346	0.10964781961431896	1.804478997232367
11.551469585940843	0.10964781961431896	4.308384553022208
13.219724714121972	0.10964781961431896	3.0657334220351613
15.128908076758211	0.10964781961431896	0.6651681280381578
17.313814360331925	0.10964781961431896	0.11674296101685938
19.814263275520517	0.10964781961431896	0.03121776184474095
22.675825267662994	0.10964781961431896	0.024364431238421396
25.950652033822625	0.10964781961431896	0.00795413283543229
29.698426982540767	0.10964781961431896	0.004089975456658162
33.98745295832107	0.10964781961431896	0.0018169407972666496
38.895897054520105	0.10964781961431896	0.0007120960997005504
44.51321520124173	0.10964781961431896	0.0002580773794823368
50.941782491215115	0.10964781961431896	0.00008632570032302635
58.29875895619149	0.10964781961431896	0.000027986409134729645
66.71822479745835	0.10964781961431896	9.172816836937131e-6
76.35362398484546	0.10964781961431896	2.8448853497246284e-6
87.38056075858388	0.10964781961431896	8.57108878822553e-7
100.00000000000031	0.10964781961431896	2.8893982518582674e-7
111.55639876771902	0.10964781961431896	1.2612181507940964e-7
138.21730389017998	0.10964781961431896	2.2744996677735243e-8
171.24990861750976	0.10964781961431896	3.6020240043978823e-9
212.17698780180757	0.10964781961431896	6.485741937052717e-10
262.885244821937	0.10964781961431896	9.41864648456903e-11
325.7122869971341	0.10964781961431896	5.153738241952771e-12
403.5543872869759	0.10964781961431896	7.76585985398738e-14
499.9999999999984	0.10964781961431896	6.458793675623933e-17