1.	0.001	0.0117577
2.	0.001	0.0106581
2.28884	0.001	0.0103538
2.61939	0.001	0.0100605
2.99768	0.001	0.00980928
3.4306	0.001	0.0096318
3.92605	0.001	0.00953898
4.49305	0.001	0.00949067
5.14193	0.001	0.00937394
5.88452	0.001	0.00904152
6.73436	0.001	0.00841505
7.70694	0.001	0.00761518
8.81997	0.001	0.00684766
10.0937	0.001	0.00606212
11.5515	0.001	0.0050213
13.2197	0.001	0.00393561
15.1289	0.001	0.00302931
17.3138	0.001	0.00209101
19.8143	0.001	0.00133575
22.6758	0.001	0.000794095
25.9507	0.001	0.000350327
29.6984	0.001	0.000179934
33.9875	0.001	0.0000857961
38.8959	0.001	0.0000384206
44.5132	0.001	0.0000159138
50.9418	0.001	6.41878e-6
58.2988	0.001	2.61049e-6
66.7182	0.001	9.90864e-7
1.	0.00114815	0.0135351
2.	0.00114815	0.0122512
2.28884	0.00114815	0.0118981
2.61939	0.00114815	0.0115565
2.99768	0.00114815	0.0112659
3.4306	0.00114815	0.0110609
3.92605	0.00114815	0.0109542
4.49305	0.00114815	0.0109004
5.14193	0.00114815	0.0107711
5.88452	0.00114815	0.0103926
6.73436	0.00114815	0.00967463
7.70694	0.00114815	0.00875514
8.81997	0.00114815	0.00786975
10.0937	0.00114815	0.00697022
11.5515	0.00114815	0.0057754
13.2197	0.00114815	0.00452628
15.1289	0.00114815	0.00348488
17.3138	0.00114815	0.00240654
19.8143	0.00114815	0.00153694
22.6758	0.00114815	0.000913879
25.9507	0.00114815	0.000403233
29.6984	0.00114815	0.000207081
33.9875	0.00114815	0.0000987566
38.8959	0.00114815	0.0000442174
44.5132	0.00114815	0.0000183109
50.9418	0.00114815	7.38722e-6
58.2988	0.00114815	3.00364e-6
66.7182	0.00114815	1.14001e-6
1.	0.00131826	0.0155739
2.	0.00131826	0.0140809
2.28884	0.00131826	0.0136741
2.61939	0.00131826	0.0132776
2.99768	0.00131826	0.0129403
3.4306	0.00131826	0.0127025
3.92605	0.00131826	0.0125797
4.49305	0.00131826	0.0125217
5.14193	0.00131826	0.0123759
5.88452	0.00131826	0.011947
6.73436	0.00131826	0.0111261
7.70694	0.00131826	0.0100679
8.81997	0.00131826	0.00904754
10.0937	0.00131826	0.00801588
11.5515	0.00131826	0.00664446
13.2197	0.00131826	0.00520737
15.1289	0.00131826	0.00401046
17.3138	0.00131826	0.00277068
19.8143	0.00131826	0.00176959
22.6758	0.00131826	0.00105204
25.9507	0.00131826	0.0004643
29.6984	0.00131826	0.000238436
33.9875	0.00131826	0.000113736
38.8959	0.00131826	0.0000509128
44.5132	0.00131826	0.0000210814
50.9418	0.00131826	8.50764e-6
58.2988	0.00131826	3.45706e-6
66.7182	0.00131826	1.31202e-6
1.	0.00151356	0.0179203
2.	0.00151356	0.016189
2.28884	0.00151356	0.0157162
2.61939	0.00151356	0.0152559
2.99768	0.00151356	0.0148638
3.4306	0.00151356	0.0145879
3.92605	0.00151356	0.0144466
4.49305	0.00151356	0.0143825
5.14193	0.00151356	0.0142227
5.88452	0.00151356	0.0137379
6.73436	0.00151356	0.012797
7.70694	0.00151356	0.0115785
8.81997	0.00151356	0.0104056
10.0937	0.00151356	0.00922087
11.5515	0.00151356	0.00764723
13.2197	0.00151356	0.00599173
15.1289	0.00151356	0.00461605
17.3138	0.00151356	0.00319114
19.8143	0.00151356	0.00203809
22.6758	0.00151356	0.00121153
25.9507	0.00151356	0.000534857
29.6984	0.00151356	0.000274638
33.9875	0.00151356	0.000131006
38.8959	0.00151356	0.0000586282
44.5132	0.00151356	0.0000242809
50.9418	0.00151356	9.7964e-6
58.2988	0.00151356	3.98045e-6
66.7182	0.00151356	1.5109e-6
1.	0.0017378	0.0206295
2.	0.0017378	0.0186203
2.28884	0.0017378	0.0180675
2.61939	0.0017378	0.0175336
2.99768	0.0017378	0.0170751
3.4306	0.0017378	0.0167525
3.92605	0.0017378	0.016591
4.49305	0.0017378	0.0165215
5.14193	0.0017378	0.0163447
5.88452	0.0017378	0.0157987
6.73436	0.0017378	0.0147201
7.70694	0.0017378	0.0133174
8.81997	0.0017378	0.0119672
10.0937	0.0017378	0.0106094
11.5515	0.0017378	0.00880303
13.2197	0.0017378	0.00689724
15.1289	0.0017378	0.00531514
17.3138	0.0017378	0.00367668
19.8143	0.0017378	0.00234784
22.6758	0.0017378	0.00139577
25.9507	0.0017378	0.000616381
29.6984	0.0017378	0.000316481
33.9875	0.0017378	0.000150972
38.8959	0.0017378	0.0000675682
44.5132	0.0017378	0.0000279754
50.9418	0.0017378	0.0000112883
58.2988	0.0017378	4.58477e-6
66.7182	0.0017378	1.74026e-6
1.	0.00199526	0.0237529
2.	0.00199526	0.0214152
2.28884	0.00199526	0.020774
2.61939	0.00199526	0.0201519
2.99768	0.00199526	0.0196187
3.4306	0.00199526	0.0192425
3.92605	0.00199526	0.0190553
4.49305	0.00199526	0.0189811
5.14193	0.00199526	0.018787
5.88452	0.00199526	0.0181706
6.73436	0.00199526	0.0169412
7.70694	0.00199526	0.0153231
8.81997	0.00199526	0.0137664
10.0937	0.00199526	0.0122103
11.5515	0.00199526	0.0101375
13.2197	0.00199526	0.00794249
15.1289	0.00199526	0.0061232
17.3138	0.00199526	0.0042385
19.8143	0.00199526	0.00270608
22.6758	0.00199526	0.00160845
25.9507	0.00199526	0.000710741
29.6984	0.00199526	0.00036468
33.9875	0.00199526	0.000174095
38.8959	0.00199526	0.0000779015
44.5132	0.00199526	0.0000322559
50.9418	0.00199526	0.000013014
58.2988	0.00199526	5.28335e-6
66.7182	0.00199526	2.0055e-6
1.	0.00229087	0.0273623
2.	0.00229087	0.0246387
2.28884	0.00229087	0.0238915
2.61939	0.00229087	0.0231668
2.99768	0.00229087	0.0225436
3.4306	0.00229087	0.0221038
3.92605	0.00229087	0.021887
4.49305	0.00229087	0.0218069
5.14193	0.00229087	0.0215973
5.88452	0.00229087	0.0208928
6.73436	0.00229087	0.0194951
7.70694	0.00229087	0.0176387
8.81997	0.00229087	0.0158428
10.0937	0.00229087	0.0140578
11.5515	0.00229087	0.0116793
13.2197	0.00229087	0.00914936
15.1289	0.00229087	0.00705592
17.3138	0.00229087	0.0048889
19.8143	0.00229087	0.00312052
22.6758	0.00229087	0.00185467
25.9507	0.00229087	0.000820034
29.6984	0.00229087	0.000420871
33.9875	0.00229087	0.000200884
38.8959	0.00229087	0.0000898691
44.5132	0.00229087	0.000037192
50.9418	0.00229087	0.0000150119
58.2988	0.00229087	6.09167e-6
66.7182	0.00229087	2.31233e-6
1.	0.00263027	0.0315287
2.	0.00263027	0.0283565
2.28884	0.00263027	0.0274854
2.61939	0.00263027	0.0266386
2.99768	0.00263027	0.0259052
3.4306	0.00263027	0.0253945
3.92605	0.00263027	0.0251452
4.49305	0.00263027	0.0250615
5.14193	0.00263027	0.0248404
5.88452	0.00263027	0.0240541
6.73436	0.00263027	0.0224291
7.70694	0.00263027	0.0203055
8.81997	0.00263027	0.0182375
10.0937	0.00263027	0.0161897
11.5515	0.00263027	0.0134624
13.2197	0.00263027	0.0105436
15.1289	0.00263027	0.0081383
17.3138	0.00263027	0.00564211
19.8143	0.00263027	0.00360094
22.6758	0.00263027	0.00214025
25.9507	0.00263027	0.000946777
29.6984	0.00263027	0.000485832
33.9875	0.00263027	0.000231905
38.8959	0.00263027	0.000103715
44.5132	0.00263027	0.0000429454
50.9418	0.00263027	0.0000173299
58.2988	0.00263027	7.02768e-6
66.7182	0.00263027	2.66761e-6
1.	0.00301995	0.0363301
2.	0.00301995	0.0326361
2.28884	0.00301995	0.0316208
2.61939	0.00301995	0.0306313
2.99768	0.00301995	0.0297754
3.4306	0.00301995	0.0291728
3.92605	0.00301995	0.0289101
4.49305	0.00301995	0.0287933
5.14193	0.00301995	0.0285611
5.88452	0.00301995	0.0276827
6.73436	0.00301995	0.0258503
7.70694	0.00301995	0.0233868
8.81997	0.00301995	0.0210042
10.0937	0.00301995	0.0186535
11.5515	0.00301995	0.0155274
13.2197	0.00301995	0.0121573
15.1289	0.00301995	0.00938396
17.3138	0.00301995	0.00651677
19.8143	0.00301995	0.00415817
22.6758	0.00301995	0.00247158
25.9507	0.00301995	0.00109386
29.6984	0.00301995	0.000561244
33.9875	0.00301995	0.000267919
38.8959	0.00301995	0.000119856
44.5132	0.00301995	0.0000496128
50.9418	0.00301995	0.0000200137
58.2988	0.00301995	8.11175e-6
66.7182	0.00301995	3.07961e-6
1.	0.00346737	0.0418769
2.	0.00346737	0.0375719
2.28884	0.00346737	0.0363865
2.61939	0.00346737	0.0352268
2.99768	0.00346737	0.0342267
3.4306	0.00346737	0.0335196
3.92605	0.00346737	0.0331845
4.49305	0.00346737	0.0330836
5.14193	0.00346737	0.0328463
5.88452	0.00346737	0.0318697
6.73436	0.00346737	0.0297815
7.70694	0.00346737	0.0269414
8.81997	0.00346737	0.024189
10.0937	0.00346737	0.0215004
11.5515	0.00346737	0.0179122
13.2197	0.00346737	0.0140255
15.1289	0.00346737	0.0108328
17.3138	0.00346737	0.00753187
19.8143	0.00346737	0.00480613
22.6758	0.00346737	0.00285643
25.9507	0.00346737	0.00126494
29.6984	0.00346737	0.000648841
33.9875	0.00346737	0.000309803
38.8959	0.00346737	0.000138545
44.5132	0.00346737	0.0000573613
50.9418	0.00346737	0.0000231447
58.2988	0.00346737	9.37023e-6
66.7182	0.00346737	3.55808e-6
1.	0.00398107	0.0482819
2.	0.00398107	0.0432697
2.28884	0.00398107	0.0418852
2.61939	0.00398107	0.0405261
2.99768	0.00398107	0.0393483
3.4306	0.00398107	0.0385248
3.92605	0.00398107	0.0381289
4.49305	0.00398107	0.0380314
5.14193	0.00398107	0.0377835
5.88452	0.00398107	0.0366994
6.73436	0.00398107	0.034327
7.70694	0.00398107	0.0310238
8.81997	0.00398107	0.027876
10.0937	0.00398107	0.0247928
11.5515	0.00398107	0.020679
13.2197	0.00398107	0.016193
15.1289	0.00398107	0.0125144
17.3138	0.00398107	0.00871289
19.8143	0.00398107	0.00555801
22.6758	0.00398107	0.00330432
25.9507	0.00398107	0.0014644
29.6984	0.00398107	0.000750803
33.9875	0.00398107	0.000358593
38.8959	0.00398107	0.000160328
44.5132	0.00398107	0.000066366
50.9418	0.00398107	0.0000267748
58.2988	0.00398107	0.0000108319
66.7182	0.00398107	4.11399e-6
1.	0.00457088	0.055674
2.	0.00457088	0.0498458
2.28884	0.00457088	0.0482239
2.61939	0.00457088	0.0466309
2.99768	0.00457088	0.0452566
3.4306	0.00457088	0.0442801
3.92605	0.00457088	0.0438174
4.49305	0.00457088	0.0437212
5.14193	0.00457088	0.0434647
5.88452	0.00457088	0.0422751
6.73436	0.00457088	0.039571
7.70694	0.00457088	0.0358176
8.81997	0.00457088	0.0321349
10.0937	0.00457088	0.0286064
11.5515	0.00457088	0.0238951
13.2197	0.00457088	0.0187108
15.1289	0.00457088	0.014468
17.3138	0.00457088	0.0100899
19.8143	0.00457088	0.00643546
22.6758	0.00457088	0.00382599
25.9507	0.00457088	0.001697
29.6984	0.00457088	0.00086981
33.9875	0.00457088	0.000415553
38.8959	0.00457088	0.000185737
44.5132	0.00457088	0.0000768794
50.9418	0.00457088	0.0000310191
58.2988	0.00457088	0.0000125336
66.7182	0.00457088	4.76103e-6
1.	0.00524807	0.0641687
2.	0.00524807	0.0574271
2.28884	0.00524807	0.0555373
2.61939	0.00524807	0.0536823
2.99768	0.00524807	0.0520585
3.4306	0.00524807	0.0509144
3.92605	0.00524807	0.0503598
4.49305	0.00524807	0.0502631
5.14193	0.00524807	0.0500187
5.88452	0.00524807	0.0486992
6.73436	0.00524807	0.045646
7.70694	0.00524807	0.0413363
8.81997	0.00524807	0.0370786
10.0937	0.00524807	0.0330228
11.5515	0.00524807	0.0276272
13.2197	0.00524807	0.0216346
15.1289	0.00524807	0.0167372
17.3138	0.00524807	0.0116964
19.8143	0.00524807	0.0074592
22.6758	0.00524807	0.00443451
25.9507	0.00524807	0.00196888
29.6984	0.00524807	0.00100879
33.9875	0.00524807	0.000482143
38.8959	0.00524807	0.000215376
44.5132	0.00524807	0.0000891963
50.9418	0.00524807	0.0000359708
58.2988	0.00524807	0.0000145189
66.7182	0.00524807	5.51605e-6
1.	0.0060256	0.0740006
2.	0.0060256	0.0661885
2.28884	0.0060256	0.0639892
2.61939	0.0060256	0.0618129
2.99768	0.0060256	0.0599103
3.4306	0.0060256	0.058554
3.92605	0.0060256	0.0579029
4.49305	0.0060256	0.0577899
5.14193	0.0060256	0.0575635
5.88452	0.0060256	0.0561313
6.73436	0.0060256	0.0526899
7.70694	0.0060256	0.0477252
8.81997	0.0060256	0.0427984
10.0937	0.0060256	0.0381429
11.5515	0.0060256	0.0319677
13.2197	0.0060256	0.0250385
15.1289	0.0060256	0.0193793
17.3138	0.0060256	0.0135739
19.8143	0.0060256	0.0086539
22.6758	0.0060256	0.00514663
25.9507	0.0060256	0.00228738
29.6984	0.0060256	0.00117132
33.9875	0.0060256	0.000560188
38.8959	0.0060256	0.000250062
44.5132	0.0060256	0.00010358
50.9418	0.0060256	0.0000417751
58.2988	0.0060256	0.0000168386
66.7182	0.0060256	6.39957e-6
1.	0.00691831	0.0853893
2.	0.00691831	0.0763038
2.28884	0.00691831	0.073748
2.61939	0.00691831	0.0712179
2.99768	0.00691831	0.0689842
3.4306	0.00691831	0.0673709
3.92605	0.00691831	0.0665922
4.49305	0.00691831	0.0664996
5.14193	0.00691831	0.0662281
5.88452	0.00691831	0.0647118
6.73436	0.00691831	0.06083
7.70694	0.00691831	0.0551424
8.81997	0.00691831	0.049402
10.0937	0.00691831	0.0440761
11.5515	0.00691831	0.0370205
13.2197	0.00691831	0.0290032
15.1289	0.00691831	0.0224587
17.3138	0.00691831	0.015772
19.8143	0.00691831	0.0100555
22.6758	0.00691831	0.00598111
25.9507	0.00691831	0.002661
29.6984	0.00691831	0.00136202
33.9875	0.00691831	0.000651545
38.8959	0.00691831	0.000290884
44.5132	0.00691831	0.00012047
50.9418	0.00691831	0.0000485972
58.2988	0.00691831	0.0000195537
66.7182	0.00691831	7.4347e-6
1.	0.00794328	0.0984597
2.	0.00794328	0.0879737
2.28884	0.00794328	0.0850043
2.61939	0.00794328	0.0820529
2.99768	0.00794328	0.0794406
3.4306	0.00794328	0.0775389
3.92605	0.00794328	0.0765743
4.49305	0.00794328	0.0764509
5.14193	0.00794328	0.0763335
5.88452	0.00794328	0.0745923
6.73436	0.00794328	0.0702553
7.70694	0.00794328	0.0637113
8.81997	0.00794328	0.0570807
10.0937	0.00794328	0.050966
11.5515	0.00794328	0.0429166
13.2197	0.00794328	0.0336316
15.1289	0.00794328	0.0260485
17.3138	0.00794328	0.0183472
19.8143	0.00794328	0.0116986
22.6758	0.00794328	0.00696197
25.9507	0.00794328	0.00310053
29.6984	0.00794328	0.00158607
33.9875	0.00794328	0.000759162
38.8959	0.00794328	0.000338703
44.5132	0.00794328	0.000140351
50.9418	0.00794328	0.0000566126
58.2988	0.00794328	0.0000227325
66.7182	0.00794328	8.6495e-6
1.	0.00912011	0.113279
2.	0.00912011	0.101358
2.28884	0.00912011	0.0979668
2.61939	0.00912011	0.0944764
2.99768	0.00912011	0.0915304
3.4306	0.00912011	0.0892792
3.92605	0.00912011	0.0881454
4.49305	0.00912011	0.0879428
5.14193	0.00912011	0.0877691
5.88452	0.00912011	0.0859926
6.73436	0.00912011	0.0811314
7.70694	0.00912011	0.073666
8.81997	0.00912011	0.0659824
10.0937	0.00912011	0.0589649
11.5515	0.00912011	0.0497819
13.2197	0.00912011	0.0390397
15.1289	0.00912011	0.0302397
17.3138	0.00912011	0.0213701
19.8143	0.00912011	0.0136344
22.6758	0.00912011	0.00811379
25.9507	0.00912011	0.00361871
29.6984	0.00912011	0.00184992
33.9875	0.00912011	0.000885798
38.8959	0.00912011	0.000394948
44.5132	0.00912011	0.000163799
50.9418	0.00912011	0.0000660561
58.2988	0.00912011	0.0000264631
66.7182	0.00912011	0.0000100771
1.	0.0104713	0.0518484
2.	0.0104713	0.0925268
2.28884	0.0104713	0.0968043
2.61939	0.0104713	0.0969787
2.99768	0.0104713	0.0962569
3.4306	0.0104713	0.0976629
3.92605	0.0104713	0.0975864
4.49305	0.0104713	0.0999026
5.14193	0.0104713	0.100998
5.88452	0.0104713	0.0990869
6.73436	0.0104713	0.0937221
7.70694	0.0104713	0.0852561
8.81997	0.0104713	0.0762626
10.0937	0.0104713	0.0682454
11.5515	0.0104713	0.0577896
13.2197	0.0104713	0.0453713
15.1289	0.0104713	0.0351324
17.3138	0.0104713	0.02492
19.8143	0.0104713	0.0159122
22.6758	0.0104713	0.00947688
25.9507	0.0104713	0.00423114
29.6984	0.0104713	0.00216106
33.9875	0.0104713	0.00103522
38.8959	0.0104713	0.000461379
44.5132	0.0104713	0.000191483
50.9418	0.0104713	0.0000772071
58.2988	0.0104713	0.0000308512
66.7182	0.0104713	0.0000117588
1.	0.0120226	0.0339165
2.	0.0120226	0.0302537
2.28884	0.0120226	0.0394255
2.61939	0.0120226	0.0529121
2.99768	0.0120226	0.0605951
3.4306	0.0120226	0.0747414
3.92605	0.0120226	0.0816558
4.49305	0.0120226	0.0948231
5.14193	0.0120226	0.0990369
5.88452	0.0120226	0.103686
6.73436	0.0120226	0.101929
7.70694	0.0120226	0.09399
8.81997	0.0120226	0.0851531
10.0937	0.0120226	0.0761476
11.5515	0.0120226	0.0663313
13.2197	0.0120226	0.0527928
15.1289	0.0120226	0.0408572
17.3138	0.0120226	0.0290949
19.8143	0.0120226	0.0186022
22.6758	0.0120226	0.0110889
25.9507	0.0120226	0.00495664
29.6984	0.0120226	0.00252926
33.9875	0.0120226	0.00121196
38.8959	0.0120226	0.000539662
44.5132	0.0120226	0.00022087
50.9418	0.0120226	0.0000891257
58.2988	0.0120226	0.0000354828
66.7182	0.0120226	0.0000135394
1.	0.0138038	0.0378946
2.	0.0138038	0.0337679
2.28884	0.0138038	0.0325663
2.61939	0.0138038	0.031345
2.99768	0.0138038	0.0302362
3.4306	0.0138038	0.0427589
3.92605	0.0138038	0.0689577
4.49305	0.0138038	0.0809785
5.14193	0.0138038	0.0994449
5.88452	0.0138038	0.106377
6.73436	0.0138038	0.108862
7.70694	0.0138038	0.102785
8.81997	0.0138038	0.0952063
10.0937	0.0138038	0.0871879
11.5515	0.0138038	0.0744166
13.2197	0.0138038	0.0585968
15.1289	0.0138038	0.0458291
17.3138	0.0138038	0.0328114
19.8143	0.0138038	0.0212544
22.6758	0.0138038	0.0126806
25.9507	0.0138038	0.00572885
29.6984	0.0138038	0.00287683
33.9875	0.0138038	0.00135842
38.8959	0.0138038	0.000604387
44.5132	0.0138038	0.000251886
50.9418	0.0138038	0.0000989264
58.2988	0.0138038	0.0000393105
66.7182	0.0138038	0.0000145565
1.	0.0158489	0.042237
2.	0.0158489	0.0576476
2.28884	0.0158489	0.0789366
2.61939	0.0158489	0.0861523
2.99768	0.0158489	0.0920178
3.4306	0.0158489	0.0996873
3.92605	0.0158489	0.10685
4.49305	0.0158489	0.117836
5.14193	0.0158489	0.121554
5.88452	0.0158489	0.125327
6.73436	0.0158489	0.12418
7.70694	0.0158489	0.119235
8.81997	0.0158489	0.110315
10.0937	0.0158489	0.0999162
11.5515	0.0158489	0.0865318
13.2197	0.0158489	0.0683404
15.1289	0.0158489	0.0528053
17.3138	0.0158489	0.0379999
19.8143	0.0158489	0.0243671
22.6758	0.0158489	0.0145546
25.9507	0.0158489	0.0065435
29.6984	0.0158489	0.0033287
33.9875	0.0158489	0.00159656
38.8959	0.0158489	0.000709671
44.5132	0.0158489	0.000292402
50.9418	0.0158489	0.000117946
58.2988	0.0158489	0.0000446991
66.7182	0.0158489	0.0000173595
1.	0.018197	0.163387
2.	0.018197	0.182383
2.28884	0.018197	0.179666
2.61939	0.018197	0.176604
2.99768	0.018197	0.173642
3.4306	0.018197	0.171328
3.92605	0.018197	0.170331
4.49305	0.018197	0.170848
5.14193	0.018197	0.169854
5.88452	0.018197	0.167365
6.73436	0.018197	0.160237
7.70694	0.018197	0.14753
8.81997	0.018197	0.132331
10.0937	0.018197	0.118276
11.5515	0.018197	0.101789
13.2197	0.018197	0.0807355
15.1289	0.018197	0.0630051
17.3138	0.018197	0.0455611
19.8143	0.018197	0.0293319
22.6758	0.018197	0.0175639
25.9507	0.018197	0.00783356
29.6984	0.018197	0.00397985
33.9875	0.018197	0.00190802
38.8959	0.018197	0.000847207
44.5132	0.018197	0.000359561
50.9418	0.018197	0.000145137
58.2988	0.018197	0.0000570694
66.7182	0.018197	0.0000215634
1.	0.020893	0.24803
2.	0.020893	0.232541
2.28884	0.020893	0.227476
2.61939	0.020893	0.222146
2.99768	0.020893	0.216467
3.4306	0.020893	0.211413
3.92605	0.020893	0.207143
4.49305	0.020893	0.204366
5.14193	0.020893	0.202383
5.88452	0.020893	0.199127
6.73436	0.020893	0.191278
7.70694	0.020893	0.177138
8.81997	0.020893	0.159351
10.0937	0.020893	0.142298
11.5515	0.020893	0.122995
13.2197	0.020893	0.0981532
15.1289	0.020893	0.0754214
17.3138	0.020893	0.0547538
19.8143	0.020893	0.0354777
22.6758	0.020893	0.0212987
25.9507	0.020893	0.00954156
29.6984	0.020893	0.0048452
33.9875	0.020893	0.00232474
38.8959	0.020893	0.00103145
44.5132	0.020893	0.000432023
50.9418	0.020893	0.000174406
58.2988	0.020893	0.0000682304
66.7182	0.020893	0.0000262054
1.	0.0239883	0.277258
2.	0.0239883	0.265111
2.28884	0.0239883	0.260775
2.61939	0.0239883	0.255776
2.99768	0.0239883	0.25027
3.4306	0.0239883	0.244653
3.92605	0.0239883	0.239497
4.49305	0.0239883	0.235353
5.14193	0.0239883	0.231998
5.88452	0.0239883	0.227719
6.73436	0.0239883	0.219589
7.70694	0.0239883	0.204807
8.81997	0.0239883	0.184702
10.0937	0.0239883	0.164862
11.5515	0.0239883	0.143086
13.2197	0.0239883	0.114988
15.1289	0.0239883	0.0881082
17.3138	0.0239883	0.064385
19.8143	0.0239883	0.0419033
22.6758	0.0239883	0.0252363
25.9507	0.0239883	0.0113059
29.6984	0.0239883	0.00573534
33.9875	0.0239883	0.00275079
38.8959	0.0239883	0.00121991
44.5132	0.0239883	0.000512276
50.9418	0.0239883	0.000206829
58.2988	0.0239883	0.0000805113
66.7182	0.0239883	0.0000309731
1.	0.0275423	0.307692
2.	0.0275423	0.300673
2.28884	0.0275423	0.297498
2.61939	0.0275423	0.293484
2.99768	0.0275423	0.288557
3.4306	0.0275423	0.282598
3.92605	0.0275423	0.276624
4.49305	0.0275423	0.270736
5.14193	0.0275423	0.265443
5.88452	0.0275423	0.26019
6.73436	0.0275423	0.251661
7.70694	0.0275423	0.236213
8.81997	0.0275423	0.214107
10.0937	0.0275423	0.190807
11.5515	0.0275423	0.166383
13.2197	0.0275423	0.134835
15.1289	0.0275423	0.103015
17.3138	0.0275423	0.0756607
19.8143	0.0275423	0.0495791
22.6758	0.0275423	0.0299834
25.9507	0.0275423	0.0134218
29.6984	0.0275423	0.00680514
33.9875	0.0275423	0.00326148
38.8959	0.0275423	0.0014456
44.5132	0.0275423	0.000608674
50.9418	0.0275423	0.000245634
58.2988	0.0275423	0.0000951524
66.7182	0.0275423	0.0000366439
1.	0.0316228	0.339
2.	0.0316228	0.339015
2.28884	0.0316228	0.337763
2.61939	0.0316228	0.335443
2.99768	0.0316228	0.331656
3.4306	0.0316228	0.326294
3.92605	0.0316228	0.319061
4.49305	0.0316228	0.311053
5.14193	0.0316228	0.303431
5.88452	0.0316228	0.29623
6.73436	0.0316228	0.287302
7.70694	0.0316228	0.271604
8.81997	0.0316228	0.247879
10.0937	0.0316228	0.220705
11.5515	0.0316228	0.193153
13.2197	0.0316228	0.158147
15.1289	0.0316228	0.1206
17.3138	0.0316228	0.0889289
19.8143	0.0316228	0.0587251
22.6758	0.0316228	0.0357275
25.9507	0.0316228	0.0159729
29.6984	0.0316228	0.0080973
33.9875	0.0316228	0.00387598
38.8959	0.0316228	0.00171751
44.5132	0.0316228	0.000724529
50.9418	0.0316228	0.000292212
58.2988	0.0316228	0.000112742
66.7182	0.0316228	0.0000434565
1.	0.0363078	0.371355
2.	0.0363078	0.380636
2.28884	0.0363078	0.382539
2.61939	0.0363078	0.381922
2.99768	0.0363078	0.379893
3.4306	0.0363078	0.375106
3.92605	0.0363078	0.367264
4.49305	0.0363078	0.356925
5.14193	0.0363078	0.34747
5.88452	0.0363078	0.336367
6.73436	0.0363078	0.326147
7.70694	0.0363078	0.31165
8.81997	0.0363078	0.286254
10.0937	0.0363078	0.254975
11.5515	0.0363078	0.223873
13.2197	0.0363078	0.185493
15.1289	0.0363078	0.141427
17.3138	0.0363078	0.104585
19.8143	0.0363078	0.0698055
22.6758	0.0363078	0.0426858
25.9507	0.0363078	0.0190564
29.6984	0.0363078	0.00966708
33.9875	0.0363078	0.00461883
38.8959	0.0363078	0.00204637
44.5132	0.0363078	0.00086411
50.9418	0.0363078	0.000348103
58.2988	0.0363078	0.000133958
66.7182	0.0363078	0.0000515995
1.	0.0416869	0.40637
2.	0.0416869	0.425392
2.28884	0.0416869	0.429356
2.61939	0.0416869	0.432
2.99768	0.0416869	0.43228
3.4306	0.0416869	0.428866
3.92605	0.0416869	0.42082
4.49305	0.0416869	0.408328
5.14193	0.0416869	0.394287
5.88452	0.0416869	0.381407
6.73436	0.0416869	0.371117
7.70694	0.0416869	0.356803
8.81997	0.0416869	0.330723
10.0937	0.0416869	0.295174
11.5515	0.0416869	0.259606
13.2197	0.0416869	0.217942
15.1289	0.0416869	0.166622
17.3138	0.0416869	0.123327
19.8143	0.0416869	0.0832918
22.6758	0.0416869	0.0512548
25.9507	0.0416869	0.022848
29.6984	0.0416869	0.0116145
33.9875	0.0416869	0.00553647
38.8959	0.0416869	0.00245301
44.5132	0.0416869	0.00103475
50.9418	0.0416869	0.000415794
58.2988	0.0416869	0.000159963
66.7182	0.0416869	0.0000614678
1.	0.047863	0.0312347
2.	0.047863	0.134436
2.28884	0.047863	0.224409
2.61939	0.047863	0.294078
2.99768	0.047863	0.370799
3.4306	0.047863	0.408272
3.92605	0.047863	0.430047
4.49305	0.047863	0.427557
5.14193	0.047863	0.422352
5.88452	0.047863	0.412223
6.73436	0.047863	0.40035
7.70694	0.047863	0.396624
8.81997	0.047863	0.376411
10.0937	0.047863	0.337266
11.5515	0.047863	0.300537
13.2197	0.047863	0.255478
15.1289	0.047863	0.196824
17.3138	0.047863	0.145595
19.8143	0.047863	0.099498
22.6758	0.047863	0.0616639
25.9507	0.047863	0.0274798
29.6984	0.047863	0.0140133
33.9875	0.047863	0.00666204
38.8959	0.047863	0.00295359
44.5132	0.047863	0.0012431
50.9418	0.047863	0.00049028
58.2988	0.047863	0.000185736
66.7182	0.047863	0.000071256
1.	0.0549541	0.380715
2.	0.0549541	0.234919
2.28884	0.0549541	0.259134
2.61939	0.0549541	0.30123
2.99768	0.0549541	0.365455
3.4306	0.0549541	0.413155
3.92605	0.0549541	0.454803
4.49305	0.0549541	0.465177
5.14193	0.0549541	0.463718
5.88452	0.0549541	0.48549
6.73436	0.0549541	0.441758
7.70694	0.0549541	0.439579
8.81997	0.0549541	0.422073
10.0937	0.0549541	0.385613
11.5515	0.0549541	0.339431
13.2197	0.0549541	0.292184
15.1289	0.0549541	0.227798
17.3138	0.0549541	0.168289
19.8143	0.0549541	0.116371
22.6758	0.0549541	0.0726231
25.9507	0.0549541	0.0322103
29.6984	0.0549541	0.0165119
33.9875	0.0549541	0.00782854
38.8959	0.0549541	0.00347401
44.5132	0.0549541	0.00143362
50.9418	0.0549541	0.0005708
58.2988	0.0549541	0.000221028
66.7182	0.0549541	0.0000841384
1.	0.0630957	0.555291
2.	0.0630957	0.583765
2.28884	0.0630957	0.591928
2.61939	0.0630957	0.59951
2.99768	0.0630957	0.605418
3.4306	0.0630957	0.607699
3.92605	0.0630957	0.604308
4.49305	0.0630957	0.592938
5.14193	0.0630957	0.57478
5.88452	0.0630957	0.554014
6.73436	0.0630957	0.535439
7.70694	0.0630957	0.520909
8.81997	0.0630957	0.498874
10.0937	0.0630957	0.45619
11.5515	0.0630957	0.402746
13.2197	0.0630957	0.349534
15.1289	0.0630957	0.27804
17.3138	0.0630957	0.205402
19.8143	0.0630957	0.143485
22.6758	0.0630957	0.0901394
25.9507	0.0630957	0.040379
29.6984	0.0630957	0.0208036
33.9875	0.0630957	0.00983176
38.8959	0.0630957	0.0043627
44.5132	0.0630957	0.00181355
50.9418	0.0630957	0.000717187
58.2988	0.0630957	0.000279175
66.7182	0.0630957	0.000105243
1.	0.0724436	0.637999
2.	0.0724436	0.652279
2.28884	0.0724436	0.656844
2.61939	0.0724436	0.662493
2.99768	0.0724436	0.666401
3.4306	0.0724436	0.669006
3.92605	0.0724436	0.668578
4.49305	0.0724436	0.6624
5.14193	0.0724436	0.647716
5.88452	0.0724436	0.62812
6.73436	0.0724436	0.606153
7.70694	0.0724436	0.588215
8.81997	0.0724436	0.567445
10.0937	0.0724436	0.527171
11.5515	0.0724436	0.467079
13.2197	0.0724436	0.407833
15.1289	0.0724436	0.332001
17.3138	0.0724436	0.246114
19.8143	0.0724436	0.173354
22.6758	0.0724436	0.109576
25.9507	0.0724436	0.0494912
29.6984	0.0724436	0.0256578
33.9875	0.0724436	0.012104
38.8959	0.0724436	0.00537045
44.5132	0.0724436	0.00221556
50.9418	0.0724436	0.000869585
58.2988	0.0724436	0.000340272
66.7182	0.0724436	0.000127225
1.	0.0831764	0.739765
2.	0.0831764	0.729631
2.28884	0.0831764	0.727725
2.61939	0.0831764	0.726813
2.99768	0.0831764	0.72695
3.4306	0.0831764	0.728432
3.92605	0.0831764	0.730392
4.49305	0.0831764	0.730447
5.14193	0.0831764	0.724884
5.88452	0.0831764	0.709791
6.73436	0.0831764	0.687243
7.70694	0.0831764	0.663828
8.81997	0.0831764	0.641925
10.0937	0.0831764	0.606551
11.5515	0.0831764	0.543456
13.2197	0.0831764	0.474776
15.1289	0.0831764	0.396411
17.3138	0.0831764	0.296566
19.8143	0.0831764	0.210258
22.6758	0.0831764	0.133833
25.9507	0.0831764	0.0611203
29.6984	0.0831764	0.0318244
33.9875	0.0831764	0.0150154
38.8959	0.0831764	0.00665035
44.5132	0.0831764	0.00272617
50.9418	0.0831764	0.00106288
58.2988	0.0831764	0.000415879
66.7182	0.0831764	0.000154378
1.	0.0954993	0.194518
2.	0.0954993	0.239134
2.28884	0.0954993	0.324874
2.61939	0.0954993	0.41119
2.99768	0.0954993	0.491193
3.4306	0.0954993	0.549831
3.92605	0.0954993	0.647165
4.49305	0.0954993	0.705706
5.14193	0.0954993	0.72477
5.88452	0.0954993	0.745547
6.73436	0.0954993	0.73428
7.70694	0.0954993	0.715202
8.81997	0.0954993	0.69213
10.0937	0.0954993	0.663729
11.5515	0.0954993	0.604135
13.2197	0.0954993	0.540719
15.1289	0.0954993	0.461239
17.3138	0.0954993	0.355924
19.8143	0.0954993	0.253367
22.6758	0.0954993	0.162609
25.9507	0.0954993	0.0751617
29.6984	0.0954993	0.0386473
33.9875	0.0954993	0.0182675
38.8959	0.0954993	0.00807547
44.5132	0.0954993	0.0032992
50.9418	0.0954993	0.00126084
58.2988	0.0954993	0.00049016
66.7182	0.0954993	0.000181272
1.	0.109648	0.223174
2.	0.109648	0.601504
2.28884	0.109648	0.682097
2.61939	0.109648	0.728529
2.99768	0.109648	0.730185
3.4306	0.109648	0.759406
3.92605	0.109648	0.78335
4.49305	0.109648	0.801863
5.14193	0.109648	0.82234
5.88452	0.109648	0.837521
6.73436	0.109648	0.825823
7.70694	0.109648	0.798489
8.81997	0.109648	0.780603
10.0937	0.109648	0.756344
11.5515	0.109648	0.70443
13.2197	0.109648	0.61908
15.1289	0.109648	0.549152
17.3138	0.109648	0.431356
19.8143	0.109648	0.308586
22.6758	0.109648	0.200453
25.9507	0.109648	0.0940546
29.6984	0.109648	0.0491544
33.9875	0.109648	0.0233073
38.8959	0.109648	0.0102616
44.5132	0.109648	0.00419825
50.9418	0.109648	0.00162619
58.2988	0.109648	0.000611066
66.7182	0.109648	0.000226164