1.	0.001	0.117058
1.9999999999999998	0.001	0.07412300000000001
2.288838595949997	0.001	0.06852382721768721
2.6193910591551774	0.001	0.06485749166204732
2.9976816770403563	0.001	0.06187948239402034
3.4306047603910415	0.001	0.05733453094094135
3.926050291516404	0.001	0.05014709601486279
4.493047718431742	0.001	0.04239603118988312
5.141930515695824	0.001	0.03723679764003135
5.884524511008838	0.001	0.033838467554962795
6.734363409805407	0.001	0.0277260671637331
7.706935445758021	0.001	0.018360243857137668
8.819965652373028	0.001	0.009354775176393076
10.093738900052346	0.001	0.003699414141021269
11.551469585940843	0.001	0.0012314314919326427
13.219724714121972	0.001	0.0004226088300112753
15.128908076758211	0.001	0.00017772562410451595
17.313814360331925	0.001	0.0000760396450942017
19.814263275520517	0.001	0.00003165495188484564
22.675825267662994	0.001	9.528270804479707e-6
25.950652033822625	0.001	3.15226338897123e-6
29.698426982540767	0.001	1.1341955447447317e-6
33.98745295832107	0.001	4.260077673444347e-7
38.895897054520105	0.001	1.495991658653711e-7
44.51321520124173	0.001	3.352936011104863e-8
50.941782491215115	0.001	9.571632961163937e-9
58.29875895619149	0.001	2.2226884378247346e-9
66.71822479745835	0.001	5.065148019663087e-10
76.35362398484546	0.001	1.0006755466227518e-10
87.38056075858388	0.001	2.0007585442530554e-11
100.00000000000031	0.001	5.2773847187157394e-12
111.55639876771902	0.001	1.9124626992346698e-12
138.21730389017998	0.001	1.8477996237174525e-13
171.24990861750976	0.001	5.897903084017267e-15
212.17698780180757	0.001	2.7187476527945257e-17
262.885244821937	0.001	1.3408301985826535e-20
1.	0.0011481536214968829	0.13387040368481506
1.9999999999999998	0.0011481536214968829	0.08551998078043761
2.288838595949997	0.0011481536214968829	0.07900068974893029
2.6193910591551774	0.0011481536214968829	0.07472893259000461
2.9976816770403563	0.0011481536214968829	0.07130031160052677
3.4306047603910415	0.0011481536214968829	0.0661967395212596
3.926050291516404	0.0011481536214968829	0.05799848991872198
4.493047718431742	0.0011481536214968829	0.04895999958792383
5.141930515695824	0.0011481536214968829	0.04286363551564831
5.884524511008838	0.0011481536214968829	0.03890838820950866
6.734363409805407	0.0011481536214968829	0.03197226792010242
7.706935445758021	0.0011481536214968829	0.02125632192588392
8.819965652373028	0.0011481536214968829	0.010866077896845915
10.093738900052346	0.0011481536214968829	0.004298298439911686
11.551469585940843	0.0011481536214968829	0.0014299547964850532
13.219724714121972	0.0011481536214968829	0.0004884579629604727
15.128908076758211	0.0011481536214968829	0.0002049402385143865
17.313814360331925	0.0011481536214968829	0.00008767159290796995
19.814263275520517	0.0011481536214968829	0.00003649577078682149
22.675825267662994	0.0011481536214968829	0.000010994579541679607
25.950652033822625	0.0011481536214968829	3.6320296451181416e-6
29.698426982540767	0.0011481536214968829	1.3085592076235859e-6
33.98745295832107	0.0011481536214968829	4.990664744322559e-7
38.895897054520105	0.0011481536214968829	1.7194874827975864e-7
44.51321520124173	0.0011481536214968829	3.861200316675844e-8
50.941782491215115	0.0011481536214968829	1.0998815166408508e-8
58.29875895619149	0.0011481536214968829	2.5574394317870277e-9
66.71822479745835	0.0011481536214968829	5.82149576089262e-10
76.35362398484546	0.0011481536214968829	1.15063435452107e-10
87.38056075858388	0.0011481536214968829	2.300445930817594e-11
100.00000000000031	0.0011481536214968829	6.063827414384425e-12
111.55639876771902	0.0011481536214968829	2.1975996912298697e-12
138.21730389017998	0.0011481536214968829	2.1233355938577617e-13
171.24990861750976	0.0011481536214968829	6.778120760880659e-15
212.17698780180757	0.0011481536214968829	3.125081551311818e-17
262.885244821937	0.0011481536214968829	1.5416036813238918e-20
1.	0.0013182567385564075	0.15283163644998296
1.9999999999999998	0.0013182567385564075	0.09870834713506911
2.288838595949997	0.0013182567385564075	0.09112180447626932
2.6193910591551774	0.0013182567385564075	0.08610467086674095
2.9976816770403563	0.0013182567385564075	0.08216786948315542
3.4306047603910415	0.0013182567385564075	0.07645001393116041
3.926050291516404	0.0013182567385564075	0.06713731937407838
4.493047718431742	0.0013182567385564075	0.05662639530517447
5.141930515695824	0.0013182567385564075	0.04935787230538577
5.884524511008838	0.0013182567385564075	0.04478094571499587
6.734363409805407	0.0013182567385564075	0.03692716187162544
7.706935445758021	0.0013182567385564075	0.02462629298757915
8.819965652373028	0.0013182567385564075	0.012618613301554284
10.093738900052346	0.0013182567385564075	0.005002027391415141
11.551469585940843	0.0013182567385564075	0.001662535215933951
13.219724714121972	0.0013182567385564075	0.0005651632748422876
15.128908076758211	0.0013182567385564075	0.00023650489441767015
17.313814360331925	0.0013182567385564075	0.00010114340256638935
19.814263275520517	0.0013182567385564075	0.00004209285997180767
22.675825267662994	0.0013182567385564075	0.000012701901563005585
25.950652033822625	0.0013182567385564075	4.186594090637126e-6
29.698426982540767	0.0013182567385564075	1.5105402357001732e-6
33.98745295832107	0.0013182567385564075	5.740318342369372e-7
38.895897054520105	0.0013182567385564075	1.9787572861530028e-7
44.51321520124173	0.0013182567385564075	4.453121691360728e-8
50.941782491215115	0.0013182567385564075	1.2653741530618958e-8
58.29875895619149	0.0013182567385564075	2.946567306597138e-9
66.71822479745835	0.0013182567385564075	6.698714371880851e-10
76.35362398484546	0.0013182567385564075	1.324724598921204e-10
87.38056075858388	0.0013182567385564075	2.648292549307021e-11
100.00000000000031	0.0013182567385564075	6.975471836998567e-12
111.55639876771902	0.0013182567385564075	2.5281814777244513e-12
138.21730389017998	0.0013182567385564075	2.4427938913570275e-13
171.24990861750976	0.0013182567385564075	7.79886162341169e-15
212.17698780180757	0.0013182567385564075	3.596469975491235e-17
262.885244821937	0.0013182567385564075	1.7746372551695355e-20
1.	0.0015135612484362087	0.17420913251551304
1.9999999999999998	0.0015135612484362087	0.1139350981144814
2.288838595949997	0.0015135612484362087	0.10512913314834191
2.6193910591551774	0.0015135612484362087	0.09921827187131349
2.9976816770403563	0.0015135612484362087	0.0946974559190529
3.4306047603910415	0.0015135612484362087	0.0883282753829264
3.926050291516404	0.0015135612484362087	0.07779796291605762
4.493047718431742	0.0015135612484362087	0.0655484072277247
5.141930515695824	0.0015135612484362087	0.0568731444984
5.884524511008838	0.0015135612484362087	0.05140599618902034
6.734363409805407	0.0015135612484362087	0.04257878722344974
7.706935445758021	0.0015135612484362087	0.02855789163009902
8.819965652373028	0.0015135612484362087	0.014695567742894112
10.093738900052346	0.0015135612484362087	0.005834621441826945
11.551469585940843	0.0015135612484362087	0.0019366431294998237
13.219724714121972	0.0015135612484362087	0.0006549226425705496
15.128908076758211	0.0015135612484362087	0.0002730636591359676
17.313814360331925	0.0015135612484362087	0.00011677670947250743
19.814263275520517	0.0015135612484362087	0.000048597643335311085
22.675825267662994	0.0015135612484362087	0.000014681536710800275
25.950652033822625	0.0015135612484362087	4.8286884561337606e-6
29.698426982540767	0.0015135612484362087	1.7449746938308616e-6
33.98745295832107	0.0015135612484362087	6.605694502235641e-7
38.895897054520105	0.0015135612484362087	2.2758045008592167e-7
44.51321520124173	0.0015135612484362087	5.134481565327582e-8
50.941782491215115	0.0015135612484362087	1.4548942846486427e-8
58.29875895619149	0.0015135612484362087	3.3934743391951146e-9
66.71822479745835	0.0015135612484362087	7.703562765885056e-10
76.35362398484546	0.0015135612484362087	1.524371452523638e-10
87.38056075858388	0.0015135612484362087	3.0470866835112766e-11
100.00000000000031	0.0015135612484362087	8.019035247834809e-12
111.55639876771902	0.0015135612484362087	2.9066602424535366e-12
138.21730389017998	0.0015135612484362087	2.8085610329444035e-13
171.24990861750976	0.0015135612484362087	8.967881502618658e-15
212.17698780180757	0.0015135612484362087	4.1365911747475215e-17
262.885244821937	0.0015135612484362087	2.0418096663239353e-20
1.	0.0017378008287493763	0.19801107163760337
1.9999999999999998	0.0017378008287493763	0.13155806541538426
2.288838595949997	0.0017378008287493763	0.12135611007264506
2.6193910591551774	0.0017378008287493763	0.11440104171965391
2.9976816770403563	0.0017378008287493763	0.10917302652421797
3.4306047603910415	0.0017378008287493763	0.10207993732605758
3.926050291516404	0.0017378008287493763	0.09022993929368464
4.493047718431742	0.0017378008287493763	0.07595469659131432
5.141930515695824	0.0017378008287493763	0.06554772776326956
5.884524511008838	0.0017378008287493763	0.0591374753148711
6.734363409805407	0.0017378008287493763	0.04911326902723655
7.706935445758021	0.0017378008287493763	0.03322339187478387
8.819965652373028	0.0017378008287493763	0.017137472232456808
10.093738900052346	0.0017378008287493763	0.006815442205571705
11.551469585940843	0.0017378008287493763	0.0022603562743760404
13.219724714121972	0.0017378008287493763	0.0007601226411463138
15.128908076758211	0.0017378008287493763	0.00031560949143458216
17.313814360331925	0.0017378008287493763	0.00013492361571888634
19.814263275520517	0.0017378008287493763	0.00005613788531457748
22.675825267662994	0.0017378008287493763	0.00001696852069170128
25.950652033822625	0.0017378008287493763	5.572699690970432e-6
29.698426982540767	0.0017378008287493763	2.0172531144908913e-6
33.98745295832107	0.0017378008287493763	7.605381549175992e-7
38.895897054520105	0.0017378008287493763	2.617544272952866e-7
44.51321520124173	0.0017378008287493763	5.922494818912954e-8
50.941782491215115	0.0017378008287493763	1.6728161222494215e-8
58.29875895619149	0.0017378008287493763	3.908948414257731e-9
66.71822479745835	0.0017378008287493763	8.859260728374221e-10
76.35362398484546	0.0017378008287493763	1.754284973518685e-10
87.38056075858388	0.0017378008287493763	3.5061777839399025e-11
100.00000000000031	0.0017378008287493763	9.218388940986551e-12
111.55639876771902	0.0017378008287493763	3.3417041779538145e-12
138.21730389017998	0.0017378008287493763	3.2290168963219564e-13
171.24990861750976	0.0017378008287493763	1.0312107172254383e-14
212.17698780180757	0.0017378008287493763	4.757998198142175e-17
262.885244821937	0.0017378008287493763	2.3494007193941525e-20
1.	0.0019952623149688807	0.22026615146244416
1.9999999999999998	0.0019952623149688807	0.15188018410271445
2.288838595949997	0.0019952623149688807	0.14014522723059747
2.6193910591551774	0.0019952623149688807	0.13190915199600683
2.9976816770403563	0.0019952623149688807	0.12594911960935337
3.4306047603910415	0.0019952623149688807	0.1179810176208831
3.926050291516404	0.0019952623149688807	0.10471712446943887
4.493047718431742	0.0019952623149688807	0.08811667781776097
5.141930515695824	0.0019952623149688807	0.0755556859318788
5.884524511008838	0.0019952623149688807	0.06799882025478174
6.734363409805407	0.0019952623149688807	0.05679800540591104
7.706935445758021	0.0019952623149688807	0.038649934193365064
8.819965652373028	0.0019952623149688807	0.02005740006105674
10.093738900052346	0.0019952623149688807	0.007983398473851188
11.551469585940843	0.0019952623149688807	0.002644714975658443
13.219724714121972	0.0019952623149688807	0.0008829344410455894
15.128908076758211	0.0019952623149688807	0.00036511767928361783
17.313814360331925	0.0019952623149688807	0.00015610866869044616
19.814263275520517	0.0019952623149688807	0.0000648914196904893
22.675825267662994	0.0019952623149688807	0.000019646022553570805
25.950652033822625	0.0019952623149688807	6.4354713403684384e-6
29.698426982540767	0.0019952623149688807	2.3343037167404243e-6
33.98745295832107	0.0019952623149688807	8.759120400773163e-7
38.895897054520105	0.0019952623149688807	3.0151570416923617e-7
44.51321520124173	0.0019952623149688807	6.844663920496374e-8
50.941782491215115	0.0019952623149688807	1.9262803212104172e-8
58.29875895619149	0.0019952623149688807	4.510353164415254e-9
66.71822479745835	0.0019952623149688807	1.0203596646430261e-9
76.35362398484546	0.0019952623149688807	2.0220637023231034e-10
87.38056075858388	0.0019952623149688807	4.0407055996933854e-11
100.00000000000031	0.0019952623149688807	1.0612213953948706e-11
111.55639876771902	0.0019952623149688807	3.8474035887347294e-12
138.21730389017998	0.0019952623149688807	3.717786497936238e-13
171.24990861750976	0.0019952623149688807	1.1875274514678388e-14
212.17698780180757	0.0019952623149688807	5.4810290055226716e-17
262.885244821937	0.0019952623149688807	2.707562819133059e-20
1.	0.0022908676527677745	0.23960684642664837
1.9999999999999998	0.0022908676527677745	0.175388813331476
2.288838595949997	0.0022908676527677745	0.16187689312309547
2.6193910591551774	0.0022908676527677745	0.1534488057692238
2.9976816770403563	0.0022908676527677745	0.14516381388401609
3.4306047603910415	0.0022908676527677745	0.13650471067394904
3.926050291516404	0.0022908676527677745	0.12170085516355238
4.493047718431742	0.0022908676527677745	0.10229296553067216
5.141930515695824	0.0022908676527677745	0.08719870128446984
5.884524511008838	0.0022908676527677745	0.07817715248807619
6.734363409805407	0.0022908676527677745	0.06561295750552976
7.706935445758021	0.0022908676527677745	0.04493394693551204
8.819965652373028	0.0022908676527677745	0.02356085566693036
10.093738900052346	0.0022908676527677745	0.00938014140368785
11.551469585940843	0.0022908676527677745	0.0031030873247943143
13.219724714121972	0.0022908676527677745	0.0010290309926278898
15.128908076758211	0.0022908676527677745	0.0004228236467370816
17.313814360331925	0.0022908676527677745	0.00018069719831815314
19.814263275520517	0.0022908676527677745	0.00007510306979410523
22.675825267662994	0.0022908676527677745	0.000022772256856827523
25.950652033822625	0.0022908676527677745	7.4374166527946e-6
29.698426982540767	0.0022908676527677745	2.7035364095566614e-6
33.98745295832107	0.0022908676527677745	1.0092975231537194e-6
38.895897054520105	0.0022908676527677745	3.4742003267540563e-7
44.51321520124173	0.0022908676527677745	7.91650915986184e-8
50.941782491215115	0.0022908676527677745	2.218790439426253e-8
58.29875895619149	0.0022908676527677745	5.206752922453044e-9
66.71822479745835	0.0022908676527677745	1.1755176982360532e-9
76.35362398484546	0.0022908676527677745	2.331579589137231e-10
87.38056075858388	0.0022908676527677745	4.658244454543249e-11
100.00000000000031	0.0022908676527677745	1.22192164951136e-11
111.55639876771902	0.0022908676527677745	4.430550382222768e-12
138.21730389017998	0.0022908676527677745	4.28145392049595e-13
171.24990861750976	0.0022908676527677745	1.3678646187149963e-14
212.17698780180757	0.0022908676527677745	6.315751310164627e-17
262.885244821937	0.0022908676527677745	3.121411475605814e-20
1.	0.0026302679918953843	0.2684918290981089
1.9999999999999998	0.0026302679918953843	0.2025398393575474
2.288838595949997	0.0026302679918953843	0.18698392706873204
2.6193910591551774	0.0026302679918953843	0.17546584663757023
2.9976816770403563	0.0026302679918953843	0.16721683263434226
3.4306047603910415	0.0026302679918953843	0.15769471718643424
3.926050291516404	0.0026302679918953843	0.14130887258106106
4.493047718431742	0.0026302679918953843	0.11912498967805929
5.141930515695824	0.0026302679918953843	0.10068491274882108
5.884524511008838	0.0026302679918953843	0.08994505607615716
6.734363409805407	0.0026302679918953843	0.07594795605684293
7.706935445758021	0.0026302679918953843	0.05233256680848374
8.819965652373028	0.0026302679918953843	0.027585872849022013
10.093738900052346	0.0026302679918953843	0.011052792610398637
11.551469585940843	0.0026302679918953843	0.003651991162628924
13.219724714121972	0.0026302679918953843	0.0012015497716811462
15.128908076758211	0.0026302679918953843	0.0004902595629721383
17.313814360331925	0.0026302679918953843	0.0002094541266856022
19.814263275520517	0.0026302679918953843	0.00008701682776773777
22.675825267662994	0.0026302679918953843	0.000026442040657698042
25.950652033822625	0.0026302679918953843	8.604514360038824e-6
29.698426982540767	0.0026302679918953843	3.136265030291933e-6
33.98745295832107	0.0026302679918953843	1.1637207210551648e-6
38.895897054520105	0.0026302679918953843	3.9987814798665453e-7
44.51321520124173	0.0026302679918953843	9.151091360791007e-8
50.941782491215115	0.0026302679918953843	2.552956536053326e-8
58.29875895619149	0.0026302679918953843	6.005222356557726e-9
66.71822479745835	0.0026302679918953843	1.3527688064039774e-9
76.35362398484546	0.0026302679918953843	2.685745880158943e-10
87.38056075858388	0.0026302679918953843	5.364479864757312e-11
100.00000000000031	0.0026302679918953843	1.4052489707197657e-11
111.55639876771902	0.0026302679918953843	5.0959836289849995e-12
138.21730389017998	0.0026302679918953843	4.92471125829581e-13
171.24990861750976	0.0026302679918953843	1.5737697246816344e-14
212.17698780180757	0.0026302679918953843	7.269577917235189e-17
262.885244821937	0.0026302679918953843	3.594840417719943e-20
1.	0.003019951720402019	0.3057291807456468
1.9999999999999998	0.003019951720402019	0.2336331367070158
2.288838595949997	0.003019951720402019	0.21605421387602253
2.6193910591551774	0.003019951720402019	0.20248709174592075
2.9976816770403563	0.003019951720402019	0.19264307132012384
3.4306047603910415	0.003019951720402019	0.18203493551971756
3.926050291516404	0.003019951720402019	0.1641370889266487
4.493047718431742	0.003019951720402019	0.13876819061796827
5.141930515695824	0.003019951720402019	0.11646206207064165
5.884524511008838	0.003019951720402019	0.10343097717995585
6.734363409805407	0.003019951720402019	0.08792465946131647
7.706935445758021	0.003019951720402019	0.06111786579104316
8.819965652373028	0.003019951720402019	0.032468434779419915
10.093738900052346	0.003019951720402019	0.01307617559381962
11.551469585940843	0.003019951720402019	0.004313505910878244
13.219724714121972	0.003019951720402019	0.0014058201235955213
15.128908076758211	0.003019951720402019	0.0005695801513151291
17.313814360331925	0.003019951720402019	0.00024311233372006214
19.814263275520517	0.003019951720402019	0.00010090715105028384
22.675825267662994	0.003019951720402019	0.00003074205923206131
25.950652033822625	0.003019951720402019	9.966030407354129e-6
29.698426982540767	0.003019951720402019	3.643207823811921e-6
33.98745295832107	0.003019951720402019	1.3423960362125348e-6
38.895897054520105	0.003019951720402019	4.6109380369761786e-7
44.51321520124173	0.003019951720402019	1.0603695588479871e-7
50.941782491215115	0.003019951720402019	2.9428569098116607e-8
58.29875895619149	0.003019951720402019	6.939859590722832e-9
66.71822479745835	0.003019951720402019	1.5595451816249108e-9
76.35362398484546	0.003019951720402019	3.099551574918691e-10
87.38056075858388	0.003019951720402019	6.189120379217183e-11
100.00000000000031	0.003019951720402019	1.6187938979558102e-11
111.55639876771902	0.003019951720402019	5.871246552322835e-12
138.21730389017998	0.003019951720402019	5.674234671071754e-13
171.24990861750976	0.003019951720402019	1.8138047670420985e-14
212.17698780180757	0.003019951720402019	8.3824910703482e-17
262.885244821937	0.003019951720402019	4.147828197183318e-20
1.	0.00346736850452532	0.352734842885247
1.9999999999999998	0.00346736850452532	0.2691858811662168
2.288838595949997	0.00346736850452532	0.24945298428782686
2.6193910591551774	0.00346736850452532	0.2335148637089243
2.9976816770403563	0.00346736850452532	0.2218778562283047
3.4306047603910415	0.00346736850452532	0.20998872080981093
3.926050291516404	0.00346736850452532	0.19065589652225612
4.493047718431742	0.00346736850452532	0.16179303918295193
5.141930515695824	0.00346736850452532	0.13495792702804957
5.884524511008838	0.00346736850452532	0.11890185763794069
6.734363409805407	0.00346736850452532	0.10182384754006538
7.706935445758021	0.00346736850452532	0.07158900658067219
8.819965652373028	0.00346736850452532	0.03841650969448414
10.093738900052346	0.00346736850452532	0.01552821395829702
11.551469585940843	0.00346736850452532	0.005116294550867128
13.219724714121972	0.00346736850452532	0.0016525263624568318
15.128908076758211	0.00346736850452532	0.0006627212821461502
17.313814360331925	0.00346736850452532	0.00028223092117845715
19.814263275520517	0.00346736850452532	0.0001171513702542639
22.675825267662994	0.00346736850452532	0.00003582219576567906
25.950652033822625	0.00346736850452532	0.000011553050164231321
29.698426982540767	0.00346736850452532	4.2409310779489525e-6
33.98745295832107	0.00346736850452532	1.5507388094402374e-6
38.895897054520105	0.00346736850452532	5.32573372055532e-7
44.51321520124173	0.00346736850452532	1.231557368071527e-7
50.941782491215115	0.00346736850452532	3.398157016931216e-8
58.29875895619149	0.00346736850452532	8.034629761018755e-9
66.71822479745835	0.00346736850452532	1.800911078182642e-9
76.35362398484546	0.00346736850452532	3.5833471126874046e-10
87.38056075858388	0.00346736850452532	7.152540266385612e-11
100.00000000000031	0.00346736850452532	1.8675884858975386e-11
111.55639876771902	0.00346736850452532	6.774692327445964e-12
138.21730389017998	0.00346736850452532	6.547739958493305e-13
171.24990861750976	0.00346736850452532	2.0937182084320187e-14
212.17698780180757	0.00346736850452532	9.68157254126895e-17
262.885244821937	0.00346736850452532	4.7941508456964406e-20
1.	0.003981071705534978	0.38975310762500864
1.9999999999999998	0.003981071705534978	0.30953213194972373
2.288838595949997	0.003981071705534978	0.2877212325973158
2.6193910591551774	0.003981071705534978	0.26913007515500187
2.9976816770403563	0.003981071705534978	0.2552670600984332
3.4306047603910415	0.003981071705534978	0.24225690466724012
3.926050291516404	0.003981071705534978	0.22133808504978827
4.493047718431742	0.003981071705534978	0.1887792227013066
5.141930515695824	0.003981071705534978	0.15666706002547523
5.884524511008838	0.003981071705534978	0.13684695864947358
6.734363409805407	0.003981071705534978	0.11777193512668739
7.706935445758021	0.003981071705534978	0.08402210058415803
8.819965652373028	0.003981071705534978	0.045616574640792495
10.093738900052346	0.003981071705534978	0.018517379177971003
11.551469585940843	0.003981071705534978	0.006096562633129274
13.219724714121972	0.003981071705534978	0.001947955821996558
15.128908076758211	0.003981071705534978	0.000772780722007141
17.313814360331925	0.003981071705534978	0.000327855052947502
19.814263275520517	0.003981071705534978	0.00013620987924117806
22.675825267662994	0.003981071705534978	0.00004186570131117879
25.950652033822625	0.003981071705534978	0.000013416423003216655
29.698426982540767	0.003981071705534978	4.94390255140519e-6
33.98745295832107	0.003981071705534978	1.7921853898142869e-6
38.895897054520105	0.003981071705534978	6.145939829678991e-7
44.51321520124173	0.003981071705534978	1.4301466427746487e-7
50.941782491215115	0.003981071705534978	3.920757336662304e-8
58.29875895619149	0.003981071705534978	9.294932770744556e-9
66.71822479745835	0.003981071705534978	2.0777742640016685e-9
76.35362398484546	0.003981071705534978	4.1392139905596057e-10
87.38056075858388	0.003981071705534978	8.258489338229354e-11
100.00000000000031	0.003981071705534978	2.1522754722093698e-11
111.55639876771902	0.003981071705534978	7.808800721608761e-12
138.21730389017998	0.003981071705534978	7.547685076863152e-13
171.24990861750976	0.003981071705534978	2.4143739864641406e-14
212.17698780180757	0.003981071705534978	1.1171584606427776e-16
262.885244821937	0.003981071705534978	5.53662185262667e-20
1.	0.0045708818961487565	0.4269721049981279
1.9999999999999998	0.0045708818961487565	0.35516314275086147
2.288838595949997	0.0045708818961487565	0.33149325413701547
2.6193910591551774	0.0045708818961487565	0.30854308819495885
2.9976816770403563	0.0045708818961487565	0.2934790534768176
3.4306047603910415	0.0045708818961487565	0.278796896419243
3.926050291516404	0.0045708818961487565	0.2565390875007084
4.493047718431742	0.0045708818961487565	0.22048624861126997
5.141930515695824	0.0045708818961487565	0.18218506587354066
5.884524511008838	0.0045708818961487565	0.15756195404215684
6.734363409805407	0.0045708818961487565	0.13625692815122506
7.706935445758021	0.0045708818961487565	0.09873492504074614
8.819965652373028	0.0045708818961487565	0.05413220406280735
10.093738900052346	0.0045708818961487565	0.022194015324573955
11.551469585940843	0.0045708818961487565	0.007301974902406398
13.219724714121972	0.0045708818961487565	0.002305713031304865
15.128908076758211	0.0045708818961487565	0.000899604504794999
17.313814360331925	0.0045708818961487565	0.0003809679020241472
19.814263275520517	0.0045708818961487565	0.00015852234038857445
22.675825267662994	0.0045708818961487565	0.00004906496580669622
25.950652033822625	0.0045708818961487565	0.000015598097351496763
29.698426982540767	0.0045708818961487565	5.766629517127964e-6
33.98745295832107	0.0045708818961487565	2.076471403514417e-6
38.895897054520105	0.0045708818961487565	7.101541301373597e-7
44.51321520124173	0.0045708818961487565	1.6641472529554327e-7
50.941782491215115	0.0045708818961487565	4.529990634873546e-8
58.29875895619149	0.0045708818961487565	1.0767150895906715e-8
66.71822479745835	0.0045708818961487565	2.400216116080334e-9
76.35362398484546	0.0045708818961487565	4.787529348889946e-10
87.38056075858388	0.0045708818961487565	9.54700210421404e-11
100.00000000000031	0.0045708818961487565	2.4828808562446892e-11
111.55639876771902	0.0045708818961487565	9.009939077969205e-12
138.21730389017998	0.0045708818961487565	8.709351856729786e-13
171.24990861750976	0.0045708818961487565	2.787169959982228e-14
212.17698780180757	0.0045708818961487565	1.2906121334116593e-16
262.885244821937	0.0045708818961487565	6.402456393336943e-20
1.	0.005248074602497733	0.4644712273279783
1.9999999999999998	0.005248074602497733	0.40614533438001676
2.288838595949997	0.005248074602497733	0.38116345533794416
2.6193910591551774	0.005248074602497733	0.3551042681470214
2.9976816770403563	0.005248074602497733	0.33289023299107834
3.4306047603910415	0.005248074602497733	0.31818202712944316
3.926050291516404	0.005248074602497733	0.29440922678926523
4.493047718431742	0.005248074602497733	0.2574634025622502
5.141930515695824	0.005248074602497733	0.21181818894942353
5.884524511008838	0.005248074602497733	0.18153703666588955
6.734363409805407	0.005248074602497733	0.1575790030886824
7.706935445758021	0.005248074602497733	0.11635531527844369
8.819965652373028	0.005248074602497733	0.06478907797923966
10.093738900052346	0.005248074602497733	0.026738154893942347
11.551469585940843	0.005248074602497733	0.008800325321692684
13.219724714121972	0.005248074602497733	0.0027461512391672343
15.128908076758211	0.005248074602497733	0.0010503188347037579
17.313814360331925	0.005248074602497733	0.00044509295767154055
19.814263275520517	0.005248074602497733	0.0001847000090747698
22.675825267662994	0.005248074602497733	0.000057646256272310823
25.950652033822625	0.005248074602497733	0.00001815689626222602
29.698426982540767	0.005248074602497733	6.742389568147217e-6
33.98745295832107	0.005248074602497733	2.4086798188979623e-6
38.895897054520105	0.005248074602497733	8.209567239668286e-7
44.51321520124173	0.005248074602497733	1.9389154171467524e-7
50.941782491215115	0.005248074602497733	5.237179599892368e-8
58.29875895619149	0.005248074602497733	1.2478045764390598e-8
66.71822479745835	0.005248074602497733	2.773972476570031e-9
76.35362398484546	0.005248074602497733	5.539905683374002e-10
87.38056075858388	0.005248074602497733	1.1040702894246028e-10
100.00000000000031	0.005248074602497733	2.8647112925734775e-11
111.55639876771902	0.005248074602497733	1.0397488845181528e-11
138.21730389017998	0.005248074602497733	1.0051502605661567e-12
171.24990861750976	0.005248074602497733	3.2182914565633906e-14
212.17698780180757	0.005248074602497733	1.4915163135885065e-16
262.885244821937	0.005248074602497733	7.40727007577135e-20
1.	0.006025595860743587	0.502874795552579
1.9999999999999998	0.006025595860743587	0.4626336992753264
2.288838595949997	0.006025595860743587	0.4375708215376713
2.6193910591551774	0.006025595860743587	0.4109106216124826
2.9976816770403563	0.006025595860743587	0.38187565971664117
3.4306047603910415	0.006025595860743587	0.3613525259149873
3.926050291516404	0.006025595860743587	0.3359307606626162
4.493047718431742	0.006025595860743587	0.30035491481563514
5.141930515695824	0.006025595860743587	0.24729078471397728
5.884524511008838	0.006025595860743587	0.20921471093874855
6.734363409805407	0.006025595860743587	0.18251670768146191
7.706935445758021	0.006025595860743587	0.13700610317391804
8.819965652373028	0.006025595860743587	0.07772196272086379
10.093738900052346	0.006025595860743587	0.03240938968571115
11.551469585940843	0.006025595860743587	0.010670043615894792
13.219724714121972	0.006025595860743587	0.0032853105422142636
15.128908076758211	0.006025595860743587	0.0012314164121258922
17.313814360331925	0.006025595860743587	0.0005216428365228405
19.814263275520517	0.006025595860743587	0.00021589332453135157
22.675825267662994	0.006025595860743587	0.00006794468431136645
25.950652033822625	0.006025595860743587	0.000021174868968398845
29.698426982540767	0.006025595860743587	7.896511762284094e-6
33.98745295832107	0.006025595860743587	2.7950638953229933e-6
38.895897054520105	0.006025595860743587	9.512424128297322e-7
44.51321520124173	0.006025595860743587	2.26614949232063e-7
50.941782491215115	0.006025595860743587	6.069944781556911e-8
58.29875895619149	0.006025595860743587	1.4492032690805749e-8
66.71822479745835	0.006025595860743587	3.213293758979429e-9
76.35362398484546	0.006025595860743587	6.424878647617663e-10
87.38056075858388	0.006025595860743587	1.2795405751077926e-10
100.00000000000031	0.006025595860743587	3.3116018708170984e-11
111.55639876771902	0.006025595860743587	1.2021714177779426e-11
138.21730389017998	0.006025595860743587	1.1622893751932458e-12
171.24990861750976	0.006025595860743587	3.7235261344177226e-14
212.17698780180757	0.006025595860743587	1.7273649249916998e-16
262.885244821937	0.006025595860743587	8.589412168386266e-20
1.	0.006918309709189377	0.5436619867131622
1.9999999999999998	0.006918309709189377	0.5250319796731288
2.288838595949997	0.006918309709189377	0.5010310959959298
2.6193910591551774	0.006918309709189377	0.4715718932896431
2.9976816770403563	0.006918309709189377	0.4405168761536659
3.4306047603910415	0.006918309709189377	0.413477526994558
3.926050291516404	0.006918309709189377	0.3660159800817329
4.493047718431742	0.006918309709189377	0.34633706420776833
5.141930515695824	0.006918309709189377	0.2896999526217376
5.884524511008838	0.006918309709189377	0.24136982775114257
6.734363409805407	0.006918309709189377	0.21089281812379493
7.706935445758021	0.006918309709189377	0.16165322254414052
8.819965652373028	0.006918309709189377	0.09356666079274838
10.093738900052346	0.006918309709189377	0.03957898914339053
11.551469585940843	0.006918309709189377	0.013028053189997533
13.219724714121972	0.006918309709189377	0.00396645725066414
15.128908076758211	0.006918309709189377	0.0014536968197180777
17.313814360331925	0.006918309709189377	0.0006129659022594057
19.814263275520517	0.006918309709189377	0.0002528832765395536
22.675825267662994	0.006918309709189377	0.00008023426674949301
25.950652033822625	0.006918309709189377	0.000024601513733139342
29.698426982540767	0.006918309709189377	9.269851707737048e-6
33.98745295832107	0.006918309709189377	3.254195829647925e-6
38.895897054520105	0.006918309709189377	1.1036612408227366e-6
44.51321520124173	0.006918309709189377	2.6542895847031133e-7
50.941782491215115	0.006918309709189377	7.046127249745614e-8
58.29875895619149	0.006918309709189377	1.6848303063378566e-8
66.71822479745835	0.006918309709189377	3.727045570403361e-9
76.35362398484546	0.006918309709189377	7.459888947430138e-10
87.38056075858388	0.006918309709189377	1.4844705361260747e-10
100.00000000000031	0.006918309709189377	3.83139560547668e-11
111.55639876771902	0.006918309709189377	1.3911112473119509e-11
138.21730389017998	0.006918309709189377	1.3451187887778157e-12
171.24990861750976	0.006918309709189377	4.31205146638979e-14
212.17698780180757	0.006918309709189377	2.0026306918109068e-16
262.885244821937	0.006918309709189377	9.972629040534135e-20
1.	0.00794328234724283	0.5769621175625934
1.9999999999999998	0.00794328234724283	0.5928911435375799
2.288838595949997	0.00794328234724283	0.5708722567229979
2.6193910591551774	0.00794328234724283	0.5396650589876731
2.9976816770403563	0.00794328234724283	0.506906019965903
3.4306047603910415	0.00794328234724283	0.4753846203299954
3.926050291516404	0.00794328234724283	0.42133117489160266
4.493047718431742	0.00794328234724283	0.39744920814148355
5.141930515695824	0.00794328234724283	0.3392490767054481
5.884524511008838	0.00794328234724283	0.2797348973528188
6.734363409805407	0.00794328234724283	0.24337888946268
7.706935445758021	0.00794328234724283	0.19058731601384085
8.819965652373028	0.00794328234724283	0.11289335211707813
10.093738900052346	0.00794328234724283	0.04862535309221479
11.551469585940843	0.00794328234724283	0.016027287907199397
13.219724714121972	0.00794328234724283	0.004821402052103009
15.128908076758211	0.00794328234724283	0.0017250669572243084
17.313814360331925	0.00794328234724283	0.0007231468216524265
19.814263275520517	0.00794328234724283	0.00029715636207728604
22.675825267662994	0.00794328234724283	0.00009542212157474022
25.950652033822625	0.00794328234724283	0.000028547089404263997
29.698426982540767	0.00794328234724283	0.00001091025912031907
33.98745295832107	0.00794328234724283	3.7893393994650496e-6
38.895897054520105	0.00794328234724283	1.282151930027829e-6
44.51321520124173	0.00794328234724283	3.115355200314552e-7
50.941782491215115	0.00794328234724283	8.192169519395472e-8
58.29875895619149	0.00794328234724283	1.960368379215582e-8
66.71822479745835	0.00794328234724283	4.328463616428953e-9
76.35362398484546	0.00794328234724283	8.670572016889671e-10
87.38056075858388	0.00794328234724283	1.7238035700823577e-10
100.00000000000031	0.00794328234724283	4.435809848076028e-11
111.55639876771902	0.00794328234724283	1.6108141019637012e-11
138.21730389017998	0.00794328234724283	1.5577641336109409e-12
171.24990861750976	0.00794328234724283	4.997482338000018e-14
212.17698780180757	0.00794328234724283	2.323950045800161e-16
262.885244821937	0.00794328234724283	1.1591918583468754e-19
1.	0.009120108393559116	0.6359039195407675
1.9999999999999998	0.009120108393559116	0.6648559017636206
2.288838595949997	0.009120108393559116	0.6459209895967569
2.6193910591551774	0.009120108393559116	0.6152247930126258
2.9976816770403563	0.009120108393559116	0.5781357760398396
3.4306047603910415	0.009120108393559116	0.5454216137465798
3.926050291516404	0.009120108393559116	0.5151718402569474
4.493047718431742	0.009120108393559116	0.4536231709879023
5.141930515695824	0.009120108393559116	0.3984278682421336
5.884524511008838	0.009120108393559116	0.32502470318840543
6.734363409805407	0.009120108393559116	0.2807547538040347
7.706935445758021	0.009120108393559116	0.22508521359078712
8.819965652373028	0.009120108393559116	0.13727730970282362
10.093738900052346	0.009120108393559116	0.060148011013126265
11.551469585940843	0.009120108393559116	0.019929033801896746
13.219724714121972	0.009120108393559116	0.005891238898550361
15.128908076758211	0.009120108393559116	0.0020564451159295655
17.313814360331925	0.009120108393559116	0.0008575919015880132
19.814263275520517	0.009120108393559116	0.00035004638220290985
22.675825267662994	0.009120108393559116	0.000114255351249799
25.950652033822625	0.009120108393559116	0.00003350577596520576
29.698426982540767	0.009120108393559116	0.000012874844254253922
33.98745295832107	0.009120108393559116	4.440031624105167e-6
38.895897054520105	0.009120108393559116	1.495501475692457e-6
44.51321520124173	0.009120108393559116	3.6737700336686726e-7
50.941782491215115	0.009120108393559116	9.56583299267142e-8
58.29875895619149	0.009120108393559116	2.2885828609172032e-8
66.71822479745835	0.009120108393559116	5.046993315821801e-9
76.35362398484546	0.009120108393559116	1.0114315764228923e-9
87.38056075858388	0.009120108393559116	2.0087392186264126e-10
100.00000000000031	0.009120108393559116	5.15239037032131e-11
111.55639876771902	0.009120108393559116	1.8712483619566536e-11
138.21730389017998	0.009120108393559116	1.8098955534295173e-12
171.24990861750976	0.009120108393559116	5.811353424412137e-14
212.17698780180757	0.009120108393559116	2.7063999518838304e-16
262.885244821937	0.009120108393559116	1.352524944566491e-19
1.	0.010471285480509017	0.6955553589971238
1.9999999999999998	0.010471285480509017	0.7409611821872715
2.288838595949997	0.010471285480509017	0.7270521957912032
2.6193910591551774	0.010471285480509017	0.6983749990591718
2.9976816770403563	0.010471285480509017	0.6600069655048578
3.4306047603910415	0.010471285480509017	0.6200658635020554
3.926050291516404	0.010471285480509017	0.5852642246854434
4.493047718431742	0.010471285480509017	0.5422492207304285
5.141930515695824	0.010471285480509017	0.4665952066517848
5.884524511008838	0.010471285480509017	0.3789941256853171
6.734363409805407	0.010471285480509017	0.3235373356319434
7.706935445758021	0.010471285480509017	0.2651698425745542
8.819965652373028	0.010471285480509017	0.16786605138013494
10.093738900052346	0.010471285480509017	0.07493740824882193
11.551469585940843	0.010471285480509017	0.02499148767253699
13.219724714121972	0.010471285480509017	0.007290742837644385
15.128908076758211	0.010471285480509017	0.002491679944162337
17.313814360331925	0.010471285480509017	0.001036604496911799
19.814263275520517	0.010471285480509017	0.0004133444737452646
22.675825267662994	0.010471285480509017	0.00013731399666066875
25.950652033822625	0.010471285480509017	0.000039390071056640085
29.698426982540767	0.010471285480509017	0.00001523991150576681
33.98745295832107	0.010471285480509017	5.2130616670062215e-6
38.895897054520105	0.010471285480509017	1.7429994227212648e-6
44.51321520124173	0.010471285480509017	4.331357946664623e-7
50.941782491215115	0.010471285480509017	1.1164491150062895e-7
58.29875895619149	0.010471285480509017	2.667290055780234e-8
66.71822479745835	0.010471285480509017	5.880032082083698e-9
76.35362398484546	0.010471285480509017	1.1782794729979676e-9
87.38056075858388	0.010471285480509017	2.337385328527057e-10
100.00000000000031	0.010471285480509017	5.974703121655755e-11
111.55639876771902	0.010471285480509017	2.170021505657921e-11
138.21730389017998	0.010471285480509017	2.0992252910958893e-12
171.24990861750976	0.010471285480509017	6.747007239600744e-14
212.17698780180757	0.010471285480509017	3.1474628819819063e-16
262.885244821937	0.010471285480509017	1.576352819681338e-19
1.	0.012022644346174156	0.7499877502898632
1.9999999999999998	0.012022644346174156	0.8207591046755999
2.288838595949997	0.012022644346174156	0.8125333007394101
2.6193910591551774	0.012022644346174156	0.789721240347124
2.9976816770403563	0.012022644346174156	0.7489892229675226
3.4306047603910415	0.012022644346174156	0.702555881589598
3.926050291516404	0.012022644346174156	0.6619951064148633
4.493047718431742	0.012022644346174156	0.6201982761751523
5.141930515695824	0.012022644346174156	0.546090152414311
5.884524511008838	0.012022644346174156	0.4444335820484495
6.734363409805407	0.012022644346174156	0.3723252359494667
7.706935445758021	0.012022644346174156	0.31229762195678223
8.819965652373028	0.012022644346174156	0.205061564428683
10.093738900052346	0.012022644346174156	0.09437045305286527
11.551469585940843	0.012022644346174156	0.03168473178028282
13.219724714121972	0.012022644346174156	0.009035490083368583
15.128908076758211	0.012022644346174156	0.003010099247830091
17.313814360331925	0.012022644346174156	0.0012334514521458598
19.814263275520517	0.012022644346174156	0.0004908811563673308
22.675825267662994	0.012022644346174156	0.00016590096681754507
25.950652033822625	0.012022644346174156	0.00004669217298282988
29.698426982540767	0.012022644346174156	0.000018065809949924286
33.98745295832107	0.012022644346174156	6.19274774242948e-6
38.895897054520105	0.012022644346174156	2.034731270977721e-6
44.51321520124173	0.012022644346174156	5.116816432471946e-7
50.941782491215115	0.012022644346174156	1.305437708675335e-7
58.29875895619149	0.012022644346174156	3.1102552219337786e-8
66.71822479745835	0.012022644346174156	6.861208064978268e-9
76.35362398484546	0.012022644346174156	1.3738562496375674e-9
87.38056075858388	0.012022644346174156	2.7218289818148125e-10
100.00000000000031	0.012022644346174156	6.931884868757742e-11
111.55639876771902	0.012022644346174156	2.517591278416156e-11
138.21730389017998	0.012022644346174156	2.4359211693387733e-12
171.24990861750976	0.012022644346174156	7.838039019415607e-14
212.17698780180757	0.012022644346174156	3.663488486584494e-16
262.885244821937	0.012022644346174156	1.8393591434546766e-19
1.	0.01380384264602888	0.7801243501760686
1.9999999999999998	0.01380384264602888	0.9052947232115244
2.288838595949997	0.01380384264602888	0.9033378421593723
2.6193910591551774	0.01380384264602888	0.8842869075985175
2.9976816770403563	0.01380384264602888	0.8455009407646287
3.4306047603910415	0.01380384264602888	0.7937847312991235
3.926050291516404	0.01380384264602888	0.7474639420977415
4.493047718431742	0.01380384264602888	0.7048668761651959
5.141930515695824	0.01380384264602888	0.6353787921548429
5.884524511008838	0.01380384264602888	0.5233514629181155
6.734363409805407	0.01380384264602888	0.4304212088334876
7.706935445758021	0.01380384264602888	0.3661545609903735
8.819965652373028	0.01380384264602888	0.2510736187985331
10.093738900052346	0.01380384264602888	0.11950758089022687
11.551469585940843	0.01380384264602888	0.040678499542508365
13.219724714121972	0.01380384264602888	0.01136836124789305
15.128908076758211	0.01380384264602888	0.0036453395656565555
17.313814360331925	0.01380384264602888	0.001463071327470927
19.814263275520517	0.01380384264602888	0.000581261303828588
22.675825267662994	0.01380384264602888	0.00020151175677640373
25.950652033822625	0.01380384264602888	0.00005580775482094365
29.698426982540767	0.01380384264602888	0.000021465596910094268
33.98745295832107	0.01380384264602888	7.298123740359767e-6
38.895897054520105	0.01380384264602888	2.387221649382305e-6
44.51321520124173	0.01380384264602888	6.076038777057402e-7
50.941782491215115	0.01380384264602888	1.5342627172230114e-7
58.29875895619149	0.01380384264602888	3.640425414593679e-8
66.71822479745835	0.01380384264602888	8.04563682229216e-9
76.35362398484546	0.01380384264602888	1.6084658594232559e-9
87.38056075858388	0.01380384264602888	3.182047024782497e-10
100.00000000000031	0.01380384264602888	8.072414315475345e-11
111.55639876771902	0.01380384264602888	2.931402865165656e-11
138.21730389017998	0.01380384264602888	2.836911518993641e-12
171.24990861750976	0.01380384264602888	9.14016890633151e-14
212.17698780180757	0.01380384264602888	4.2815391813597966e-16
262.885244821937	0.01380384264602888	2.1557624781842173e-19
1.	0.015848931924611172	0.8448725297600403
1.9999999999999998	0.015848931924611172	0.9879311431460787
2.288838595949997	0.015848931924611172	0.9912221975615386
2.6193910591551774	0.015848931924611172	0.9809732140387486
2.9976816770403563	0.015848931924611172	0.9481772595375443
3.4306047603910415	0.015848931924611172	0.8981519342715235
3.926050291516404	0.015848931924611172	0.8416473709329315
4.493047718431742	0.015848931924611172	0.7866185484098236
5.141930515695824	0.015848931924611172	0.7250523398401895
5.884524511008838	0.015848931924611172	0.6171608872902803
6.734363409805407	0.015848931924611172	0.4991958917394698
7.706935445758021	0.015848931924611172	0.4265802448994648
8.819965652373028	0.015848931924611172	0.30714638048274007
10.093738900052346	0.015848931924611172	0.15233093510976345
11.551469585940843	0.015848931924611172	0.052900501857289374
13.219724714121972	0.015848931924611172	0.014304234233486313
15.128908076758211	0.015848931924611172	0.004490914748001209
17.313814360331925	0.015848931924611172	0.0017695890632551691
19.814263275520517	0.015848931924611172	0.0006940807318100421
22.675825267662994	0.015848931924611172	0.0002437593606734546
25.950652033822625	0.015848931924611172	0.00006639207150872503
29.698426982540767	0.015848931924611172	0.000025591558527932786
33.98745295832107	0.015848931924611172	8.657807350942011e-6
38.895897054520105	0.015848931924611172	2.804550393407243e-6
44.51321520124173	0.015848931924611172	7.224105906746978e-7
50.941782491215115	0.015848931924611172	1.8054532773721627e-7
58.29875895619149	0.015848931924611172	4.261214712176833e-8
66.71822479745835	0.015848931924611172	9.44595981186037e-9
76.35362398484546	0.015848931924611172	1.883636004068294e-9
87.38056075858388	0.015848931924611172	3.7204555614627957e-10
100.00000000000031	0.015848931924611172	9.399523015386562e-11
111.55639876771902	0.015848931924611172	3.412297849143096e-11
138.21730389017998	0.015848931924611172	3.303085263430732e-12
171.24990861750976	0.015848931924611172	1.065795409704017e-13
212.17698780180757	0.015848931924611172	5.005153375890905e-16
262.885244821937	0.015848931924611172	2.528266743115662e-19
1.	0.01819700858609988	0.9573874181997528
1.9999999999999998	0.01819700858609988	1.0720102172958437
2.288838595949997	0.01819700858609988	1.0804801946902425
2.6193910591551774	0.01819700858609988	1.0770202103304223
2.9976816770403563	0.01819700858609988	1.0550701278891352
3.4306047603910415	0.01819700858609988	1.0067997547059984
3.926050291516404	0.01819700858609988	0.9445613398687354
4.493047718431742	0.01819700858609988	0.8842185781644931
5.141930515695824	0.01819700858609988	0.8291092751423467
5.884524511008838	0.01819700858609988	0.7284765604851999
6.734363409805407	0.01819700858609988	0.5835090202501534
7.706935445758021	0.01819700858609988	0.49313366884841675
8.819965652373028	0.01819700858609988	0.3743687200344903
10.093738900052346	0.01819700858609988	0.19561082162040333
11.551469585940843	0.01819700858609988	0.06962230298810569
13.219724714121972	0.01819700858609988	0.018810349097451204
15.128908076758211	0.01819700858609988	0.005580032047206468
17.313814360331925	0.01819700858609988	0.0021549939765180847
19.814263275520517	0.01819700858609988	0.0008364529466329669
22.675825267662994	0.01819700858609988	0.0002973915321832916
25.950652033822625	0.01819700858609988	0.0000791626493192062
29.698426982540767	0.01819700858609988	0.00003037669229656264
33.98745295832107	0.01819700858609988	0.000010248226956581015
38.895897054520105	0.01819700858609988	3.310655675347363e-6
44.51321520124173	0.01819700858609988	8.627481061728303e-7
50.941782491215115	0.01819700858609988	2.1339666802049756e-7
58.29875895619149	0.01819700858609988	5.006033865922616e-8
66.71822479745835	0.01819700858609988	1.1141060585018303e-8
76.35362398484546	0.01819700858609988	2.213822619271282e-9
87.38056075858388	0.01819700858609988	4.3647526715524284e-10
100.00000000000031	0.01819700858609988	1.0979458702622775e-10
111.55639876771902	0.01819700858609988	3.9838575249909254e-11
138.21730389017998	0.01819700858609988	3.857366464239414e-12
171.24990861750976	0.01819700858609988	1.2467731439288007e-13
212.17698780180757	0.01819700858609988	5.871957425933218e-16
262.885244821937	0.01819700858609988	2.9770704316639826e-19
1.	0.02089296130854045	1.0886981154704647
1.9999999999999998	0.02089296130854045	1.140239020801823
2.288838595949997	0.02089296130854045	1.1545388676211448
2.6193910591551774	0.02089296130854045	1.1623587516735499
2.9976816770403563	0.02089296130854045	1.1539384401061488
3.4306047603910415	0.02089296130854045	1.1175478674256663
3.926050291516404	0.02089296130854045	1.0610182918837683
4.493047718431742	0.02089296130854045	0.9895147765493967
5.141930515695824	0.02089296130854045	0.9374443720446284
5.884524511008838	0.02089296130854045	0.8320887553540728
6.734363409805407	0.02089296130854045	0.6893560633875672
7.706935445758021	0.02089296130854045	0.570265450694057
8.819965652373028	0.02089296130854045	0.4547892968922829
10.093738900052346	0.02089296130854045	0.25327989450406335
11.551469585940843	0.02089296130854045	0.09297340951336923
13.219724714121972	0.02089296130854045	0.02520397334692912
15.128908076758211	0.02089296130854045	0.007058392454894653
17.313814360331925	0.02089296130854045	0.002641373701525564
19.814263275520517	0.02089296130854045	0.0010188912114188467
22.675825267662994	0.02089296130854045	0.00036520594796078166
25.950652033822625	0.02089296130854045	0.00009578440766055224
29.698426982540767	0.02089296130854045	0.00003631926292528533
33.98745295832107	0.02089296130854045	0.000012191636739218096
38.895897054520105	0.02089296130854045	3.785508229353889e-6
44.51321520124173	0.02089296130854045	9.974906682437441e-7
50.941782491215115	0.02089296130854045	2.441360228388346e-7
58.29875895619149	0.02089296130854045	5.692086108092462e-8
66.71822479745835	0.02089296130854045	1.2724398212804352e-8
76.35362398484546	0.02089296130854045	2.517224869557324e-9
87.38056075858388	0.02089296130854045	4.952665955119565e-10
100.00000000000031	0.02089296130854045	1.2401228150100726e-10
111.55639876771902	0.02089296130854045	4.496342615056096e-11
138.21730389017998	0.02089296130854045	4.354874817152865e-12
171.24990861750976	0.02089296130854045	1.410331827486221e-13
212.17698780180757	0.02089296130854045	6.664214521803648e-16
262.885244821937	0.02089296130854045	3.3929345060433797e-19
1.	0.023988329190194974	1.1186998491210238
1.9999999999999998	0.023988329190194974	1.1882799871871963
2.288838595949997	0.023988329190194974	1.2116399676765726
2.6193910591551774	0.023988329190194974	1.2335702438177532
2.9976816770403563	0.023988329190194974	1.242240377365126
3.4306047603910415	0.023988329190194974	1.2283003244332595
3.926050291516404	0.023988329190194974	1.1810809344278088
4.493047718431742	0.023988329190194974	1.1130213422589754
5.141930515695824	0.023988329190194974	1.0516609051796013
5.884524511008838	0.023988329190194974	0.9744122868454151
6.734363409805407	0.023988329190194974	0.819240613792214
7.706935445758021	0.023988329190194974	0.6607146508934935
8.819965652373028	0.023988329190194974	0.5442822701682279
10.093738900052346	0.023988329190194974	0.3269164072558056
11.551469585940843	0.023988329190194974	0.12540058032947737
13.219724714121972	0.023988329190194974	0.033624389688637416
15.128908076758211	0.023988329190194974	0.009047921985055057
17.313814360331925	0.023988329190194974	0.003270035043445473
19.814263275520517	0.023988329190194974	0.0012492920916312474
22.675825267662994	0.023988329190194974	0.0004514012774389013
25.950652033822625	0.023988329190194974	0.00011343820522962494
29.698426982540767	0.023988329190194974	0.00004340878919224893
33.98745295832107	0.023988329190194974	0.000014570239162272268
38.895897054520105	0.023988329190194974	4.4539232379595225e-6
44.51321520124173	0.023988329190194974	1.1858477133844e-6
50.941782491215115	0.023988329190194974	2.8708157063415237e-7
58.29875895619149	0.023988329190194974	6.658531534424874e-8
66.71822479745835	0.023988329190194974	1.4946760327783732e-8
76.35362398484546	0.023988329190194974	2.9417915034166316e-9
87.38056075858388	0.023988329190194974	5.773907581217788e-10
100.00000000000031	0.023988329190194974	1.4387257682767276e-10
111.55639876771902	0.023988329190194974	5.2108655829674136e-11
138.21730389017998	0.023988329190194974	5.048598474384222e-12
171.24990861750976	0.023988329190194974	1.6386608928286513e-13
212.17698780180757	0.023988329190194974	7.772291113322322e-16
262.885244821937	0.023988329190194974	3.9760199301170416e-19
1.	0.027542287033381744	1.1003300670221658
1.9999999999999998	0.027542287033381744	1.1867200056915939
2.288838595949997	0.027542287033381744	1.2215297947056967
2.6193910591551774	0.027542287033381744	1.2602999989592891
2.9976816770403563	0.027542287033381744	1.2947599179331393
3.4306047603910415	0.027542287033381744	1.3230394244196826
3.926050291516404	0.027542287033381744	1.2991095405756439
4.493047718431742	0.027542287033381744	1.2430997507891286
5.141930515695824	0.027542287033381744	1.1683995332589117
5.884524511008838	0.027542287033381744	1.1096187212112478
6.734363409805407	0.027542287033381744	0.961638813258965
7.706935445758021	0.027542287033381744	0.7713344875379121
8.819965652373028	0.027542287033381744	0.6435551369227641
10.093738900052346	0.027542287033381744	0.42246294552887437
11.551469585940843	0.027542287033381744	0.17116907600684775
13.219724714121972	0.027542287033381744	0.04675260080879489
15.128908076758211	0.027542287033381744	0.011890060757771805
17.313814360331925	0.027542287033381744	0.004079532479238835
19.814263275520517	0.027542287033381744	0.0015430461820316636
22.675825267662994	0.027542287033381744	0.0005591594074362004
25.950652033822625	0.027542287033381744	0.00014449896018385415
29.698426982540767	0.027542287033381744	0.000052006550629292314
33.98745295832107	0.027542287033381744	0.000017353969910401724
38.895897054520105	0.027542287033381744	5.326574033428686e-6
44.51321520124173	0.027542287033381744	1.431742934210149e-6
50.941782491215115	0.027542287033381744	3.4265373318550197e-7
58.29875895619149	0.027542287033381744	7.922041560208687e-8
66.71822479745835	0.027542287033381744	1.7832660888634698e-8
76.35362398484546	0.027542287033381744	3.4911404453652518e-9
87.38056075858388	0.027542287033381744	6.83196723092289e-10
100.00000000000031	0.027542287033381744	1.693536976771635e-10
111.55639876771902	0.027542287033381744	6.125004906736898e-11
138.21730389017998	0.027542287033381744	5.936480845264522e-12
171.24990861750976	0.027542287033381744	1.9317956961881398e-13
212.17698780180757	0.027542287033381744	9.201999227450165e-16
262.885244821937	0.027542287033381744	4.73299798627684e-19
1.	0.03162277660168389	1.031320395715671
1.9999999999999998	0.03162277660168389	1.1513402028752417
2.288838595949997	0.03162277660168389	1.2040398441168096
2.6193910591551774	0.03162277660168389	1.262820156172291
2.9976816770403563	0.03162277660168389	1.3237600365785676
3.4306047603910415	0.03162277660168389	1.3761298478604993
3.926050291516404	0.03162277660168389	1.3919794566338293
4.493047718431742	0.03162277660168389	1.3709093518996323
5.141930515695824	0.03162277660168389	1.3028791955337367
5.884524511008838	0.03162277660168389	1.2548785140007916
6.734363409805407	0.03162277660168389	1.1318482639020762
7.706935445758021	0.03162277660168389	0.9150511910919932
8.819965652373028	0.03162277660168389	0.7586969504917956
10.093738900052346	0.03162277660168389	0.539399272713293
11.551469585940843	0.03162277660168389	0.23748291892519893
13.219724714121972	0.03162277660168389	0.06586004340622331
15.128908076758211	0.03162277660168389	0.01587693751185353
17.313814360331925	0.03162277660168389	0.005157305335470502
19.814263275520517	0.03162277660168389	0.0019387750019230138
22.675825267662994	0.03162277660168389	0.0006930402888589091
25.950652033822625	0.03162277660168389	0.0001819492711780628
29.698426982540767	0.03162277660168389	0.00006259917762271678
33.98745295832107	0.03162277660168389	0.0000210105351737349
38.895897054520105	0.03162277660168389	6.549291666478648e-6
44.51321520124173	0.03162277660168389	1.7754513324725921e-6
50.941782491215115	0.03162277660168389	4.198582488683637e-7
58.29875895619149	0.03162277660168389	9.70389228848911e-8
66.71822479745835	0.03162277660168389	2.184805932356758e-8
76.35362398484546	0.03162277660168389	4.256282935518125e-9
87.38056075858388	0.03162277660168389	8.298923226412111e-10
100.00000000000031	0.03162277660168389	2.045741653441387e-10
111.55639876771902	0.03162277660168389	7.385098405157495e-11
138.21730389017998	0.03162277660168389	7.160892928850343e-12
171.24990861750976	0.03162277660168389	2.3370744998788806e-13
212.17698780180757	0.03162277660168389	1.1186975173743886e-15
262.885244821937	0.03162277660168389	5.789469398098354e-19
1.	0.03630780547701025	0.9078568424352806
1.9999999999999998	0.03630780547701025	1.081229866957657
2.288838595949997	0.03630780547701025	1.1461795633464205
2.6193910591551774	0.03630780547701025	1.2263901488401991
2.9976816770403563	0.03630780547701025	1.316160224023594
3.4306047603910415	0.03630780547701025	1.3934204422023726
3.926050291516404	0.03630780547701025	1.4415500587539203
4.493047718431742	0.03630780547701025	1.4432801339065104
5.141930515695824	0.03630780547701025	1.4453200775108523
5.884524511008838	0.03630780547701025	1.3810497577064758
6.734363409805407	0.03630780547701025	1.3101593924280996
7.706935445758021	0.03630780547701025	1.0952311954077114
8.819965652373028	0.03630780547701025	0.8761090129864756
10.093738900052346	0.03630780547701025	0.6775399234298539
11.551469585940843	0.03630780547701025	0.3315773503339937
13.219724714121972	0.03630780547701025	0.0957551916502366
15.128908076758211	0.03630780547701025	0.02187455317273404
17.313814360331925	0.03630780547701025	0.006613878309468595
19.814263275520517	0.03630780547701025	0.0024686216028005996
22.675825267662994	0.03630780547701025	0.0008582583870845134
25.950652033822625	0.03630780547701025	0.00023011526942637108
29.698426982540767	0.03630780547701025	0.00007554640154171981
33.98745295832107	0.03630780547701025	0.00002564905286935376
38.895897054520105	0.03630780547701025	7.926972365966989e-6
44.51321520124173	0.03630780547701025	2.1646047123612034e-6
50.941782491215115	0.03630780547701025	5.057908025799214e-7
58.29875895619149	0.03630780547701025	1.1722590083247667e-7
66.71822479745835	0.03630780547701025	2.6301627145469048e-8
76.35362398484546	0.03630780547701025	5.10443257725259e-9
87.38056075858388	0.03630780547701025	9.907166107035705e-10
100.00000000000031	0.03630780547701025	2.427647209611753e-10
111.55639876771902	0.03630780547701025	8.743277450806599e-11
138.21730389017998	0.03630780547701025	8.4821501538699e-12
171.24990861750976	0.03630780547701025	2.7775781782496926e-13
212.17698780180757	0.03630780547701025	1.3369571298184155e-15
262.885244821937	0.03630780547701025	6.967373181014435e-19
1.	0.04168693834703368	0.7531080020805534
1.9999999999999998	0.04168693834703368	0.9505650236255748
2.288838595949997	0.04168693834703368	1.0274086783315501
2.6193910591551774	0.04168693834703368	1.1257194106312087
2.9976816770403563	0.04168693834703368	1.242239679238786
3.4306047603910415	0.04168693834703368	1.3735405238980043
3.926050291516404	0.04168693834703368	1.4983796754813692
4.493047718431742	0.04168693834703368	1.5816297675155424
5.141930515695824	0.04168693834703368	1.5652806650610314
5.884524511008838	0.04168693834703368	1.5126504228957525
6.734363409805407	0.04168693834703368	1.4535101350394175
7.706935445758021	0.04168693834703368	1.2808220395030443
8.819965652373028	0.04168693834703368	1.0303721045894605
10.093738900052346	0.04168693834703368	0.8303211326001476
11.551469585940843	0.04168693834703368	0.4613947573608821
13.219724714121972	0.04168693834703368	0.14292500830358393
15.128908076758211	0.04168693834703368	0.03128911451826424
17.313814360331925	0.04168693834703368	0.008692156826683506
19.814263275520517	0.04168693834703368	0.003176536996351678
22.675825267662994	0.04168693834703368	0.0010877458087908795
25.950652033822625	0.04168693834703368	0.00029793815077237866
29.698426982540767	0.04168693834703368	0.00009071944799412084
33.98745295832107	0.04168693834703368	0.00003114850118235608
38.895897054520105	0.04168693834703368	9.627486652301874e-6
44.51321520124173	0.04168693834703368	2.6437216819122862e-6
50.941782491215115	0.04168693834703368	6.110185383955007e-7
58.29875895619149	0.04168693834703368	1.423148484821922e-7
66.71822479745835	0.04168693834703368	3.1686719573888146e-8
76.35362398484546	0.04168693834703368	6.13640421280963e-9
87.38056075858388	0.04168693834703368	1.184183281332594e-9
100.00000000000031	0.04168693834703368	2.8832641904317527e-10
111.55639876771902	0.04168693834703368	1.0354421036012827e-10
138.21730389017998	0.04168693834703368	1.0051281100372157e-11
171.24990861750976	0.04168693834703368	3.304014194912967e-13
212.17698780180757	0.04168693834703368	1.6004113360850029e-15
262.885244821937	0.04168693834703368	8.406333722797261e-19
1.	0.047863009232264	0.5923858096326459
1.9999999999999998	0.047863009232264	0.7933127850466053
2.288838595949997	0.047863009232264	0.8747053805423577
2.6193910591551774	0.047863009232264	0.978254135581962
2.9976816770403563	0.047863009232264	1.1086603732632492
3.4306047603910415	0.047863009232264	1.2647314590992875
3.926050291516404	0.047863009232264	1.439219900423255
4.493047718431742	0.047863009232264	1.598139262323588
5.141930515695824	0.047863009232264	1.6782800024369706
5.884524511008838	0.047863009232264	1.6313198539742861
6.734363409805407	0.047863009232264	1.5727697993363092
7.706935445758021	0.047863009232264	1.4790606135057434
8.819965652373028	0.047863009232264	1.2117712863461674
10.093738900052346	0.047863009232264	0.9877597100259425
11.551469585940843	0.047863009232264	0.632129690295104
13.219724714121972	0.047863009232264	0.21595096462010216
15.128908076758211	0.047863009232264	0.047080902588143805
17.313814360331925	0.047863009232264	0.011672262271521287
19.814263275520517	0.047863009232264	0.004140912301402762
22.675825267662994	0.047863009232264	0.001394192792342808
25.950652033822625	0.047863009232264	0.0003917588581926069
29.698426982540767	0.047863009232264	0.00011049058299841805
33.98745295832107	0.047863009232264	0.000038849297427760684
38.895897054520105	0.047863009232264	0.00001184011975645332
44.51321520124173	0.047863009232264	3.2622783095186214e-6
50.941782491215115	0.047863009232264	7.476768204692413e-7
58.29875895619149	0.047863009232264	1.749605578704811e-7
66.71822479745835	0.047863009232264	3.8513002992033026e-8
76.35362398484546	0.047863009232264	7.455718857998112e-9
87.38056075858388	0.047863009232264	1.4285508052839434e-9
100.00000000000031	0.047863009232264	3.4548272677585717e-10
111.55639876771902	0.047863009232264	1.2364316497527088e-10
138.21730389017998	0.047863009232264	1.201118792167517e-11
171.24990861750976	0.047863009232264	3.965510028404319e-13
212.17698780180757	0.047863009232264	1.9346103335850017e-15
262.885244821937	0.047863009232264	1.0252528831501146e-18
1.	0.05495408738576265	0.44616926010293784
1.9999999999999998	0.05495408738576265	0.6282122936953647
2.288838595949997	0.05495408738576265	0.7028049431954569
2.6193910591551774	0.05495408738576265	0.8019536749002789
2.9976816770403563	0.05495408738576265	0.930989961936419
3.4306047603910415	0.05495408738576265	1.097722240448719
3.926050291516404	0.05495408738576265	1.2999803622107726
4.493047718431742	0.05495408738576265	1.5227192378736663
5.141930515695824	0.05495408738576265	1.7051999886893254
5.884524511008838	0.05495408738576265	1.7578693137176404
6.734363409805407	0.05495408738576265	1.670989622809953
7.706935445758021	0.05495408738576265	1.6132400317322348
8.819965652373028	0.05495408738576265	1.3978605102678032
10.093738900052346	0.05495408738576265	1.1414816772929208
11.551469585940843	0.05495408738576265	0.8398459238153294
13.219724714121972	0.05495408738576265	0.33164344344672814
15.128908076758211	0.05495408738576265	0.07279674398586108
17.313814360331925	0.05495408738576265	0.01591573227049403
19.814263275520517	0.05495408738576265	0.0054369315983674085
22.675825267662994	0.05495408738576265	0.0017988494641572076
25.950652033822625	0.05495408738576265	0.0005266423939995307
29.698426982540767	0.05495408738576265	0.00013637339682775186
33.98745295832107	0.05495408738576265	0.000047814555358117695
38.895897054520105	0.05495408738576265	0.000014566015102475788
44.51321520124173	0.05495408738576265	4.015681534866689e-6
50.941782491215115	0.05495408738576265	9.163805590432268e-7
58.29875895619149	0.05495408738576265	2.146286168265673e-7
66.71822479745835	0.05495408738576265	4.6610590295215514e-8
76.35362398484546	0.05495408738576265	9.030628290962837e-9
87.38056075858388	0.05495408738576265	1.7153722136677209e-9
100.00000000000031	0.05495408738576265	4.119012872528984e-10
111.55639876771902	0.05495408738576265	1.468178232696141e-10
138.21730389017998	0.05495408738576265	1.427528310784106e-11
171.24990861750976	0.05495408738576265	4.736434395589146e-13
212.17698780180757	0.05495408738576265	2.329516105806457e-15
262.885244821937	0.05495408738576265	1.2469533122265557e-18
1.	0.06309573444801955	0.32837963367817036
1.9999999999999998	0.06309573444801955	0.47170448035925877
2.288838595949997	0.06309573444801955	0.5350111471933975
2.6193910591551774	0.06309573444801955	0.6217637047887934
2.9976816770403563	0.06309573444801955	0.7368188980998653
3.4306047603910415	0.06309573444801955	0.8914511621616263
3.926050291516404	0.06309573444801955	1.0949192553921063
4.493047718431742	0.06309573444801955	1.3480280762933345
5.141930515695824	0.06309573444801955	1.6093094148917846
5.884524511008838	0.06309573444801955	1.799989751979851
6.734363409805407	0.06309573444801955	1.7996398798033475
7.706935445758021	0.06309573444801955	1.6809008631335052
8.819965652373028	0.06309573444801955	1.5833006861061367
10.093738900052346	0.06309573444801955	1.3020141416594342
11.551469585940843	0.06309573444801955	1.06185571687386
13.219724714121972	0.06309573444801955	0.5013449235637067
15.128908076758211	0.06309573444801955	0.11850894071956912
17.313814360331925	0.06309573444801955	0.02296435357126659
19.814263275520517	0.06309573444801955	0.0070996022799685475
22.675825267662994	0.06309573444801955	0.0023833702226289614
25.950652033822625	0.06309573444801955	0.0007142273856473707
29.698426982540767	0.06309573444801955	0.0001699944929347756
33.98745295832107	0.06309573444801955	0.00006085675013669453
38.895897054520105	0.06309573444801955	0.00001791434366642128
44.51321520124173	0.06309573444801955	4.92710120886632e-6
50.941782491215115	0.06309573444801955	1.1248667659182913e-6
58.29875895619149	0.06309573444801955	2.617824123900541e-7
66.71822479745835	0.06309573444801955	5.611242068468112e-8
76.35362398484546	0.06309573444801955	1.0877305255156747e-8
87.38056075858388	0.06309573444801955	2.0451236793131567e-9
100.00000000000031	0.06309573444801955	4.873616884134856e-10
111.55639876771902	0.06309573444801955	1.7290722336104023e-10
138.21730389017998	0.06309573444801955	1.6830388691480424e-11
171.24990861750976	0.06309573444801955	5.615718957555363e-13
212.17698780180757	0.06309573444801955	2.7873803000814573e-15
262.885244821937	0.06309573444801955	1.508934905233233e-18
1.	0.07244359600749928	0.2289740424564369
1.9999999999999998	0.07244359600749928	0.3306940602259886
2.288838595949997	0.07244359600749928	0.3870997889840763
2.6193910591551774	0.07244359600749928	0.4542393302003046
2.9976816770403563	0.07244359600749928	0.5466195836224268
3.4306047603910415	0.07244359600749928	0.6763098332807531
3.926050291516404	0.07244359600749928	0.857548227264548
4.493047718431742	0.07244359600749928	1.102389119686115
5.141930515695824	0.07244359600749928	1.4146003044074928
5.884524511008838	0.07244359600749928	1.7331908077544758
6.734363409805407	0.07244359600749928	1.8799895598700513
7.706935445758021	0.07244359600749928	1.7642405064209556
8.819965652373028	0.07244359600749928	1.666030348285793
10.093738900052346	0.07244359600749928	1.4513646559661102
11.551469585940843	0.07244359600749928	1.2534940465180948
13.219724714121972	0.07244359600749928	0.7399618858745488
15.128908076758211	0.07244359600749928	0.19826536273513537
17.313814360331925	0.07244359600749928	0.03508984852099625
19.814263275520517	0.07244359600749928	0.009615783066926158
22.675825267662994	0.07244359600749928	0.003224932232281405
25.950652033822625	0.07244359600749928	0.0009687239378454283
29.698426982540767	0.07244359600749928	0.00021871107681255877
33.98745295832107	0.07244359600749928	0.00007527266706358402
38.895897054520105	0.07244359600749928	0.00002277112943035677
44.51321520124173	0.07244359600749928	6.23308863801408e-6
50.941782491215115	0.07244359600749928	1.4292999149067877e-6
58.29875895619149	0.07244359600749928	3.275802118272987e-7
66.71822479745835	0.07244359600749928	6.95026230896019e-8
76.35362398484546	0.07244359600749928	1.3449803356942829e-8
87.38056075858388	0.07244359600749928	2.4995733259251235e-9
100.00000000000031	0.07244359600749928	5.906488816191669e-10
111.55639876771902	0.07244359600749928	2.084574475555355e-10
138.21730389017998	0.07244359600749928	2.0316857529830956e-11
171.24990861750976	0.07244359600749928	6.822436353330019e-13
212.17698780180757	0.07244359600749928	3.4215104624308254e-15
262.885244821937	0.07244359600749928	1.8757318338733742e-18
1.	0.08317637711026743	0.16217714245727732
1.9999999999999998	0.08317637711026743	0.24425518434756943
2.288838595949997	0.08317637711026743	0.27505708922430233
2.6193910591551774	0.08317637711026743	0.3192934712190713
2.9976816770403563	0.08317637711026743	0.3848047213121429
3.4306047603910415	0.08317637711026743	0.48192275399188267
3.926050291516404	0.08317637711026743	0.6213256097280919
4.493047718431742	0.08317637711026743	0.8273737573967382
5.141930515695824	0.08317637711026743	1.1206408932491265
5.884524511008838	0.08317637711026743	1.5041423622914745
6.734363409805407	0.08317637711026743	1.8571501718029975
7.706935445758021	0.08317637711026743	1.8922595625670755
8.819965652373028	0.08317637711026743	1.689630741164425
10.093738900052346	0.08317637711026743	1.587664731131711
11.551469585940843	0.08317637711026743	1.4011135773712762
13.219724714121972	0.08317637711026743	1.0325903478801355
15.128908076758211	0.08317637711026743	0.3351706818479955
17.313814360331925	0.08317637711026743	0.05757399713665416
19.814263275520517	0.08317637711026743	0.013188344280353844
22.675825267662994	0.08317637711026743	0.004462672974425645
25.950652033822625	0.08317637711026743	0.0013021355811516397
29.698426982540767	0.08317637711026743	0.0002898216329666924
33.98745295832107	0.08317637711026743	0.00009663087335077919
38.895897054520105	0.08317637711026743	0.000028380428992239656
44.51321520124173	0.08317637711026743	7.722584596062053e-6
50.941782491215115	0.08317637711026743	1.782219947812739e-6
58.29875895619149	0.08317637711026743	3.9930348793210886e-7
66.71822479745835	0.08317637711026743	8.416158869478614e-8
76.35362398484546	0.08317637711026743	1.619641760256473e-8
87.38056075858388	0.08317637711026743	2.972455162375338e-9
100.00000000000031	0.08317637711026743	6.953230443248017e-10
111.55639876771902	0.08317637711026743	2.4399758962983016e-10
138.21730389017998	0.08317637711026743	2.3815754920169555e-11
171.24990861750976	0.08317637711026743	8.055254633064097e-13
212.17698780180757	0.08317637711026743	4.087043843015065e-15
262.885244821937	0.08317637711026743	2.272404669905132e-18
1.	0.09549925860214398	0.12248213335236792
1.9999999999999998	0.09549925860214398	0.16857325424798864
2.288838595949997	0.09549925860214398	0.19263715990868208
2.6193910591551774	0.09549925860214398	0.2231664361995879
2.9976816770403563	0.09549925860214398	0.26362164787318554
3.4306047603910415	0.09549925860214398	0.32577547187795614
3.926050291516404	0.09549925860214398	0.42436873818975773
4.493047718431742	0.09549925860214398	0.5732142548847659
5.141930515695824	0.09549925860214398	0.8076412963095456
5.884524511008838	0.09549925860214398	1.1601636714910435
6.734363409805407	0.09549925860214398	1.6341419145556946
7.706935445758021	0.09549925860214398	1.9665381939570765
8.819965652373028	0.09549925860214398	1.794740317962405
10.093738900052346	0.09549925860214398	1.6139576960922488
11.551469585940843	0.09549925860214398	1.5309312961403503
13.219724714121972	0.09549925860214398	1.3106693147643276
15.128908076758211	0.09549925860214398	0.5573955727685462
17.313814360331925	0.09549925860214398	0.10274436725471844
19.814263275520517	0.09549925860214398	0.01899211058691751
22.675825267662994	0.09549925860214398	0.006199789932297747
25.950652033822625	0.09549925860214398	0.001763143434615143
29.698426982540767	0.09549925860214398	0.0003989088936264559
33.98745295832107	0.09549925860214398	0.00012234194699170368
38.895897054520105	0.09549925860214398	0.0000354406284285792
44.51321520124173	0.09549925860214398	9.588576087597851e-6
50.941782491215115	0.09549925860214398	2.2282188774359296e-6
58.29875895619149	0.09549925860214398	4.864878563762383e-7
66.71822479745835	0.09549925860214398	1.0201715297562016e-7
76.35362398484546	0.09549925860214398	1.9450216293169314e-8
87.38056075858388	0.09549925860214398	3.5242554723751162e-9
100.00000000000031	0.09549925860214398	8.137671848531166e-10
111.55639876771902	0.09549925860214398	2.83826693082008e-10
138.21730389017998	0.09549925860214398	2.7746911018770523e-11
171.24990861750976	0.09549925860214398	9.461424197313022e-13
212.17698780180757	0.09549925860214398	4.863664991892446e-15
262.885244821937	0.09549925860214398	2.747040559443206e-18
1.	0.10964781961431896	0.1803612620719064
1.9999999999999998	0.10964781961431896	0.14305732531052584
2.288838595949997	0.10964781961431896	0.15176547875790541
2.6193910591551774	0.10964781961431896	0.1620478536966977
2.9976816770403563	0.10964781961431896	0.18864708878801226
3.4306047603910415	0.10964781961431896	0.22295787944533488
3.926050291516404	0.10964781961431896	0.28213486348198524
4.493047718431742	0.10964781961431896	0.37955707699009894
5.141930515695824	0.10964781961431896	0.5430345609144238
5.884524511008838	0.10964781961431896	0.8128037733779063
6.734363409805407	0.10964781961431896	1.254536832517397
7.706935445758021	0.10964781961431896	1.822929169325055
8.819965652373028	0.10964781961431896	1.9967567454079165
10.093738900052346	0.10964781961431896	1.642269700946027
11.551469585940843	0.10964781961431896	1.64458850253787
13.219724714121972	0.10964781961431896	1.4981496248113162
15.128908076758211	0.10964781961431896	0.8813063171659088
17.313814360331925	0.10964781961431896	0.19063695091124191
19.814263275520517	0.10964781961431896	0.028964047393153065
22.675825267662994	0.10964781961431896	0.008607622003687285
25.950652033822625	0.10964781961431896	0.002477580677983961
29.698426982540767	0.10964781961431896	0.000577620068754487
33.98745295832107	0.10964781961431896	0.00015594719644619926
38.895897054520105	0.10964781961431896	0.000045568137115024814
44.51321520124173	0.10964781961431896	0.00001226869627804961
50.941782491215115	0.10964781961431896	2.8738755181284005e-6
58.29875895619149	0.10964781961431896	6.119242120943697e-7
66.71822479745835	0.10964781961431896	1.2737659338734962e-7
76.35362398484546	0.10964781961431896	2.4023808722067995e-8
87.38056075858388	0.10964781961431896	4.299949037225096e-9
100.00000000000031	0.10964781961431896	9.759971855535064e-10
111.55639876771902	0.10964781961431896	3.3824978924577934e-10
138.21730389017998	0.10964781961431896	3.311879687337083e-11
171.24990861750976	0.10964781961431896	1.1396852202722755e-12
212.17698780180757	0.10964781961431896	5.9449770349037775e-15
262.885244821937	0.10964781961431896	3.416944812833724e-18