1.	0.001	0.196753
1.9999999999999998	0.001	0.10028700000000003
2.288838595949997	0.001	0.08822495863381644
2.6193910591551774	0.001	0.08234189437118197
2.9976816770403563	0.001	0.08033148595286949
3.4306047603910415	0.001	0.07670520614693775
3.926050291516404	0.001	0.0669372929675138
4.493047718431742	0.001	0.053259155040118064
5.141930515695824	0.001	0.043079095671596804
5.884524511008838	0.001	0.03684625451834683
6.734363409805407	0.001	0.028277860882844758
7.706935445758021	0.001	0.01712055224608717
8.819965652373028	0.001	0.008138645084325864
10.093738900052346	0.001	0.0030442754261991657
11.551469585940843	0.001	0.0009991906686008614
13.219724714121972	0.001	0.00032220817356501353
15.128908076758211	0.001	0.00010386478175341719
17.313814360331925	0.001	0.00004482543810470187
19.814263275520517	0.001	0.000016635914023894843
22.675825267662994	0.001	4.654444205623988e-6
25.950652033822625	0.001	1.7479865528909444e-6
29.698426982540767	0.001	6.631090855248585e-7
33.98745295832107	0.001	2.106839753812779e-7
38.895897054520105	0.001	7.075234222909934e-8
44.51321520124173	0.001	1.5017780290471707e-8
50.941782491215115	0.001	3.5969307500599174e-9
58.29875895619149	0.001	6.304776099169891e-10
66.71822479745835	0.001	8.915807969016651e-11
76.35362398484546	0.001	6.705217668886696e-12
87.38056075858388	0.001	2.0670227436067874e-13
100.00000000000031	0.001	2.1239424959343307e-15
111.55639876771902	0.001	3.658959363069293e-17
138.21730389017998	0.001	1.3646931338173761e-22
171.24990861750976	0.001	0
212.17698780180757	0.001	0
262.885244821937	0.001	0
325.7122869971341	0.001	0
403.5543872869759	0.001	0
499.9999999999984	0.001	0
1000	0.001	0
2000	0.001	0
1.	0.0011481536214968829	0.2254846948564856
1.9999999999999998	0.0011481536214968829	0.11545437417805667
2.288838595949997	0.0011481536214968829	0.10120838790597482
2.6193910591551774	0.0011481536214968829	0.09412487868385773
2.9976816770403563	0.0011481536214968829	0.09173745951903217
3.4306047603910415	0.0011481536214968829	0.08781016598646012
3.926050291516404	0.0011481536214968829	0.07697263791949477
4.493047718431742	0.0011481536214968829	0.061412762691797566
5.141930515695824	0.0011481536214968829	0.04991654483311742
5.884524511008838	0.0011481536214968829	0.04234888427524904
6.734363409805407	0.0011481536214968829	0.032641362862336
7.706935445758021	0.0011481536214968829	0.01984642719253172
8.819965652373028	0.0011481536214968829	0.009450603017204254
10.093738900052346	0.0011481536214968829	0.003538628790829919
11.551469585940843	0.0011481536214968829	0.0011565236544324718
13.219724714121972	0.0011481536214968829	0.0003726560873845259
15.128908076758211	0.0011481536214968829	0.00012019915296563323
17.313814360331925	0.0011481536214968829	0.00005177648674725373
19.814263275520517	0.0011481536214968829	0.00001924054280723705
22.675825267662994	0.0011481536214968829	5.3795758996885286e-6
25.950652033822625	0.0011481536214968829	2.0153737696349717e-6
29.698426982540767	0.0011481536214968829	7.648851251125943e-7
33.98745295832107	0.0011481536214968829	2.4308485014654665e-7
38.895897054520105	0.0011481536214968829	8.159862372325188e-8
44.51321520124173	0.0011481536214968829	1.731030676422415e-8
50.941782491215115	0.0011481536214968829	4.144634266126811e-9
58.29875895619149	0.0011481536214968829	7.266020735600301e-10
66.71822479745835	0.0011481536214968829	1.0278717333660637e-10
76.35362398484546	0.0011481536214968829	7.733901299579051e-12
87.38056075858388	0.0011481536214968829	2.384929082521876e-13
100.00000000000031	0.0011481536214968829	2.4557393165228203e-15
111.55639876771902	0.0011481536214968829	4.233285177384924e-17
138.21730389017998	0.0011481536214968829	1.5821333736829883e-22
171.24990861750976	0.0011481536214968829	0
212.17698780180757	0.0011481536214968829	0
262.885244821937	0.0011481536214968829	0
325.7122869971341	0.0011481536214968829	0
403.5543872869759	0.0011481536214968829	0
499.9999999999984	0.0011481536214968829	0
1000	0.0011481536214968829	0
2000	0.0011481536214968829	0
1.	0.0013182567385564075	0.2581223742269272
1.9999999999999998	0.0013182567385564075	0.13302966302314637
2.288838595949997	0.0013182567385564075	0.11617579495215252
2.6193910591551774	0.0013182567385564075	0.10752873492024363
2.9976816770403563	0.0013182567385564075	0.1046417365290305
3.4306047603910415	0.0013182567385564075	0.10049764168810177
3.926050291516404	0.0013182567385564075	0.08852356942316891
4.493047718431742	0.0013182567385564075	0.07081059108858591
5.141930515695824	0.0013182567385564075	0.056966259112143
5.884524511008838	0.0013182567385564075	0.04872761916844923
6.734363409805407	0.0013182567385564075	0.03770105147019831
7.706935445758021	0.0013182567385564075	0.023006508220705803
8.819965652373028	0.0013182567385564075	0.010972917816818918
10.093738900052346	0.0013182567385564075	0.00411908477010082
11.551469585940843	0.0013182567385564075	0.00134226437440556
13.219724714121972	0.0013182567385564075	0.00043631993398365697
15.128908076758211	0.0013182567385564075	0.00013926434118905065
17.313814360331925	0.0013182567385564075	0.00005993072748781099
19.814263275520517	0.0013182567385564075	0.00002229119432791978
22.675825267662994	0.0013182567385564075	6.238631787203973e-6
25.950652033822625	0.0013182567385564075	2.33062547959431e-6
29.698426982540767	0.0013182567385564075	8.849354947976116e-7
33.98745295832107	0.0013182567385564075	2.8132015832687073e-7
38.895897054520105	0.0013182567385564075	9.438517067133019e-8
44.51321520124173	0.0013182567385564075	2.0012081276233627e-8
50.941782491215115	0.0013182567385564075	4.789292548443401e-9
58.29875895619149	0.0013182567385564075	8.398951478910531e-10
66.71822479745835	0.0013182567385564075	1.188486094255664e-10
76.35362398484546	0.0013182567385564075	8.947413535680326e-12
87.38056075858388	0.0013182567385564075	2.760112710864843e-13
100.00000000000031	0.0013182567385564075	2.8489068359275468e-15
111.55639876771902	0.0013182567385564075	4.9146752689329465e-17
138.21730389017998	0.0013182567385564075	1.8411134459506117e-22
171.24990861750976	0.0013182567385564075	0
212.17698780180757	0.0013182567385564075	0
262.885244821937	0.0013182567385564075	0
325.7122869971341	0.0013182567385564075	0
403.5543872869759	0.0013182567385564075	0
499.9999999999984	0.0013182567385564075	0
1000	0.0013182567385564075	0
2000	0.0013182567385564075	0
1.	0.0015135612484362087	0.295136233062953
1.9999999999999998	0.0015135612484362087	0.1533311311013907
2.288838595949997	0.0015135612484362087	0.1333612074536727
2.6193910591551774	0.0015135612484362087	0.12282208711809668
2.9976816770403563	0.0015135612484362087	0.11932807473043788
3.4306047603910415	0.0015135612484362087	0.11489396542688103
3.926050291516404	0.0015135612484362087	0.10183407443990422
4.493047718431742	0.0015135612484362087	0.08165665134617861
5.141930515695824	0.0015135612484362087	0.06560994896462795
5.884524511008838	0.0015135612484362087	0.056037381788490825
6.734363409805407	0.0015135612484362087	0.04363097872718916
7.706935445758021	0.0015135612484362087	0.026722703358063378
8.819965652373028	0.0015135612484362087	0.012782066386313795
10.093738900052346	0.0015135612484362087	0.0048107979006107825
11.551469585940843	0.0015135612484362087	0.0015635592090855951
13.219724714121972	0.0015135612484362087	0.000503539045169353
15.128908076758211	0.0015135612484362087	0.00016176180470979813
17.313814360331925	0.0015135612484362087	0.00006942210910260031
19.814263275520517	0.0015135612484362087	0.00002580206366501147
22.675825267662994	0.0015135612484362087	7.218252195481378e-6
25.950652033822625	0.0015135612484362087	2.6878383557436524e-6
29.698426982540767	0.0015135612484362087	1.0210294560314181e-6
33.98745295832107	0.0015135612484362087	3.246912522845335e-7
38.895897054520105	0.0015135612484362087	1.0886861734831478e-7
44.51321520124173	0.0015135612484362087	2.3071826405281612e-8
50.941782491215115	0.0015135612484362087	5.518073625688675e-9
58.29875895619149	0.0015135612484362087	9.68221119469356e-10
66.71822479745835	0.0015135612484362087	1.3703645769501712e-10
76.35362398484546	0.0015135612484362087	1.032332816742282e-11
87.38056075858388	0.0015135612484362087	3.185706778515127e-13
100.00000000000031	0.0015135612484362087	3.2973130371333163e-15
111.55639876771902	0.0015135612484362087	5.69303186016595e-17
138.21730389017998	0.0015135612484362087	2.138459426294844e-22
171.24990861750976	0.0015135612484362087	0
212.17698780180757	0.0015135612484362087	0
262.885244821937	0.0015135612484362087	0
325.7122869971341	0.0015135612484362087	0
403.5543872869759	0.0015135612484362087	0
499.9999999999984	0.0015135612484362087	0
1000	0.0015135612484362087	0
2000	0.0015135612484362087	0
1.	0.0017378008287493763	0.3369981512066853
1.9999999999999998	0.0017378008287493763	0.17687908812825462
2.288838595949997	0.0017378008287493763	0.15318718888060298
2.6193910591551774	0.0017378008287493763	0.14022705166627109
2.9976816770403563	0.0017378008287493763	0.135836042543357
3.4306047603910415	0.0017378008287493763	0.13122292355256504
3.926050291516404	0.0017378008287493763	0.11706804458751878
4.493047718431742	0.0017378008287493763	0.09425733891701571
5.141930515695824	0.0017378008287493763	0.07559882962327918
5.884524511008838	0.0017378008287493763	0.06459475627091141
6.734363409805407	0.0017378008287493763	0.05045765748475639
7.706935445758021	0.0017378008287493763	0.031066207255303485
8.819965652373028	0.0017378008287493763	0.014925371082071726
10.093738900052346	0.0017378008287493763	0.005628811626905623
11.551469585940843	0.0017378008287493763	0.0018255903491265636
13.219724714121972	0.0017378008287493763	0.0005878581444148829
15.128908076758211	0.0017378008287493763	0.0001879957015990745
17.313814360331925	0.0017378008287493763	0.00008013025241634047
19.814263275520517	0.0017378008287493763	0.000029935252919536874
22.675825267662994	0.0017378008287493763	8.347553990458357e-6
25.950652033822625	0.0017378008287493763	3.09668735051408e-6
29.698426982540767	0.0017378008287493763	1.1768596005153426e-6
33.98745295832107	0.0017378008287493763	3.743800971515686e-7
38.895897054520105	0.0017378008287493763	1.2543394256864507e-7
44.51321520124173	0.0017378008287493763	2.6572472043916322e-8
50.941782491215115	0.0017378008287493763	6.349924364165486e-9
58.29875895619149	0.0017378008287493763	1.1150715183912008e-9
66.71822479745835	0.0017378008287493763	1.5783671862983964e-10
76.35362398484546	0.0017378008287493763	1.1899200671619142e-11
87.38056075858388	0.0017378008287493763	3.6733618294830433e-13
100.00000000000031	0.0017378008287493763	3.814153846930974e-15
111.55639876771902	0.0017378008287493763	6.591743458243218e-17
138.21730389017998	0.0017378008287493763	2.483685806243955e-22
171.24990861750976	0.0017378008287493763	0
212.17698780180757	0.0017378008287493763	0
262.885244821937	0.0017378008287493763	0
325.7122869971341	0.0017378008287493763	0
403.5543872869759	0.0017378008287493763	0
499.9999999999984	0.0017378008287493763	0
1000	0.0017378008287493763	0
2000	0.0017378008287493763	0
1.	0.0019952623149688807	0.383972410548505
1.9999999999999998	0.0019952623149688807	0.20425724897603473
2.288838595949997	0.0019952623149688807	0.17608734472641965
2.6193910591551774	0.0019952623149688807	0.1600971624111887
2.9976816770403563	0.0019952623149688807	0.154604145773395
3.4306047603910415	0.0019952623149688807	0.14972501850039896
3.926050291516404	0.0019952623149688807	0.13456314439887018
4.493047718431742	0.0019952623149688807	0.10889823663889454
5.141930515695824	0.0019952623149688807	0.08717569535664696
5.884524511008838	0.0019952623149688807	0.07432210292420222
6.734363409805407	0.0019952623149688807	0.05837039521564502
7.706935445758021	0.0019952623149688807	0.0361770517444768
8.819965652373028	0.0019952623149688807	0.017421296880071664
10.093738900052346	0.0019952623149688807	0.006597190064198706
11.551469585940843	0.0019952623149688807	0.002135895921638394
13.219724714121972	0.0019952623149688807	0.0006874548882480146
15.128908076758211	0.0019952623149688807	0.00021916682285282884
17.313814360331925	0.0019952623149688807	0.00009277148568377283
19.814263275520517	0.0019952623149688807	0.00003481209568311258
22.675825267662994	0.0019952623149688807	9.778531758191803e-6
25.950652033822625	0.0019952623149688807	3.611767929927394e-6
29.698426982540767	0.0019952623149688807	1.3731779312213589e-6
33.98745295832107	0.0019952623149688807	4.370040905127274e-7
38.895897054520105	0.0019952623149688807	1.4628023765274418e-7
44.51321520124173	0.0019952623149688807	3.098255229630173e-8
50.941782491215115	0.0019952623149688807	7.395474718356982e-9
58.29875895619149	0.0019952623149688807	1.300119914542249e-9
66.71822479745835	0.0019952623149688807	1.8402020738775458e-10
76.35362398484546	0.0019952623149688807	1.3885204835369086e-11
87.38056075858388	0.0019952623149688807	4.288058428065355e-13
100.00000000000031	0.0019952623149688807	4.468632429112146e-15
111.55639876771902	0.0019952623149688807	7.731293928009063e-17
138.21730389017998	0.0019952623149688807	2.923333739647924e-22
171.24990861750976	0.0019952623149688807	0
212.17698780180757	0.0019952623149688807	0
262.885244821937	0.0019952623149688807	0
325.7122869971341	0.0019952623149688807	0
403.5543872869759	0.0019952623149688807	0
499.9999999999984	0.0019952623149688807	0
1000	0.0019952623149688807	0
2000	0.0019952623149688807	0
1.	0.0022908676527677745	0.4363965837297472
1.9999999999999998	0.0022908676527677745	0.23604974755402686
2.288838595949997	0.0022908676527677745	0.20262095181008985
2.6193910591551774	0.0022908676527677745	0.18279979966207208
2.9976816770403563	0.0022908676527677745	0.1756318138871025
3.4306047603910415	0.0022908676527677745	0.17068967977137023
3.926050291516404	0.0022908676527677745	0.15468682542330298
4.493047718431742	0.0022908676527677745	0.12592798050078416
5.141930515695824	0.0022908676527677745	0.10049188385793201
5.884524511008838	0.0022908676527677745	0.08550761663229119
6.734363409805407	0.0022908676527677745	0.06769513686467926
7.706935445758021	0.0022908676527677745	0.04228337050847632
8.819965652373028	0.0022908676527677745	0.02043716138659588
10.093738900052346	0.0022908676527677745	0.007761140328230218
11.551469585940843	0.0022908676527677745	0.0024987269139713727
13.219724714121972	0.0022908676527677745	0.0008087868834961002
15.128908076758211	0.0022908676527677745	0.0002562091576584521
17.313814360331925	0.0022908676527677745	0.00010790949257133001
19.814263275520517	0.0022908676527677745	0.00004048494523100584
22.675825267662994	0.0022908676527677745	0.000011413030320826219
25.950652033822625	0.0022908676527677745	4.1942075076524845e-6
29.698426982540767	0.0022908676527677745	1.5951955528880888e-6
33.98745295832107	0.0022908676527677745	5.07875320060746e-7
38.895897054520105	0.0022908676527677745	1.6981223026274178e-7
44.51321520124173	0.0022908676527677745	3.596930180979718e-8
50.941782491215115	0.0022908676527677745	8.57300457110237e-9
58.29875895619149	0.0022908676527677745	1.509411606780813e-9
66.71822479745835	0.0022908676527677745	2.1358921831367804e-10
76.35362398484546	0.0022908676527677745	1.6132454312505864e-11
87.38056075858388	0.0022908676527677745	4.983931682587547e-13
100.00000000000031	0.0022908676527677745	5.2153915234142265e-15
111.55639876771902	0.0022908676527677745	9.034497407556114e-17
138.21730389017998	0.0022908676527677745	3.4298331389836494e-22
171.24990861750976	0.0022908676527677745	0
212.17698780180757	0.0022908676527677745	0
262.885244821937	0.0022908676527677745	0
325.7122869971341	0.0022908676527677745	0
403.5543872869759	0.0022908676527677745	0
499.9999999999984	0.0022908676527677745	0
1000	0.0022908676527677745	0
2000	0.0022908676527677745	0
1.	0.0026302679918953843	0.4943366571903906
1.9999999999999998	0.0026302679918953843	0.2732177800906531
2.288838595949997	0.0026302679918953843	0.23346901070329895
2.6193910591551774	0.0026302679918953843	0.20881581979357036
2.9976816770403563	0.0026302679918953843	0.19942983873467054
3.4306047603910415	0.0026302679918953843	0.19414770166325954
3.926050291516404	0.0026302679918953843	0.177542848384929
4.493047718431742	0.0026302679918953843	0.14567501139880878
5.141930515695824	0.0026302679918953843	0.11598689613119731
5.884524511008838	0.0026302679918953843	0.09843261774152144
6.734363409805407	0.0026302679918953843	0.07850333407612031
7.706935445758021	0.0026302679918953843	0.04941699399509381
8.819965652373028	0.0026302679918953843	0.023994378256962812
10.093738900052346	0.0026302679918953843	0.009173405459169826
11.551469585940843	0.0026302679918953843	0.0029458372865710184
13.219724714121972	0.0026302679918953843	0.0009511197275995413
15.128908076758211	0.0026302679918953843	0.0002998780966916493
17.313814360331925	0.0026302679918953843	0.0001254124469893143
19.814263275520517	0.0026302679918953843	0.000047153009956936155
22.675825267662994	0.0026302679918953843	0.000013331990011860931
25.950652033822625	0.0026302679918953843	4.87069312191273e-6
29.698426982540767	0.0026302679918953843	1.8530111556895719e-6
33.98745295832107	0.0026302679918953843	5.902289177050084e-7
38.895897054520105	0.0026302679918953843	1.970776451482811e-7
44.51321520124173	0.0026302679918953843	4.176388363690099e-8
50.941782491215115	0.0026302679918953843	9.934728296053454e-9
58.29875895619149	0.0026302679918953843	1.7526334495585945e-9
66.71822479745835	0.0026302679918953843	2.478802682254712e-10
76.35362398484546	0.0026302679918953843	1.874404323884438e-11
87.38056075858388	0.0026302679918953843	5.792931801204408e-13
100.00000000000031	0.0026302679918953843	6.090596219406806e-15
111.55639876771902	0.0026302679918953843	1.0565400226869172e-16
138.21730389017998	0.0026302679918953843	4.0293774352004344e-22
171.24990861750976	0.0026302679918953843	0
212.17698780180757	0.0026302679918953843	0
262.885244821937	0.0026302679918953843	0
325.7122869971341	0.0026302679918953843	0
403.5543872869759	0.0026302679918953843	0
499.9999999999984	0.0026302679918953843	0
1000	0.0026302679918953843	0
2000	0.0026302679918953843	0
1.	0.003019951720402019	0.5575762613479156
1.9999999999999998	0.003019951720402019	0.31649219404990464
2.288838595949997	0.003019951720402019	0.2694883905445617
2.6193910591551774	0.003019951720402019	0.23874609729023874
2.9976816770403563	0.003019951720402019	0.22598909437881562
3.4306047603910415	0.003019951720402019	0.22045895151635264
3.926050291516404	0.003019951720402019	0.20364009507143116
4.493047718431742	0.003019951720402019	0.16851924333661336
5.141930515695824	0.003019951720402019	0.13390406607348046
5.884524511008838	0.003019951720402019	0.11344794763734295
6.734363409805407	0.003019951720402019	0.09116774014230034
7.706935445758021	0.003019951720402019	0.05795249510570779
8.819965652373028	0.003019951720402019	0.0284051385939481
10.093738900052346	0.003019951720402019	0.010869910873241762
11.551469585940843	0.003019951720402019	0.0034829966089574313
13.219724714121972	0.003019951720402019	0.0011215108166933274
15.128908076758211	0.003019951720402019	0.0003518474809746286
17.313814360331925	0.003019951720402019	0.0001461035702886869
19.814263275520517	0.003019951720402019	0.00005492887493719806
22.675825267662994	0.003019951720402019	0.000015652663578624302
25.950652033822625	0.003019951720402019	5.679572100076026e-6
29.698426982540767	0.003019951720402019	2.161104603237648e-6
33.98745295832107	0.003019951720402019	6.887059887728581e-7
38.895897054520105	0.003019951720402019	2.2957421116657894e-7
44.51321520124173	0.003019951720402019	4.8699391177640074e-8
50.941782491215115	0.003019951720402019	1.1555198209338128e-8
58.29875895619149	0.003019951720402019	2.0436859455457887e-9
66.71822479745835	0.003019951720402019	2.8880953305827474e-10
76.35362398484546	0.003019951720402019	2.1867954318130917e-11
87.38056075858388	0.003019951720402019	6.760936323877689e-13
100.00000000000031	0.003019951720402019	7.146294594942174e-15
111.55639876771902	0.003019951720402019	1.241629252207459e-16
138.21730389017998	0.003019951720402019	4.759840670561444e-22
171.24990861750976	0.003019951720402019	0
212.17698780180757	0.003019951720402019	0
262.885244821937	0.003019951720402019	0
325.7122869971341	0.003019951720402019	0
403.5543872869759	0.003019951720402019	0
499.9999999999984	0.003019951720402019	0
1000	0.003019951720402019	0
2000	0.003019951720402019	0
1.	0.00346736850452532	0.6255437728210115
1.9999999999999998	0.00346736850452532	0.36695783132040327
2.288838595949997	0.00346736850452532	0.3116341280590992
2.6193910591551774	0.00346736850452532	0.27333683613467474
2.9976816770403563	0.00346736850452532	0.2561048752131218
3.4306047603910415	0.00346736850452532	0.2498767401003138
3.926050291516404	0.00346736850452532	0.23306088211864195
4.493047718431742	0.00346736850452532	0.1950490642826412
5.141930515695824	0.00346736850452532	0.15478191341418365
5.884524511008838	0.00346736850452532	0.13058681159935986
6.734363409805407	0.00346736850452532	0.10588581883131279
7.706935445758021	0.00346736850452532	0.06824314187249564
8.819965652373028	0.00346736850452532	0.03443311191757703
10.093738900052346	0.00346736850452532	0.012949257710410996
11.551469585940843	0.00346736850452532	0.004130211837174175
13.219724714121972	0.00346736850452532	0.0013243375463855682
15.128908076758211	0.00346736850452532	0.0004146618875692855
17.313814360331925	0.00346736850452532	0.00017052730800246507
19.814263275520517	0.00346736850452532	0.00006424992975771918
22.675825267662994	0.00346736850452532	0.000018352385708214835
25.950652033822625	0.00346736850452532	6.606392359993615e-6
29.698426982540767	0.00346736850452532	2.513786234870576e-6
33.98745295832107	0.00346736850452532	8.015317496306241e-7
38.895897054520105	0.00346736850452532	2.6663723067565454e-7
44.51321520124173	0.00346736850452532	5.666037786061541e-8
50.941782491215115	0.00346736850452532	1.3400235686183731e-8
58.29875895619149	0.00346736850452532	2.3775289858130975e-9
66.71822479745835	0.00346736850452532	3.355934627822634e-10
76.35362398484546	0.00346736850452532	2.5449205691293404e-11
87.38056075858388	0.00346736850452532	7.871207945994561e-13
100.00000000000031	0.00346736850452532	8.36961156324511e-15
111.55639876771902	0.00346736850452532	1.4567657962485242e-16
138.21730389017998	0.00346736850452532	5.61743541967465e-22
171.24990861750976	0.00346736850452532	0
212.17698780180757	0.00346736850452532	0
262.885244821937	0.00346736850452532	0
325.7122869971341	0.00346736850452532	0
403.5543872869759	0.00346736850452532	0
499.9999999999984	0.00346736850452532	0
1000	0.00346736850452532	0
2000	0.00346736850452532	0
1.	0.003981071705534978	0.6975922145646919
1.9999999999999998	0.003981071705534978	0.4257111972667312
2.288838595949997	0.003981071705534978	0.36117648224250315
2.6193910591551774	0.003981071705534978	0.31358007088891127
2.9976816770403563	0.003981071705534978	0.2900890825573725
3.4306047603910415	0.003981071705534978	0.2824899463480185
3.926050291516404	0.003981071705534978	0.2660890868088374
4.493047718431742	0.003981071705534978	0.2256692663511687
5.141930515695824	0.003981071705534978	0.17897106241393596
5.884524511008838	0.003981071705534978	0.1503899212835554
6.734363409805407	0.003981071705534978	0.12319190817453805
7.706935445758021	0.003981071705534978	0.08050254209261411
8.819965652373028	0.003981071705534978	0.039980880776822776
10.093738900052346	0.003981071705534978	0.015463028032399509
11.551469585940843	0.003981071705534978	0.004931062619188278
13.219724714121972	0.003981071705534978	0.0015802967630595016
15.128908076758211	0.003981071705534978	0.0004889731941450953
17.313814360331925	0.003981071705534978	0.00019950238387913597
19.814263275520517	0.003981071705534978	0.00007538206194044228
22.675825267662994	0.003981071705534978	0.000021636436948857214
25.950652033822625	0.003981071705534978	7.716758876650829e-6
29.698426982540767	0.003981071705534978	2.9357053036048565e-6
33.98745295832107	0.003981071705534978	9.366157187119824e-7
38.895897054520105	0.003981071705534978	3.107978428611581e-7
44.51321520124173	0.003981071705534978	6.622322061380622e-8
50.941782491215115	0.003981071705534978	1.5596707177160968e-8
58.29875895619149	0.003981071705534978	2.777960148331917e-9
66.71822479745835	0.003981071705534978	3.9150275131151413e-10
76.35362398484546	0.003981071705534978	2.9740908536310246e-11
87.38056075858388	0.003981071705534978	9.202466664896366e-13
100.00000000000031	0.003981071705534978	9.85024240186498e-15
111.55639876771902	0.003981071705534978	1.7179116098232482e-16
138.21730389017998	0.003981071705534978	6.668549314289281e-22
171.24990861750976	0.003981071705534978	0
212.17698780180757	0.003981071705534978	0
262.885244821937	0.003981071705534978	0
325.7122869971341	0.003981071705534978	0
403.5543872869759	0.003981071705534978	0
499.9999999999984	0.003981071705534978	0
1000	0.003981071705534978	0
2000	0.003981071705534978	0
1.	0.0045708818961487565	0.7717932027525917
1.9999999999999998	0.0045708818961487565	0.4939302201519455
2.288838595949997	0.0045708818961487565	0.4194605545757869
2.6193910591551774	0.0045708818961487565	0.36084006677770564
2.9976816770403563	0.0045708818961487565	0.3288190852684231
3.4306047603910415	0.0045708818961487565	0.31843196750064545
3.926050291516404	0.0045708818961487565	0.30329609331174157
4.493047718431742	0.0045708818961487565	0.26153227941800655
5.141930515695824	0.0045708818961487565	0.20741906913201827
5.884524511008838	0.0045708818961487565	0.17309391557306922
6.734363409805407	0.0045708818961487565	0.14319489612537797
7.706935445758021	0.0045708818961487565	0.09509347441695873
8.819965652373028	0.0045708818961487565	0.04776001187463017
10.093738900052346	0.0045708818961487565	0.018603572559746803
11.551469585940843	0.0045708818961487565	0.005927247929601023
13.219724714121972	0.0045708818961487565	0.0018881240942759665
15.128908076758211	0.0045708818961487565	0.0005803430288890409
17.313814360331925	0.0045708818961487565	0.00023294828907432393
19.814263275520517	0.0045708818961487565	0.0000888576603467124
22.675825267662994	0.0045708818961487565	0.000025618155102368175
25.950652033822625	0.0045708818961487565	9.038999156008029e-6
29.698426982540767	0.0045708818961487565	3.437093729392227e-6
33.98745295832107	0.0045708818961487565	1.0973039203175803e-6
38.895897054520105	0.0045708818961487565	3.630133238988414e-7
44.51321520124173	0.0045708818961487565	7.76537958077928e-8
50.941782491215115	0.0045708818961487565	1.819285667698075e-8
58.29875895619149	0.0045708818961487565	3.2553258592792617e-9
66.71822479745835	0.0045708818961487565	4.578730904447838e-10
76.35362398484546	0.0045708818961487565	3.485291903927886e-11
87.38056075858388	0.0045708818961487565	1.0789377810650332e-12
100.00000000000031	0.0045708818961487565	1.1633341983257984e-14
111.55639876771902	0.0045708818961487565	2.0334589664568421e-16
138.21730389017998	0.0045708818961487565	7.952970530913783e-22
171.24990861750976	0.0045708818961487565	0
212.17698780180757	0.0045708818961487565	0
262.885244821937	0.0045708818961487565	0
325.7122869971341	0.0045708818961487565	0
403.5543872869759	0.0045708818961487565	0
499.9999999999984	0.0045708818961487565	0
1000	0.0045708818961487565	0
2000	0.0045708818961487565	0
1.	0.005248074602497733	0.8442044001621182
1.9999999999999998	0.005248074602497733	0.5725555304536539
2.288838595949997	0.005248074602497733	0.4882378862201945
2.6193910591551774	0.005248074602497733	0.4167082725572451
2.9976816770403563	0.005248074602497733	0.3736422516888783
3.4306047603910415	0.005248074602497733	0.3587641260657558
3.926050291516404	0.005248074602497733	0.34429024408798115
4.493047718431742	0.005248074602497733	0.3013044441513973
5.141930515695824	0.005248074602497733	0.240622200169365
5.884524511008838	0.005248074602497733	0.1996220022586724
6.734363409805407	0.005248074602497733	0.16632597198156795
7.706935445758021	0.005248074602497733	0.11265537619743508
8.819965652373028	0.005248074602497733	0.05739738495232082
10.093738900052346	0.005248074602497733	0.02247202000167222
11.551469585940843	0.005248074602497733	0.00715981861542715
13.219724714121972	0.005248074602497733	0.0022536124676272337
15.128908076758211	0.005248074602497733	0.0006921562705979703
17.313814360331925	0.005248074602497733	0.000274591325668748
19.814263275520517	0.005248074602497733	0.00010459561042915828
22.675825267662994	0.005248074602497733	0.00003043848065494917
25.950652033822625	0.005248074602497733	0.00001060650744126857
29.698426982540767	0.005248074602497733	4.029758206734044e-6
33.98745295832107	0.005248074602497733	1.2874895823667946e-6
38.895897054520105	0.005248074602497733	4.243619050917103e-7
44.51321520124173	0.005248074602497733	9.127299295000875e-8
50.941782491215115	0.005248074602497733	2.124406865479553e-8
58.29875895619149	0.005248074602497733	3.821705438857277e-9
66.71822479745835	0.005248074602497733	5.362624901920816e-10
76.35362398484546	0.005248074602497733	4.091435243535688e-11
87.38056075858388	0.005248074602497733	1.2673348016552574e-12
100.00000000000031	0.005248074602497733	1.377311374591815e-14
111.55639876771902	0.005248074602497733	2.4135889169859265e-16
138.21730389017998	0.005248074602497733	9.520338638950307e-22
171.24990861750976	0.005248074602497733	0
212.17698780180757	0.005248074602497733	0
262.885244821937	0.005248074602497733	0
325.7122869971341	0.005248074602497733	0
403.5543872869759	0.005248074602497733	0
499.9999999999984	0.005248074602497733	0
1000	0.005248074602497733	0
2000	0.005248074602497733	0
1.	0.006025595860743587	0.9118056401141924
1.9999999999999998	0.006025595860743587	0.6621675229364977
2.288838595949997	0.006025595860743587	0.568710025892876
2.6193910591551774	0.006025595860743587	0.48312248621210885
2.9976816770403563	0.006025595860743587	0.42589763525821844
3.4306047603910415	0.006025595860743587	0.40355462419168736
3.926050291516404	0.006025595860743587	0.3892587389358326
4.493047718431742	0.006025595860743587	0.34711592569586824
5.141930515695824	0.006025595860743587	0.27924776007369007
5.884524511008838	0.006025595860743587	0.2298606453815041
6.734363409805407	0.006025595860743587	0.19338064691109624
7.706935445758021	0.006025595860743587	0.13375116691906938
8.819965652373028	0.006025595860743587	0.0690721904911734
10.093738900052346	0.006025595860743587	0.027305677882262666
11.551469585940843	0.006025595860743587	0.00870428987705735
13.219724714121972	0.006025595860743587	0.00270644329498629
15.128908076758211	0.006025595860743587	0.0008296994043131521
17.313814360331925	0.006025595860743587	0.00032560456943709975
19.814263275520517	0.006025595860743587	0.00012379986170255925
22.675825267662994	0.006025595860743587	0.00003642719663099188
25.950652033822625	0.006025595860743587	0.000012511425115880816
29.698426982540767	0.006025595860743587	4.747347277198955e-6
33.98745295832107	0.006025595860743587	1.5181152984313233e-6
38.895897054520105	0.006025595860743587	4.981456835392286e-7
44.51321520124173	0.006025595860743587	1.0792504783444029e-7
50.941782491215115	0.006025595860743587	2.491907337448721e-8
58.29875895619149	0.006025595860743587	4.509960602394891e-9
66.71822479745835	0.006025595860743587	6.31136043512654e-10
76.35362398484546	0.006025595860743587	4.828092780060078e-11
87.38056075858388	0.006025595860743587	1.4967139125422963e-12
100.00000000000031	0.006025595860743587	1.6403561438702874e-14
111.55639876771902	0.006025595860743587	2.882794316412083e-16
138.21730389017998	0.006025595860743587	1.1481511488959296e-21
171.24990861750976	0.006025595860743587	0
212.17698780180757	0.006025595860743587	0
262.885244821937	0.006025595860743587	0
325.7122869971341	0.006025595860743587	0
403.5543872869759	0.006025595860743587	0
499.9999999999984	0.006025595860743587	0
1000	0.006025595860743587	0
2000	0.006025595860743587	0
1.	0.006918309709189377	0.9696389811602303
1.9999999999999998	0.006918309709189377	0.762060967458698
2.288838595949997	0.006918309709189377	0.6627304522194521
2.6193910591551774	0.006918309709189377	0.562712763498749
2.9976816770403563	0.006918309709189377	0.4875038477420006
3.4306047603910415	0.006918309709189377	0.45337984323915037
3.926050291516404	0.006918309709189377	0.4387539633258089
4.493047718431742	0.006918309709189377	0.3987831440093814
5.141930515695824	0.006918309709189377	0.3244619439884072
5.884524511008838	0.006918309709189377	0.26501577252009156
6.734363409805407	0.006918309709189377	0.22431776175896578
7.706935445758021	0.006918309709189377	0.15923929643850684
8.819965652373028	0.006918309709189377	0.08373169016614314
10.093738900052346	0.006918309709189377	0.03338199037870587
11.551469585940843	0.006918309709189377	0.010611374464377236
13.219724714121972	0.006918309709189377	0.003303949982199005
15.128908076758211	0.006918309709189377	0.0010000976644675278
17.313814360331925	0.006918309709189377	0.00038331362387509507
19.814263275520517	0.006918309709189377	0.00014697346361556996
22.675825267662994	0.006918309709189377	0.00004374368611400293
25.950652033822625	0.006918309709189377	0.000014776905791205717
29.698426982540767	0.006918309709189377	5.59635662082333e-6
33.98745295832107	0.006918309709189377	1.791592842484186e-6
38.895897054520105	0.006918309709189377	5.847388332982544e-7
44.51321520124173	0.006918309709189377	1.2787850378251765e-7
50.941782491215115	0.006918309709189377	2.924280766930458e-8
58.29875895619149	0.006918309709189377	5.327360687668774e-9
66.71822479745835	0.006918309709189377	7.433788823952248e-10
76.35362398484546	0.006918309709189377	5.704179656905602e-11
87.38056075858388	0.006918309709189377	1.7702971633669239e-12
100.00000000000031	0.006918309709189377	1.9573405453030775e-14
111.55639876771902	0.006918309709189377	3.451102788246819e-16
138.21730389017998	0.006918309709189377	1.3897019646076239e-21
171.24990861750976	0.006918309709189377	0
212.17698780180757	0.006918309709189377	0
262.885244821937	0.006918309709189377	0
325.7122869971341	0.006918309709189377	0
403.5543872869759	0.006918309709189377	0
499.9999999999984	0.006918309709189377	0
1000	0.006918309709189377	0
2000	0.006918309709189377	0
1.	0.00794328234724283	1.0118700401701781
1.9999999999999998	0.00794328234724283	0.8712981392532928
2.288838595949997	0.00794328234724283	0.7708687274611639
2.6193910591551774	0.00794328234724283	0.6574949534118315
2.9976816770403563	0.00794328234724283	0.5616819779063363
3.4306047603910415	0.00794328234724283	0.5099949548091852
3.926050291516404	0.00794328234724283	0.4916160958176154
4.493047718431742	0.00794328234724283	0.45552926987669273
5.141930515695824	0.00794328234724283	0.37745607307663126
5.884524511008838	0.00794328234724283	0.3069808568362249
6.734363409805407	0.00794328234724283	0.2619498328257823
7.706935445758021	0.00794328234724283	0.1903334094261726
8.819965652373028	0.00794328234724283	0.10204639101938773
10.093738900052346	0.00794328234724283	0.04120866987721898
11.551469585940843	0.00794328234724283	0.013102192857464475
13.219724714121972	0.00794328234724283	0.00402207545963745
15.128908076758211	0.00794328234724283	0.0012133977380882756
17.313814360331925	0.00794328234724283	0.00045562756139005793
19.814263275520517	0.00794328234724283	0.00017522118605471152
22.675825267662994	0.00794328234724283	0.000052976842782704975
25.950652033822625	0.00794328234724283	0.000017559334455844505
29.698426982540767	0.00794328234724283	6.6325328218943e-6
33.98745295832107	0.00794328234724283	2.1262638797083468e-6
38.895897054520105	0.00794328234724283	6.895593309944448e-7
44.51321520124173	0.00794328234724283	1.525730000904296e-7
50.941782491215115	0.00794328234724283	3.449641057364401e-8
58.29875895619149	0.00794328234724283	6.327780328940207e-9
66.71822479745835	0.00794328234724283	8.804501258895366e-10
76.35362398484546	0.00794328234724283	6.779769617049083e-11
87.38056075858388	0.00794328234724283	2.1075645658630823e-12
100.00000000000031	0.00794328234724283	2.3512075628928275e-14
111.55639876771902	0.00794328234724283	4.1611119732389745e-16
138.21730389017998	0.00794328234724283	1.696823615395507e-21
171.24990861750976	0.00794328234724283	0
212.17698780180757	0.00794328234724283	0
262.885244821937	0.00794328234724283	0
325.7122869971341	0.00794328234724283	0
403.5543872869759	0.00794328234724283	0
499.9999999999984	0.00794328234724283	0
1000	0.00794328234724283	0
2000	0.00794328234724283	0
1.	0.009120108393559116	1.0320099725077374
1.9999999999999998	0.009120108393559116	0.9411149046957648
2.288838595949997	0.009120108393559116	0.8908310806742213
2.6193910591551774	0.009120108393559116	0.7686345189020388
2.9976816770403563	0.009120108393559116	0.6509905871008406
3.4306047603910415	0.009120108393559116	0.5758736514567091
3.926050291516404	0.009120108393559116	0.5489579058246158
4.493047718431742	0.009120108393559116	0.5180320391238816
5.141930515695824	0.009120108393559116	0.4386318584430818
5.884524511008838	0.009120108393559116	0.3550436635523926
6.734363409805407	0.009120108393559116	0.30401967418896736
7.706935445758021	0.009120108393559116	0.22746930776795682
8.819965652373028	0.009120108393559116	0.12518936792618515
10.093738900052346	0.009120108393559116	0.051189856218717175
11.551469585940843	0.009120108393559116	0.01633342283317818
13.219724714121972	0.009120108393559116	0.0049334041008543585
15.128908076758211	0.009120108393559116	0.0014837761486209693
17.313814360331925	0.009120108393559116	0.0005417579722583994
19.814263275520517	0.009120108393559116	0.00020915583865704711
22.675825267662994	0.009120108393559116	0.00006409730397585872
25.950652033822625	0.009120108393559116	0.000020792547812854222
29.698426982540767	0.009120108393559116	7.825279832940383e-6
33.98745295832107	0.009120108393559116	2.5131243703210613e-6
38.895897054520105	0.009120108393559116	8.089432676947259e-7
44.51321520124173	0.009120108393559116	1.8152185518851402e-7
50.941782491215115	0.009120108393559116	4.0513816620159694e-8
58.29875895619149	0.009120108393559116	7.482291968133217e-9
66.71822479745835	0.009120108393559116	1.0384085031218986e-9
76.35362398484546	0.009120108393559116	8.028560687917129e-11
87.38056075858388	0.009120108393559116	2.5016924991726868e-12
100.00000000000031	0.009120108393559116	2.8157310308314075e-14
111.55639876771902	0.009120108393559116	5.004930738789476e-16
138.21730389017998	0.009120108393559116	2.0706126134265445e-21
171.24990861750976	0.009120108393559116	0
212.17698780180757	0.009120108393559116	0
262.885244821937	0.009120108393559116	0
325.7122869971341	0.009120108393559116	0
403.5543872869759	0.009120108393559116	0
499.9999999999984	0.009120108393559116	0
1000	0.009120108393559116	0
2000	0.009120108393559116	0
1.	0.010471285480509017	1.0267000570597007
1.9999999999999998	0.010471285480509017	1.098148312548001
2.288838595949997	0.010471285480509017	1.0192490035782018
2.6193910591551774	0.010471285480509017	0.8974282312491857
2.9976816770403563	0.010471285480509017	0.7600074273640165
3.4306047603910415	0.010471285480509017	0.6564496989985821
3.926050291516404	0.010471285480509017	0.6111613180069753
4.493047718431742	0.010471285480509017	0.5847733889937244
5.141930515695824	0.010471285480509017	0.5087351796500711
5.884524511008838	0.010471285480509017	0.4122090660967524
6.734363409805407	0.010471285480509017	0.3519962023200261
7.706935445758021	0.010471285480509017	0.2715239034237948
8.819965652373028	0.010471285480509017	0.1544881423174038
10.093738900052346	0.010471285480509017	0.06416139759797347
11.551469585940843	0.010471285480509017	0.020579063679905783
13.219724714121972	0.010471285480509017	0.006134721359698626
15.128908076758211	0.010471285480509017	0.001829471928386359
17.313814360331925	0.010471285480509017	0.0006508795372131395
19.814263275520517	0.010471285480509017	0.00025210839526378353
22.675825267662994	0.010471285480509017	0.00007793251338134876
25.950652033822625	0.010471285480509017	0.000024676512924396193
29.698426982540767	0.010471285480509017	9.241354486824e-6
33.98745295832107	0.010471285480509017	2.9747559676458765e-6
38.895897054520105	0.010471285480509017	9.493034577114246e-7
44.51321520124173	0.010471285480509017	2.165203511330113e-7
50.941782491215115	0.010471285480509017	4.763948973473808e-8
58.29875895619149	0.010471285480509017	8.853803008713101e-9
66.71822479745835	0.010471285480509017	1.2263375683461155e-9
76.35362398484546	0.010471285480509017	9.52562053678061e-11
87.38056075858388	0.010471285480509017	2.978242392677579e-12
100.00000000000031	0.010471285480509017	3.380723266272862e-14
111.55639876771902	0.010471285480509017	6.039841881990545e-16
138.21730389017998	0.010471285480509017	2.540664656641873e-21
171.24990861750976	0.010471285480509017	0
212.17698780180757	0.010471285480509017	0
262.885244821937	0.010471285480509017	0
325.7122869971341	0.010471285480509017	0
403.5543872869759	0.010471285480509017	0
499.9999999999984	0.010471285480509017	0
1000	0.010471285480509017	0
2000	0.010471285480509017	0
1.	0.012022644346174156	0.9938384510457976
1.9999999999999998	0.012022644346174156	1.1972818301635202
2.288838595949997	0.012022644346174156	1.1483531343366569
2.6193910591551774	0.012022644346174156	1.039903253213233
2.9976816770403563	0.012022644346174156	0.8913852890309961
3.4306047603910415	0.012022644346174156	0.7559594155630389
3.926050291516404	0.012022644346174156	0.6846271021113761
4.493047718431742	0.012022644346174156	0.6548949888670768
5.141930515695824	0.012022644346174156	0.5875200486335548
5.884524511008838	0.012022644346174156	0.478928568787147
6.734363409805407	0.012022644346174156	0.40658726318831506
7.706935445758021	0.012022644346174156	0.3238929146495056
8.819965652373028	0.012022644346174156	0.19134767638502637
10.093738900052346	0.012022644346174156	0.08135178646110225
11.551469585940843	0.012022644346174156	0.026234041765327728
13.219724714121972	0.012022644346174156	0.007805820548577092
15.128908076758211	0.012022644346174156	0.0022746491334406137
17.313814360331925	0.012022644346174156	0.0007866334863016089
19.814263275520517	0.012022644346174156	0.0003047786923052704
22.675825267662994	0.012022644346174156	0.00009548558663668401
25.950652033822625	0.012022644346174156	0.000029433517590945138
29.698426982540767	0.012022644346174156	0.000010950075604922598
33.98745295832107	0.012022644346174156	3.535184961780482e-6
38.895897054520105	0.012022644346174156	1.117186700211219e-6
44.51321520124173	0.012022644346174156	2.5948532738527806e-7
50.941782491215115	0.012022644346174156	5.623641169387975e-8
58.29875895619149	0.012022644346174156	1.0506605291835531e-8
66.71822479745835	0.012022644346174156	1.4537889380325497e-9
76.35362398484546	0.012022644346174156	1.1352032464831243e-10
87.38056075858388	0.012022644346174156	3.5659770534608926e-12
100.00000000000031	0.012022644346174156	4.0800905260507545e-14
111.55639876771902	0.012022644346174156	7.333180633460447e-16
138.21730389017998	0.012022644346174156	3.1443720522267686e-21
171.24990861750976	0.012022644346174156	0
212.17698780180757	0.012022644346174156	0
262.885244821937	0.012022644346174156	0
325.7122869971341	0.012022644346174156	0
403.5543872869759	0.012022644346174156	0
499.9999999999984	0.012022644346174156	0
1000	0.012022644346174156	0
2000	0.012022644346174156	0
1.	0.01380384264602888	0.9316232224878257
1.9999999999999998	0.01380384264602888	1.2707906850139596
2.288838595949997	0.01380384264602888	1.2646918367488946
2.6193910591551774	0.01380384264602888	1.1872725048108783
2.9976816770403563	0.01380384264602888	1.0445628633885944
3.4306047603910415	0.01380384264602888	0.8805111130302048
3.926050291516404	0.01380384264602888	0.7696742185935598
4.493047718431742	0.01380384264602888	0.7299738325209353
5.141930515695824	0.01380384264602888	0.6728338005238195
5.884524511008838	0.01380384264602888	0.5573634269610752
6.734363409805407	0.01380384264602888	0.4689692175344738
7.706935445758021	0.01380384264602888	0.3852429068721786
8.819965652373028	0.01380384264602888	0.23788580292733028
10.093738900052346	0.01380384264602888	0.10373575826634372
11.551469585940843	0.01380384264602888	0.033937773338933434
13.219724714121972	0.01380384264602888	0.009900418483966066
15.128908076758211	0.01380384264602888	0.002862438997625038
17.313814360331925	0.01380384264602888	0.0009574840812717348
19.814263275520517	0.01380384264602888	0.0003696573959160929
22.675825267662994	0.01380384264602888	0.00011696034290779732
25.950652033822625	0.01380384264602888	0.0000350104147352487
29.698426982540767	0.01380384264602888	0.000012909645494925985
33.98745295832107	0.01380384264602888	4.183202205460036e-6
38.895897054520105	0.01380384264602888	1.3078229773325185e-6
44.51321520124173	0.01380384264602888	3.0970013081449425e-7
50.941782491215115	0.01380384264602888	6.610845773495812e-8
58.29875895619149	0.01380384264602888	1.2397225965622065e-8
66.71822479745835	0.01380384264602888	1.7157299978530017e-9
76.35362398484546	0.01380384264602888	1.3476997463688594e-10
87.38056075858388	0.01380384264602888	4.2600451268328176e-12
100.00000000000031	0.01380384264602888	4.909982804194919e-14
111.55639876771902	0.01380384264602888	8.887604837220082e-16
138.21730389017998	0.01380384264602888	3.895579342050999e-21
171.24990861750976	0.01380384264602888	0
212.17698780180757	0.01380384264602888	0
262.885244821937	0.01380384264602888	0
325.7122869971341	0.01380384264602888	0
403.5543872869759	0.01380384264602888	0
499.9999999999984	0.01380384264602888	0
1000	0.01380384264602888	0
2000	0.01380384264602888	0
1.	0.015848931924611172	0.8463826908747666
1.9999999999999998	0.015848931924611172	1.3036397404536317
2.288838595949997	0.015848931924611172	1.3513502945126143
2.6193910591551774	0.015848931924611172	1.3265511741803913
2.9976816770403563	0.015848931924611172	1.2123515408754053
3.4306047603910415	0.015848931924611172	1.0329109302264146
3.926050291516404	0.015848931924611172	0.8770458646530722
4.493047718431742	0.015848931924611172	0.8101915488442986
5.141930515695824	0.015848931924611172	0.7630232120483392
5.884524511008838	0.015848931924611172	0.648293873153267
6.734363409805407	0.015848931924611172	0.541432843882487
7.706935445758021	0.015848931924611172	0.45788548142893626
8.819965652373028	0.015848931924611172	0.2967426388468362
10.093738900052346	0.015848931924611172	0.13350817675044688
11.551469585940843	0.015848931924611172	0.04434806009890151
13.219724714121972	0.015848931924611172	0.012758033084761823
15.128908076758211	0.015848931924611172	0.0036316150688284667
17.313814360331925	0.015848931924611172	0.0011712296955472086
19.814263275520517	0.015848931924611172	0.00045417600905711073
22.675825267662994	0.015848931924611172	0.00014449476684695446
25.950652033822625	0.015848931924611172	0.00004191133497252354
29.698426982540767	0.015848931924611172	0.000015272279029811723
33.98745295832107	0.015848931924611172	4.970889858568279e-6
38.895897054520105	0.015848931924611172	1.5362582037998787e-6
44.51321520124173	0.015848931924611172	3.709779554742575e-7
50.941782491215115	0.015848931924611172	7.806941421743954e-8
58.29875895619149	0.015848931924611172	1.4667912764781955e-8
66.71822479745835	0.015848931924611172	2.0330847464964344e-9
76.35362398484546	0.015848931924611172	1.607452405727662e-10
87.38056075858388	0.015848931924611172	5.121915018752961e-12
100.00000000000031	0.015848931924611172	5.944397219743276e-14
111.55639876771902	0.015848931924611172	1.085008797660011e-15
138.21730389017998	0.015848931924611172	4.87616514939169e-21
171.24990861750976	0.015848931924611172	0
212.17698780180757	0.015848931924611172	0
262.885244821937	0.015848931924611172	0
325.7122869971341	0.015848931924611172	0
403.5543872869759	0.015848931924611172	0
499.9999999999984	0.015848931924611172	0
1000	0.015848931924611172	0
2000	0.015848931924611172	0
1.	0.01819700858609988	0.7500957035184042
1.9999999999999998	0.01819700858609988	1.284549768022435
2.288838595949997	0.01819700858609988	1.390069418945023
2.6193910591551774	0.01819700858609988	1.4364299960371774
2.9976816770403563	0.01819700858609988	1.3768096299654589
3.4306047603910415	0.01819700858609988	1.2114787322144647
3.926050291516404	0.01819700858609988	1.016720512315318
4.493047718431742	0.01819700858609988	0.904323825968055
5.141930515695824	0.01819700858609988	0.8580302288433518
5.884524511008838	0.01819700858609988	0.7542346831214569
6.734363409805407	0.01819700858609988	0.6250450133426249
7.706935445758021	0.01819700858609988	0.5380707005154282
8.819965652373028	0.01819700858609988	0.37098493924428777
10.093738900052346	0.01819700858609988	0.1744030948242078
11.551469585940843	0.01819700858609988	0.059048770624662794
13.219724714121972	0.01819700858609988	0.016525664107301996
15.128908076758211	0.01819700858609988	0.00467338257918199
17.313814360331925	0.01819700858609988	0.0014517260528483047
19.814263275520517	0.01819700858609988	0.0005628554863480366
22.675825267662994	0.01819700858609988	0.0001813637688014849
25.950652033822625	0.01819700858609988	0.00005089840316896292
29.698426982540767	0.01819700858609988	0.00001825834085103476
33.98745295832107	0.01819700858609988	5.9734701921994804e-6
38.895897054520105	0.01819700858609988	1.8241291720822975e-6
44.51321520124173	0.01819700858609988	4.487784587848459e-7
50.941782491215115	0.01819700858609988	9.32881606326348e-8
58.29875895619149	0.01819700858609988	1.7527950477577875e-8
66.71822479745835	0.01819700858609988	2.436201815628841e-9
76.35362398484546	0.01819700858609988	1.9397777073232738e-10
87.38056075858388	0.01819700858609988	6.241262203152507e-12
100.00000000000031	0.01819700858609988	7.295928622028778e-14
111.55639876771902	0.01819700858609988	1.34455468400673e-15
138.21730389017998	0.01819700858609988	6.2144346210937775e-21
171.24990861750976	0.01819700858609988	0
212.17698780180757	0.01819700858609988	0
262.885244821937	0.01819700858609988	0
325.7122869971341	0.01819700858609988	0
403.5543872869759	0.01819700858609988	0
499.9999999999984	0.01819700858609988	0
1000	0.01819700858609988	0
2000	0.01819700858609988	0
1.	0.02089296130854045	0.6570033360321718
1.9999999999999998	0.02089296130854045	1.2117110453582762
2.288838595949997	0.02089296130854045	1.3686795439502129
2.6193910591551774	0.02089296130854045	1.4875991931757775
2.9976816770403563	0.02089296130854045	1.4617185461202387
3.4306047603910415	0.02089296130854045	1.4009753083186518
3.926050291516404	0.02089296130854045	1.1957273414546372
4.493047718431742	0.02089296130854045	1.02165901648799
5.141930515695824	0.02089296130854045	0.9525175866825554
5.884524511008838	0.02089296130854045	0.8700565676770534
6.734363409805407	0.02089296130854045	0.7249792332935824
7.706935445758021	0.02089296130854045	0.6301461226361847
8.819965652373028	0.02089296130854045	0.46097036937909674
10.093738900052346	0.02089296130854045	0.22875222661110825
11.551469585940843	0.02089296130854045	0.07910553438705686
13.219724714121972	0.02089296130854045	0.022031114536188133
15.128908076758211	0.02089296130854045	0.006082713998370289
17.313814360331925	0.02089296130854045	0.001815238368302787
19.814263275520517	0.02089296130854045	0.0006983044607081377
22.675825267662994	0.02089296130854045	0.00022447719742276057
25.950652033822625	0.02089296130854045	0.000060926607543487984
29.698426982540767	0.02089296130854045	0.00002141139289926738
33.98745295832107	0.02089296130854045	7.0444593046122005e-6
38.895897054520105	0.02089296130854045	2.125418770330157e-6
44.51321520124173	0.02089296130854045	5.316845285597992e-7
50.941782491215115	0.02089296130854045	1.0947071882393887e-7
58.29875895619149	0.02089296130854045	2.054129818245839e-8
66.71822479745835	0.02089296130854045	2.86533355683563e-9
76.35362398484546	0.02089296130854045	2.298288621350459e-10
87.38056075858388	0.02089296130854045	7.478464374014797e-12
100.00000000000031	0.02089296130854045	8.81764696332241e-14
111.55639876771902	0.02089296130854045	1.6425028463730736e-15
138.21730389017998	0.02089296130854045	7.829643131035945e-21
171.24990861750976	0.02089296130854045	0
212.17698780180757	0.02089296130854045	0
262.885244821937	0.02089296130854045	0
325.7122869971341	0.02089296130854045	0
403.5543872869759	0.02089296130854045	0
499.9999999999984	0.02089296130854045	0
1000	0.02089296130854045	0
2000	0.02089296130854045	0
1.	0.023988329190194974	0.5772205409895227
1.9999999999999998	0.023988329190194974	1.0871387574783662
2.288838595949997	0.023988329190194974	1.2737378670156363
2.6193910591551774	0.023988329190194974	1.459329433192172
2.9976816770403563	0.023988329190194974	1.584029794405465
3.4306047603910415	0.023988329190194974	1.5740593052697933
3.926050291516404	0.023988329190194974	1.4050316202523372
4.493047718431742	0.023988329190194974	1.178522592155467
5.141930515695824	0.023988329190194974	1.0566210690440219
5.884524511008838	0.023988329190194974	0.989319235952879
6.734363409805407	0.023988329190194974	0.8422567275278806
7.706935445758021	0.023988329190194974	0.7291404035123524
8.819965652373028	0.023988329190194974	0.5684116639710197
10.093738900052346	0.023988329190194974	0.30123165379519656
11.551469585940843	0.023988329190194974	0.10799737175801373
13.219724714121972	0.023988329190194974	0.029765711961777217
15.128908076758211	0.023988329190194974	0.00804196141403497
17.313814360331925	0.023988329190194974	0.002298997326931223
19.814263275520517	0.023988329190194974	0.0008702558337655725
22.675825267662994	0.023988329190194974	0.0002857104528196486
25.950652033822625	0.023988329190194974	0.00007507974006376246
29.698426982540767	0.023988329190194974	0.00002569807733651336
33.98745295832107	0.023988329190194974	8.502637746489184e-6
38.895897054520105	0.023988329190194974	2.535333254597788e-6
44.51321520124173	0.023988329190194974	6.431688143988555e-7
50.941782491215115	0.023988329190194974	1.3155044644424455e-7
58.29875895619149	0.023988329190194974	2.4642947782472527e-8
66.71822479745835	0.023988329190194974	3.4509374657944005e-9
76.35362398484546	0.023988329190194974	2.7886199709881044e-10
87.38056075858388	0.023988329190194974	9.187093622378055e-12
100.00000000000031	0.023988329190194974	1.0955893751452199e-13
111.55639876771902	0.023988329190194974	2.0641627755386976e-15
138.21730389017998	0.023988329190194974	1.0173771276466144e-20
171.24990861750976	0.023988329190194974	0
212.17698780180757	0.023988329190194974	0
262.885244821937	0.023988329190194974	0
325.7122869971341	0.023988329190194974	0
403.5543872869759	0.023988329190194974	0
499.9999999999984	0.023988329190194974	0
1000	0.023988329190194974	0
2000	0.023988329190194974	0
1.	0.027542287033381744	0.5213352038977006
1.9999999999999998	0.027542287033381744	0.9358595519423117
2.288838595949997	0.027542287033381744	1.1244796276829416
2.6193910591551774	0.027542287033381744	1.3478110113346295
2.9976816770403563	0.027542287033381744	1.563700552622828
3.4306047603910415	0.027542287033381744	1.6872089075844003
3.926050291516404	0.027542287033381744	1.616479108569772
4.493047718431742	0.027542287033381744	1.3831501923195901
5.141930515695824	0.027542287033381744	1.1924694492311778
5.884524511008838	0.027542287033381744	1.1130888373045809
6.734363409805407	0.027542287033381744	0.9791189972402201
7.706935445758021	0.027542287033381744	0.8355302842167014
8.819965652373028	0.027542287033381744	0.694564090362651
10.093738900052346	0.027542287033381744	0.3998879559304237
11.551469585940843	0.027542287033381744	0.1494090748992765
13.219724714121972	0.027542287033381744	0.041109666240583126
15.128908076758211	0.027542287033381744	0.010798861010471218
17.313814360331925	0.027542287033381744	0.002972566762038595
19.814263275520517	0.027542287033381744	0.0010954567477830495
22.675825267662994	0.027542287033381744	0.0003604952375746868
25.950652033822625	0.027542287033381744	0.00009201055865282381
29.698426982540767	0.027542287033381744	0.00003046799577635924
33.98745295832107	0.027542287033381744	0.000010131889466731515
38.895897054520105	0.027542287033381744	2.987356836287731e-6
44.51321520124173	0.027542287033381744	7.664636927273844e-7
50.941782491215115	0.027542287033381744	1.560834364056787e-7
58.29875895619149	0.027542287033381744	2.9217939723800838e-8
66.71822479745835	0.027542287033381744	4.10670798027354e-9
76.35362398484546	0.027542287033381744	3.3428135290609185e-10
87.38056075858388	0.027542287033381744	1.1158567540895813e-11
100.00000000000031	0.027542287033381744	1.3512595286100007e-13
111.55639876771902	0.027542287033381744	2.5748341130558792e-15
138.21730389017998	0.027542287033381744	1.3151210105757648e-20
171.24990861750976	0.027542287033381744	0
212.17698780180757	0.027542287033381744	0
262.885244821937	0.027542287033381744	0
325.7122869971341	0.027542287033381744	0
403.5543872869759	0.027542287033381744	0
499.9999999999984	0.027542287033381744	0
1000	0.027542287033381744	0
2000	0.027542287033381744	0
1.	0.03162277660168389	0.49065617591886773
1.9999999999999998	0.03162277660168389	0.7799698939011146
2.288838595949997	0.03162277660168389	0.9441962354732459
2.6193910591551774	0.03162277660168389	1.1692917816400332
2.9976816770403563	0.03162277660168389	1.440011661163803
3.4306047603910415	0.03162277660168389	1.6857408693166396
3.926050291516404	0.03162277660168389	1.7753390151093194
4.493047718431742	0.03162277660168389	1.6314891548184483
5.141930515695824	0.03162277660168389	1.3741888660948887
5.884524511008838	0.03162277660168389	1.2418686494254554
6.734363409805407	0.03162277660168389	1.126548558860506
7.706935445758021	0.03162277660168389	0.9566241013269385
8.819965652373028	0.03162277660168389	0.8328176908281404
10.093738900052346	0.03162277660168389	0.5272668105978688
11.551469585940843	0.03162277660168389	0.21027726464026722
13.219724714121972	0.03162277660168389	0.05829323781522198
15.128908076758211	0.03162277660168389	0.014751037237959504
17.313814360331925	0.03162277660168389	0.0039034901979093724
19.814263275520517	0.03162277660168389	0.001384995329306434
22.675825267662994	0.03162277660168389	0.0004615382666632404
25.950652033822625	0.03162277660168389	0.00011506896912098297
29.698426982540767	0.03162277660168389	0.000036597198810652066
33.98745295832107	0.03162277660168389	0.000012214829475896588
38.895897054520105	0.03162277660168389	3.5636769679929457e-6
44.51321520124173	0.03162277660168389	9.229234635184872e-7
50.941782491215115	0.03162277660168389	1.8724073090260742e-7
58.29875895619149	0.03162277660168389	3.510122469746732e-8
66.71822479745835	0.03162277660168389	4.949390009898423e-9
76.35362398484546	0.03162277660168389	4.05766238333905e-10
87.38056075858388	0.03162277660168389	1.3733214085095564e-11
100.00000000000031	0.03162277660168389	1.6962324811425986e-13
111.55639876771902	0.03162277660168389	3.265984709433484e-15
138.21730389017998	0.03162277660168389	1.7329102586638874e-20
171.24990861750976	0.03162277660168389	0
212.17698780180757	0.03162277660168389	0
262.885244821937	0.03162277660168389	0
325.7122869971341	0.03162277660168389	0
403.5543872869759	0.03162277660168389	0
499.9999999999984	0.03162277660168389	0
1000	0.03162277660168389	0
2000	0.03162277660168389	0
1.	0.03630780547701025	0.47901999126891803
1.9999999999999998	0.03630780547701025	0.6454808974212419
2.288838595949997	0.03630780547701025	0.7660842637146785
2.6193910591551774	0.03630780547701025	0.9559355581768296
2.9976816770403563	0.03630780547701025	1.2286610093077615
3.4306047603910415	0.03630780547701025	1.5549622999143402
3.926050291516404	0.03630780547701025	1.8200698973149454
4.493047718431742	0.03630780547701025	1.8525099780540373
5.141930515695824	0.03630780547701025	1.6089801231846408
5.884524511008838	0.03630780547701025	1.3860496504247963
6.734363409805407	0.03630780547701025	1.2802895373123182
7.706935445758021	0.03630780547701025	1.1022110107054095
8.819965652373028	0.03630780547701025	0.973786646564235
10.093738900052346	0.03630780547701025	0.6878887430565426
11.551469585940843	0.03630780547701025	0.2963412986573802
13.219724714121972	0.03630780547701025	0.08408921984328926
15.128908076758211	0.03630780547701025	0.020556652283861835
17.313814360331925	0.03630780547701025	0.005249601970395286
19.814263275520517	0.03630780547701025	0.0017528718708202222
22.675825267662994	0.03630780547701025	0.0005977109857164468
25.950652033822625	0.03630780547701025	0.00014678503508605366
29.698426982540767	0.03630780547701025	0.00004451140833241415
33.98745295832107	0.03630780547701025	0.000014875673185603076
38.895897054520105	0.03630780547701025	4.298413004992213e-6
44.51321520124173	0.03630780547701025	1.1226455355836254e-6
50.941782491215115	0.03630780547701025	2.2659606061745513e-7
58.29875895619149	0.03630780547701025	4.2644538045819196e-8
66.71822479745835	0.03630780547701025	6.030441158617583e-9
76.35362398484546	0.03630780547701025	4.980492667698674e-10
87.38056075858388	0.03630780547701025	1.711113438722851e-11
100.00000000000031	0.03630780547701025	2.1631672458021807e-13
111.55639876771902	0.03630780547701025	4.202529496125905e-15
138.21730389017998	0.03630780547701025	2.3243579772366694e-20
171.24990861750976	0.03630780547701025	0
212.17698780180757	0.03630780547701025	0
262.885244821937	0.03630780547701025	0
325.7122869971341	0.03630780547701025	0
403.5543872869759	0.03630780547701025	0
499.9999999999984	0.03630780547701025	0
1000	0.03630780547701025	0
2000	0.03630780547701025	0
1.	0.04168693834703368	0.47044490031547
1.9999999999999998	0.04168693834703368	0.544735579058711
2.288838595949997	0.04168693834703368	0.6187360122233566
2.6193910591551774	0.04168693834703368	0.7541946501471125
2.9976816770403563	0.04168693834703368	0.9785038868668101
3.4306047603910415	0.04168693834703368	1.3120619585158635
3.926050291516404	0.04168693834703368	1.7028384503415155
4.493047718431742	0.04168693834703368	1.9591584633601138
5.141930515695824	0.04168693834703368	1.8820110952236098
5.884524511008838	0.04168693834703368	1.5940709166986176
6.734363409805407	0.04168693834703368	1.4390505435856962
7.706935445758021	0.04168693834703368	1.2758719618173113
8.819965652373028	0.04168693834703368	1.1161215792487655
10.093738900052346	0.04168693834703368	0.8760992335437829
11.551469585940843	0.04168693834703368	0.42345054890144773
13.219724714121972	0.04168693834703368	0.12560015785583925
15.128908076758211	0.04168693834703368	0.029266603669934683
17.313814360331925	0.04168693834703368	0.007265390269060004
19.814263275520517	0.04168693834703368	0.002257517805079118
22.675825267662994	0.04168693834703368	0.0007798864981924101
25.950652033822625	0.04168693834703368	0.00019066075500380106
29.698426982540767	0.04168693834703368	0.00005474422154171603
33.98745295832107	0.04168693834703368	0.00001825325125834694
38.895897054520105	0.04168693834703368	5.231613609355361e-6
44.51321520124173	0.04168693834703368	1.377425460162855e-6
50.941782491215115	0.04168693834703368	2.7590303180651424e-7
58.29875895619149	0.04168693834703368	5.2192245699929904e-8
66.71822479745835	0.04168693834703368	7.402951359388355e-9
76.35362398484546	0.04168693834703368	6.165980484873877e-10
87.38056075858388	0.04168693834703368	2.155122353262202e-11
100.00000000000031	0.04168693834703368	2.7918766337365526e-13
111.55639876771902	0.04168693834703368	5.467047025340635e-15
138.21730389017998	0.04168693834703368	3.168011900229017e-20
171.24990861750976	0.04168693834703368	0
212.17698780180757	0.04168693834703368	0
262.885244821937	0.04168693834703368	0
325.7122869971341	0.04168693834703368	0
403.5543872869759	0.04168693834703368	0
499.9999999999984	0.04168693834703368	0
1000	0.04168693834703368	0
2000	0.04168693834703368	0
1.	0.047863009232264	0.4543899455380921
1.9999999999999998	0.047863009232264	0.47693993725768435
2.288838595949997	0.047863009232264	0.5175827122212051
2.6193910591551774	0.047863009232264	0.5966992956608425
2.9976816770403563	0.047863009232264	0.7521768212113191
3.4306047603910415	0.047863009232264	1.0227735912729918
3.926050291516404	0.047863009232264	1.4320297848134587
4.493047718431742	0.047863009232264	1.8777878395070857
5.141930515695824	0.047863009232264	2.0906098458480633
5.884524511008838	0.047863009232264	1.8742390236323114
6.734363409805407	0.047863009232264	1.6187397806934622
7.706935445758021	0.047863009232264	1.468770945486278
8.819965652373028	0.047863009232264	1.269971014090322
10.093738900052346	0.047863009232264	1.0875072887166655
11.551469585940843	0.047863009232264	0.6013954519432594
13.219724714121972	0.047863009232264	0.1908092227465768
15.128908076758211	0.047863009232264	0.042956508913769814
17.313814360331925	0.047863009232264	0.010330263843622735
19.814263275520517	0.047863009232264	0.00294263980409785
22.675825267662994	0.047863009232264	0.0010287535340810525
25.950652033822625	0.047863009232264	0.0002533013376805829
29.698426982540767	0.047863009232264	0.00006845969159027419
33.98745295832107	0.047863009232264	0.00002265098135135361
38.895897054520105	0.047863009232264	6.455334770129592e-6
44.51321520124173	0.047863009232264	1.711095702034063e-6
50.941782491215115	0.047863009232264	3.3967899860710324e-7
58.29875895619149	0.047863009232264	6.449409514520456e-8
66.71822479745835	0.047863009232264	9.178346168780327e-9
76.35362398484546	0.047863009232264	7.727979443680142e-10
87.38056075858388	0.047863009232264	2.7565559323474462e-11
100.00000000000031	0.047863009232264	3.654206531123843e-13
111.55639876771902	0.047863009232264	7.217496229256222e-15
138.21730389017998	0.047863009232264	4.41093362972904e-20
171.24990861750976	0.047863009232264	0
212.17698780180757	0.047863009232264	0
262.885244821937	0.047863009232264	0
325.7122869971341	0.047863009232264	0
403.5543872869759	0.047863009232264	0
499.9999999999984	0.047863009232264	0
1000	0.047863009232264	0
2000	0.047863009232264	0
1.	0.05495408738576265	0.41255907441245543
1.9999999999999998	0.05495408738576265	0.4287490857261514
2.288838595949997	0.05495408738576265	0.4482920282619613
2.6193910591551774	0.05495408738576265	0.489436438250988
2.9976816770403563	0.05495408738576265	0.5778140192843944
3.4306047603910415	0.05495408738576265	0.7608706351953101
3.926050291516404	0.05495408738576265	1.0907208669702864
4.493047718431742	0.05495408738576265	1.5960684676543706
5.141930515695824	0.05495408738576265	2.0876200597429855
5.884524511008838	0.05495408738576265	2.165987825690286
6.734363409805407	0.05495408738576265	1.8541388851472047
7.706935445758021	0.05495408738576265	1.6555905974068357
8.819965652373028	0.05495408738576265	1.4524304689919907
10.093738900052346	0.05495408738576265	1.2878076745970715
11.551469585940843	0.05495408738576265	0.8392809348783313
13.219724714121972	0.05495408738576265	0.29579383380341356
15.128908076758211	0.05495408738576265	0.06563087304510536
17.313814360331925	0.05495408738576265	0.015147227077805789
19.814263275520517	0.05495408738576265	0.0039419027968509955
22.675825267662994	0.05495408738576265	0.0013613266229885743
25.950652033822625	0.05495408738576265	0.000341263112320793
29.698426982540767	0.05495408738576265	0.00008649495707209534
33.98745295832107	0.05495408738576265	0.000028171119798283654
38.895897054520105	0.05495408738576265	8.011749665946e-6
44.51321520124173	0.05495408738576265	2.129933793232707e-6
50.941782491215115	0.05495408738576265	4.2029377418646567e-7
58.29875895619149	0.05495408738576265	7.96985564133921e-8
66.71822479745835	0.05495408738576265	1.137744784240414e-8
76.35362398484546	0.05495408738576265	9.718695120886902e-10
87.38056075858388	0.05495408738576265	3.548885275924107e-11
100.00000000000031	0.05495408738576265	4.802471137691503e-13
111.55639876771902	0.05495408738576265	9.60107394481806e-15
138.21730389017998	0.05495408738576265	6.227426452372891e-20
171.24990861750976	0.05495408738576265	0
212.17698780180757	0.05495408738576265	0
262.885244821937	0.05495408738576265	0
325.7122869971341	0.05495408738576265	0
403.5543872869759	0.05495408738576265	0
499.9999999999984	0.05495408738576265	0
1000	0.05495408738576265	0
2000	0.05495408738576265	0
1.	0.06309573444801955	0.3481567093076385
1.9999999999999998	0.06309573444801955	0.38273280219815176
2.288838595949997	0.06309573444801955	0.3971397477979379
2.6193910591551774	0.06309573444801955	0.42064294149999076
2.9976816770403563	0.06309573444801955	0.46802213782254387
3.4306047603910415	0.06309573444801955	0.5694296177616548
3.926050291516404	0.06309573444801955	0.7837624371397194
4.493047718431742	0.06309573444801955	1.203246954993507
5.141930515695824	0.06309573444801955	1.8142987052750372
5.884524511008838	0.06309573444801955	2.2963385701765358
6.734363409805407	0.06309573444801955	2.1664998891257663
7.706935445758021	0.06309573444801955	1.8566923832822775
8.819965652373028	0.06309573444801955	1.6569116783883993
10.093738900052346	0.06309573444801955	1.4648116552029768
11.551469585940843	0.06309573444801955	1.1291481141152278
13.219724714121972	0.06309573444801955	0.4621693261636713
15.128908076758211	0.06309573444801955	0.10483595549878237
17.313814360331925	0.06309573444801955	0.022852446302543048
19.814263275520517	0.06309573444801955	0.00540096500123845
22.675825267662994	0.06309573444801955	0.0018307209007633765
25.950652033822625	0.06309573444801955	0.00047112442007505526
29.698426982540767	0.06309573444801955	0.00011203827601490184
33.98745295832107	0.06309573444801955	0.00003551062471999404
38.895897054520105	0.06309573444801955	0.00001011652841402991
44.51321520124173	0.06309573444801955	2.6812025677862972e-6
50.941782491215115	0.06309573444801955	5.305733194222134e-7
58.29875895619149	0.06309573444801955	9.970006581857449e-8
66.71822479745835	0.06309573444801955	1.4262956099123085e-8
76.35362398484546	0.06309573444801955	1.2408531559147464e-9
87.38056075858388	0.06309573444801955	4.6468916064008396e-11
100.00000000000031	0.06309573444801955	6.414831173911241e-13
111.55639876771902	0.06309573444801955	1.3057377595671495e-14
138.21730389017998	0.06309573444801955	9.015130976345698e-20
171.24990861750976	0.06309573444801955	0
212.17698780180757	0.06309573444801955	0
262.885244821937	0.06309573444801955	0
325.7122869971341	0.06309573444801955	0
403.5543872869759	0.06309573444801955	0
499.9999999999984	0.06309573444801955	0
1000	0.06309573444801955	0
2000	0.06309573444801955	0
1.	0.07244359600749928	0.26927403369103586
1.9999999999999998	0.07244359600749928	0.3290570229250921
2.288838595949997	0.07244359600749928	0.34770593046062787
2.6193910591551774	0.07244359600749928	0.36877110629850773
2.9976816770403563	0.07244359600749928	0.398824226215245
3.4306047603910415	0.07244359600749928	0.44959223210002897
3.926050291516404	0.07244359600749928	0.5724982251964983
4.493047718431742	0.07244359600749928	0.8350041009678988
5.141930515695824	0.07244359600749928	1.3721206911137107
5.884524511008838	0.07244359600749928	2.0953618682871378
6.734363409805407	0.07244359600749928	2.4311587601197666
7.706935445758021	0.07244359600749928	2.1097513969650206
8.819965652373028	0.07244359600749928	1.9006007128843212
10.093738900052346	0.07244359600749928	1.6310245801860357
11.551469585940843	0.07244359600749928	1.4305840532410654
13.219724714121972	0.07244359600749928	0.7204518288548439
15.128908076758211	0.07244359600749928	0.1749994542741431
17.313814360331925	0.07244359600749928	0.03547833541174997
19.814263275520517	0.07244359600749928	0.007758876112974022
22.675825267662994	0.07244359600749928	0.0024885531849475596
25.950652033822625	0.07244359600749928	0.0006610793133738517
29.698426982540767	0.07244359600749928	0.0001485629424202612
33.98745295832107	0.07244359600749928	0.00004513908324011646
38.895897054520105	0.07244359600749928	0.000012910130195332065
44.51321520124173	0.07244359600749928	3.3916603874826106e-6
50.941782491215115	0.07244359600749928	6.816716144936569e-7
58.29875895619149	0.07244359600749928	1.2583897696871615e-7
66.71822479745835	0.07244359600749928	1.8028839303566084e-8
76.35362398484546	0.07244359600749928	1.6015490067847707e-9
87.38056075858388	0.07244359600749928	6.153259224948177e-11
100.00000000000031	0.07244359600749928	8.687802146383915e-13
111.55639876771902	0.07244359600749928	1.810667229479052e-14
138.21730389017998	0.07244359600749928	1.3281306705621186e-19
171.24990861750976	0.07244359600749928	0
212.17698780180757	0.07244359600749928	0
262.885244821937	0.07244359600749928	0
325.7122869971341	0.07244359600749928	0
403.5543872869759	0.07244359600749928	0
499.9999999999984	0.07244359600749928	0
1000	0.07244359600749928	0
2000	0.07244359600749928	0
1.	0.08317637711026743	0.1934861616322909
1.9999999999999998	0.08317637711026743	0.2628511411968577
2.288838595949997	0.08317637711026743	0.28421503155632066
2.6193910591551774	0.08317637711026743	0.3100642154653618
2.9976816770403563	0.08317637711026743	0.3423022677634396
3.4306047603910415	0.08317637711026743	0.3803067671583066
3.926050291516404	0.08317637711026743	0.44477134515739025
4.493047718431742	0.08317637711026743	0.5862799610299229
5.141930515695824	0.08317637711026743	0.9254124251639793
5.884524511008838	0.08317637711026743	1.6057651929991874
6.734363409805407	0.08317637711026743	2.3873703201516827
7.706935445758021	0.08317637711026743	2.4520489671110006
8.819965652373028	0.08317637711026743	2.0947009818950977
10.093738900052346	0.08317637711026743	1.8181256559963135
11.551469585940843	0.08317637711026743	1.6702925731589446
13.219724714121972	0.08317637711026743	1.057879465749307
15.128908076758211	0.08317637711026743	0.29969583497481395
17.313814360331925	0.08317637711026743	0.05647869792179844
19.814263275520517	0.08317637711026743	0.01167874962440653
22.675825267662994	0.08317637711026743	0.0033909148985678582
25.950652033822625	0.08317637711026743	0.0009346292603551466
29.698426982540767	0.08317637711026743	0.00020140530902150943
33.98745295832107	0.08317637711026743	0.000057646639625283826
38.895897054520105	0.08317637711026743	0.000016531788984582635
44.51321520124173	0.08317637711026743	4.295518617788354e-6
50.941782491215115	0.08317637711026743	8.866297794644542e-7
58.29875895619149	0.08317637711026743	1.597249645322942e-7
66.71822479745835	0.08317637711026743	2.295038433507601e-8
76.35362398484546	0.08317637711026743	2.0817576479051077e-9
87.38056075858388	0.08317637711026743	8.210325527700583e-11
100.00000000000031	0.08317637711026743	1.1908377840461893e-12
111.55639876771902	0.08317637711026743	2.5464090326097455e-14
138.21730389017998	0.08317637711026743	1.9778560409788571e-19
171.24990861750976	0.08317637711026743	0
212.17698780180757	0.08317637711026743	0
262.885244821937	0.08317637711026743	0
325.7122869971341	0.08317637711026743	0
403.5543872869759	0.08317637711026743	0
499.9999999999984	0.08317637711026743	0
1000	0.08317637711026743	0
2000	0.08317637711026743	0
1.	0.09549925860214398	0.1391451825545037
1.9999999999999998	0.09549925860214398	0.19604222443981228
2.288838595949997	0.09549925860214398	0.2187631094344113
2.6193910591551774	0.09549925860214398	0.24861630130283052
2.9976816770403563	0.09549925860214398	0.28250135699897355
3.4306047603910415	0.09549925860214398	0.3227986441848506
3.926050291516404	0.09549925860214398	0.3697362951670402
4.493047718431742	0.09549925860214398	0.45355110862663073
5.141930515695824	0.09549925860214398	0.6302022995045142
5.884524511008838	0.09549925860214398	1.073386311441316
6.734363409805407	0.09549925860214398	1.9254739751206262
7.706935445758021	0.09549925860214398	2.6166962100993363
8.819965652373028	0.09549925860214398	2.3558101418890844
10.093738900052346	0.09549925860214398	2.0270437510677253
11.551469585940843	0.09549925860214398	1.8191738368418942
13.219724714121972	0.09549925860214398	1.4484966025408745
15.128908076758211	0.09549925860214398	0.5149087225368902
17.313814360331925	0.09549925860214398	0.09439993662982596
19.814263275520517	0.09549925860214398	0.01848699207485134
22.675825267662994	0.09549925860214398	0.004703383889370493
25.950652033822625	0.09549925860214398	0.0013544077361179658
29.698426982540767	0.09549925860214398	0.00028557139799973227
33.98745295832107	0.09549925860214398	0.00007561173770304712
38.895897054520105	0.09549925860214398	0.000021639617369887035
44.51321520124173	0.09549925860214398	5.563714863046781e-6
50.941782491215115	0.09549925860214398	1.1848382224914407e-6
58.29875895619149	0.09549925860214398	2.0801597116109535e-7
66.71822479745835	0.09549925860214398	3.006024038433883e-8
76.35362398484546	0.09549925860214398	2.7789315719019676e-9
87.38056075858388	0.09549925860214398	1.1267267452086599e-10
100.00000000000031	0.09549925860214398	1.6856296595655147e-12
111.55639876771902	0.09549925860214398	3.69040049147574e-14
138.21730389017998	0.09549925860214398	3.045437591536102e-19
171.24990861750976	0.09549925860214398	0
212.17698780180757	0.09549925860214398	0
262.885244821937	0.09549925860214398	0
325.7122869971341	0.09549925860214398	0
403.5543872869759	0.09549925860214398	0
499.9999999999984	0.09549925860214398	0
1000	0.09549925860214398	0
2000	0.09549925860214398	0
1.	0.10964781961431896	0.10484443731291533
1.9999999999999998	0.10964781961431896	0.13722774984866665
2.288838595949997	0.10964781961431896	0.15472273143293896
2.6193910591551774	0.10964781961431896	0.18607588484226933
2.9976816770403563	0.10964781961431896	0.2173239811049185
3.4306047603910415	0.10964781961431896	0.2560803135907205
3.926050291516404	0.10964781961431896	0.3042648654708505
4.493047718431742	0.10964781961431896	0.3640739001112605
5.141930515695824	0.10964781961431896	0.44917146743625447
5.884524511008838	0.10964781961431896	0.678720137807997
6.734363409805407	0.10964781961431896	1.2638820878475348
7.706935445758021	0.10964781961431896	2.3057990847877776
8.819965652373028	0.10964781961431896	2.6513648820168556
10.093738900052346	0.10964781961431896	2.1853614527532015
11.551469585940843	0.10964781961431896	1.9407035551171816
13.219724714121972	0.10964781961431896	1.7788037977761835
15.128908076758211	0.10964781961431896	0.8524911674231835
17.313814360331925	0.10964781961431896	0.16846726346654511
19.814263275520517	0.10964781961431896	0.030525472500433484
22.675825267662994	0.10964781961431896	0.006685854234310965
25.950652033822625	0.10964781961431896	0.002019256083173738
29.698426982540767	0.10964781961431896	0.00042588550451631407
33.98745295832107	0.10964781961431896	0.00010260518781043905
38.895897054520105	0.10964781961431896	0.000029113050612272264
44.51321520124173	0.10964781961431896	7.388021232081667e-6
50.941782491215115	0.10964781961431896	1.6208513364628987e-6
58.29875895619149	0.10964781961431896	2.7909569670698675e-7
66.71822479745835	0.10964781961431896	4.0552580445612616e-8
76.35362398484546	0.10964781961431896	3.815641726502944e-9
87.38056075858388	0.10964781961431896	1.5902033664873338e-10
100.00000000000031	0.10964781961431896	2.468935646242934e-12
111.55639876771902	0.10964781961431896	5.5166779825101824e-14
138.21730389017998	0.10964781961431896	4.903786791131858e-19
171.24990861750976	0.10964781961431896	0
212.17698780180757	0.10964781961431896	0
262.885244821937	0.10964781961431896	0
325.7122869971341	0.10964781961431896	0
403.5543872869759	0.10964781961431896	0
499.9999999999984	0.10964781961431896	0
1000	0.10964781961431896	0
2000	0.10964781961431896	0