1.	0.001	0.00161861
1.9999999999999998	0.001	0.0026580599999999994
2.288838595949997	0.001	0.0032864569453502916
2.6193910591551774	0.001	0.004205793593775198
2.9976816770403563	0.001	0.005489356734968039
3.4306047603910415	0.001	0.007227973472681616
3.926050291516404	0.001	0.00967093200496962
4.493047718431742	0.001	0.013570584308001257
5.141930515695824	0.001	0.02048840758213627
5.884524511008838	0.001	0.031406558720506524
6.734363409805407	0.001	0.04246900903480283
7.706935445758021	0.001	0.04504598793283681
8.819965652373028	0.001	0.03532643796590847
10.093738900052346	0.001	0.02087721051775424
11.551469585940843	0.001	0.010029226332089978
13.219724714121972	0.001	0.004299936444870788
15.128908076758211	0.001	0.0017077860534968376
17.313814360331925	0.001	0.0006401917861370311
19.814263275520517	0.001	0.0002547096616355112
22.675825267662994	0.001	0.0001351685703772029
25.950652033822625	0.001	0.00007948711556269352
29.698426982540767	0.001	0.000040928163929131105
33.98745295832107	0.001	0.000019298937227553213
38.895897054520105	0.001	7.83388687991948e-6
44.51321520124173	0.001	3.0347443848537618e-6
50.941782491215115	0.001	1.113757532707013e-6
58.29875895619149	0.001	3.8738831487902544e-7
66.71822479745835	0.001	1.3151753606943871e-7
76.35362398484546	0.001	4.173585617581243e-8
87.38056075858388	0.001	1.3268937654951416e-8
100.00000000000031	0.001	4.769828405313052e-9
111.55639876771902	0.001	2.1288150290227375e-9
138.21730389017998	0.001	3.882166618739882e-10
171.24990861750976	0.001	6.25263746724569e-11
212.17698780180757	0.001	1.1495632177001887e-11
262.885244821937	0.001	1.6654785662608514e-12
325.7122869971341	0.001	8.967878849631905e-14
403.5543872869759	0.001	1.3210800004529864e-15
499.9999999999984	0.001	1.054204978870738e-18
1000	0.001	0
2000	0.001	0
1.	0.0011481536214968829	0.0018509657216712848
1.9999999999999998	0.0011481536214968829	0.0030149686387102763
2.288838595949997	0.0011481536214968829	0.003731227134512784
2.6193910591551774	0.0011481536214968829	0.004776697680609694
2.9976816770403563	0.0011481536214968829	0.006237585573552689
3.4306047603910415	0.0011481536214968829	0.008221320458090368
3.926050291516404	0.0011481536214968829	0.011001634113624571
4.493047718431742	0.0011481536214968829	0.015444426759388253
5.141930515695824	0.0011481536214968829	0.023326876281678115
5.884524511008838	0.0011481536214968829	0.03581997404355527
6.734363409805407	0.0011481536214968829	0.048601359862719656
7.706935445758021	0.0011481536214968829	0.05173414846889612
8.819965652373028	0.0011481536214968829	0.04067857472386183
10.093738900052346	0.0011481536214968829	0.02407004445584303
11.551469585940843	0.0011481536214968829	0.011559198748234606
13.219724714121972	0.0011481536214968829	0.00495256741663099
15.128908076758211	0.0011481536214968829	0.0019659417960279342
17.313814360331925	0.0011481536214968829	0.0007365168167444975
19.814263275520517	0.0011481536214968829	0.000292822457332448
22.675825267662994	0.0011481536214968829	0.00015537899281279445
25.950652033822625	0.0011481536214968829	0.00009134482825420624
29.698426982540767	0.0011481536214968829	0.00004703159303641514
33.98745295832107	0.0011481536214968829	0.00002218234313931201
38.895897054520105	0.0011481536214968829	9.002686494819164e-6
44.51321520124173	0.0011481536214968829	3.485180480138507e-6
50.941782491215115	0.0011481536214968829	1.2781423219093455e-6
58.29875895619149	0.0011481536214968829	4.447922992488851e-7
66.71822479745835	0.0011481536214968829	1.51044773694339e-7
76.35362398484546	0.0011481536214968829	4.793318756355427e-8
87.38056075858388	0.0011481536214968829	1.5238449707779333e-8
100.00000000000031	0.0011481536214968829	5.47615873370008e-9
111.55639876771902	0.0011481536214968829	2.444089779389537e-9
138.21730389017998	0.0011481536214968829	4.457040284696313e-10
171.24990861750976	0.0011481536214968829	7.178354697585957e-11
212.17698780180757	0.0011481536214968829	1.319724596090204e-11
262.885244821937	0.0011481536214968829	1.912009949460522e-12
325.7122869971341	0.0011481536214968829	1.0295564381761599e-13
403.5543872869759	0.0011481536214968829	1.5167111134105468e-15
499.9999999999984	0.0011481536214968829	1.2103863647401683e-18
1000	0.0011481536214968829	0
2000	0.0011481536214968829	0
1.	0.0013182567385564075	0.002119714847183705
1.9999999999999998	0.0013182567385564075	0.003420732220160008
2.288838595949997	0.0013182567385564075	0.004229876505955205
2.6193910591551774	0.0013182567385564075	0.005415042416394476
2.9976816770403563	0.0013182567385564075	0.0070778426393135006
3.4306047603910415	0.0013182567385564075	0.009336588979704259
3.926050291516404	0.0013182567385564075	0.012496673928623924
4.493047718431742	0.0013182567385564075	0.017541039502635095
5.141930515695824	0.0013182567385564075	0.02650234905034901
5.884524511008838	0.0013182567385564075	0.04080818284557573
6.734363409805407	0.0013182567385564075	0.05559427925411334
7.706935445758021	0.0013182567385564075	0.05939683527455265
8.819965652373028	0.0013182567385564075	0.04685703052074799
10.093738900052346	0.0013182567385564075	0.027748344743655604
11.551469585940843	0.0013182567385564075	0.013331066829898455
13.219724714121972	0.0013182567385564075	0.005707760938177343
15.128908076758211	0.0013182567385564075	0.002263769054582237
17.313814360331925	0.0013182567385564075	0.0008475979378370318
19.814263275520517	0.0013182567385564075	0.00033700965189210224
22.675825267662994	0.0013182567385564075	0.0001782479962296101
25.950652033822625	0.0013182567385564075	0.00010498281162745966
29.698426982540767	0.0013182567385564075	0.000054047285881502966
33.98745295832107	0.0013182567385564075	0.000025498249547250237
38.895897054520105	0.0013182567385564075	0.000010345383348944987
44.51321520124173	0.0013182567385564075	4.001875249811111e-6
50.941782491215115	0.0013182567385564075	1.4664304372695073e-6
58.29875895619149	0.0013182567385564075	5.106103491305572e-7
66.71822479745835	0.0013182567385564075	1.7344292925630212e-7
76.35362398484546	0.0013182567385564075	5.504245964599285e-8
87.38056075858388	0.0013182567385564075	1.749743242110003e-8
100.00000000000031	0.0013182567385564075	6.285835668386688e-9
111.55639876771902	0.0013182567385564075	2.8054908082939343e-9
138.21730389017998	0.0013182567385564075	5.116009677181632e-10
171.24990861750976	0.0013182567385564075	8.239459547693354e-11
212.17698780180757	0.0013182567385564075	1.514754273971638e-11
262.885244821937	0.0013182567385564075	2.1945754330031666e-12
325.7122869971341	0.0013182567385564075	1.1817401169492608e-13
403.5543872869759	0.0013182567385564075	1.7409722390689488e-15
499.9999999999984	0.0013182567385564075	1.3894416678833765e-18
1000	0.0013182567385564075	0
2000	0.0013182567385564075	0
1.	0.0015135612484362087	0.0024282418816735187
1.9999999999999998	0.0015135612484362087	0.003875512851015421
2.288838595949997	0.0015135612484362087	0.00478737901613358
2.6193910591551774	0.0015135612484362087	0.006125469687152424
2.9976816770403563	0.0015135612484362087	0.008013095762079089
3.4306047603910415	0.0015135612484362087	0.010588142254091045
3.926050291516404	0.0015135612484362087	0.014178013394096838
4.493047718431742	0.0015135612484362087	0.019892291658352313
5.141930515695824	0.0015135612484362087	0.030076933610726456
5.884524511008838	0.0015135612484362087	0.04641592621367878
6.734363409805407	0.0015135612484362087	0.06356036657616898
7.706935445758021	0.0015135612484362087	0.06817423460721736
8.819965652373028	0.0015135612484362087	0.054001701132919556
10.093738900052346	0.0015135612484362087	0.03201988352764036
11.551469585940843	0.0015135612484362087	0.015380460389922171
13.219724714121972	0.0015135612484362087	0.006580654237697301
15.128908076758211	0.0015135612484362087	0.0026082861849493046
17.313814360331925	0.0015135612484362087	0.0009763214475353782
19.814263275520517	0.0015135612484362087	0.00038777296952314605
22.675825267662994	0.0015135612484362087	0.0002047895207004479
25.950652033822625	0.0015135612484362087	0.00012067633257017547
29.698426982540767	0.0015135612484362087	0.00006211734536180789
33.98745295832107	0.0015135612484362087	0.000029316684251521138
38.895897054520105	0.0015135612484362087	0.000011889920370185527
44.51321520124173	0.0015135612484362087	4.595257829689294e-6
50.941782491215115	0.0015135612484362087	1.682311090371401e-6
58.29875895619149	0.0015135612484362087	5.86158431254978e-7
66.71822479745835	0.0015135612484362087	1.991618282530902e-7
76.35362398484546	0.0015135612484362087	6.3206753310397e-8
87.38056075858388	0.0015135612484362087	2.009124871615332e-8
100.00000000000031	0.0015135612484362087	7.214902228760674e-9
111.55639876771902	0.0015135612484362087	3.220214017552717e-9
138.21730389017998	0.0015135612484362087	5.872153634430608e-10
171.24990861750976	0.0015135612484362087	9.456932840276492e-11
212.17698780180757	0.0015135612484362087	1.7385131827924365e-11
262.885244821937	0.0015135612484362087	2.5187752383458212e-12
325.7122869971341	0.0015135612484362087	1.3563515012734847e-13
403.5543872869759	0.0015135612484362087	1.9982945888237306e-15
499.9999999999984	0.0015135612484362087	1.5949280972871352e-18
1000	0.0015135612484362087	0
2000	0.0015135612484362087	0
1.	0.0017378008287493763	0.0027662212471155547
1.9999999999999998	0.0017378008287493763	0.004387601788348835
2.288838595949997	0.0017378008287493763	0.005406827251049311
2.6193910591551774	0.0017378008287493763	0.006916158789434949
2.9976816770403563	0.0017378008287493763	0.009052535095429151
3.4306047603910415	0.0017378008287493763	0.01198224411909743
3.926050291516404	0.0017378008287493763	0.016056110063019886
4.493047718431742	0.0017378008287493763	0.022524083386047243
5.141930515695824	0.0017378008287493763	0.03407592728730685
5.884524511008838	0.0017378008287493763	0.05274012828353838
6.734363409805407	0.0017378008287493763	0.07261305286842479
7.706935445758021	0.0017378008287493763	0.07827091086642514
8.819965652373028	0.0017378008287493763	0.062223293394579576
10.093738900052346	0.0017378008287493763	0.03696940571324159
11.551469585940843	0.0017378008287493763	0.017756009760501974
13.219724714121972	0.0017378008287493763	0.007597204360459779
15.128908076758211	0.0017378008287493763	0.0030066245287850594
17.313814360331925	0.0017378008287493763	0.0011249766525584155
19.814263275520517	0.0017378008287493763	0.00044622518740380246
22.675825267662994	0.0017378008287493763	0.00023526936869673625
25.950652033822625	0.0017378008287493763	0.00013874048079680598
29.698426982540767	0.0017378008287493763	0.00007140579731161527
33.98745295832107	0.0017378008287493763	0.00003371672966806279
38.895897054520105	0.0017378008287493763	0.000013670418615302198
44.51321520124173	0.0017378008287493763	5.278005275959276e-6
50.941782491215115	0.0017378008287493763	1.9302480192532865e-6
58.29875895619149	0.0017378008287493763	6.730302529587427e-7
66.71822479745835	0.0017378008287493763	2.2874958163634191e-7
76.35362398484546	0.0017378008287493763	7.260009254213563e-8
87.38056075858388	0.0017378008287493763	2.3075082072837415e-8
100.00000000000031	0.0017378008287493763	8.282851193220629e-9
111.55639876771902	0.0017378008287493763	3.696944527670053e-9
138.21730389017998	0.0017378008287493763	6.741307054177677e-10
171.24990861750976	0.0017378008287493763	1.0856279146863134e-10
212.17698780180757	0.0017378008287493763	1.9956787817015508e-11
262.885244821937	0.0017378008287493763	2.891369068978807e-12
325.7122869971341	0.0017378008287493763	1.5570451754587455e-13
403.5543872869759	0.0017378008287493763	2.2940821903871114e-15
499.9999999999984	0.0017378008287493763	1.831168449267061e-18
1000	0.0017378008287493763	0
2000	0.0017378008287493763	0
1.	0.0019952623149688807	0.0031536534838476574
1.9999999999999998	0.0019952623149688807	0.004943174846469305
2.288838595949997	0.0019952623149688807	0.006092000280292237
2.6193910591551774	0.0019952623149688807	0.007788474365827422
2.9976816770403563	0.0019952623149688807	0.010216422710193903
3.4306047603910415	0.0019952623149688807	0.013528157758184462
3.926050291516404	0.0019952623149688807	0.018149221879533984
4.493047718431742	0.0019952623149688807	0.02544829611697644
5.141930515695824	0.0019952623149688807	0.03852645336351901
5.884524511008838	0.0019952623149688807	0.05982208420135426
6.734363409805407	0.0019952623149688807	0.08287491538320857
7.706935445758021	0.0019952623149688807	0.08987737150277539
8.819965652373028	0.0019952623149688807	0.07176385771190558
10.093738900052346	0.0019952623149688807	0.04269466053543391
11.551469585940843	0.0019952623149688807	0.02051868782013195
13.219724714121972	0.0019952623149688807	0.0087730719232294
15.128908076758211	0.0019952623149688807	0.0034678161624154737
17.313814360331925	0.0019952623149688807	0.0012960570680847893
19.814263275520517	0.0019952623149688807	0.0005140990948944617
22.675825267662994	0.0019952623149688807	0.0002705254588461538
25.950652033822625	0.0019952623149688807	0.00015953781320083738
29.698426982540767	0.0019952623149688807	0.000082097523893349
33.98745295832107	0.0019952623149688807	0.000038779820723802825
38.895897054520105	0.0019952623149688807	0.000015716432319791948
44.51321520124173	0.0019952623149688807	6.060855659469001e-6
50.941782491215115	0.0019952623149688807	2.213941761169454e-6
58.29875895619149	0.0019952623149688807	7.725683848316147e-7
66.71822479745835	0.0019952623149688807	2.626636451684173e-7
76.35362398484546	0.0019952623149688807	8.336937190588167e-8
87.38056075858388	0.0019952623149688807	2.6494901417525567e-8
100.00000000000031	0.0019952623149688807	9.5058967808017e-9
111.55639876771902	0.0019952623149688807	4.242919699813235e-9
138.21730389017998	0.0019952623149688807	7.736675393306722e-10
171.24990861750976	0.0019952623149688807	1.2458716060932708e-10
212.17698780180757	0.0019952623149688807	2.2901319491673634e-11
262.885244821937	0.0019952623149688807	3.3180109630663013e-12
325.7122869971341	0.0019952623149688807	1.7868640091741296e-13
403.5543872869759	0.0019952623149688807	2.6328253380025165e-15
499.9999999999984	0.0019952623149688807	2.1017782040428723e-18
1000	0.0019952623149688807	0
2000	0.0019952623149688807	0
1.	0.0022908676527677745	0.0035985164675985245
1.9999999999999998	0.0022908676527677745	0.00556203508598624
2.288838595949997	0.0022908676527677745	0.006840887836981005
2.6193910591551774	0.0022908676527677745	0.008754849951537379
2.9976816770403563	0.0022908676527677745	0.011478204529313892
3.4306047603910415	0.0022908676527677745	0.015233836708117985
3.926050291516404	0.0022908676527677745	0.020463885856619325
4.493047718431742	0.0022908676527677745	0.02870294100317315
5.141930515695824	0.0022908676527677745	0.043452177739104064
5.884524511008838	0.0022908676527677745	0.06771797932484745
6.734363409805407	0.0022908676527677745	0.09447363847753999
7.706935445758021	0.0022908676527677745	0.10319485341481623
8.819965652373028	0.0022908676527677745	0.08286779123049086
10.093738900052346	0.0022908676527677745	0.04937406261744229
11.551469585940843	0.0022908676527677745	0.02372910956416393
13.219724714121972	0.0022908676527677745	0.010126509983860926
15.128908076758211	0.0022908676527677745	0.004002926480560547
17.313814360331925	0.0022908676527677745	0.0014951232326743547
19.814263275520517	0.0022908676527677745	0.0005920136454494466
22.675825267662994	0.0022908676527677745	0.0003107736983223089
25.950652033822625	0.0022908676527677745	0.00018348967413485257
29.698426982540767	0.0022908676527677745	0.00009440808893471317
33.98745295832107	0.0022908676527677745	0.00004460509998039373
38.895897054520105	0.0022908676527677745	0.000018076197181879895
44.51321520124173	0.0022908676527677745	6.9615105437130255e-6
50.941782491215115	0.0022908676527677745	2.5395865555132137e-6
58.29875895619149	0.0022908676527677745	8.869915723406544e-7
66.71822479745835	0.0022908676527677745	3.016681038696049e-7
76.35362398484546	0.0022908676527677745	9.575701699088373e-8
87.38056075858388	0.0022908676527677745	3.042781977902723e-8
100.00000000000031	0.0022908676527677745	1.0911078141103565e-8
111.55639876771902	0.0022908676527677745	4.870226368529731e-9
138.21730389017998	0.0022908676527677745	8.88024731730462e-10
171.24990861750976	0.0022908676527677745	1.4299560033697515e-10
212.17698780180757	0.0022908676527677745	2.628370592991731e-11
262.885244821937	0.0022908676527677745	3.808068153468182e-12
325.7122869971341	0.0022908676527677745	2.050878955003771e-13
403.5543872869759	0.0022908676527677745	3.02201169841974e-15
499.9999999999984	0.0022908676527677745	2.4127481215071066e-18
1000	0.0022908676527677745	0
2000	0.0022908676527677745	0
1.	0.0026302679918953843	0.004098777040146095
1.9999999999999998	0.0026302679918953843	0.006241935977282473
2.288838595949997	0.0026302679918953843	0.007668158172454857
2.6193910591551774	0.0026302679918953843	0.009807712313483971
2.9976816770403563	0.0026302679918953843	0.012858908276288872
3.4306047603910415	0.0026302679918953843	0.017104245682505854
3.926050291516404	0.0026302679918953843	0.0230104897010794
4.493047718431742	0.0026302679918953843	0.0322849414867139
5.141930515695824	0.0026302679918953843	0.04888248703628292
5.884524511008838	0.0026302679918953843	0.07648031312496278
6.734363409805407	0.0026302679918953843	0.10755896064653929
7.706935445758021	0.0026302679918953843	0.11841685909299492
8.819965652373028	0.0026302679918953843	0.09564811332164176
10.093738900052346	0.0026302679918953843	0.05718426103263374
11.551469585940843	0.0026302679918953843	0.02747669764533693
13.219724714121972	0.0026302679918953843	0.011711398867679178
15.128908076758211	0.0026302679918953843	0.00462327561466013
17.313814360331925	0.0026302679918953843	0.0017247026537650831
19.814263275520517	0.0026302679918953843	0.00068207878030834
22.675825267662994	0.0026302679918953843	0.00035747059427850437
25.950652033822625	0.0026302679918953843	0.00021108998072842796
29.698426982540767	0.0026302679918953843	0.0001085875560884436
33.98745295832107	0.0026302679918953843	0.00005136088768633757
38.895897054520105	0.0026302679918953843	0.000020792902269453243
44.51321520124173	0.0026302679918953843	7.995442459611e-6
50.941782491215115	0.0026302679918953843	2.912466970556375e-6
58.29875895619149	0.0026302679918953843	1.0182212458885244e-6
66.71822479745835	0.0026302679918953843	3.4642253256793186e-7
76.35362398484546	0.0026302679918953843	1.0997333999342019e-7
87.38056075858388	0.0026302679918953843	3.493980214653941e-8
100.00000000000031	0.0026302679918953843	1.2521535161443922e-8
111.55639876771902	0.0026302679918953843	5.5891941223942105e-9
138.21730389017998	0.0026302679918953843	1.0190838495252758e-9
171.24990861750976	0.0026302679918953843	1.6409084977255068e-10
212.17698780180757	0.0026302679918953843	3.01591941453942e-11
262.885244821937	0.0026302679918953843	4.369594688956714e-12
325.7122869971341	0.0026302679918953843	2.3534004886078354e-13
403.5543872869759	0.0026302679918953843	3.468050317307396e-15
499.9999999999984	0.0026302679918953843	2.7692261299279995e-18
1000	0.0026302679918953843	0
2000	0.0026302679918953843	0
1.	0.003019951720402019	0.004668882457750129
1.9999999999999998	0.003019951720402019	0.0069864131253085625
2.288838595949997	0.003019951720402019	0.008556936039939953
2.6193910591551774	0.003019951720402019	0.010934414235210105
2.9976816770403563	0.003019951720402019	0.01435832476884779
3.4306047603910415	0.003019951720402019	0.019134872520651488
3.926050291516404	0.003019951720402019	0.025798316997726868
4.493047718431742	0.003019951720402019	0.03619947452974399
5.141930515695824	0.003019951720402019	0.05483094650296334
5.884524511008838	0.003019951720402019	0.08612753266098487
6.734363409805407	0.003019951720402019	0.1222801108039919
7.706935445758021	0.003019951720402019	0.13587701320638768
8.819965652373028	0.003019951720402019	0.11048016586344347
10.093738900052346	0.003019951720402019	0.06626942290818108
11.551469585940843	0.003019951720402019	0.03186223761907771
13.219724714121972	0.003019951720402019	0.013555202065865204
15.128908076758211	0.003019951720402019	0.0053454308429646
17.313814360331925	0.003019951720402019	0.0019917942720180763
19.814263275520517	0.003019951720402019	0.000786311167904791
22.675825267662994	0.003019951720402019	0.000411209938568277
25.950652033822625	0.003019951720402019	0.00024291460609758328
29.698426982540767	0.003019951720402019	0.00012492865850368716
33.98745295832107	0.003019951720402019	0.00005912765627366731
38.895897054520105	0.003019951720402019	0.000023929635047951573
44.51321520124173	0.003019951720402019	9.185395976058178e-6
50.941782491215115	0.003019951720402019	3.340429421673597e-6
58.29875895619149	0.003019951720402019	1.169084675531882e-6
66.71822479745835	0.003019951720402019	3.9789477213057513e-7
76.35362398484546	0.003019951720402019	1.263277443265629e-7
87.38056075858388	0.003019951720402019	4.0128398850119656e-8
100.00000000000031	0.003019951720402019	1.4371409930973072e-8
111.55639876771902	0.003019951720402019	6.415085950001026e-9
138.21730389017998	0.003019951720402019	1.1696205066260053e-9
171.24990861750976	0.003019951720402019	1.8831756252323455e-10
212.17698780180757	0.003019951720402019	3.460946856754542e-11
262.885244821937	0.003019951720402019	5.014416128992351e-12
325.7122869971341	0.003019951720402019	2.700852768231858e-13
403.5543872869759	0.003019951720402019	3.980388511475684e-15
499.9999999999984	0.003019951720402019	3.178803366531286e-18
1000	0.003019951720402019	0
2000	0.003019951720402019	0
1.	0.00346736850452532	0.00530805786357895
1.9999999999999998	0.00346736850452532	0.007799197283297874
2.288838595949997	0.00346736850452532	0.009512488477756017
2.6193910591551774	0.00346736850452532	0.012143406722728168
2.9976816770403563	0.00346736850452532	0.015987815303819358
3.4306047603910415	0.00346736850452532	0.021344464519529857
3.926050291516404	0.00346736850452532	0.028828095853631268
4.493047718431742	0.00346736850452532	0.04046023895138906
5.141930515695824	0.00346736850452532	0.06127250309132097
5.884524511008838	0.00346736850452532	0.09672778735608736
6.734363409805407	0.00346736850452532	0.13869900532089474
7.706935445758021	0.00346736850452532	0.15586985276903434
8.819965652373028	0.00346736850452532	0.1278160516376645
10.093738900052346	0.00346736850452532	0.0769516981217709
11.551469585940843	0.00346736850452532	0.03699821642207419
13.219724714121972	0.00346736850452532	0.01572426930479473
15.128908076758211	0.00346736850452532	0.00618807282044357
17.313814360331925	0.00346736850452532	0.0023026309438852668
19.814263275520517	0.00346736850452532	0.000906669100424485
22.675825267662994	0.00346736850452532	0.0004728683027551357
25.950652033822625	0.00346736850452532	0.000279606708049346
29.698426982540767	0.00346736850452532	0.00014377346106584277
33.98745295832107	0.00346736850452532	0.00006811919971607135
38.895897054520105	0.00346736850452532	0.000027551412238174245
44.51321520124173	0.00346736850452532	0.000010554269546050454
50.941782491215115	0.00346736850452532	3.831246312886233e-6
58.29875895619149	0.00346736850452532	1.3424137602957062e-6
66.71822479745835	0.00346736850452532	4.5705788222270284e-7
76.35362398484546	0.00346736850452532	1.4512957596329388e-7
87.38056075858388	0.00346736850452532	4.609104685075672e-8
100.00000000000031	0.00346736850452532	1.649460084390993e-8
111.55639876771902	0.00346736850452532	7.363038857502362e-9
138.21730389017998	0.00346736850452532	1.342385821037777e-9
171.24990861750976	0.00346736850452532	2.161196746789247e-10
212.17698780180757	0.00346736850452532	3.971536775199346e-11
262.885244821937	0.00346736850452532	5.754259911599209e-12
325.7122869971341	0.00346736850452532	3.0995611908077824e-13
403.5543872869759	0.00346736850452532	4.5684078512157475e-15
499.9999999999984	0.00346736850452532	3.649034057568441e-18
1000	0.00346736850452532	0
2000	0.00346736850452532	0
1.	0.003981071705534978	0.0060330923839204
1.9999999999999998	0.003981071705534978	0.008677562707931852
2.288838595949997	0.003981071705534978	0.010542994118720473
2.6193910591551774	0.003981071705534978	0.013438215873338955
2.9976816770403563	0.003981071705534978	0.01770762850682356
3.4306047603910415	0.003981071705534978	0.023718088024079473
3.926050291516404	0.003981071705534978	0.03211241665142998
4.493047718431742	0.003981071705534978	0.04507646179172715
5.141930515695824	0.003981071705534978	0.06820994911028971
5.884524511008838	0.003981071705534978	0.10827629464201895
6.734363409805407	0.003981071705534978	0.15702713467425142
7.706935445758021	0.003981071705534978	0.17868697425179442
8.819965652373028	0.003981071705534978	0.14775118847583588
10.093738900052346	0.003981071705534978	0.08949780267774506
11.551469585940843	0.003981071705534978	0.043020590324303894
13.219724714121972	0.003981071705534978	0.018238765316269702
15.128908076758211	0.003981071705534978	0.0071732566538497255
17.313814360331925	0.003981071705534978	0.0026644719232465147
19.814263275520517	0.003981071705534978	0.0010464542338562118
22.675825267662994	0.003981071705534978	0.0005434195278920206
25.950652033822625	0.003981071705534978	0.0003219763850540413
29.698426982540767	0.003981071705534978	0.00016551552519672793
33.98745295832107	0.003981071705534978	0.0000785052890950557
38.895897054520105	0.003981071705534978	0.00003171464201991615
44.51321520124173	0.003981071705534978	0.000012121077433691647
50.941782491215115	0.003981071705534978	4.391147732815152e-6
58.29875895619149	0.003981071705534978	1.540500508349398e-6
66.71822479745835	0.003981071705534978	5.247024738332724e-7
76.35362398484546	0.003981071705534978	1.666313511127016e-7
87.38056075858388	0.003981071705534978	5.290666235899221e-8
100.00000000000031	0.003981071705534978	1.8918040503164372e-8
111.55639876771902	0.003981071705534978	8.445112170594378e-9
138.21730389017998	0.003981071705534978	1.5395833411095296e-9
171.24990861750976	0.003981071705534978	2.4784531526113435e-10
212.17698780180757	0.003981071705534978	4.5541199931016374e-11
262.885244821937	0.003981071705534978	6.598419363391017e-12
325.7122869971341	0.003981071705534978	3.554540680122047e-13
403.5543872869759	0.003981071705534978	5.239568261577805e-15
499.9999999999984	0.003981071705534978	4.185974094035212e-18
1000	0.003981071705534978	0
2000	0.003981071705534978	0
1.	0.0045708818961487565	0.006857502595174933
1.9999999999999998	0.0045708818961487565	0.009614022878089433
2.288838595949997	0.0045708818961487565	0.01164499336172177
2.6193910591551774	0.0045708818961487565	0.01479371714092929
2.9976816770403563	0.0045708818961487565	0.019514131387325554
3.4306047603910415	0.0045708818961487565	0.026266396423945605
3.926050291516404	0.0045708818961487565	0.03556581761382447
4.493047718431742	0.0045708818961487565	0.0499035567286084
5.141930515695824	0.0045708818961487565	0.07557115306553314
5.884524511008838	0.0045708818961487565	0.12068033745270476
6.734363409805407	0.0045708818961487565	0.1773391583717353
7.706935445758021	0.0045708818961487565	0.20485795417866556
8.819965652373028	0.0045708818961487565	0.17114120814889566
10.093738900052346	0.0045708818961487565	0.10434660299720179
11.551469585940843	0.0045708818961487565	0.050153254295216644
13.219724714121972	0.0045708818961487565	0.021198343093311003
15.128908076758211	0.0045708818961487565	0.008321784430702774
17.313814360331925	0.0045708818961487565	0.0030848806090610194
19.814263275520517	0.0045708818961487565	0.0012089180835201001
22.675825267662994	0.0045708818961487565	0.0006252013063317588
25.950652033822625	0.0045708818961487565	0.0003709418826784542
29.698426982540767	0.0045708818961487565	0.00019061645582688823
33.98745295832107	0.0045708818961487565	0.00009053103671634786
38.895897054520105	0.0045708818961487565	0.000036536048060051324
44.51321520124173	0.0045708818961487565	0.000013927066106665368
50.941782491215115	0.0045708818961487565	5.034278458042454e-6
58.29875895619149	0.0045708818961487565	1.7684334733240541e-6
66.71822479745835	0.0045708818961487565	6.025729549932776e-7
76.35362398484546	0.0045708818961487565	1.913881142314569e-7
87.38056075858388	0.0045708818961487565	6.074972519602912e-8
100.00000000000031	0.0045708818961487565	2.1702662687652072e-8
111.55639876771902	0.0045708818961487565	9.688448514636515e-9
138.21730389017998	0.0045708818961487565	1.766135396215625e-9
171.24990861750976	0.0045708818961487565	2.8428997550094337e-10
212.17698780180757	0.0045708818961487565	5.223177164326132e-11
262.885244821937	0.0045708818961487565	7.567916596097354e-12
325.7122869971341	0.0045708818961487565	4.077158345606509e-13
403.5543872869759	0.0045708818961487565	6.010695332143019e-15
499.9999999999984	0.0045708818961487565	4.803143477743539e-18
1000	0.0045708818961487565	0
2000	0.0045708818961487565	0
1.	0.005248074602497733	0.0077843461372161206
1.9999999999999998	0.005248074602497733	0.010641906393525396
2.288838595949997	0.005248074602497733	0.012800096771485617
2.6193910591551774	0.005248074602497733	0.01619532318793288
2.9976816770403563	0.005248074602497733	0.02138224003883397
3.4306047603910415	0.005248074602497733	0.028792215971144015
3.926050291516404	0.005248074602497733	0.03922373037070258
4.493047718431742	0.005248074602497733	0.05505456786678297
5.141930515695824	0.005248074602497733	0.08333518174539994
5.884524511008838	0.005248074602497733	0.13378843002921012
6.734363409805407	0.005248074602497733	0.19944326485990826
7.706935445758021	0.005248074602497733	0.2345150339452054
8.819965652373028	0.005248074602497733	0.19844332974169077
10.093738900052346	0.005248074602497733	0.1219054329972541
11.551469585940843	0.005248074602497733	0.058584280342052146
13.219724714121972	0.005248074602497733	0.024690829990202563
15.128908076758211	0.005248074602497733	0.009675206891401686
17.313814360331925	0.005248074602497733	0.0035787709083611365
19.814263275520517	0.005248074602497733	0.0013985533236342677
22.675825267662994	0.005248074602497733	0.0007209603841367176
25.950652033822625	0.005248074602497733	0.00042756968485224494
29.698426982540767	0.005248074602497733	0.00022114146603088752
33.98745295832107	0.005248074602497733	0.00010445537547236755
38.895897054520105	0.005248074602497733	0.0000421284756058608
44.51321520124173	0.005248074602497733	0.00001601063825672361
50.941782491215115	0.005248074602497733	5.7735952968689524e-6
58.29875895619149	0.005248074602497733	2.0309027330642428e-6
66.71822479745835	0.005248074602497733	6.922734348739675e-7
76.35362398484546	0.005248074602497733	2.1990933347902252e-7
87.38056075858388	0.005248074602497733	6.978002839559826e-8
100.00000000000031	0.005248074602497733	2.4903661023255945e-8
111.55639876771902	0.005248074602497733	1.1117701749333836e-8
138.21730389017998	0.005248074602497733	2.0265304800740125e-9
171.24990861750976	0.005248074602497733	3.2616770706939706e-10
212.17698780180757	0.005248074602497733	5.991830804989241e-11
262.885244821937	0.005248074602497733	8.68175530293003e-12
325.7122869971341	0.005248074602497733	4.677699572457904e-13
403.5543872869759	0.005248074602497733	6.897041912287809e-15
499.9999999999984	0.005248074602497733	5.512883910329546e-18
1000	0.005248074602497733	0
2000	0.005248074602497733	0
1.	0.006025595860743587	0.008821134480494581
1.9999999999999998	0.006025595860743587	0.011721994249982829
2.288838595949997	0.006025595860743587	0.014026982263887452
2.6193910591551774	0.006025595860743587	0.017659207991772712
2.9976816770403563	0.006025595860743587	0.023297021395166307
3.4306047603910415	0.006025595860743587	0.03145159660493303
3.926050291516404	0.006025595860743587	0.042979388956487063
4.493047718431742	0.006025595860743587	0.060387701558044606
5.141930515695824	0.006025595860743587	0.09122579711536916
5.884524511008838	0.006025595860743587	0.14756132931602906
6.734363409805407	0.006025595860743587	0.22341502867377463
7.706935445758021	0.006025595860743587	0.26799361302412433
8.819965652373028	0.006025595860743587	0.2303449772280261
10.093738900052346	0.006025595860743587	0.14264091346314045
11.551469585940843	0.006025595860743587	0.06858729180163267
13.219724714121972	0.006025595860743587	0.028807051043454802
15.128908076758211	0.006025595860743587	0.01126786523918345
17.313814360331925	0.006025595860743587	0.0041581423306852935
19.814263275520517	0.006025595860743587	0.001618586127503204
22.675825267662994	0.006025595860743587	0.0008304058143695527
25.950652033822625	0.006025595860743587	0.0004930455927256652
29.698426982540767	0.006025595860743587	0.00025494697495432423
33.98745295832107	0.006025595860743587	0.00012061738727573057
38.895897054520105	0.006025595860743587	0.00004858260886690457
44.51321520124173	0.006025595860743587	0.000018400691244585277
50.941782491215115	0.006025595860743587	6.618386636837212e-6
58.29875895619149	0.006025595860743587	2.3313019446949074e-6
66.71822479745835	0.006025595860743587	7.949693612995244e-7
76.35362398484546	0.006025595860743587	2.525647134686439e-7
87.38056075858388	0.006025595860743587	8.011166419736354e-8
100.00000000000031	0.006025595860743587	2.8559328464266795e-8
111.55639876771902	0.006025595860743587	1.2749944061151288e-8
138.21730389017998	0.006025595860743587	2.3238568757375305e-9
171.24990861750976	0.006025595860743587	3.7397561877617963e-10
212.17698780180757	0.006025595860743587	6.869054897586484e-11
262.885244821937	0.006025595860743587	9.952992871796832e-12
325.7122869971341	0.006025595860743587	5.363250986314074e-13
403.5543872869759	0.006025595860743587	7.90914463860162e-15
499.9999999999984	0.006025595860743587	6.3237940732583145e-18
1000	0.006025595860743587	0
2000	0.006025595860743587	0
1.	0.006918309709189377	0.009989529619383422
1.9999999999999998	0.006918309709189377	0.012837499636612952
2.288838595949997	0.006918309709189377	0.0151992881374101
2.6193910591551774	0.006918309709189377	0.019113516484094772
2.9976816770403563	0.006918309709189377	0.02517023396372885
3.4306047603910415	0.006918309709189377	0.03409542076724353
3.926050291516404	0.006918309709189377	0.04675410856946316
4.493047718431742	0.006918309709189377	0.06581332153926281
5.141930515695824	0.006918309709189377	0.09940734043943439
5.884524511008838	0.006918309709189377	0.16147745895659735
6.734363409805407	0.006918309709189377	0.24879519109382864
7.706935445758021	0.006918309709189377	0.30565872145656964
8.819965652373028	0.006918309709189377	0.26770513608236485
10.093738900052346	0.006918309709189377	0.16727967617974665
11.551469585940843	0.006918309709189377	0.08049820672654623
13.219724714121972	0.006918309709189377	0.03370363228666129
15.128908076758211	0.006918309709189377	0.01314586867229012
17.313814360331925	0.006918309709189377	0.004836702773171854
19.814263275520517	0.006918309709189377	0.0018756234060995866
22.675825267662994	0.006918309709189377	0.0009570009660132444
25.950652033822625	0.006918309709189377	0.0005691246564161124
29.698426982540767	0.006918309709189377	0.0002941300139618728
33.98745295832107	0.006918309709189377	0.00013942269069106263
38.895897054520105	0.006918309709189377	0.00005609014756035083
44.51321520124173	0.006918309709189377	0.00002116259411071933
50.941782491215115	0.006918309709189377	7.590961514059888e-6
58.29875895619149	0.006918309709189377	2.6775979555068623e-6
66.71822479745835	0.006918309709189377	9.133722714998097e-7
76.35362398484546	0.006918309709189377	2.9021204345309137e-7
87.38056075858388	0.006918309709189377	9.201386459071415e-8
100.00000000000031	0.006918309709189377	3.276281946747989e-8
111.55639876771902	0.006918309709189377	1.4626778502921569e-8
138.21730389017998	0.006918309709189377	2.665671388303119e-9
171.24990861750976	0.006918309709189377	4.2892096055897944e-10
212.17698780180757	0.006918309709189377	7.87690838460621e-11
262.885244821937	0.006918309709189377	1.141354934148475e-11
325.7122869971341	0.006918309709189377	6.151119016038936e-13
403.5543872869759	0.006918309709189377	9.072726960391921e-15
499.9999999999984	0.006918309709189377	7.256679456531968e-18
1000	0.006918309709189377	0
2000	0.006918309709189377	0
1.	0.00794328234724283	0.011296702926000553
1.9999999999999998	0.00794328234724283	0.014040102558206072
2.288838595949997	0.00794328234724283	0.016446890835425495
2.6193910591551774	0.00794328234724283	0.020485220736741486
2.9976816770403563	0.00794328234724283	0.026923140855537715
3.4306047603910415	0.00794328234724283	0.03660633857810781
3.926050291516404	0.00794328234724283	0.050531917748444136
4.493047718431742	0.00794328234724283	0.07128692730732425
5.141930515695824	0.00794328234724283	0.10741106275701755
5.884524511008838	0.00794328234724283	0.1754955588810445
6.734363409805407	0.00794328234724283	0.27566830799556713
7.706935445758021	0.00794328234724283	0.34762275612802723
8.819965652373028	0.00794328234724283	0.31170224288521436
10.093738900052346	0.00794328234724283	0.1967373532588339
11.551469585940843	0.00794328234724283	0.09491695890235602
13.219724714121972	0.00794328234724283	0.03955580095481894
15.128908076758211	0.00794328234724283	0.015375269301164882
17.313814360331925	0.00794328234724283	0.005637662017341888
19.814263275520517	0.00794328234724283	0.0021766715376529038
22.675825267662994	0.00794328234724283	0.0011029869450080952
25.950652033822625	0.00794328234724283	0.00066261165656824
29.698426982540767	0.00794328234724283	0.0003395479838280276
33.98745295832107	0.00794328234724283	0.00016129100605237557
38.895897054520105	0.00794328234724283	0.00006472717817929564
44.51321520124173	0.00794328234724283	0.000024315764496872143
50.941782491215115	0.00794328234724283	8.697056109225845e-6
58.29875895619149	0.00794328234724283	3.071854152376077e-6
66.71822479745835	0.00794328234724283	1.0481883602687952e-6
76.35362398484546	0.00794328234724283	3.330688065195667e-7
87.38056075858388	0.00794328234724283	1.0555087566254455e-7
100.00000000000031	0.00794328234724283	3.753354009483614e-8
111.55639876771902	0.00794328234724283	1.6756548512880995e-8
138.21730389017998	0.00794328234724283	3.053476134326447e-9
171.24990861750976	0.00794328234724283	4.912393366738215e-10
212.17698780180757	0.00794328234724283	9.019565851557649e-11
262.885244821937	0.00794328234724283	1.306957153706145e-11
325.7122869971341	0.00794328234724283	7.04469667995824e-13
403.5543872869759	0.00794328234724283	1.0392945631089499e-14
499.9999999999984	0.00794328234724283	8.315995786034152e-18
1000	0.00794328234724283	0
2000	0.00794328234724283	0
1.	0.009120108393559116	0.012763697997460313
1.9999999999999998	0.009120108393559116	0.01532269824917696
2.288838595949997	0.009120108393559116	0.01771778662257721
2.6193910591551774	0.009120108393559116	0.021844717058868056
2.9976816770403563	0.009120108393559116	0.028600338001404324
3.4306047603910415	0.009120108393559116	0.03900134161393441
3.926050291516404	0.009120108393559116	0.0540803067930794
4.493047718431742	0.009120108393559116	0.07671390151541968
5.141930515695824	0.009120108393559116	0.11517004075656258
5.884524511008838	0.009120108393559116	0.1891105891725413
6.734363409805407	0.009120108393559116	0.3036072797695238
7.706935445758021	0.009120108393559116	0.3942835116974168
8.819965652373028	0.009120108393559116	0.3631290514943207
10.093738900052346	0.009120108393559116	0.23201875513922926
11.551469585940843	0.009120108393559116	0.11222647571527711
13.219724714121972	0.009120108393559116	0.0465595211438119
15.128908076758211	0.009120108393559116	0.01803125407041184
17.313814360331925	0.009120108393559116	0.00658732540442094
19.814263275520517	0.009120108393559116	0.002530419101534054
22.675825267662994	0.009120108393559116	0.0012748658399097884
25.950652033822625	0.009120108393559116	0.0007661043105249005
29.698426982540767	0.009120108393559116	0.00039231863524244855
33.98745295832107	0.009120108393559116	0.00018683321888059168
38.895897054520105	0.009120108393559116	0.00007487155333802962
44.51321520124173	0.009120108393559116	0.00002799092467544956
50.941782491215115	0.009120108393559116	9.982196903810609e-6
58.29875895619149	0.009120108393559116	3.530111534618288e-6
66.71822479745835	0.009120108393559116	1.2048569211131964e-6
76.35362398484546	0.009120108393559116	3.8285436248767664e-7
87.38056075858388	0.009120108393559116	1.2126084535039356e-7
100.00000000000031	0.009120108393559116	4.305912594915165e-8
111.55639876771902	0.009120108393559116	1.9223074347623116e-8
138.21730389017998	0.009120108393559116	3.5024780514433705e-9
171.24990861750976	0.009120108393559116	5.633667827119154e-10
212.17698780180757	0.009120108393559116	1.0341568329893616e-10
262.885244821937	0.009120108393559116	1.498558877138039e-11
325.7122869971341	0.009120108393559116	8.078870467077688e-13
403.5543872869759	0.009120108393559116	1.192160235298105e-14
499.9999999999984	0.009120108393559116	9.543576002289464e-18
1000	0.009120108393559116	0
2000	0.009120108393559116	0
1.	0.010471285480509017	0.013199295319170308
1.9999999999999998	0.010471285480509017	0.01671448504412588
2.288838595949997	0.010471285480509017	0.01899517518695578
2.6193910591551774	0.010471285480509017	0.023140705488277596
2.9976816770403563	0.010471285480509017	0.030074926760989995
3.4306047603910415	0.010471285480509017	0.04107373429060139
3.926050291516404	0.010471285480509017	0.05736797717018771
4.493047718431742	0.010471285480509017	0.08167814883221915
5.141930515695824	0.010471285480509017	0.12254297600817342
5.884524511008838	0.010471285480509017	0.2020825448318146
6.734363409805407	0.010471285480509017	0.33098510468078574
7.706935445758021	0.010471285480509017	0.44475592487981047
8.819965652373028	0.010471285480509017	0.4226454468163581
10.093738900052346	0.010471285480509017	0.27473676591016827
11.551469585940843	0.010471285480509017	0.13327172537992799
13.219724714121972	0.010471285480509017	0.055023771284307764
15.128908076758211	0.010471285480509017	0.021206616028054102
17.313814360331925	0.010471285480509017	0.007721360389346275
19.814263275520517	0.010471285480509017	0.0029461556668569176
22.675825267662994	0.010471285480509017	0.0014738233279963544
25.950652033822625	0.010471285480509017	0.0008861873166902697
29.698426982540767	0.010471285480509017	0.00045389684571258
33.98745295832107	0.010471285480509017	0.00021664328184777974
38.895897054520105	0.010471285480509017	0.00008662065177026277
44.51321520124173	0.010471285480509017	0.00003221034387643257
50.941782491215115	0.010471285480509017	0.000011453246992355447
58.29875895619149	0.010471285480509017	4.05463892483685e-6
66.71822479745835	0.010471285480509017	1.384097370081006e-6
76.35362398484546	0.010471285480509017	4.3977807219044835e-7
87.38056075858388	0.010471285480509017	1.3920420894792478e-7
100.00000000000031	0.010471285480509017	4.9355482425678905e-8
111.55639876771902	0.010471285480509017	2.203301228183607e-8
138.21730389017998	0.010471285480509017	4.013846388460637e-9
171.24990861750976	0.010471285480509017	6.45476855154058e-10
212.17698780180757	0.010471285480509017	1.1845812388653845e-10
262.885244821937	0.010471285480509017	1.716584380645191e-11
325.7122869971341	0.010471285480509017	9.25615319068265e-13
403.5543872869759	0.010471285480509017	1.3662757964987272e-14
499.9999999999984	0.010471285480509017	1.0943188385323357e-17
1000	0.010471285480509017	0
2000	0.010471285480509017	0
1.	0.012022644346174156	0.01387693383225694
1.9999999999999998	0.012022644346174156	0.01818963997180699
2.288838595949997	0.012022644346174156	0.020338626032523604
2.6193910591551774	0.012022644346174156	0.024377749207008283
2.9976816770403563	0.012022644346174156	0.031352268542960006
3.4306047603910415	0.012022644346174156	0.04279939632771618
3.926050291516404	0.012022644346174156	0.06015006778196083
4.493047718431742	0.012022644346174156	0.08622728612914835
5.141930515695824	0.012022644346174156	0.12917319193023163
5.884524511008838	0.012022644346174156	0.21306598492736475
6.734363409805407	0.012022644346174156	0.3580140666451769
7.706935445758021	0.012022644346174156	0.49868774333352733
8.819965652373028	0.012022644346174156	0.49115698814928743
10.093738900052346	0.012022644346174156	0.3263111123635893
11.551469585940843	0.012022644346174156	0.15943128096409637
13.219724714121972	0.012022644346174156	0.06533879327205583
15.128908076758211	0.012022644346174156	0.025031456572859646
17.313814360331925	0.012022644346174156	0.009068137702793438
19.814263275520517	0.012022644346174156	0.0034399872027388607
22.675825267662994	0.012022644346174156	0.0017231314359835827
25.950652033822625	0.012022644346174156	0.0010263042645606891
29.698426982540767	0.012022644346174156	0.000525348359892726
33.98745295832107	0.012022644346174156	0.0002516660239625908
38.895897054520105	0.012022644346174156	0.00010040049158465798
44.51321520124173	0.012022644346174156	0.00003711579128999202
50.941782491215115	0.012022644346174156	0.000013160035500038148
58.29875895619149	0.012022644346174156	4.662711336055883e-6
66.71822479745835	0.012022644346174156	1.5916852260676948e-6
76.35362398484546	0.012022644346174156	5.056535636037829e-7
87.38056075858388	0.012022644346174156	1.599451137133899e-7
100.00000000000031	0.012022644346174156	5.661729120680715e-8
111.55639876771902	0.012022644346174156	2.5272737127417002e-8
138.21730389017998	0.012022644346174156	4.603244270024621e-9
171.24990861750976	0.012022644346174156	7.400736222340196e-10
212.17698780180757	0.012022644346174156	1.3577816382629545e-10
262.885244821937	0.012022644346174156	1.967641369137567e-11
325.7122869971341	0.012022644346174156	1.0612300360247063e-12
403.5543872869759	0.012022644346174156	1.5669748476150894e-14
499.9999999999984	0.012022644346174156	1.2558270594839021e-17
1000	0.012022644346174156	0
2000	0.012022644346174156	0
1.	0.01380384264602888	0.015235848768406309
1.9999999999999998	0.01380384264602888	0.019795135991905456
2.288838595949997	0.01380384264602888	0.021803819070982625
2.6193910591551774	0.01380384264602888	0.025569840927658356
2.9976816770403563	0.01380384264602888	0.032324261280364024
3.4306047603910415	0.01380384264602888	0.04398899138094205
3.926050291516404	0.01380384264602888	0.06233403957827603
4.493047718431742	0.01380384264602888	0.08988484504747166
5.141930515695824	0.01380384264602888	0.1345421417226181
5.884524511008838	0.01380384264602888	0.22172305001921538
6.734363409805407	0.01380384264602888	0.381046992905738
7.706935445758021	0.01380384264602888	0.5550023691729307
8.819965652373028	0.01380384264602888	0.5698308238364983
10.093738900052346	0.01380384264602888	0.3891943300992351
11.551469585940843	0.01380384264602888	0.19153196132491135
13.219724714121972	0.01380384264602888	0.07799280385144632
15.128908076758211	0.01380384264602888	0.02967394804783416
17.313814360331925	0.01380384264602888	0.010675802542634947
19.814263275520517	0.01380384264602888	0.004024062190742477
22.675825267662994	0.01380384264602888	0.001996760289109031
25.950652033822625	0.01380384264602888	0.0011893057958530548
29.698426982540767	0.01380384264602888	0.0006089590435545827
33.98745295832107	0.01380384264602888	0.0002927254749872774
38.895897054520105	0.01380384264602888	0.00011649949705185697
44.51321520124173	0.01380384264602888	0.0000427948199039242
50.941782491215115	0.01380384264602888	0.000015133722476140583
58.29875895619149	0.01380384264602888	5.3647206512195206e-6
66.71822479745835	0.01380384264602888	1.830982625345574e-6
76.35362398484546	0.01380384264602888	5.815123353129668e-7
87.38056075858388	0.01380384264602888	1.8379699513538432e-7
100.00000000000031	0.01380384264602888	6.494897062857089e-8
111.55639876771902	0.01380384264602888	2.898803678689164e-8
138.21730389017998	0.01380384264602888	5.278898966555072e-9
171.24990861750976	0.01380384264602888	8.484549073149177e-10
212.17698780180757	0.01380384264602888	1.5560889999744495e-10
262.885244821937	0.01380384264602888	2.2551186671631022e-11
325.7122869971341	0.01380384264602888	1.216607021298367e-12
403.5543872869759	0.01380384264602888	1.7970695821902444e-14
499.9999999999984	0.01380384264602888	1.4412418210020333e-17
1000	0.01380384264602888	0
2000	0.01380384264602888	0
1.	0.015848931924611172	0.017574533565640333
1.9999999999999998	0.015848931924611172	0.021521126006301374
2.288838595949997	0.015848931924611172	0.02318661338560837
2.6193910591551774	0.015848931924611172	0.026625631975822617
2.9976816770403563	0.015848931924611172	0.033096051735818914
3.4306047603910415	0.015848931924611172	0.044713878436882626
3.926050291516404	0.015848931924611172	0.06355271607799783
4.493047718431742	0.015848931924611172	0.09256599527359259
5.141930515695824	0.015848931924611172	0.13843509709686003
5.884524511008838	0.015848931924611172	0.23152086972580982
6.734363409805407	0.015848931924611172	0.3994149029388647
7.706935445758021	0.015848931924611172	0.6117687172537444
8.819965652373028	0.015848931924611172	0.660070187403495
10.093738900052346	0.015848931924611172	0.46615102307449496
11.551469585940843	0.015848931924611172	0.2316855772390195
13.219724714121972	0.015848931924611172	0.09378591111686513
15.128908076758211	0.015848931924611172	0.03534591172552618
17.313814360331925	0.015848931924611172	0.012629687103079636
19.814263275520517	0.015848931924611172	0.0047192175899556385
22.675825267662994	0.015848931924611172	0.0023093878703276264
25.950652033822625	0.015848931924611172	0.0013796466432271532
29.698426982540767	0.015848931924611172	0.0007064512535514962
33.98745295832107	0.015848931924611172	0.00034099578091482393
38.895897054520105	0.015848931924611172	0.0001352644232860399
44.51321520124173	0.015848931924611172	0.00004935397158431498
50.941782491215115	0.015848931924611172	0.00001741305558180311
58.29875895619149	0.015848931924611172	6.173482580118457e-6
66.71822479745835	0.015848931924611172	2.1060397677746787e-6
76.35362398484546	0.015848931924611172	6.686038069677687e-7
87.38056075858388	0.015848931924611172	2.1113793334680262e-7
100.00000000000031	0.015848931924611172	7.447613859200633e-8
111.55639876771902	0.015848931924611172	3.323374150198467e-8
138.21730389017998	0.015848931924611172	6.050670233783571e-9
171.24990861750976	0.015848931924611172	9.721825172631254e-10
212.17698780180757	0.015848931924611172	1.7823039644417946e-10
262.885244821937	0.015848931924611172	2.5830731503423263e-11
325.7122869971341	0.015848931924611172	1.3939595068854399e-12
403.5543872869759	0.015848931924611172	2.0599330567014986e-14
499.9999999999984	0.015848931924611172	1.6533717242363147e-17
1000	0.015848931924611172	0
2000	0.015848931924611172	0
1.	0.01819700858609988	0.020043310115100826
1.9999999999999998	0.01819700858609988	0.02343390663129717
2.288838595949997	0.01819700858609988	0.024766598803992453
2.6193910591551774	0.01819700858609988	0.027645020084211706
2.9976816770403563	0.01819700858609988	0.03359114312405702
3.4306047603910415	0.01819700858609988	0.044524681741522486
3.926050291516404	0.01819700858609988	0.06363811183359967
4.493047718431742	0.01819700858609988	0.09345017916643723
5.141930515695824	0.01819700858609988	0.14082206248155493
5.884524511008838	0.01819700858609988	0.22994195777317675
6.734363409805407	0.01819700858609988	0.4110678987814457
7.706935445758021	0.01819700858609988	0.6641099565108662
8.819965652373028	0.01819700858609988	0.761280970920777
10.093738900052346	0.01819700858609988	0.5602849399417379
11.551469585940843	0.01819700858609988	0.282095030160332
13.219724714121972	0.01819700858609988	0.11346916032511056
15.128908076758211	0.01819700858609988	0.04238462672418351
17.313814360331925	0.01819700858609988	0.015022554970047081
19.814263275520517	0.01819700858609988	0.005558282222800384
22.675825267662994	0.01819700858609988	0.002680373074312803
25.950652033822625	0.01819700858609988	0.0016021665695653978
29.698426982540767	0.01819700858609988	0.0008206497440564719
33.98745295832107	0.01819700858609988	0.00039782383081167017
38.895897054520105	0.01819700858609988	0.00015731722690033654
44.51321520124173	0.01819700858609988	0.00005699895904643165
50.941782491215115	0.01819700858609988	0.00002007345866354137
58.29875895619149	0.01819700858609988	7.114349750805051e-6
66.71822479745835	0.01819700858609988	2.4249870790624135e-6
76.35362398484546	0.01819700858609988	7.694556227884613e-7
87.38056075858388	0.01819700858609988	2.427462536887704e-7
100.00000000000031	0.01819700858609988	8.546473676723997e-8
111.55639876771902	0.01819700858609988	3.812655299702828e-8
138.21730389017998	0.01819700858609988	6.939627062220351e-9
171.24990861750976	0.01819700858609988	1.1145914777101024e-9
212.17698780180757	0.01819700858609988	2.0424611042916925e-10
262.885244821937	0.01819700858609988	2.9602770035683405e-11
325.7122869971341	0.01819700858609988	1.5980812990666542e-12
403.5543872869759	0.01819700858609988	2.3627446527409075e-14
499.9999999999984	0.01819700858609988	1.8981543154784194e-17
1000	0.01819700858609988	0
2000	0.01819700858609988	0
1.	0.02089296130854045	0.023219354418418152
1.9999999999999998	0.02089296130854045	0.02551607011744916
2.288838595949997	0.02089296130854045	0.02642517177755482
2.6193910591551774	0.02089296130854045	0.028723898820986665
2.9976816770403563	0.02089296130854045	0.033833035626579
3.4306047603910415	0.02089296130854045	0.04392618744635733
3.926050291516404	0.02089296130854045	0.06254103149593557
4.493047718431742	0.02089296130854045	0.09317658065068975
5.141930515695824	0.02089296130854045	0.14100805829343654
5.884524511008838	0.02089296130854045	0.22879400337238462
6.734363409805407	0.02089296130854045	0.4147179776633829
7.706935445758021	0.02089296130854045	0.7085159869344116
8.819965652373028	0.02089296130854045	0.8713277846800355
10.093738900052346	0.02089296130854045	0.6744307859518073
11.551469585940843	0.02089296130854045	0.353061686559377
13.219724714121972	0.02089296130854045	0.13874750308849115
15.128908076758211	0.02089296130854045	0.051136051726458576
17.313814360331925	0.02089296130854045	0.017950292619238542
19.814263275520517	0.02089296130854045	0.006569222647240077
22.675825267662994	0.02089296130854045	0.0031179039084421184
25.950652033822625	0.02089296130854045	0.0018461851247470367
29.698426982540767	0.02089296130854045	0.0009475271026928751
33.98745295832107	0.02089296130854045	0.0004585164923961222
38.895897054520105	0.02089296130854045	0.00018324579306570052
44.51321520124173	0.02089296130854045	0.00006592280472735292
50.941782491215115	0.02089296130854045	0.000023187087857261827
58.29875895619149	0.02089296130854045	8.211028090176527e-6
66.71822479745835	0.02089296130854045	2.795137729078517e-6
76.35362398484546	0.02089296130854045	8.863416070273112e-7
87.38056075858388	0.02089296130854045	2.793077683350808e-7
100.00000000000031	0.02089296130854045	9.814415475332529e-8
111.55639876771902	0.02089296130854045	4.376643186590886e-8
138.21730389017998	0.02089296130854045	7.963700892481729e-9
171.24990861750976	0.02089296130854045	1.2785206182372656e-9
212.17698780180757	0.02089296130854045	2.3416491249943934e-10
262.885244821937	0.02089296130854045	3.394117911972926e-11
325.7122869971341	0.02089296130854045	1.833026321788398e-12
403.5543872869759	0.02089296130854045	2.711651271396924e-14
499.9999999999984	0.02089296130854045	2.1807447564844065e-17
1000	0.02089296130854045	0
2000	0.02089296130854045	0
1.	0.023988329190194974	0.02804542232713169
1.9999999999999998	0.023988329190194974	0.027680420145669734
2.288838595949997	0.023988329190194974	0.028257614652512638
2.6193910591551774	0.023988329190194974	0.02997202456238567
2.9976816770403563	0.023988329190194974	0.03418233905205714
3.4306047603910415	0.023988329190194974	0.04307475832918266
3.926050291516404	0.023988329190194974	0.06031879304661932
4.493047718431742	0.023988329190194974	0.0905960441429892
5.141930515695824	0.023988329190194974	0.1389060258825644
5.884524511008838	0.023988329190194974	0.2248099080498147
6.734363409805407	0.023988329190194974	0.40857100936191415
7.706935445758021	0.023988329190194974	0.7350765654343142
8.819965652373028	0.023988329190194974	0.9830229157995973
10.093738900052346	0.023988329190194974	0.8126481041124294
11.551469585940843	0.023988329190194974	0.4278209250920293
13.219724714121972	0.023988329190194974	0.17119493874908903
15.128908076758211	0.023988329190194974	0.062146965598065915
17.313814360331925	0.023988329190194974	0.02159245838495892
19.814263275520517	0.023988329190194974	0.0077976949805254325
22.675825267662994	0.023988329190194974	0.003638933134131497
25.950652033822625	0.023988329190194974	0.002149524758189156
29.698426982540767	0.023988329190194974	0.001104347780067883
33.98745295832107	0.023988329190194974	0.0005361518344560128
38.895897054520105	0.023988329190194974	0.00021385446045208112
44.51321520124173	0.023988329190194974	0.00007640010287800156
50.941782491215115	0.023988329190194974	0.00002685628615991452
58.29875895619149	0.023988329190194974	9.497217384409651e-6
66.71822479745835	0.023988329190194974	3.2268492320121838e-6
76.35362398484546	0.023988329190194974	1.022493888033057e-6
87.38056075858388	0.023988329190194974	3.217968442707506e-7
100.00000000000031	0.023988329190194974	1.1284480971201526e-7
111.55639876771902	0.023988329190194974	5.029617114798112e-8
138.21730389017998	0.023988329190194974	9.148627872739001e-9
171.24990861750976	0.023988329190194974	1.46802294531881e-9
212.17698780180757	0.023988329190194974	2.6871333594529964e-10
262.885244821937	0.023988329190194974	3.895169773182505e-11
325.7122869971341	0.023988329190194974	2.10458714381463e-12
403.5543872869759	0.023988329190194974	3.1154265134450866e-14
499.9999999999984	0.023988329190194974	2.5084777257788852e-17
1000	0.023988329190194974	0
2000	0.023988329190194974	0
1.	0.027542287033381744	0.030763790082032904
1.9999999999999998	0.027542287033381744	0.030133191051063237
2.288838595949997	0.027542287033381744	0.030383191029583825
2.6193910591551774	0.027542287033381744	0.03152730332904105
2.9976816770403563	0.027542287033381744	0.03474302675943156
3.4306047603910415	0.027542287033381744	0.042179051215311326
3.926050291516404	0.027542287033381744	0.05757692485042813
4.493047718431742	0.027542287033381744	0.08645369891472857
5.141930515695824	0.027542287033381744	0.13479407181796832
5.884524511008838	0.027542287033381744	0.2166079614005741
6.734363409805407	0.027542287033381744	0.3920913028971844
7.706935445758021	0.027542287033381744	0.7465642982035121
8.819965652373028	0.027542287033381744	1.090688262993797
10.093738900052346	0.027542287033381744	0.9798555700432333
11.551469585940843	0.027542287033381744	0.5369198433576352
13.219724714121972	0.027542287033381744	0.21385206261213696
15.128908076758211	0.027542287033381744	0.07621086371053742
17.313814360331925	0.027542287033381744	0.026171486423856437
19.814263275520517	0.027542287033381744	0.009304382232779752
22.675825267662994	0.027542287033381744	0.00420215487216141
25.950652033822625	0.027542287033381744	0.0025078335093373766
29.698426982540767	0.027542287033381744	0.001269275247646284
33.98745295832107	0.027542287033381744	0.0006095119685777303
38.895897054520105	0.027542287033381744	0.00024636809928870514
44.51321520124173	0.027542287033381744	0.0000874430615845556
50.941782491215115	0.027542287033381744	0.00003074000946188297
58.29875895619149	0.027542287033381744	0.000010848953390600643
66.71822479745835	0.027542287033381744	3.6766999478485743e-6
76.35362398484546	0.027542287033381744	1.1640979550855051e-6
87.38056075858388	0.027542287033381744	3.658168109243716e-7
100.00000000000031	0.027542287033381744	1.2801017031306716e-7
111.55639876771902	0.027542287033381744	5.701734373798944e-8
138.21730389017998	0.027542287033381744	1.036699316674737e-8
171.24990861750976	0.027542287033381744	1.662590747325411e-9
212.17698780180757	0.027542287033381744	3.041198515802034e-10
262.885244821937	0.027542287033381744	4.4087479449936285e-11
325.7122869971341	0.027542287033381744	2.3833526257953308e-12
403.5543872869759	0.027542287033381744	3.530723238455411e-14
499.9999999999984	0.027542287033381744	2.846791048101145e-17
1000	0.027542287033381744	0
2000	0.027542287033381744	0
1.	0.03162277660168389	0.033038586955890334
1.9999999999999998	0.03162277660168389	0.032722385153064554
2.288838595949997	0.03162277660168389	0.03284528528445875
2.6193910591551774	0.03162277660168389	0.03349959478912886
2.9976816770403563	0.03162277660168389	0.03567781684350642
3.4306047603910415	0.03162277660168389	0.041409738703507316
3.926050291516404	0.03162277660168389	0.0553864255216925
4.493047718431742	0.03162277660168389	0.0805954321528029
5.141930515695824	0.03162277660168389	0.12675210120683075
5.884524511008838	0.03162277660168389	0.20608491447310598
6.734363409805407	0.03162277660168389	0.36699726526851983
7.706935445758021	0.03162277660168389	0.6868448447018277
8.819965652373028	0.03162277660168389	1.1839075238724486
10.093738900052346	0.03162277660168389	1.1725556708437561
11.551469585940843	0.03162277660168389	0.6769965361134588
13.219724714121972	0.03162277660168389	0.2705153956980903
15.128908076758211	0.03162277660168389	0.09443216467192425
17.313814360331925	0.03162277660168389	0.03198524712714078
19.814263275520517	0.03162277660168389	0.011171494988737278
22.675825267662994	0.03162277660168389	0.004938659406033913
25.950652033822625	0.03162277660168389	0.0028169293044672783
29.698426982540767	0.03162277660168389	0.0014516143185514356
33.98745295832107	0.03162277660168389	0.0007147154789921684
38.895897054520105	0.03162277660168389	0.00027770808252975
44.51321520124173	0.03162277660168389	0.00009800228642564719
50.941782491215115	0.03162277660168389	0.00003447263412780623
58.29875895619149	0.03162277660168389	0.000012133527898992322
66.71822479745835	0.03162277660168389	4.0986829975348025e-6
76.35362398484546	0.03162277660168389	1.2965842156902487e-6
87.38056075858388	0.03162277660168389	4.0673552938896333e-7
100.00000000000031	0.03162277660168389	1.4201400087871486e-7
111.55639876771902	0.03162277660168389	6.320056940699642e-8
138.21730389017998	0.03162277660168389	1.1486011962083225e-8
171.24990861750976	0.03162277660168389	1.840859254346424e-9
212.17698780180757	0.03162277660168389	3.364646720396916e-10
262.885244821937	0.03162277660168389	4.878110386431668e-11
325.7122869971341	0.03162277660168389	2.638687595989525e-12
403.5543872869759	0.03162277660168389	3.9123388192843805e-14
499.9999999999984	0.03162277660168389	3.1594668844676506e-17
1000	0.03162277660168389	0
2000	0.03162277660168389	0
1.	0.03630780547701025	0.03517419611281032
1.9999999999999998	0.03630780547701025	0.030575301027874896
2.288838595949997	0.03630780547701025	0.03355708672019702
2.6193910591551774	0.03630780547701025	0.035650607184267886
2.9976816770403563	0.03630780547701025	0.03719081844942228
3.4306047603910415	0.03630780547701025	0.04132770185496527
3.926050291516404	0.03630780547701025	0.05176620967602212
4.493047718431742	0.03630780547701025	0.07378850528449589
5.141930515695824	0.03630780547701025	0.11706603937147267
5.884524511008838	0.03630780547701025	0.19173474581998498
6.734363409805407	0.03630780547701025	0.335696180890682
7.706935445758021	0.03630780547701025	0.6823163080854677
8.819965652373028	0.03630780547701025	1.2382778303012691
10.093738900052346	0.03630780547701025	1.3856061861919022
11.551469585940843	0.03630780547701025	0.8596052211069047
13.219724714121972	0.03630780547701025	0.34666615748764873
15.128908076758211	0.03630780547701025	0.11858974096806679
17.313814360331925	0.03630780547701025	0.03946196029594888
19.814263275520517	0.03630780547701025	0.01338708595861028
22.675825267662994	0.03630780547701025	0.005761501679626337
25.950652033822625	0.03630780547701025	0.0032779969415492774
29.698426982540767	0.03630780547701025	0.0016714951224953904
33.98745295832107	0.03630780547701025	0.0008399912700465903
38.895897054520105	0.03630780547701025	0.00032180437330390816
44.51321520124173	0.03630780547701025	0.00011304469460888237
50.941782491215115	0.03630780547701025	0.000039798218644454844
58.29875895619149	0.03630780547701025	0.000013958110344484759
66.71822479745835	0.03630780547701025	4.696790566436938e-6
76.35362398484546	0.03630780547701025	1.4843854062716675e-6
87.38056075858388	0.03630780547701025	4.646771182972662e-7
100.00000000000031	0.03630780547701025	1.6186597840591045e-7
111.55639876771902	0.03630780547701025	7.195771903086079e-8
138.21730389017998	0.03630780547701025	1.3070789407838935e-8
171.24990861750976	0.03630780547701025	2.0933118740685924e-9
212.17698780180757	0.03630780547701025	3.822609248179221e-10
262.885244821937	0.03630780547701025	5.5426721677920656e-11
325.7122869971341	0.03630780547701025	3.000258439574612e-12
403.5543872869759	0.03630780547701025	4.452800421118992e-14
499.9999999999984	0.03630780547701025	3.602448069487425e-17
1000	0.03630780547701025	0
2000	0.03630780547701025	0
1.	0.04168693834703368	0.03135653636017292
1.9999999999999998	0.04168693834703368	0.03158485287409035
2.288838595949997	0.04168693834703368	0.03475012164058035
2.6193910591551774	0.04168693834703368	0.03847122264650652
2.9976816770403563	0.04168693834703368	0.039571832774642074
3.4306047603910415	0.04168693834703368	0.04285848264473141
3.926050291516404	0.04168693834703368	0.05014911033473453
4.493047718431742	0.04168693834703368	0.06779860060699419
5.141930515695824	0.04168693834703368	0.10480697535757588
5.884524511008838	0.04168693834703368	0.17372756060586458
6.734363409805407	0.04168693834703368	0.3019618828602489
7.706935445758021	0.04168693834703368	0.6147420128255144
8.819965652373028	0.04168693834703368	1.240197130091903
10.093738900052346	0.04168693834703368	1.6043377405505614
11.551469585940843	0.04168693834703368	1.1018323661280478
13.219724714121972	0.04168693834703368	0.45461600515481304
15.128908076758211	0.04168693834703368	0.15146590695579015
17.313814360331925	0.04168693834703368	0.0493289925107574
19.814263275520517	0.04168693834703368	0.016326609228963264
22.675825267662994	0.04168693834703368	0.006588126746989777
25.950652033822625	0.04168693834703368	0.003833705118449429
29.698426982540767	0.04168693834703368	0.0020187158218542105
33.98745295832107	0.04168693834703368	0.0009874915382680352
38.895897054520105	0.04168693834703368	0.0003830408072408829
44.51321520124173	0.04168693834703368	0.00013415254746551776
50.941782491215115	0.04168693834703368	0.00004725968696290666
58.29875895619149	0.04168693834703368	0.000016496817377245257
66.71822479745835	0.04168693834703368	5.527461443618175e-6
76.35362398484546	0.04168693834703368	1.744999678239366e-6
87.38056075858388	0.04168693834703368	5.448972362725432e-7
100.00000000000031	0.04168693834703368	1.893346973162341e-7
111.55639876771902	0.04168693834703368	8.405732677826438e-8
138.21730389017998	0.04168693834703368	1.525984496425786e-8
171.24990861750976	0.04168693834703368	2.441830586346685e-9
212.17698780180757	0.04168693834703368	4.4544402977653315e-10
262.885244821937	0.04168693834703368	6.459569373277217e-11
325.7122869971341	0.04168693834703368	3.4993850739728603e-12
403.5543872869759	0.04168693834703368	5.199444082743275e-14
499.9999999999984	0.04168693834703368	4.2152331104811344e-17
1000	0.04168693834703368	0
2000	0.04168693834703368	0
1.	0.047863009232264	0.037212602990841594
1.9999999999999998	0.047863009232264	0.04010060276117746
2.288838595949997	0.047863009232264	0.04071360028029224
2.6193910591551774	0.047863009232264	0.04162230724383845
2.9976816770403563	0.047863009232264	0.042799912525292465
3.4306047603910415	0.047863009232264	0.04488685677721501
3.926050291516404	0.047863009232264	0.05035210837805928
4.493047718431742	0.047863009232264	0.06322904441537995
5.141930515695824	0.047863009232264	0.09312962842057686
5.884524511008838	0.047863009232264	0.15438957233579165
6.734363409805407	0.047863009232264	0.2675378785160266
7.706935445758021	0.047863009232264	0.5305856638531355
8.819965652373028	0.047863009232264	1.1714573149481737
10.093738900052346	0.047863009232264	1.7895698816529408
11.551469585940843	0.047863009232264	1.4049185105943665
13.219724714121972	0.047863009232264	0.604302013296832
15.128908076758211	0.047863009232264	0.19728958738979424
17.313814360331925	0.047863009232264	0.06254318047833973
19.814263275520517	0.047863009232264	0.02027552727422594
22.675825267662994	0.047863009232264	0.007876477478311779
25.950652033822625	0.047863009232264	0.004602699118632329
29.698426982540767	0.047863009232264	0.002390653015754995
33.98745295832107	0.047863009232264	0.0011852535015781118
38.895897054520105	0.047863009232264	0.00045463456866852333
44.51321520124173	0.047863009232264	0.00015906799558055256
50.941782491215115	0.047863009232264	0.00005602264878937336
58.29875895619149	0.047863009232264	0.000019433011077467982
66.71822479745835	0.047863009232264	6.483593065151397e-6
76.35362398484546	0.047863009232264	2.044036398247981e-6
87.38056075858388	0.047863009232264	6.36358946326404e-7
100.00000000000031	0.047863009232264	2.2051351377327463e-7
111.55639876771902	0.047863009232264	9.774339087998743e-8
138.21730389017998	0.047863009232264	1.7732968807193445e-8
171.24990861750976	0.047863009232264	2.834843610788932e-9
212.17698780180757	0.047863009232264	5.165256913332863e-10
262.885244821937	0.047863009232264	7.49137956570833e-11
325.7122869971341	0.047863009232264	4.062083372659847e-12
403.5543872869759	0.047863009232264	6.043310172418185e-14
499.9999999999984	0.047863009232264	4.9109605881578194e-17
1000	0.047863009232264	0
2000	0.047863009232264	0
1.	0.05495408738576265	0.03950979591354994
1.9999999999999998	0.05495408738576265	0.0422213962273449
2.288838595949997	0.05495408738576265	0.04321759070315631
2.6193910591551774	0.05495408738576265	0.04465369896769822
2.9976816770403563	0.05495408738576265	0.0462110014936875
3.4306047603910415	0.05495408738576265	0.048163028175535846
3.926050291516404	0.05495408738576265	0.0517020020370398
4.493047718431742	0.05495408738576265	0.060334570411969185
5.141930515695824	0.05495408738576265	0.08228335429397443
5.884524511008838	0.05495408738576265	0.13268257618364349
6.734363409805407	0.05495408738576265	0.23395681863235107
7.706935445758021	0.05495408738576265	0.45041512901019487
8.819965652373028	0.05495408738576265	1.0318779770288447
10.093738900052346	0.05495408738576265	1.9018764841884108
11.551469585940843	0.05495408738576265	1.7776119296630781
13.219724714121972	0.05495408738576265	0.820923391845134
15.128908076758211	0.05495408738576265	0.2629582082661732
17.313814360331925	0.05495408738576265	0.08038225166417852
19.814263275520517	0.05495408738576265	0.025254900806503715
22.675825267662994	0.05495408738576265	0.009979371695130582
25.950652033822625	0.05495408738576265	0.00549968401809308
29.698426982540767	0.05495408738576265	0.0028507300610715785
33.98745295832107	0.05495408738576265	0.0014009755170461932
38.895897054520105	0.05495408738576265	0.0005546683299021379
44.51321520124173	0.05495408738576265	0.00019434503747493986
50.941782491215115	0.05495408738576265	0.00006831211432406837
58.29875895619149	0.05495408738576265	0.000023499944043459352
66.71822479745835	0.05495408738576265	7.810933012011644e-6
76.35362398484546	0.05495408738576265	2.458040296430891e-6
87.38056075858388	0.05495408738576265	7.624857985257994e-7
100.00000000000031	0.05495408738576265	2.6342914748332547e-7
111.55639876771902	0.05495408738576265	1.1654532568978539e-7
138.21730389017998	0.05495408738576265	2.1129058383623504e-8
171.24990861750976	0.05495408738576265	3.374049167763223e-9
212.17698780180757	0.05495408738576265	6.139367888893108e-10
262.885244821937	0.05495408738576265	8.905518027797325e-11
325.7122869971341	0.05495408738576265	4.8339470203815735e-12
403.5543872869759	0.05495408738576265	7.202305315824911e-14
499.9999999999984	0.05495408738576265	5.86866322645187e-17
1000	0.05495408738576265	0
2000	0.05495408738576265	0
1.	0.06309573444801955	0.018609090868863084
1.9999999999999998	0.06309573444801955	0.04405631786871938
2.288838595949997	0.06309573444801955	0.04699177262608566
2.6193910591551774	0.06309573444801955	0.048779668036930825
2.9976816770403563	0.06309573444801955	0.048343798907030375
3.4306047603910415	0.06309573444801955	0.05332698407332791
3.926050291516404	0.06309573444801955	0.05721110620888274
4.493047718431742	0.06309573444801955	0.06263589197977931
5.141930515695824	0.06309573444801955	0.07746331422626611
5.884524511008838	0.06309573444801955	0.11169141332286844
6.734363409805407	0.06309573444801955	0.19946646586210426
7.706935445758021	0.06309573444801955	0.37148094987562263
8.819965652373028	0.06309573444801955	0.8508274233692156
10.093738900052346	0.06309573444801955	1.872447537233981
11.551469585940843	0.06309573444801955	2.1839248369016397
13.219724714121972	0.06309573444801955	1.133801645848389
15.128908076758211	0.06309573444801955	0.3607536093517734
17.313814360331925	0.06309573444801955	0.10549071224553291
19.814263275520517	0.06309573444801955	0.03200881389364101
22.675825267662994	0.06309573444801955	0.012243966957740694
25.950652033822625	0.06309573444801955	0.006586566347705544
29.698426982540767	0.06309573444801955	0.003461060922192344
33.98745295832107	0.06309573444801955	0.0016580206380211358
38.895897054520105	0.06309573444801955	0.0006830989367466248
44.51321520124173	0.06309573444801955	0.0002403464996896864
50.941782491215115	0.06309573444801955	0.00008410317199028943
58.29875895619149	0.06309573444801955	0.000028627762455333606
66.71822479745835	0.06309573444801955	9.487959980292305e-6
76.35362398484546	0.06309573444801955	2.978713047665551e-6
87.38056075858388	0.06309573444801955	9.200078979668184e-7
100.00000000000031	0.06309573444801955	3.1678758777219817e-7
111.55639876771902	0.06309573444801955	1.3984642136649153e-7
138.21730389017998	0.06309573444801955	2.5333372613994916e-8
171.24990861750976	0.06309573444801955	4.040354797290843e-9
212.17698780180757	0.06309573444801955	7.340272549975029e-10
262.885244821937	0.06309573444801955	1.0649388268250187e-10
325.7122869971341	0.06309573444801955	5.7874957743481e-12
403.5543872869759	0.06309573444801955	8.637647802435385e-14
499.9999999999984	0.06309573444801955	7.060046509820108e-17
1000	0.06309573444801955	0
2000	0.06309573444801955	0
1.	0.07244359600749928	0.043267389468364045
1.9999999999999998	0.07244359600749928	0.04890519792902826
2.288838595949997	0.07244359600749928	0.04343572810601374
2.6193910591551774	0.07244359600749928	0.04043731020317072
2.9976816770403563	0.07244359600749928	0.042808887136116885
3.4306047603910415	0.07244359600749928	0.03887809123695354
3.926050291516404	0.07244359600749928	0.05813910384220529
4.493047718431742	0.07244359600749928	0.06638306522629249
5.141930515695824	0.07244359600749928	0.0748736167631261
5.884524511008838	0.07244359600749928	0.09741975011987675
6.734363409805407	0.07244359600749928	0.16223151678253406
7.706935445758021	0.07244359600749928	0.3050963593630234
8.819965652373028	0.07244359600749928	0.659723696402037
10.093738900052346	0.07244359600749928	1.6622536817035751
11.551469585940843	0.07244359600749928	2.5463313998329604
13.219724714121972	0.07244359600749928	1.5823259377170653
15.128908076758211	0.07244359600749928	0.5108065722857171
17.313814360331925	0.07244359600749928	0.1419234071972118
19.814263275520517	0.07244359600749928	0.041412872197421256
22.675825267662994	0.07244359600749928	0.01512274020278789
25.950652033822625	0.07244359600749928	0.007532050776533406
29.698426982540767	0.07244359600749928	0.004075755999648861
33.98745295832107	0.07244359600749928	0.0018920538507083812
38.895897054520105	0.07244359600749928	0.0007785416274293214
44.51321520124173	0.07244359600749928	0.0002758244018583559
50.941782491215115	0.07244359600749928	0.00009579271087134406
58.29875895619149	0.07244359600749928	0.000032198656482898166
66.71822479745835	0.07244359600749928	0.000010650692454752134
76.35362398484546	0.07244359600749928	3.3339818912786067e-6
87.38056075858388	0.07244359600749928	1.0244918182404465e-6
100.00000000000031	0.07244359600749928	3.5141310805233985e-7
111.55639876771902	0.07244359600749928	1.547505736446003e-7
138.21730389017998	0.07244359600749928	2.8008372773976016e-8
171.24990861750976	0.07244359600749928	4.460605237307837e-9
212.17698780180757	0.07244359600749928	8.089226593886916e-10
262.885244821937	0.07244359600749928	1.1738311536208594e-10
325.7122869971341	0.07244359600749928	6.388084400774414e-12
403.5543872869759	0.07244359600749928	9.552531582522693e-14
499.9999999999984	0.07244359600749928	7.835419172570597e-17
1000	0.07244359600749928	0
2000	0.07244359600749928	0
1.	0.08317637711026743	0.04768469057926956
1.9999999999999998	0.08317637711026743	0.054131588853710284
2.288838595949997	0.08317637711026743	0.05682455835505334
2.6193910591551774	0.08317637711026743	0.0595752696285751
2.9976816770403563	0.08317637711026743	0.06330546687179486
3.4306047603910415	0.08317637711026743	0.06603787504706685
3.926050291516404	0.08317637711026743	0.0694693775257062
4.493047718431742	0.08317637711026743	0.07275587318410656
5.141930515695824	0.08317637711026743	0.07914310197994756
5.884524511008838	0.08317637711026743	0.09510612144558189
6.734363409805407	0.08317637711026743	0.13589545845561013
7.706935445758021	0.08317637711026743	0.2506395788300819
8.819965652373028	0.08317637711026743	0.5049413367695588
10.093738900052346	0.08317637711026743	1.3094184773748843
11.551469585940843	0.08317637711026743	2.7231101277320353
13.219724714121972	0.08317637711026743	2.1820801848375093
15.128908076758211	0.08317637711026743	0.7501604437632053
17.313814360331925	0.08317637711026743	0.1967470678228433
19.814263275520517	0.08317637711026743	0.05479335636091339
22.675825267662994	0.08317637711026743	0.018391518635494264
25.950652033822625	0.08317637711026743	0.008749758625306142
29.698426982540767	0.08317637711026743	0.0049261409484770945
33.98745295832107	0.08317637711026743	0.002186079425712646
38.895897054520105	0.08317637711026743	0.0009265254402237318
44.51321520124173	0.08317637711026743	0.0003311621761222681
50.941782491215115	0.08317637711026743	0.00011380208831124526
58.29875895619149	0.08317637711026743	0.000037737293047698224
66.71822479745835	0.08317637711026743	0.000012462723795656897
76.35362398484546	0.08317637711026743	3.8885284873498574e-6
87.38056075858388	0.08317637711026743	1.187849553226703e-6
100.00000000000031	0.08317637711026743	4.055998034524905e-7
111.55639876771902	0.08317637711026743	1.7812753543392677e-7
138.21730389017998	0.08317637711026743	3.220697881061327e-8
171.24990861750976	0.08317637711026743	5.120881210442315e-9
212.17698780180757	0.08317637711026743	9.26751248255618e-10
262.885244821937	0.08317637711026743	1.3451147537416733e-10
325.7122869971341	0.08317637711026743	7.331820452234882e-12
403.5543872869759	0.08317637711026743	1.0988060429681935e-13
499.9999999999984	0.08317637711026743	9.04931381971445e-17
1000	0.08317637711026743	0
2000	0.08317637711026743	0
1.	0.09549925860214398	0.05427457786172643
1.9999999999999998	0.09549925860214398	0.06025487942923405
2.288838595949997	0.09549925860214398	0.06281146745983572
2.6193910591551774	0.09549925860214398	0.06540509214631153
2.9976816770403563	0.09549925860214398	0.0695950018032945
3.4306047603910415	0.09549925860214398	0.0755148813942728
3.926050291516404	0.09549925860214398	0.07689197594161026
4.493047718431742	0.09549925860214398	0.07859827350684351
5.141930515695824	0.09549925860214398	0.08486958721779023
5.884524511008838	0.09549925860214398	0.09416554594470308
6.734363409805407	0.09549925860214398	0.12106533987392894
7.706935445758021	0.09549925860214398	0.20379676996086316
8.819965652373028	0.09549925860214398	0.38904966570940086
10.093738900052346	0.09549925860214398	0.9169244032060602
11.551469585940843	0.09549925860214398	2.531466958021824
13.219724714121972	0.09549925860214398	2.5141210244000347
15.128908076758211	0.09549925860214398	1.1344155658837707
17.313814360331925	0.09549925860214398	0.2841195023691883
19.814263275520517	0.09549925860214398	0.07445791327376147
22.675825267662994	0.09549925860214398	0.023811381510989472
25.950652033822625	0.09549925860214398	0.010814383430395107
29.698426982540767	0.09549925860214398	0.005991845983100327
33.98745295832107	0.09549925860214398	0.002743313757658027
38.895897054520105	0.09549925860214398	0.0012099999677919124
44.51321520124173	0.09549925860214398	0.00043625555681698816
50.941782491215115	0.09549925860214398	0.00014799649119193124
58.29875895619149	0.09549925860214398	0.000048457783176317927
66.71822479745835	0.09549925860214398	0.00001596237431082116
76.35362398484546	0.09549925860214398	4.96459554837834e-6
87.38056075858388	0.09549925860214398	1.5065085271140013e-6
100.00000000000031	0.09549925860214398	5.115243353023132e-7
111.55639876771902	0.09549925860214398	2.2398701947733832e-7
138.21730389017998	0.09549925860214398	4.0451177651934065e-8
171.24990861750976	0.09549925860214398	6.419714266850697e-9
212.17698780180757	0.09549925860214398	1.1590640617338922e-9
262.885244821937	0.09549925860214398	1.6827258684371439e-10
325.7122869971341	0.09549925860214398	9.188601093599071e-12
403.5543872869759	0.09549925860214398	1.380572237199825e-13
499.9999999999984	0.09549925860214398	1.1422197083502344e-16
1000	0.09549925860214398	0
2000	0.09549925860214398	0
1.	0.10964781961431896	0.037201017678588195
1.9999999999999998	0.10964781961431896	0.05368298378824172
2.288838595949997	0.10964781961431896	0.06412233254109787
2.6193910591551774	0.10964781961431896	0.07530866874979607
2.9976816770403563	0.10964781961431896	0.0735281516576781
3.4306047603910415	0.10964781961431896	0.0739937060644966
3.926050291516404	0.10964781961431896	0.08301392178858596
4.493047718431742	0.10964781961431896	0.08270204893448145
5.141930515695824	0.10964781961431896	0.09202761522860917
5.884524511008838	0.10964781961431896	0.10137198122998195
6.734363409805407	0.10964781961431896	0.11514525552457425
7.706935445758021	0.10964781961431896	0.16650023503089745
8.819965652373028	0.10964781961431896	0.30075460129551135
10.093738900052346	0.10964781961431896	0.6047544743502711
11.551469585940843	0.10964781961431896	1.9723385953868473
13.219724714121972	0.10964781961431896	3.472765663406055
15.128908076758211	0.10964781961431896	1.7644170445849803
17.313814360331925	0.10964781961431896	0.43259922266885414
19.814263275520517	0.10964781961431896	0.1045024357804197
22.675825267662994	0.10964781961431896	0.030724279210401613
25.950652033822625	0.10964781961431896	0.013531617177484218
29.698426982540767	0.10964781961431896	0.007435536209356724
33.98745295832107	0.10964781961431896	0.0034005458762305482
38.895897054520105	0.10964781961431896	0.0015096873138282024
44.51321520124173	0.10964781961431896	0.0005471399378168282
50.941782491215115	0.10964781961431896	0.00018301580092558025
58.29875895619149	0.10964781961431896	0.000059332910867301724
66.71822479745835	0.10964781961431896	0.00001944693658868476
76.35362398484546	0.10964781961431896	6.03133213947901e-6
87.38056075858388	0.10964781961431896	1.8171236068882947e-6
100.00000000000031	0.10964781961431896	6.125702233263664e-7
111.55639876771902	0.10964781961431896	2.673860149940673e-7
138.21730389017998	0.10964781961431896	4.82207936738282e-8
171.24990861750976	0.10964781961431896	7.636512714652177e-9
212.17698780180757	0.10964781961431896	1.3750172321390495e-9
262.885244821937	0.10964781961431896	1.9968110580720184e-10
325.7122869971341	0.10964781961431896	1.0926242458298215e-11
403.5543872869759	0.10964781961431896	1.6464101139463356e-13
499.9999999999984	0.10964781961431896	1.369304034759259e-16
1000	0.10964781961431896	0
2000	0.10964781961431896	0