1.	0.001	0.154965
1.9999999999999998	0.001	0.11553200000000001
2.288838595949997	0.001	0.10615004560586182
2.6193910591551774	0.001	0.09577916628308887
2.9976816770403563	0.001	0.0837367475295398
3.4306047603910415	0.001	0.07019167882405147
3.926050291516404	0.001	0.05758009542699708
4.493047718431742	0.001	0.04868563579084457
5.141930515695824	0.001	0.041611193305239165
5.884524511008838	0.001	0.03197085092743857
6.734363409805407	0.001	0.022725981985437575
7.706935445758021	0.001	0.017587724060808944
8.819965652373028	0.001	0.012839118548593872
10.093738900052346	0.001	0.006949064768001065
11.551469585940843	0.001	0.0026308900942960517
13.219724714121972	0.001	0.0008819205541911563
15.128908076758211	0.001	0.0003067283695182509
17.313814360331925	0.001	0.00013617258384613788
19.814263275520517	0.001	0.00006371106425353198
22.675825267662994	0.001	0.000017095707421316606
25.950652033822625	0.001	5.097005744213062e-6
29.698426982540767	0.001	1.7426322091035425e-6
33.98745295832107	0.001	5.042255827405162e-7
38.895897054520105	0.001	1.6272291103897396e-7
44.51321520124173	0.001	3.287435087229307e-8
50.941782491215115	0.001	8.20440389700637e-9
58.29875895619149	0.001	2.0294301860519024e-9
66.71822479745835	0.001	4.529252914127364e-10
76.35362398484546	0.001	7.826776222530643e-11
87.38056075858388	0.001	7.99362764803161e-12
100.00000000000031	0.001	4.3556070736885303e-13
111.55639876771902	0.001	2.6807119135356515e-14
138.21730389017998	0.001	1.0719273495391109e-17
171.24990861750976	0.001	1.6953865227152338e-19
212.17698780180757	0.001	3.114340150247647e-20
262.885244821937	0.001	4.512032918878782e-21
325.7122869971341	0.001	2.4295334754761047e-22
403.5543872869759	0.001	3.57900606600392e-24
499.9999999999984	0.001	0
1000	0.001	0
2000	0.001	0
1.	0.0011481536214968829	0.17618250723522857
1.9999999999999998	0.0011481536214968829	0.13200439908635925
2.288838595949997	0.0011481536214968829	0.12141242151448077
2.6193910591551774	0.0011481536214968829	0.10976530167010727
2.9976816770403563	0.0011481536214968829	0.09617854426141846
3.4306047603910415	0.0011481536214968829	0.08079502179877118
3.926050291516404	0.0011481536214968829	0.06627810891899098
4.493047718431742	0.0011481536214968829	0.05595541984734967
5.141930515695824	0.0011481536214968829	0.0478779459086424
5.884524511008838	0.0011481536214968829	0.03688356472930236
6.734363409805407	0.0011481536214968829	0.026226664413117388
7.706935445758021	0.0011481536214968829	0.020238392151291456
8.819965652373028	0.0011481536214968829	0.014812269862040624
10.093738900052346	0.0011481536214968829	0.008047523833021632
11.551469585940843	0.0011481536214968829	0.003048284671185869
13.219724714121972	0.0011481536214968829	0.0010211648251414063
15.128908076758211	0.0011481536214968829	0.0003540754394102718
17.313814360331925	0.0011481536214968829	0.00015701802306005108
19.814263275520517	0.0011481536214968829	0.00007344646751883617
22.675825267662994	0.0011481536214968829	0.000019714458098630733
25.950652033822625	0.0011481536214968829	5.87049180631219e-6
29.698426982540767	0.0011481536214968829	2.006047520146274e-6
33.98745295832107	0.0011481536214968829	5.815255016562571e-7
38.895897054520105	0.0011481536214968829	1.8747034189504885e-7
44.51321520124173	0.0011481536214968829	3.794070973749271e-8
50.941782491215115	0.0011481536214968829	9.460152878125923e-9
58.29875895619149	0.0011481536214968829	2.3360344882806747e-9
66.71822479745835	0.0011481536214968829	5.216966185680834e-10
76.35362398484546	0.0011481536214968829	9.011547291082232e-11
87.38056075858388	0.0011481536214968829	9.203656363055943e-12
100.00000000000031	0.0011481536214968829	5.020656656676382e-13
111.55639876771902	0.0011481536214968829	3.089561949959941e-14
138.21730389017998	0.0011481536214968829	1.2362391258973607e-17
171.24990861750976	0.0011481536214968829	1.9512386563277231e-19
212.17698780180757	0.0011481536214968829	3.584208850340399e-20
262.885244821937	0.0011481536214968829	5.19279096691093e-21
325.7122869971341	0.0011481536214968829	2.796152739362241e-22
403.5543872869759	0.0011481536214968829	4.119212790845221e-24
499.9999999999984	0.0011481536214968829	0
1000	0.0011481536214968829	0
2000	0.0011481536214968829	0
1.	0.0013182567385564075	0.20000754319466796
1.9999999999999998	0.0013182567385564075	0.15074964059125517
2.288838595949997	0.0013182567385564075	0.1387927248845934
2.6193910591551774	0.0013182567385564075	0.1257216513070996
2.9976816770403563	0.0013182567385564075	0.11045065901755444
3.4306047603910415	0.0013182567385564075	0.09306750397609496
3.926050291516404	0.0013182567385564075	0.07634040089763407
4.493047718431742	0.0013182567385564075	0.06433068774479872
5.141930515695824	0.0013182567385564075	0.055089953034844895
5.884524511008838	0.0013182567385564075	0.04258092524671776
6.734363409805407	0.0013182567385564075	0.0302382985816544
7.706935445758021	0.0013182567385564075	0.023249674989239372
8.819965652373028	0.0013182567385564075	0.017098180199968817
10.093738900052346	0.0013182567385564075	0.00932695091519278
11.551469585940843	0.0013182567385564075	0.003535251501422132
13.219724714121972	0.0013182567385564075	0.0011837068540885604
15.128908076758211	0.0013182567385564075	0.00040893010436530964
17.313814360331925	0.0013182567385564075	0.00018064499610562598
19.814263275520517	0.0013182567385564075	0.00008472379258911018
22.675825267662994	0.0013182567385564075	0.000022763518095688278
25.950652033822625	0.0013182567385564075	6.764587193130884e-6
29.698426982540767	0.0013182567385564075	2.3105038402560057e-6
33.98745295832107	0.0013182567385564075	6.697203050340726e-7
38.895897054520105	0.0013182567385564075	2.1563790059183415e-7
44.51321520124173	0.0013182567385564075	4.373004591183629e-8
50.941782491215115	0.0013182567385564075	1.0891797726659769e-8
58.29875895619149	0.0013182567385564075	2.6844108894006682e-9
66.71822479745835	0.0013182567385564075	5.999504347679945e-10
76.35362398484546	0.0013182567385564075	1.035853388186236e-10
87.38056075858388	0.0013182567385564075	1.057957229536779e-11
100.00000000000031	0.0013182567385564075	5.778529261061615e-13
111.55639876771902	0.0013182567385564075	3.555367637755405e-14
138.21730389017998	0.0013182567385564075	1.423711578510338e-17
171.24990861750976	0.0013182567385564075	2.2418317696073333e-19
212.17698780180757	0.0013182567385564075	4.1178432703387414e-20
262.885244821937	0.0013182567385564075	5.965941401065086e-21
325.7122869971341	0.0013182567385564075	3.2125479049943137e-22
403.5543872869759	0.0013182567385564075	4.732820209772201e-24
499.9999999999984	0.0013182567385564075	0
1000	0.0013182567385564075	0
2000	0.0013182567385564075	0
1.	0.0015135612484362087	0.22664016478979374
1.9999999999999998	0.0015135612484362087	0.1720091339463376
2.288838595949997	0.0015135612484362087	0.15856319027698954
2.6193910591551774	0.0015135612484362087	0.14388106770839487
2.9976816770403563	0.0015135612484362087	0.12683302867248233
3.4306047603910415	0.0015135612484362087	0.10718790583782817
3.926050291516404	0.0015135612484362087	0.08795226761296836
4.493047718431742	0.0015135612484362087	0.073957617932178
5.141930515695824	0.0015135612484362087	0.06337184344591382
5.884524511008838	0.0015135612484362087	0.04917306681412612
6.734363409805407	0.0015135612484362087	0.03487420157475124
7.706935445758021	0.0015135612484362087	0.02677256045087517
8.819965652373028	0.0015135612484362087	0.019682944776995205
10.093738900052346	0.0015135612484362087	0.010827330466904391
11.551469585940843	0.0015135612484362087	0.00410747395553204
13.219724714121972	0.0015135612484362087	0.0014271885506412663
15.128908076758211	0.0015135612484362087	0.0004728874366614391
17.313814360331925	0.0015135612484362087	0.00020836154378166808
19.814263275520517	0.0015135612484362087	0.00009778070650438518
22.675825267662994	0.0015135612484362087	0.0000263054806644465
25.950652033822625	0.0015135612484362087	7.798837735925655e-6
29.698426982540767	0.0015135612484362087	2.662420382737045e-6
33.98745295832107	0.0015135612484362087	7.732803782929298e-7
38.895897054520105	0.0015135612484362087	2.4862827214086296e-7
44.51321520124173	0.0015135612484362087	5.053855146192848e-8
50.941782491215115	0.0015135612484362087	1.2571041794979372e-8
58.29875895619149	0.0015135612484362087	3.0917643928294573e-9
66.71822479745835	0.0015135612484362087	6.915807689686138e-10
76.35362398484546	0.0015135612484362087	1.1934499412757806e-10
87.38056075858388	0.0015135612484362087	1.2189557726600423e-11
100.00000000000031	0.0015135612484362087	6.667293720332107e-13
111.55639876771902	0.0015135612484362087	4.1015179875786216e-14
138.21730389017998	0.0015135612484362087	1.6438539641297384e-17
171.24990861750976	0.0015135612484362087	2.581457194188254e-19
212.17698780180757	0.0015135612484362087	4.741478055041012e-20
262.885244821937	0.0015135612484362087	6.869499729943774e-21
325.7122869971341	0.0015135612484362087	3.699202981376861e-22
403.5543872869759	0.0015135612484362087	5.449990517562788e-24
499.9999999999984	0.0015135612484362087	0
1000	0.0015135612484362087	0
2000	0.0015135612484362087	0
1.	0.0017378008287493763	0.25623910550089646
1.9999999999999998	0.0017378008287493763	0.19606808740399212
2.288838595949997	0.0017378008287493763	0.1810001551064806
2.6193910591551774	0.0017378008287493763	0.1646160231089146
2.9976816770403563	0.0017378008287493763	0.14565198343149782
3.4306047603910415	0.0017378008287493763	0.12347184826698071
3.926050291516404	0.0017378008287493763	0.10138904153831571
4.493047718431742	0.0017378008287493763	0.0850253068861055
5.141930515695824	0.0017378008287493763	0.07294652435131564
5.884524511008838	0.0017378008287493763	0.05684514030894895
6.734363409805407	0.0017378008287493763	0.04025888701160226
7.706935445758021	0.0017378008287493763	0.03081635942325538
8.819965652373028	0.0017378008287493763	0.02275154341925184
10.093738900052346	0.0017378008287493763	0.012585498391512066
11.551469585940843	0.0017378008287493763	0.004781525369319864
13.219724714121972	0.0017378008287493763	0.001589557345727641
15.128908076758211	0.0017378008287493763	0.0005473411458743575
17.313814360331925	0.0017378008287493763	0.0002404873844936346
19.814263275520517	0.0017378008287493763	0.00011257893538367017
22.675825267662994	0.0017378008287493763	0.000030518649642536775
25.950652033822625	0.0017378008287493763	8.996979695828763e-6
29.698426982540767	0.0017378008287493763	3.069687817447223e-6
33.98745295832107	0.0017378008287493763	8.915363380795519e-7
38.895897054520105	0.0017378008287493763	2.8617756542728285e-7
44.51321520124173	0.0017378008287493763	5.832867770039954e-8
50.941782491215115	0.0017378008287493763	1.4485963508506656e-8
58.29875895619149	0.0017378008287493763	3.554501843191669e-9
66.71822479745835	0.0017378008287493763	7.958452416162491e-10
76.35362398484546	0.0017378008287493763	1.3726031501360607e-10
87.38056075858388	0.0017378008287493763	1.4020291210056788e-11
100.00000000000031	0.0017378008287493763	7.680597169753616e-13
111.55639876771902	0.0017378008287493763	4.724082816289099e-14
138.21730389017998	0.0017378008287493763	1.895268782289051e-17
171.24990861750976	0.0017378008287493763	2.9670096658682754e-19
212.17698780180757	0.0017378008287493763	5.449372464953467e-20
262.885244821937	0.0017378008287493763	7.895137678217249e-21
325.7122869971341	0.0017378008287493763	4.25165427505438e-22
403.5543872869759	0.0017378008287493763	6.264173767666007e-24
499.9999999999984	0.0017378008287493763	0
1000	0.0017378008287493763	0
2000	0.0017378008287493763	0
1.	0.0019952623149688807	0.28901428153016223
1.9999999999999998	0.0019952623149688807	0.22322123937503394
2.288838595949997	0.0019952623149688807	0.20643130655056519
2.6193910591551774	0.0019952623149688807	0.1882901513424652
2.9976816770403563	0.0019952623149688807	0.16719709619497286
3.4306047603910415	0.0019952623149688807	0.14224992576135442
3.926050291516404	0.0019952623149688807	0.11690713089699284
4.493047718431742	0.0019952623149688807	0.09777469238398281
5.141930515695824	0.0019952623149688807	0.08398528666180957
5.884524511008838	0.0019952623149688807	0.06565248058221627
6.734363409805407	0.0019952623149688807	0.04650841847029631
7.706935445758021	0.0019952623149688807	0.035540593592235596
8.819965652373028	0.0019952623149688807	0.02645376820412153
10.093738900052346	0.0019952623149688807	0.014649276971633955
11.551469585940843	0.0019952623149688807	0.005572936751376497
13.219724714121972	0.0019952623149688807	0.00184961656852778
15.128908076758211	0.0019952623149688807	0.0006343884794363246
17.313814360331925	0.0019952623149688807	0.00027748249202466484
19.814263275520517	0.0019952623149688807	0.00013021632540182333
22.675825267662994	0.0019952623149688807	0.00003539535137776988
25.950652033822625	0.0019952623149688807	0.000010385478948871833
29.698426982540767	0.0019952623149688807	3.5419984894239053e-6
33.98745295832107	0.0019952623149688807	1.0308088051366133e-6
38.895897054520105	0.0019952623149688807	3.3024859956434124e-7
44.51321520124173	0.0019952623149688807	6.752145681217178e-8
50.941782491215115	0.0019952623149688807	1.6737603023863396e-8
58.29875895619149	0.0019952623149688807	4.096609112814155e-9
66.71822479745835	0.0019952623149688807	9.181977258884299e-10
76.35362398484546	0.0019952623149688807	1.5826563603781692e-10
87.38056075858388	0.0019952623149688807	1.6167414526510174e-11
100.00000000000031	0.0019952623149688807	8.871955843503749e-13
111.55639876771902	0.0019952623149688807	5.455998291095548e-14
138.21730389017998	0.0019952623149688807	2.1914187360550616e-17
171.24990861750976	0.0019952623149688807	3.4183664798222195e-19
212.17698780180757	0.0019952623149688807	6.277994222654375e-20
262.885244821937	0.0019952623149688807	9.095706590525939e-21
325.7122869971341	0.0019952623149688807	4.8983741572732465e-22
403.5543872869759	0.0019952623149688807	7.217415350550512e-24
499.9999999999984	0.0019952623149688807	0
1000	0.0019952623149688807	0
2000	0.0019952623149688807	0
1.	0.0022908676527677745	0.32496371454619766
1.9999999999999998	0.0022908676527677745	0.2537877572888352
2.288838595949997	0.0022908676527677745	0.2351538625104723
2.6193910591551774	0.0022908676527677745	0.21515672133070207
2.9976816770403563	0.0022908676527677745	0.1918206961786388
3.4306047603910415	0.0022908676527677745	0.16386354987484955
3.926050291516404	0.0022908676527677745	0.13487784580462825
4.493047718431742	0.0022908676527677745	0.11250997300286306
5.141930515695824	0.0022908676527677745	0.0966770849658633
5.884524511008838	0.0022908676527677745	0.07614889790240287
6.734363409805407	0.0022908676527677745	0.05377709725437719
7.706935445758021	0.0022908676527677745	0.0409335173203127
8.819965652373028	0.0022908676527677745	0.03063060707846854
10.093738900052346	0.0022908676527677745	0.01709799816355883
11.551469585940843	0.0022908676527677745	0.006515703303035791
13.219724714121972	0.0022908676527677745	0.0021432494567160993
15.128908076758211	0.0022908676527677745	0.0007363876531258442
17.313814360331925	0.0022908676527677745	0.00032061568317812
19.814263275520517	0.0022908676527677745	0.00015096432695032197
22.675825267662994	0.0022908676527677745	0.00004105813081807765
25.950652033822625	0.0022908676527677745	0.000011998412828912898
29.698426982540767	0.0022908676527677745	4.089477424801146e-6
33.98745295832107	0.0022908676527677745	1.1920404986317296e-6
38.895897054520105	0.0022908676527677745	3.810574006839809e-7
44.51321520124173	0.0022908676527677745	7.81912239931037e-8
50.941782491215115	0.0022908676527677745	1.93391896378181e-8
58.29875895619149	0.0022908676527677745	4.7203355270426085e-9
66.71822479745835	0.0022908676527677745	1.0592323605506627e-9
76.35362398484546	0.0022908676527677745	1.8245616227233836e-10
87.38056075858388	0.0022908676527677745	1.8641066263281935e-11
100.00000000000031	0.0022908676527677745	1.0248625070875969e-12
111.55639876771902	0.0022908676527677745	6.301716927421325e-14
138.21730389017998	0.0022908676527677745	2.5344237809111904e-17
171.24990861750976	0.0022908676527677745	3.9371657003602976e-19
212.17698780180757	0.0022908676527677745	7.230353058243421e-20
262.885244821937	0.0022908676527677745	1.0475591472286193e-20
325.7122869971341	0.0022908676527677745	5.641736752812542e-22
403.5543872869759	0.0022908676527677745	8.31321749489303e-24
499.9999999999984	0.0022908676527677745	0
1000	0.0022908676527677745	0
2000	0.0022908676527677745	0
1.	0.0026302679918953843	0.36411876833430695
1.9999999999999998	0.0026302679918953843	0.2881737965507209
2.288838595949997	0.0026302679918953843	0.26767090727384596
2.6193910591551774	0.0026302679918953843	0.245562748100815
2.9976816770403563	0.0026302679918953843	0.21984771394776068
3.4306047603910415	0.0026302679918953843	0.18881153441779072
3.926050291516404	0.0026302679918953843	0.15571786324139117
4.493047718431742	0.0026302679918953843	0.12954600451847456
5.141930515695824	0.0026302679918953843	0.1113508972068178
5.884524511008838	0.0026302679918953843	0.08834898960354626
6.734363409805407	0.0026302679918953843	0.062310796574883025
7.706935445758021	0.0026302679918953843	0.04721243355084168
8.819965652373028	0.0026302679918953843	0.03551321680988491
10.093738900052346	0.0026302679918953843	0.020002652849312026
11.551469585940843	0.0026302679918953843	0.007637641345444195
13.219724714121972	0.0026302679918953843	0.0025147663238092874
15.128908076758211	0.0026302679918953843	0.0008555775021638113
17.313814360331925	0.0026302679918953843	0.0003706405793268815
19.814263275520517	0.0026302679918953843	0.00017480673517760099
22.675825267662994	0.0026302679918953843	0.000047752398981109116
25.950652033822625	0.0026302679918953843	0.000013872085157381076
29.698426982540767	0.0026302679918953843	4.72807515783579e-6
33.98745295832107	0.0026302679918953843	1.3798656116211854e-6
38.895897054520105	0.0026302679918953843	4.399657958705918e-7
44.51321520124173	0.0026302679918953843	9.065463746241164e-8
50.941782491215115	0.0026302679918953843	2.236271765364973e-8
58.29875895619149	0.0026302679918953843	5.442066338182426e-9
66.71822479745835	0.0026302679918953843	1.222733474355085e-9
76.35362398484546	0.0026302679918953843	2.1047630575903506e-10
87.38056075858388	0.0026302679918953843	2.1507804300887763e-11
100.00000000000031	0.0026302679918953843	1.1848971282002538e-12
111.55639876771902	0.0026302679918953843	7.284927861526422e-14
138.21730389017998	0.0026302679918953843	2.934256874285732e-17
171.24990861750976	0.0026302679918953843	4.536738290335014e-19
212.17698780180757	0.0026302679918953843	8.330826157335541e-20
262.885244821937	0.0026302679918953843	1.2070063745598993e-20
325.7122869971341	0.0026302679918953843	6.500775380049258e-22
403.5543872869759	0.0026302679918953843	9.579748342319438e-24
499.9999999999984	0.0026302679918953843	0
1000	0.0026302679918953843	0
2000	0.0026302679918953843	0
1.	0.003019951720402019	0.4062781720209761
1.9999999999999998	0.003019951720402019	0.32677516599945367
2.288838595949997	0.003019951720402019	0.3042012669992524
2.6193910591551774	0.003019951720402019	0.27981507020663055
2.9976816770403563	0.003019951720402019	0.2517870061357853
3.4306047603910415	0.003019951720402019	0.21749876597466936
3.926050291516404	0.003019951720402019	0.17995709226832654
4.493047718431742	0.003019951720402019	0.14927121112115424
5.141930515695824	0.003019951720402019	0.12824005686994414
5.884524511008838	0.003019951720402019	0.1025319043389272
6.734363409805407	0.003019951720402019	0.07241488186256934
7.706935445758021	0.003019951720402019	0.054451416439170376
8.819965652373028	0.003019951720402019	0.04140737598305181
10.093738900052346	0.003019951720402019	0.02342812981066029
11.551469585940843	0.003019951720402019	0.008966697950639802
13.219724714121972	0.003019951720402019	0.0029373868482457724
15.128908076758211	0.003019951720402019	0.0009965035417192475
17.313814360331925	0.003019951720402019	0.0004292249633781694
19.814263275520517	0.003019951720402019	0.0002027914502971953
22.675825267662994	0.003019951720402019	0.00005567362987658419
25.950652033822625	0.003019951720402019	0.00001605459008654333
29.698426982540767	0.003019951720402019	5.471218987492325e-6
33.98745295832107	0.003019951720402019	1.59989344527502e-6
38.895897054520105	0.003019951720402019	5.086080507860722e-7
44.51321520124173	0.003019951720402019	1.0530168719365496e-7
50.941782491215115	0.003019951720402019	2.5895174335953848e-8
58.29875895619149	0.003019951720402019	6.281477812662922e-9
66.71822479745835	0.003019951720402019	1.413250555837099e-9
76.35362398484546	0.003019951720402019	2.4310357711622897e-10
87.38056075858388	0.003019951720402019	2.4847929714012485e-11
100.00000000000031	0.003019951720402019	1.3719582217929593e-12
111.55639876771902	0.003019951720402019	8.434486644029478e-14
138.21730389017998	0.003019951720402019	3.4031321584915487e-17
171.24990861750976	0.003019951720402019	5.233026948416557e-19
212.17698780180757	0.003019951720402019	9.608616505106761e-20
262.885244821937	0.003019951720402019	1.3921505176568928e-20
325.7122869971341	0.003019951720402019	7.49838735331913e-22
403.5543872869759	0.003019951720402019	1.1050752404618509e-23
499.9999999999984	0.003019951720402019	0
1000	0.003019951720402019	0
2000	0.003019951720402019	0
1.	0.00346736850452532	0.4510148504692442
1.9999999999999998	0.00346736850452532	0.36994585570350585
2.288838595949997	0.00346736850452532	0.3451009840655897
2.6193910591551774	0.00346736850452532	0.31848178520567083
2.9976816770403563	0.00346736850452532	0.28792573401800897
3.4306047603910415	0.00346736850452532	0.2504454825844596
3.926050291516404	0.00346736850452532	0.20805588757591165
4.493047718431742	0.00346736850452532	0.17206406864497006
5.141930515695824	0.00346736850452532	0.1476729152932656
5.884524511008838	0.00346736850452532	0.11922875760108059
6.734363409805407	0.00346736850452532	0.08407668662622561
7.706935445758021	0.00346736850452532	0.0628572712674764
8.819965652373028	0.00346736850452532	0.047917236598431556
10.093738900052346	0.00346736850452532	0.02751603456150134
11.551469585940843	0.00346736850452532	0.010586347807141168
13.219724714121972	0.00346736850452532	0.0034504386694899393
15.128908076758211	0.00346736850452532	0.0011626169873064876
17.313814360331925	0.00346736850452532	0.000497832262385382
19.814263275520517	0.00346736850452532	0.00023520474891234022
22.675825267662994	0.00346736850452532	0.0000649231116709953
25.950652033822625	0.00346736850452532	0.00001860046997557392
29.698426982540767	0.00346736850452532	6.340418883188284e-6
33.98745295832107	0.00346736850452532	1.8560383281789639e-6
38.895897054520105	0.00346736850452532	5.880199488800129e-7
44.51321520124173	0.00346736850452532	1.2241516156035767e-7
50.941782491215115	0.00346736850452532	2.999435535481317e-8
58.29875895619149	0.00346736850452532	7.250844326918613e-9
66.71822479745835	0.00346736850452532	1.6336625028954968e-9
76.35362398484546	0.00346736850452532	2.8083005993490963e-10
87.38056075858388	0.00346736850452532	2.871337539074308e-11
100.00000000000031	0.00346736850452532	1.5891881374951487e-12
111.55639876771902	0.00346736850452532	9.770040054466451e-14
138.21730389017998	0.00346736850452532	3.9497824480751856e-17
171.24990861750976	0.00346736850452532	6.035498307283366e-19
212.17698780180757	0.00346736850452532	1.1081028255917852e-19
262.885244821937	0.00346736850452532	1.6055020084196996e-20
325.7122869971341	0.00346736850452532	8.648108591426742e-22
403.5543872869759	0.00346736850452532	1.2746361543811911e-23
499.9999999999984	0.00346736850452532	0
1000	0.00346736850452532	0
2000	0.00346736850452532	0
1.	0.003981071705534978	0.4978131404396624
1.9999999999999998	0.003981071705534978	0.4175221514540276
2.288838595949997	0.003981071705534978	0.39077027609088294
2.6193910591551774	0.003981071705534978	0.3617190472667861
2.9976816770403563	0.003981071705534978	0.32874997534607125
3.4306047603910415	0.003981071705534978	0.2881686682202358
3.926050291516404	0.003981071705534978	0.24070008747810673
4.493047718431742	0.003981071705534978	0.1985392582768466
5.141930515695824	0.003981071705534978	0.16996405297159622
5.884524511008838	0.003981071705534978	0.13857484937971573
6.734363409805407	0.003981071705534978	0.09795775873643739
7.706935445758021	0.003981071705534978	0.07255025190781501
8.819965652373028	0.003981071705534978	0.05571869226679436
10.093738900052346	0.003981071705534978	0.032397786598681894
11.551469585940843	0.003981071705534978	0.012520021541999153
13.219724714121972	0.003981071705534978	0.004067517084899424
15.128908076758211	0.003981071705534978	0.0013596277914842973
17.313814360331925	0.003981071705534978	0.0005775155244494555
19.814263275520517	0.003981071705534978	0.00027334359678755335
22.675825267662994	0.003981071705534978	0.00007597411819354225
25.950652033822625	0.003981071705534978	0.000021579006833578992
29.698426982540767	0.003981071705534978	7.360340718699302e-6
33.98745295832107	0.003981071705534978	2.1540481221030495e-6
38.895897054520105	0.003981071705534978	6.797503952610214e-7
44.51321520124173	0.003981071705534978	1.424098053978483e-7
50.941782491215115	0.003981071705534978	3.47465403368687e-8
58.29875895619149	0.003981071705534978	8.368961865324691e-9
66.71822479745835	0.003981071705534978	1.8883172381316873e-9
76.35362398484546	0.003981071705534978	3.244068124716811e-10
87.38056075858388	0.003981071705534978	3.318272742358397e-11
100.00000000000031	0.003981071705534978	1.841277820240954e-12
111.55639876771902	0.003981071705534978	1.1321007153780077e-13
138.21730389017998	0.003981071705534978	4.5871838285532524e-17
171.24990861750976	0.003981071705534978	6.9587836665787995e-19
212.17698780180757	0.003981071705534978	1.2774737277576923e-19
262.885244821937	0.003981071705534978	1.8509213903835425e-20
325.7122869971341	0.003981071705534978	9.970813976001596e-22
403.5543872869759	0.003981071705534978	1.4697493172111426e-23
499.9999999999984	0.003981071705534978	0
1000	0.003981071705534978	0
2000	0.003981071705534978	0
1.	0.0045708818961487565	0.5463801339671839
1.9999999999999998	0.0045708818961487565	0.469898160239816
2.288838595949997	0.0045708818961487565	0.4412772950795574
2.6193910591551774	0.0045708818961487565	0.4099870508434248
2.9976816770403563	0.0045708818961487565	0.37458797542609534
3.4306047603910415	0.0045708818961487565	0.3311586295719493
3.926050291516404	0.0045708818961487565	0.27844809674570214
4.493047718431742	0.0045708818961487565	0.2291872992365886
5.141930515695824	0.0045708818961487565	0.19582105924063486
5.884524511008838	0.0045708818961487565	0.1610458266264459
6.734363409805407	0.0045708818961487565	0.11449294813203721
7.706935445758021	0.0045708818961487565	0.08393908016306262
8.819965652373028	0.0045708818961487565	0.0648902045626019
10.093738900052346	0.0045708818961487565	0.03829179491741298
11.551469585940843	0.0045708818961487565	0.014876096744455036
13.219724714121972	0.0045708818961487565	0.004806970948191354
15.128908076758211	0.0045708818961487565	0.0015957073739993762
17.313814360331925	0.0045708818961487565	0.0006713502831390762
19.814263275520517	0.0045708818961487565	0.0003180823355694178
22.675825267662994	0.0045708818961487565	0.00008907765035414945
25.950652033822625	0.0045708818961487565	0.00002507604893488832
29.698426982540767	0.0045708818961487565	8.560965877900636e-6
33.98745295832107	0.0045708818961487565	2.5067675796040384e-6
38.895897054520105	0.0045708818961487565	7.875082981627524e-7
44.51321520124173	0.0045708818961487565	1.661802538679293e-7
50.941782491215115	0.0045708818961487565	4.0350165388556e-8
58.29875895619149	0.0045708818961487565	9.681054858156625e-9
66.71822479745835	0.0045708818961487565	2.1875199191340097e-9
76.35362398484546	0.0045708818961487565	3.756138528146967e-10
87.38056075858388	0.0045708818961487565	3.844130693143545e-11
100.00000000000031	0.0045708818961487565	2.1388930116142864e-12
111.55639876771902	0.0045708818961487565	1.3154050924446872e-13
138.21730389017998	0.0045708818961487565	5.3438145964676647e-17
171.24990861750976	0.0045708818961487565	8.038929690201098e-19
212.17698780180757	0.0045708818961487565	1.475582031560001e-19
262.885244821937	0.0045708818961487565	2.1379846261319014e-20
325.7122869971341	0.0045708818961487565	1.1518215140495867e-21
403.5543872869759	0.0045708818961487565	1.698057249845225e-23
499.9999999999984	0.0045708818961487565	0
1000	0.0045708818961487565	0
2000	0.0045708818961487565	0
1.	0.005248074602497733	0.5942252713267508
1.9999999999999998	0.005248074602497733	0.5271263666880083
2.288838595949997	0.005248074602497733	0.4969745085804615
2.6193910591551774	0.005248074602497733	0.46354224362450924
2.9976816770403563	0.005248074602497733	0.4258951577260483
3.4306047603910415	0.005248074602497733	0.3797407696533683
3.926050291516404	0.005248074602497733	0.3220452729492315
4.493047718431742	0.005248074602497733	0.2652634787703417
5.141930515695824	0.005248074602497733	0.22560317682142927
5.884524511008838	0.005248074602497733	0.1873789004848027
6.734363409805407	0.005248074602497733	0.13422600802213638
7.706935445758021	0.005248074602497733	0.09718516608928042
8.819965652373028	0.005248074602497733	0.07566005750685005
10.093738900052346	0.005248074602497733	0.04535361587964065
11.551469585940843	0.005248074602497733	0.01780469613360306
13.219724714121972	0.005248074602497733	0.005706136877747313
15.128908076758211	0.005248074602497733	0.0018782079724728598
17.313814360331925	0.005248074602497733	0.0007827754122765836
19.814263275520517	0.005248074602497733	0.00037060741679427066
22.675825267662994	0.005248074602497733	0.00010485352804085862
25.950652033822625	0.005248074602497733	0.000029186037055019692
29.698426982540767	0.005248074602497733	9.977115574919683e-6
33.98745295832107	0.005248074602497733	2.9273702309279436e-6
38.895897054520105	0.005248074602497733	9.149600230163239e-7
44.51321520124173	0.005248074602497733	1.946639693559848e-7
50.941782491215115	0.005248074602497733	4.700714859598592e-8
58.29875895619149	0.005248074602497733	1.1232323871234313e-8
66.71822479745835	0.005248074602497733	2.5415146212106195e-9
76.35362398484546	0.005248074602497733	4.3623693351601744e-10
87.38056075858388	0.005248074602497733	4.467613416795537e-11
100.00000000000031	0.005248074602497733	2.4929376062159423e-12
111.55639876771902	0.005248074602497733	1.5337919928872809e-13
138.21730389017998	0.005248074602497733	6.249683968684407e-17
171.24990861750976	0.005248074602497733	9.31105898355156e-19
212.17698780180757	0.005248074602497733	1.708844034492727e-19
262.885244821937	0.005248074602497733	2.4759995631068867e-20
325.7122869971341	0.005248074602497733	1.3340615898713598e-21
403.5543872869759	0.005248074602497733	1.9669994083644945e-23
499.9999999999984	0.005248074602497733	0
1000	0.005248074602497733	0
2000	0.005248074602497733	0
1.	0.006025595860743587	0.6400617559822821
1.9999999999999998	0.006025595860743587	0.5890726702191337
2.288838595949997	0.006025595860743587	0.5581308248336844
2.6193910591551774	0.006025595860743587	0.5225055747746277
2.9976816770403563	0.006025595860743587	0.48274451037741983
3.4306047603910415	0.006025595860743587	0.4344771187540245
3.926050291516404	0.006025595860743587	0.37308769456949464
4.493047718431742	0.006025595860743587	0.30754503864791993
5.141930515695824	0.006025595860743587	0.2599587881242673
5.884524511008838	0.006025595860743587	0.21823051349845765
6.734363409805407	0.006025595860743587	0.15751971932942307
7.706935445758021	0.006025595860743587	0.11283512592875022
8.819965652373028	0.006025595860743587	0.0880645307193466
10.093738900052346	0.006025595860743587	0.0539745851645246
11.551469585940843	0.006025595860743587	0.021412160177334296
13.219724714121972	0.006025595860743587	0.00679236502547031
15.128908076758211	0.006025595860743587	0.0022197733562914464
17.313814360331925	0.006025595860743587	0.0009144425281514742
19.814263275520517	0.006025595860743587	0.00043196875950553336
22.675825267662994	0.006025595860743587	0.00012375220722924137
25.950652033822625	0.006025595860743587	0.000034044488079570976
29.698426982540767	0.006025595860743587	0.000011653839267547198
33.98745295832107	0.006025595860743587	3.4189677023569437e-6
38.895897054520105	0.006025595860743587	1.0624833792152954e-6
44.51321520124173	0.006025595860743587	2.2815070041673077e-7
50.941782491215115	0.006025595860743587	5.475560335147788e-8
58.29875895619149	0.006025595860743587	1.3027923047844824e-8
66.71822479745835	0.006025595860743587	2.9513869227463612e-9
76.35362398484546	0.006025595860743587	5.065110734117026e-10
87.38056075858388	0.006025595860743587	5.1917634355480756e-11
100.00000000000031	0.006025595860743587	2.905683999978116e-12
111.55639876771902	0.006025595860743587	1.7889175150469448e-13
138.21730389017998	0.006025595860743587	7.314334759905643e-17
171.24990861750976	0.006025595860743587	1.0776023196735882e-18
212.17698780180757	0.006025595860743587	1.9773880524635468e-19
262.885244821937	0.006025595860743587	2.8651557694367526e-20
325.7122869971341	0.006025595860743587	1.5439162345048288e-21
403.5543872869759	0.006025595860743587	2.2767948754179605e-23
499.9999999999984	0.006025595860743587	0
1000	0.006025595860743587	0
2000	0.006025595860743587	0
1.	0.006918309709189377	0.6813779865408345
1.9999999999999998	0.006918309709189377	0.654592978656101
2.288838595949997	0.006918309709189377	0.6241591264301587
2.6193910591551774	0.006918309709189377	0.5871358623574854
2.9976816770403563	0.006918309709189377	0.5454947892508722
3.4306047603910415	0.006918309709189377	0.4963673542091948
3.926050291516404	0.006918309709189377	0.4312539428430529
4.493047718431742	0.006918309709189377	0.35693828295202157
5.141930515695824	0.006918309709189377	0.29981695513542006
5.884524511008838	0.006918309709189377	0.2539096270091775
6.734363409805407	0.006918309709189377	0.1858307993566535
7.706935445758021	0.006918309709189377	0.13123224967440855
8.819965652373028	0.006918309709189377	0.10302910528939385
10.093738900052346	0.006918309709189377	0.06434167118295983
11.551469585940843	0.006918309709189377	0.025914600274838124
13.219724714121972	0.006918309709189377	0.008135248356693187
15.128908076758211	0.006918309709189377	0.0026345640775878197
17.313814360331925	0.006918309709189377	0.001069006714649125
19.814263275520517	0.006918309709189377	0.0005057222490203935
22.675825267662994	0.006918309709189377	0.00014679216684550432
25.950652033822625	0.006918309709189377	0.00003978356547863293
29.698426982540767	0.006918309709189377	0.000013660438587329907
33.98745295832107	0.006918309709189377	4.002455737877693e-6
38.895897054520105	0.006918309709189377	1.2358826582397352e-6
44.51321520124173	0.006918309709189377	2.6814147237750227e-7
50.941782491215115	0.006918309709189377	6.391927101383947e-8
58.29875895619149	0.006918309709189377	1.514014708814308e-8
66.71822479745835	0.006918309709189377	3.433254209375331e-9
76.35362398484546	0.006918309709189377	5.892777735239692e-10
87.38056075858388	0.006918309709189377	6.046624489079515e-11
100.00000000000031	0.006918309709189377	3.3945494582016234e-12
111.55639876771902	0.006918309709189377	2.0919025317175586e-13
138.21730389017998	0.006918309709189377	8.587042945781626e-17
171.24990861750976	0.006918309709189377	1.2488741735997454e-18
212.17698780180757	0.006918309709189377	2.2912427546838434e-19
262.885244821937	0.006918309709189377	3.3199922012415225e-20
325.7122869971341	0.006918309709189377	1.7892438230461033e-21
403.5543872869759	0.006918309709189377	2.6390798014799212e-23
499.9999999999984	0.006918309709189377	0
1000	0.006918309709189377	0
2000	0.006918309709189377	0
1.	0.00794328234724283	0.7162630495345764
1.9999999999999998	0.00794328234724283	0.7229411374562058
2.288838595949997	0.00794328234724283	0.6950172842603437
2.6193910591551774	0.00794328234724283	0.6574430325053134
2.9976816770403563	0.00794328234724283	0.6147189565524875
3.4306047603910415	0.00794328234724283	0.5645745029171503
3.926050291516404	0.00794328234724283	0.49731610567800205
4.493047718431742	0.00794328234724283	0.41502846508894375
5.141930515695824	0.00794328234724283	0.34614307184887255
5.884524511008838	0.00794328234724283	0.29487469662510657
6.734363409805407	0.00794328234724283	0.2200028452284721
7.706935445758021	0.00794328234724283	0.15277736750717646
8.819965652373028	0.00794328234724283	0.11991816832989598
10.093738900052346	0.00794328234724283	0.0769646188593279
11.551469585940843	0.00794328234724283	0.031552361754452564
13.219724714121972	0.00794328234724283	0.009815837721092503
15.128908076758211	0.00794328234724283	0.003142014266850561
17.313814360331925	0.00794328234724283	0.001254186645078624
19.814263275520517	0.00794328234724283	0.0005920779268857003
22.675825267662994	0.00794328234724283	0.0001751510755439715
25.950652033822625	0.00794328234724283	0.000046564199550771743
29.698426982540767	0.00794328234724283	0.000016063234180474164
33.98745295832107	0.00794328234724283	4.691156337919238e-6
38.895897054520105	0.00794328234724283	1.4384170713130598e-6
44.51321520124173	0.00794328234724283	3.1567061019278497e-7
50.941782491215115	0.00794328234724283	7.470150217423901e-8
58.29875895619149	0.00794328234724283	1.761104568376302e-8
66.71822479745835	0.00794328234724283	3.996108736886161e-9
76.35362398484546	0.00794328234724283	6.861995986964063e-10
87.38056075858388	0.00794328234724283	7.050565107954024e-11
100.00000000000031	0.00794328234724283	3.970563403884064e-12
111.55639876771902	0.00794328234724283	2.4501309605423216e-13
138.21730389017998	0.00794328234724283	1.0103417650212814e-16
171.24990861750976	0.00794328234724283	1.4476662764734994e-18
212.17698780180757	0.00794328234724283	2.6553953023533793e-19
262.885244821937	0.00794328234724283	3.847727357125429e-20
325.7122869971341	0.00794328234724283	2.0739812667532252e-21
403.5543872869759	0.00794328234724283	3.0597141703167244e-23
499.9999999999984	0.00794328234724283	0
1000	0.00794328234724283	0
2000	0.00794328234724283	0
1.	0.009120108393559116	0.7410979660987914
1.9999999999999998	0.009120108393559116	0.7918569059256817
2.288838595949997	0.009120108393559116	0.7694810071220183
2.6193910591551774	0.009120108393559116	0.733713774403002
2.9976816770403563	0.009120108393559116	0.6903246993542165
3.4306047603910415	0.009120108393559116	0.6393562460391798
3.926050291516404	0.009120108393559116	0.5715108527987725
4.493047718431742	0.009120108393559116	0.4821952677144527
5.141930515695824	0.009120108393559116	0.40001588619085143
5.884524511008838	0.009120108393559116	0.3420285032580972
6.734363409805407	0.009120108393559116	0.2605726593484935
7.706935445758021	0.009120108393559116	0.17920534494121282
8.819965652373028	0.009120108393559116	0.13996212592655358
10.093738900052346	0.009120108393559116	0.0923569473769276
11.551469585940843	0.009120108393559116	0.038709109538069934
13.219724714121972	0.009120108393559116	0.011877992181726926
15.128908076758211	0.009120108393559116	0.003766440690367093
17.313814360331925	0.009120108393559116	0.0014786151849447864
19.814263275520517	0.009120108393559116	0.000693552391822015
22.675825267662994	0.009120108393559116	0.00020908576217120432
25.950652033822625	0.009120108393559116	0.000054660150811053026
29.698426982540767	0.009120108393559116	0.00001893251156797103
33.98745295832107	0.009120108393559116	5.498336243093706e-6
38.895897054520105	0.009120108393559116	1.6732660641064721e-6
44.51321520124173	0.009120108393559116	3.7181593635655633e-7
50.941782491215115	0.009120108393559116	8.731090615369398e-8
58.29875895619149	0.009120108393559116	2.0482301280857455e-8
66.71822479745835	0.009120108393559116	4.6485269426150164e-9
76.35362398484546	0.009120108393559116	7.989083257134455e-10
87.38056075858388	0.009120108393559116	8.222058035206335e-11
100.00000000000031	0.009120108393559116	4.644988744992769e-12
111.55639876771902	0.009120108393559116	2.871405675812487e-13
138.21730389017998	0.009120108393559116	1.190264987296564e-16
171.24990861750976	0.009120108393559116	1.6764106531835113e-18
212.17698780180757	0.009120108393559116	3.074224988056835e-19
262.885244821937	0.009120108393559116	4.4547392228421934e-20
325.7122869971341	0.009120108393559116	2.401592758098404e-21
403.5543872869759	0.009120108393559116	3.543920359631487e-23
499.9999999999984	0.009120108393559116	0
1000	0.009120108393559116	0
2000	0.009120108393559116	0
1.	0.010471285480509017	0.753432867451712
1.9999999999999998	0.010471285480509017	0.8590292781786664
2.288838595949997	0.010471285480509017	0.8466532308818081
2.6193910591551774	0.010471285480509017	0.8157329953653966
2.9976816770403563	0.010471285480509017	0.771704925039041
3.4306047603910415	0.010471285480509017	0.7199554946132231
3.926050291516404	0.010471285480509017	0.6534210718491351
4.493047718431742	0.010471285480509017	0.560140537771206
5.141930515695824	0.010471285480509017	0.4637892678956926
5.884524511008838	0.010471285480509017	0.3963869605801362
6.734363409805407	0.010471285480509017	0.3106131135180783
7.706935445758021	0.010471285480509017	0.21113812266674087
8.819965652373028	0.010471285480509017	0.16339993461205818
10.093738900052346	0.010471285480509017	0.11102011624937011
11.551469585940843	0.010471285480509017	0.04794441677118081
13.219724714121972	0.010471285480509017	0.014568941310093857
15.128908076758211	0.010471285480509017	0.004543901302950796
17.313814360331925	0.010471285480509017	0.0017460617638571682
19.814263275520517	0.010471285480509017	0.000812384436140112
22.675825267662994	0.010471285480509017	0.0002509671100691801
25.950652033822625	0.010471285480509017	0.00006435092922502577
29.698426982540767	0.010471285480509017	0.000022382362879261183
33.98745295832107	0.010471285480509017	6.478993889154244e-6
38.895897054520105	0.010471285480509017	1.956189781447757e-6
44.51321520124173	0.010471285480509017	4.405414275191648e-7
50.941782491215115	0.010471285480509017	1.0262705911577282e-7
58.29875895619149	0.010471285480509017	2.3950126344387106e-8
66.71822479745835	0.010471285480509017	5.4337295977393335e-9
76.35362398484546	0.010471285480509017	9.350452305880343e-10
87.38056075858388	0.010471285480509017	9.64225029913548e-11
100.00000000000031	0.010471285480509017	5.4646395510469095e-12
111.55639876771902	0.010471285480509017	3.3859086548149135e-13
138.21730389017998	0.010471285480509017	1.4119900759439343e-16
171.24990861750976	0.010471285480509017	1.9497395703006393e-18
212.17698780180757	0.010471285480509017	3.5744654181891827e-19
262.885244821937	0.010471285480509017	5.179790641780772e-20
325.7122869971341	0.010471285480509017	2.7930298335538355e-21
403.5543872869759	0.010471285480509017	4.122728374923948e-23
499.9999999999984	0.010471285480509017	0
1000	0.010471285480509017	0
2000	0.010471285480509017	0
1.	0.012022644346174156	0.7507815518576606
1.9999999999999998	0.012022644346174156	0.9201352086398892
2.288838595949997	0.012022644346174156	0.9218156812531191
2.6193910591551774	0.012022644346174156	0.8998599673445444
2.9976816770403563	0.012022644346174156	0.8581820727707643
3.4306047603910415	0.012022644346174156	0.8065376851313758
3.926050291516404	0.012022644346174156	0.7423093550863158
4.493047718431742	0.012022644346174156	0.651075890035621
5.141930515695824	0.012022644346174156	0.540986200080098
5.884524511008838	0.012022644346174156	0.4593892987460589
6.734363409805407	0.012022644346174156	0.3690302933684867
7.706935445758021	0.012022644346174156	0.25073880730040893
8.819965652373028	0.012022644346174156	0.19031501673498755
10.093738900052346	0.012022644346174156	0.13395471414258098
11.551469585940843	0.012022644346174156	0.059859136611430254
13.219724714121972	0.012022644346174156	0.01800895809077625
15.128908076758211	0.012022644346174156	0.005518508295312662
17.313814360331925	0.012022644346174156	0.002067163439854307
19.814263275520517	0.012022644346174156	0.0009563625459140854
22.675825267662994	0.012022644346174156	0.00030205086537866586
25.950652033822625	0.012022644346174156	0.00007603186421201553
29.698426982540767	0.012022644346174156	0.000026522905154911918
33.98745295832107	0.012022644346174156	7.65896282098602e-6
38.895897054520105	0.012022644346174156	2.2940046227688404e-6
44.51321520124173	0.012022644346174156	5.239615806905145e-7
50.941782491215115	0.012022644346174156	1.2107943363235356e-7
58.29875895619149	0.012022644346174156	2.8100807646260763e-8
66.71822479745835	0.012022644346174156	6.369499368392963e-9
76.35362398484546	0.012022644346174156	1.0979361705320253e-9
87.38056075858388	0.012022644346174156	1.1348962741972665e-10
100.00000000000031	0.012022644346174156	6.452455694235763e-12
111.55639876771902	0.012022644346174156	4.009641546801134e-13
138.21730389017998	0.012022644346174156	1.6836383371310215e-16
171.24990861750976	0.012022644346174156	2.2726174083897365e-18
212.17698780180757	0.012022644346174156	4.16506082965268e-19
262.885244821937	0.012022644346174156	6.035838502631732e-20
325.7122869971341	0.012022644346174156	3.255387226413758e-21
403.5543872869759	0.012022644346174156	4.806785058786074e-23
499.9999999999984	0.012022644346174156	0
1000	0.012022644346174156	0
2000	0.012022644346174156	0
1.	0.01380384264602888	0.7327812841447727
1.9999999999999998	0.01380384264602888	0.9686805371051616
2.288838595949997	0.01380384264602888	0.989671998340668
2.6193910591551774	0.01380384264602888	0.9835665205265449
2.9976816770403563	0.01380384264602888	0.9494717473752119
3.4306047603910415	0.01380384264602888	0.8990094696508978
3.926050291516404	0.01380384264602888	0.8387871043029375
4.493047718431742	0.01380384264602888	0.7524106411512873
5.141930515695824	0.01380384264602888	0.6316301328588717
5.884524511008838	0.01380384264602888	0.5308192483421561
6.734363409805407	0.01380384264602888	0.43763716500433264
7.706935445758021	0.01380384264602888	0.30108194585023773
8.819965652373028	0.01380384264602888	0.22167309626648732
10.093738900052346	0.01380384264602888	0.1617253931702728
11.551469585940843	0.01380384264602888	0.07555151344240137
13.219724714121972	0.01380384264602888	0.022819928076042564
15.128908076758211	0.01380384264602888	0.007970717521816259
17.313814360331925	0.01380384264602888	0.0024615626341147855
19.814263275520517	0.01380384264602888	0.0011263238698306327
22.675825267662994	0.01380384264602888	0.00036668854515009997
25.950652033822625	0.01380384264602888	0.00009024031283585531
29.698426982540767	0.01380384264602888	0.00003149658326254967
33.98745295832107	0.01380384264602888	9.101871342273714e-6
38.895897054520105	0.01380384264602888	2.7051054342496263e-6
44.51321520124173	0.01380384264602888	6.269345827151126e-7
50.941782491215115	0.01380384264602888	1.437150280152873e-7
58.29875895619149	0.01380384264602888	3.3159557611078746e-8
66.71822479745835	0.01380384264602888	7.50479171104159e-9
76.35362398484546	0.01380384264602888	1.2963216399087613e-9
87.38056075858388	0.01380384264602888	1.3437268310222931e-10
100.00000000000031	0.01380384264602888	7.66453632436247e-12
111.55639876771902	0.01380384264602888	4.779971012325231e-13
138.21730389017998	0.01380384264602888	2.0229159684181998e-16
171.24990861750976	0.01380384264602888	2.660478132951929e-18
212.17698780180757	0.01380384264602888	4.874115613374745e-19
262.885244821937	0.01380384264602888	7.063656913217575e-20
325.7122869971341	0.01380384264602888	3.810751962688473e-21
403.5543872869759	0.01380384264602888	5.628936219752007e-23
499.9999999999984	0.01380384264602888	0
1000	0.01380384264602888	0
2000	0.01380384264602888	0
1.	0.015848931924611172	0.6984523361241689
1.9999999999999998	0.015848931924611172	0.9944370018898346
2.288838595949997	0.015848931924611172	1.0424401735819397
2.6193910591551774	0.015848931924611172	1.0610608019804895
2.9976816770403563	0.015848931924611172	1.0426410437987275
3.4306047603910415	0.015848931924611172	0.9972348855032303
3.926050291516404	0.015848931924611172	0.941828397108759
4.493047718431742	0.015848931924611172	0.8623988746687578
5.141930515695824	0.015848931924611172	0.7372685726859876
5.884524511008838	0.015848931924611172	0.6144028524105845
6.734363409805407	0.015848931924611172	0.5164636766961928
7.706935445758021	0.015848931924611172	0.3637307934244568
8.819965652373028	0.015848931924611172	0.25937001984202573
10.093738900052346	0.015848931924611172	0.19494588243876676
11.551469585940843	0.015848931924611172	0.09547773374025202
13.219724714121972	0.015848931924611172	0.02858875037100004
15.128908076758211	0.015848931924611172	0.008348968283028755
17.313814360331925	0.015848931924611172	0.0029556190368193397
19.814263275520517	0.015848931924611172	0.0013305672692248372
22.675825267662994	0.015848931924611172	0.0004471637696359202
25.950652033822625	0.015848931924611172	0.00010768326655153404
29.698426982540767	0.015848931924611172	0.000037450129061850503
33.98745295832107	0.015848931924611172	0.000010814821569025278
38.895897054520105	0.015848931924611172	3.1916044608949104e-6
44.51321520124173	0.015848931924611172	7.506715333700844e-7
50.941782491215115	0.015848931924611172	1.7070746168752666e-7
58.29875895619149	0.015848931924611172	3.91462465152302e-8
66.71822479745835	0.015848931924611172	8.841760113213294e-9
76.35362398484546	0.015848931924611172	1.5308723970754958e-9
87.38056075858388	0.015848931924611172	1.5920256030999755e-10
100.00000000000031	0.015848931924611172	9.111488486145918e-12
111.55639876771902	0.015848931924611172	5.706830391817816e-13
138.21730389017998	0.015848931924611172	2.4368905553588016e-16
171.24990861750976	0.015848931924611172	3.111169105701142e-18
212.17698780180757	0.015848931924611172	5.697410481318023e-19
262.885244821937	0.015848931924611172	8.257174154758755e-20
325.7122869971341	0.015848931924611172	4.456003198724574e-21
403.5543872869759	0.015848931924611172	6.58488242267869e-23
499.9999999999984	0.015848931924611172	0
1000	0.015848931924611172	0
2000	0.015848931924611172	0
1.	0.01819700858609988	0.6496238109242716
1.9999999999999998	0.01819700858609988	0.994575899989134
2.288838595949997	0.01819700858609988	1.07236961356289
2.6193910591551774	0.01819700858609988	1.1238401428732407
2.9976816770403563	0.01819700858609988	1.1323501323581506
3.4306047603910415	0.01819700858609988	1.1015198102410122
3.926050291516404	0.01819700858609988	1.0475903124165162
4.493047718431742	0.01819700858609988	0.976773663301883
5.141930515695824	0.01819700858609988	0.8592163342745835
5.884524511008838	0.01819700858609988	0.7153348004707045
6.734363409805407	0.01819700858609988	0.6056197453220628
7.706935445758021	0.01819700858609988	0.4430350781511369
8.819965652373028	0.01819700858609988	0.30439771786660946
10.093738900052346	0.01819700858609988	0.2344261407422542
11.551469585940843	0.01819700858609988	0.12184145837645989
13.219724714121972	0.01819700858609988	0.036853795122955224
15.128908076758211	0.01819700858609988	0.010424583441186767
17.313814360331925	0.01819700858609988	0.003571211082958437
19.814263275520517	0.01819700858609988	0.0015807802142562143
22.675825267662994	0.01819700858609988	0.0005493231775065223
25.950652033822625	0.01819700858609988	0.00012932323893302255
29.698426982540767	0.01819700858609988	0.000044557028260955086
33.98745295832107	0.01819700858609988	0.000012979854791327995
38.895897054520105	0.01819700858609988	3.808342784533213e-6
44.51321520124173	0.01819700858609988	9.088916830324919e-7
50.941782491215115	0.01819700858609988	2.050063377940334e-7
58.29875895619149	0.01819700858609988	4.671444775074747e-8
66.71822479745835	0.01819700858609988	1.0526356763596477e-8
76.35362398484546	0.01819700858609988	1.8271072447761655e-9
87.38056075858388	0.01819700858609988	1.9070977718677185e-10
100.00000000000031	0.01819700858609988	1.095476427800565e-11
111.55639876771902	0.01819700858609988	6.895843551053276e-13
138.21730389017998	0.01819700858609988	2.974615256210605e-16
171.24990861750976	0.01819700858609988	3.671713695688425e-18
212.17698780180757	0.01819700858609988	6.720659391086914e-19
262.885244821937	0.01819700858609988	9.740687062375703e-20
325.7122869971341	0.01819700858609988	5.258433726259637e-21
403.5543872869759	0.01819700858609988	7.774535516344656e-23
499.9999999999984	0.01819700858609988	0
1000	0.01819700858609988	0
2000	0.01819700858609988	0
1.	0.02089296130854045	0.5902558520301416
1.9999999999999998	0.02089296130854045	0.9631734506780059
2.288838595949997	0.02089296130854045	1.069769519148171
2.6193910591551774	0.02089296130854045	1.1612196040662737
2.9976816770403563	0.02089296130854045	1.211408839148936
3.4306047603910415	0.02089296130854045	1.2046380634970262
3.926050291516404	0.02089296130854045	1.1571183964424192
4.493047718431742	0.02089296130854045	1.0955685427664033
5.141930515695824	0.02089296130854045	0.9955489322820534
5.884524511008838	0.02089296130854045	0.8355445798974728
6.734363409805407	0.02089296130854045	0.7046330106067661
7.706935445758021	0.02089296130854045	0.5425133314738915
8.819965652373028	0.02089296130854045	0.3597649192266962
10.093738900052346	0.02089296130854045	0.27998704271527
11.551469585940843	0.02089296130854045	0.1561960897281346
13.219724714121972	0.02089296130854045	0.04854877431051917
15.128908076758211	0.02089296130854045	0.013180027852600074
17.313814360331925	0.02089296130854045	0.004360644473358004
19.814263275520517	0.02089296130854045	0.0018886518881617263
22.675825267662994	0.02089296130854045	0.0006806050736518275
25.950652033822625	0.02089296130854045	0.00015671128039609534
29.698426982540767	0.02089296130854045	0.000053008043596132175
33.98745295832107	0.02089296130854045	0.000015634871802778084
38.895897054520105	0.02089296130854045	4.569115333773433e-6
44.51321520124173	0.02089296130854045	1.1059908298654739e-6
50.941782491215115	0.02089296130854045	2.4727838058661386e-7
58.29875895619149	0.02089296130854045	5.599200022469427e-8
66.71822479745835	0.02089296130854045	1.258648458291615e-8
76.35362398484546	0.02089296130854045	2.190031025204937e-9
87.38056075858388	0.02089296130854045	2.2952505429912925e-10
100.00000000000031	0.02089296130854045	1.3239679805372406e-11
111.55639876771902	0.02089296130854045	8.381766790975388e-13
138.21730389017998	0.02089296130854045	3.6571791507203393e-16
171.24990861750976	0.02089296130854045	4.345157223468446e-18
212.17698780180757	0.02089296130854045	7.948886817633585e-19
262.885244821937	0.02089296130854045	1.152157565499885e-19
325.7122869971341	0.02089296130854045	6.222331926682244e-21
403.5543872869759	0.02089296130854045	9.204888095135945e-23
499.9999999999984	0.02089296130854045	0
1000	0.02089296130854045	0
2000	0.02089296130854045	0
1.	0.023988329190194974	0.5253384787160117
1.9999999999999998	0.023988329190194974	0.8994052553214947
2.288838595949997	0.023988329190194974	1.02923870871379
2.6193910591551774	0.023988329190194974	1.1601598588231081
2.9976816770403563	0.023988329190194974	1.260430159321727
3.4306047603910415	0.023988329190194974	1.2977202695481576
3.926050291516404	0.023988329190194974	1.2696808722740784
4.493047718431742	0.023988329190194974	1.2152412040877503
5.141930515695824	0.023988329190194974	1.1350910147693953
5.884524511008838	0.023988329190194974	0.9767435300168967
6.734363409805407	0.023988329190194974	0.8164005699807207
7.706935445758021	0.023988329190194974	0.6592118284297417
8.819965652373028	0.023988329190194974	0.43290670562085753
10.093738900052346	0.023988329190194974	0.33231195822580506
11.551469585940843	0.023988329190194974	0.20014322533126505
13.219724714121972	0.023988329190194974	0.06502257448433371
15.128908076758211	0.023988329190194974	0.016879399609381406
17.313814360331925	0.023988329190194974	0.005385903123281848
19.814263275520517	0.023988329190194974	0.002272509671180772
22.675825267662994	0.023988329190194974	0.0008485506935491286
25.950652033822625	0.023988329190194974	0.00019160198981582738
29.698426982540767	0.023988329190194974	0.00006305752148513993
33.98745295832107	0.023988329190194974	0.00001895681897977832
38.895897054520105	0.023988329190194974	5.531110056628136e-6
44.51321520124173	0.023988329190194974	1.357043510427163e-6
50.941782491215115	0.023988329190194974	3.00336672834962e-7
58.29875895619149	0.023988329190194974	6.760208271510282e-8
66.71822479745835	0.023988329190194974	1.516335369398664e-8
76.35362398484546	0.023988329190194974	2.6441836041700385e-9
87.38056075858388	0.023988329190194974	2.7834778501959884e-10
100.00000000000031	0.023988329190194974	1.6136683420781065e-11
111.55639876771902	0.023988329190194974	1.0280257860259304e-12
138.21730389017998	0.023988329190194974	4.543556845082393e-16
171.24990861750976	0.023988329190194974	5.170927788354739e-18
212.17698780180757	0.023988329190194974	9.453459280550573e-19
262.885244821937	0.023988329190194974	1.3703338002277188e-19
325.7122869971341	0.023988329190194974	7.404042793854634e-21
403.5543872869759	0.023988329190194974	1.096018391632684e-22
499.9999999999984	0.023988329190194974	0
1000	0.023988329190194974	0
2000	0.023988329190194974	0
1.	0.027542287033381744	0.46187123156030596
1.9999999999999998	0.027542287033381744	0.8087393307947037
2.288838595949997	0.027542287033381744	0.9488626121100939
2.6193910591551774	0.027542287033381744	1.1087906170576731
2.9976816770403563	0.027542287033381744	1.2622403850353696
3.4306047603910415	0.027542287033381744	1.3633399138377302
3.926050291516404	0.027542287033381744	1.379289577408764
4.493047718431742	0.027542287033381744	1.3351697399764209
5.141930515695824	0.027542287033381744	1.2720294120939921
5.884524511008838	0.027542287033381744	1.1448983673112605
6.734363409805407	0.027542287033381744	0.9528939386486359
7.706935445758021	0.027542287033381744	0.7922092671934159
8.819965652373028	0.027542287033381744	0.5329436477388255
10.093738900052346	0.027542287033381744	0.3913852008792834
11.551469585940843	0.027542287033381744	0.25709459404914403
13.219724714121972	0.027542287033381744	0.0890918437456771
15.128908076758211	0.027542287033381744	0.022004724818979925
17.313814360331925	0.027542287033381744	0.006725632295293131
19.814263275520517	0.027542287033381744	0.00275274659828717
22.675825267662994	0.027542287033381744	0.0010631228379916662
25.950652033822625	0.027542287033381744	0.00023635194639898459
29.698426982540767	0.027542287033381744	0.00007510182987276146
33.98745295832107	0.027542287033381744	0.000023253152997092184
38.895897054520105	0.027542287033381744	6.793136099724273e-6
44.51321520124173	0.027542287033381744	1.6879983300216852e-6
50.941782491215115	0.027542287033381744	3.6897812358877777e-7
58.29875895619149	0.027542287033381744	8.261796955678268e-8
66.71822479745835	0.027542287033381744	1.8500131450380807e-8
76.35362398484546	0.027542287033381744	3.231765415776875e-9
87.38056075858388	0.027542287033381744	3.4180192528482206e-10
100.00000000000031	0.027542287033381744	1.9938825540268763e-11
111.55639876771902	0.027542287033381744	1.2788566047814132e-12
138.21730389017998	0.027542287033381744	5.734033154321639e-16
171.24990861750976	0.027542287033381744	6.218039515883273e-18
212.17698780180757	0.027542287033381744	1.1359303405279086e-18
262.885244821937	0.027542287033381744	1.6467296760559127e-19
325.7122869971341	0.027542287033381744	8.902164156774619e-21
403.5543872869759	0.027542287033381744	1.3187765990343817e-22
499.9999999999984	0.027542287033381744	1.0633155709216998e-25
1000	0.027542287033381744	0
2000	0.027542287033381744	0
1.	0.03162277660168389	0.40090834957273497
1.9999999999999998	0.03162277660168389	0.6979256354272764
2.288838595949997	0.03162277660168389	0.8347629891007641
2.6193910591551774	0.03162277660168389	1.0088511200517998
2.9976816770403563	0.03162277660168389	1.2042110112467346
3.4306047603910415	0.03162277660168389	1.3793607781583836
3.926050291516404	0.03162277660168389	1.469909473037028
4.493047718431742	0.03162277660168389	1.4556493665280819
5.141930515695824	0.03162277660168389	1.4016091972139983
5.884524511008838	0.03162277660168389	1.3155679584072808
6.734363409805407	0.03162277660168389	1.115318423386613
7.706935445758021	0.03162277660168389	0.9312780643553027
8.819965652373028	0.03162277660168389	0.6677942559398786
10.093738900052346	0.03162277660168389	0.4588021047020362
11.551469585940843	0.03162277660168389	0.3273173406238329
13.219724714121972	0.03162277660168389	0.12379157848100943
15.128908076758211	0.03162277660168389	0.029349681024987587
17.313814360331925	0.03162277660168389	0.008558479681593442
19.814263275520517	0.03162277660168389	0.003368172701969497
22.675825267662994	0.03162277660168389	0.0013505902043603787
25.950652033822625	0.03162277660168389	0.0002946641317271631
29.698426982540767	0.03162277660168389	0.00009026612477029802
33.98745295832107	0.03162277660168389	0.000028547746562411927
38.895897054520105	0.03162277660168389	8.376440620904383e-6
44.51321520124173	0.03162277660168389	2.106018812959516e-6
50.941782491215115	0.03162277660168389	4.533640723221429e-7
58.29875895619149	0.03162277660168389	1.0108328566804997e-7
66.71822479745835	0.03162277660168389	2.26078601622703e-8
76.35362398484546	0.03162277660168389	3.9542771278631596e-9
87.38056075858388	0.03162277660168389	4.203162599662871e-10
100.00000000000031	0.03162277660168389	2.470958529100154e-11
111.55639876771902	0.03162277660168389	1.5961037044817996e-12
138.21730389017998	0.03162277660168389	7.272484073774984e-16
171.24990861750976	0.03162277660168389	7.471031774358657e-18
212.17698780180757	0.03162277660168389	1.3636603810738251e-18
262.885244821937	0.03162277660168389	1.9770512425773525e-19
325.7122869971341	0.03162277660168389	1.0694359684159917e-20
403.5543872869759	0.03162277660168389	1.5856348758373855e-22
499.9999999999984	0.03162277660168389	1.2805029982246919e-25
1000	0.03162277660168389	0
2000	0.03162277660168389	0
1.	0.03630780547701025	0.3478119553263883
1.9999999999999998	0.03630780547701025	0.5836878911063532
2.288838595949997	0.03630780547701025	0.7035482832326415
2.6193910591551774	0.03630780547701025	0.8706524387710743
2.9976816770403563	0.03630780547701025	1.0841907420833232
3.4306047603910415	0.03630780547701025	1.319381666190134
3.926050291516404	0.03630780547701025	1.5073799804371824
4.493047718431742	0.03630780547701025	1.5663698335456564
5.141930515695824	0.03630780547701025	1.5307600866732811
5.884524511008838	0.03630780547701025	1.4746392800964196
6.734363409805407	0.03630780547701025	1.3129694479244414
7.706935445758021	0.03630780547701025	1.0961111958926415
8.819965652373028	0.03630780547701025	0.8399182010442268
10.093738900052346	0.03630780547701025	0.5429475947152477
11.551469585940843	0.03630780547701025	0.41087985037106456
13.219724714121972	0.03630780547701025	0.17452433495190262
15.128908076758211	0.03630780547701025	0.04027130954807697
17.313814360331925	0.03630780547701025	0.011085563845481178
19.814263275520517	0.03630780547701025	0.004164412688617094
22.675825267662994	0.03630780547701025	0.0017036701860344851
25.950652033822625	0.03630780547701025	0.00037277560358392963
29.698426982540767	0.03630780547701025	0.00010994055576724706
33.98745295832107	0.03630780547701025	0.000035161928217177814
38.895897054520105	0.03630780547701025	0.000010395870857236189
44.51321520124173	0.03630780547701025	2.6409313209584717e-6
50.941782491215115	0.03630780547701025	5.583160687095656e-7
58.29875895619149	0.03630780547701025	1.2407483915030764e-7
66.71822479745835	0.03630780547701025	2.772031733506796e-8
76.35362398484546	0.03630780547701025	4.852007664860341e-9
87.38056075858388	0.03630780547701025	5.185716455155919e-10
100.00000000000031	0.03630780547701025	3.0776743456658715e-11
111.55639876771902	0.03630780547701025	2.002605106130921e-12
138.21730389017998	0.03630780547701025	9.290417022183211e-16
171.24990861750976	0.03630780547701025	8.983773232767444e-18
212.17698780180757	0.03630780547701025	1.6381443655167723e-18
262.885244821937	0.03630780547701025	2.375253419240139e-19
325.7122869971341	0.03630780547701025	1.2857300777572144e-20
403.5543872869759	0.03630780547701025	1.9082017644114107e-22
499.9999999999984	0.03630780547701025	1.543789974455821e-25
1000	0.03630780547701025	0
2000	0.03630780547701025	0
1.	0.04168693834703368	0.303936773671723
1.9999999999999998	0.04168693834703368	0.4767404345021723
2.288838595949997	0.04168693834703368	0.5718218105234172
2.6193910591551774	0.04168693834703368	0.7143926392880846
2.9976816770403563	0.04168693834703368	0.9182178595933718
3.4306047603910415	0.04168693834703368	1.1817314074927059
3.926050291516404	0.04168693834703368	1.4583791334787881
4.493047718431742	0.04168693834703368	1.6360191477198607
5.141930515695824	0.04168693834703368	1.6541606156648134
5.884524511008838	0.04168693834703368	1.610420307507972
6.734363409805407	0.04168693834703368	1.5174702785777154
7.706935445758021	0.04168693834703368	1.2733025568240621
8.819965652373028	0.04168693834703368	1.0366622470967692
10.093738900052346	0.04168693834703368	0.6598099556948821
11.551469585940843	0.04168693834703368	0.5040968604991583
13.219724714121972	0.04168693834703368	0.24606717558056734
15.128908076758211	0.04168693834703368	0.05739681701849267
17.313814360331925	0.04168693834703368	0.014615677854515383
19.814263275520517	0.04168693834703368	0.005182527000919346
22.675825267662994	0.04168693834703368	0.0021503905171533647
25.950652033822625	0.04168693834703368	0.00048087039827392176
29.698426982540767	0.04168693834703368	0.00013567662919057382
33.98745295832107	0.04168693834703368	0.0000430696738750518
38.895897054520105	0.04168693834703368	0.000012870435177893248
44.51321520124173	0.04168693834703368	3.2961545508817333e-6
50.941782491215115	0.04168693834703368	6.83318426082554e-7
58.29875895619149	0.04168693834703368	1.5140337441701754e-7
66.71822479745835	0.04168693834703368	3.376630166201897e-8
76.35362398484546	0.04168693834703368	5.912107389146859e-9
87.38056075858388	0.04168693834703368	6.358660338657318e-10
100.00000000000031	0.04168693834703368	3.816398144153519e-11
111.55639876771902	0.04168693834703368	2.5021484832483843e-12
138.21730389017998	0.04168693834703368	1.184515462683427e-15
171.24990861750976	0.04168693834703368	1.0704998775321156e-17
212.17698780180757	0.04168693834703368	1.94975420418706e-18
262.885244821937	0.04168693834703368	2.8274019360119817e-19
325.7122869971341	0.04168693834703368	1.5317072276620044e-20
403.5543872869759	0.04168693834703368	2.275834439154492e-22
499.9999999999984	0.04168693834703368	1.8450283906649843e-25
1000	0.04168693834703368	0
2000	0.04168693834703368	0
1.	0.047863009232264	0.26748496322509496
1.9999999999999998	0.047863009232264	0.3856629065199257
2.288838595949997	0.047863009232264	0.4546875414915383
2.6193910591551774	0.047863009232264	0.5643852987180488
2.9976816770403563	0.047863009232264	0.7311987404764131
3.4306047603910415	0.047863009232264	0.9803098232167593
3.926050291516404	0.047863009232264	1.3041098501034085
4.493047718431742	0.047863009232264	1.6138785486708782
5.141930515695824	0.047863009232264	1.7582100123584086
5.884524511008838	0.047863009232264	1.7394099517252783
6.734363409805407	0.047863009232264	1.7002094812196835
7.706935445758021	0.047863009232264	1.5009512548523585
8.819965652373028	0.047863009232264	1.2497012567750458
10.093738900052346	0.047863009232264	0.8387350245838783
11.551469585940843	0.047863009232264	0.6026180659664617
13.219724714121972	0.047863009232264	0.34558380158779584
15.128908076758211	0.047863009232264	0.08560831869129634
17.313814360331925	0.047863009232264	0.019774334002636645
19.814263275520517	0.047863009232264	0.006544286798564387
22.675825267662994	0.047863009232264	0.002697774936215769
25.950652033822625	0.047863009232264	0.0006330625238663285
29.698426982540767	0.047863009232264	0.00016978632040557434
33.98745295832107	0.047863009232264	0.00005243860304011511
38.895897054520105	0.047863009232264	0.000015878833762860134
44.51321520124173	0.047863009232264	4.085132102691265e-6
50.941782491215115	0.047863009232264	8.315912153111828e-7
58.29875895619149	0.047863009232264	1.8350984311059674e-7
66.71822479745835	0.047863009232264	4.0780110194076736e-8
76.35362398484546	0.047863009232264	7.140762706747618e-9
87.38056075858388	0.047863009232264	7.739382116051645e-10
100.00000000000031	0.047863009232264	4.703715699189905e-11
111.55639876771902	0.047863009232264	3.1087771241854605e-12
138.21730389017998	0.047863009232264	1.5057068544728914e-15
171.24990861750976	0.047863009232264	1.2616064374337216e-17
212.17698780180757	0.047863009232264	2.294724725050647e-18
262.885244821937	0.047863009232264	3.3281316933503753e-19
325.7122869971341	0.047863009232264	1.8046234275344407e-20
403.5543872869759	0.047863009232264	2.684805105281265e-22
499.9999999999984	0.047863009232264	2.1817441960336213e-25
1000	0.047863009232264	0
2000	0.047863009232264	0
1.	0.05495408738576265	0.23923905024632966
1.9999999999999998	0.05495408738576265	0.3138631277238005
2.288838595949997	0.05495408738576265	0.3602309426331076
2.6193910591551774	0.05495408738576265	0.43509257622116204
2.9976816770403563	0.05495408738576265	0.5587510830219355
3.4306047603910415	0.05495408738576265	0.7591403480874249
3.926050291516404	0.05495408738576265	1.0666506228760024
4.493047718431742	0.05495408738576265	1.4565487109419673
5.141930515695824	0.05495408738576265	1.7777300239020224
5.884524511008838	0.05495408738576265	1.862149655168484
6.734363409805407	0.05495408738576265	1.8383194380470984
7.706935445758021	0.05495408738576265	1.7481099827531337
8.819965652373028	0.05495408738576265	1.461200744470427
10.093738900052346	0.05495408738576265	1.0886994460239547
11.551469585940843	0.05495408738576265	0.7098657132018897
13.219724714121972	0.05495408738576265	0.4738103636543042
15.128908076758211	0.05495408738576265	0.13327152400223632
17.313814360331925	0.05495408738576265	0.027442877305908955
19.814263275520517	0.05495408738576265	0.008454435488387193
22.675825267662994	0.05495408738576265	0.0033636694190118267
25.950652033822625	0.05495408738576265	0.0008497864351666858
29.698426982540767	0.05495408738576265	0.00021483197545974452
33.98745295832107	0.05495408738576265	0.0000647129246592096
38.895897054520105	0.05495408738576265	0.00001988314229476478
44.51321520124173	0.05495408738576265	5.1142281436233995e-6
50.941782491215115	0.05495408738576265	1.0275936816013e-6
58.29875895619149	0.05495408738576265	2.251466005030851e-7
66.71822479745835	0.05495408738576265	4.9709953888492015e-8
76.35362398484546	0.05495408738576265	8.706086348432917e-9
87.38056075858388	0.05495408738576265	9.527205252660163e-10
100.00000000000031	0.05495408738576265	5.866750921130592e-11
111.55639876771902	0.05495408738576265	3.912102361368549e-12
138.21730389017998	0.05495408738576265	1.944462926955193e-15
171.24990861750976	0.05495408738576265	1.496968888563708e-17
212.17698780180757	0.05495408738576265	2.7185589049686002e-18
262.885244821937	0.05495408738576265	3.9434305383783946e-19
325.7122869971341	0.05495408738576265	2.1405097608000252e-20
403.5543872869759	0.05495408738576265	3.1892305624181217e-22
499.9999999999984	0.05495408738576265	2.5986763848312702e-25
1000	0.05495408738576265	0
2000	0.05495408738576265	0
1.	0.06309573444801955	0.21946495541019517
1.9999999999999998	0.06309573444801955	0.2623078715850472
2.288838595949997	0.06309573444801955	0.28933569184261987
2.6193910591551774	0.06309573444801955	0.33618897573618733
2.9976816770403563	0.06309573444801955	0.41727617556830066
3.4306047603910415	0.06309573444801955	0.5605737656557795
3.926050291516404	0.06309573444801955	0.8049763215098854
4.493047718431742	0.06309573444801955	1.1856373168721623
5.141930515695824	0.06309573444801955	1.6498391057525899
5.884524511008838	0.06309573444801955	1.940499826038024
6.734363409805407	0.06309573444801955	1.9556504101363517
7.706935445758021	0.06309573444801955	1.9419605335511754
8.819965652373028	0.06309573444801955	1.6936619498310825
10.093738900052346	0.06309573444801955	1.3697171418721172
11.551469585940843	0.06309573444801955	0.8537696502921098
13.219724714121972	0.06309573444801955	0.6308721895560823
15.128908076758211	0.06309573444801955	0.21197683368558715
17.313814360331925	0.06309573444801955	0.03949991354405599
19.814263275520517	0.06309573444801955	0.011200030801598088
22.675825267662994	0.06309573444801955	0.004262420581418127
25.950652033822625	0.06309573444801955	0.0011623471085810155
29.698426982540767	0.06309573444801955	0.0002743770842866305
33.98745295832107	0.06309573444801955	0.00008131290204563122
38.895897054520105	0.06309573444801955	0.000025320795636421874
44.51321520124173	0.06309573444801955	6.480013259658139e-6
50.941782491215115	0.06309573444801955	1.2963559185167e-6
58.29875895619149	0.06309573444801955	2.8057848618791066e-7
66.71822479745835	0.06309573444801955	6.133667730462941e-8
76.35362398484546	0.06309573444801955	1.075162577960275e-8
87.38056075858388	0.06309573444801955	1.190561218222286e-9
100.00000000000031	0.06309573444801955	7.425919464325573e-11
111.55639876771902	0.06309573444801955	5.0026962644977316e-12
138.21730389017998	0.06309573444801955	2.560159190861531e-15
171.24990861750976	0.06309573444801955	1.793161859776831e-17
212.17698780180757	0.06309573444801955	3.250470249621149e-18
262.885244821937	0.06309573444801955	4.715848257439563e-19
325.7122869971341	0.06309573444801955	2.562869624814051e-20
403.5543872869759	0.06309573444801955	3.824993389287342e-22
499.9999999999984	0.06309573444801955	3.126371463352056e-25
1000	0.06309573444801955	0
2000	0.06309573444801955	0
1.	0.07244359600749928	0.20736500516792633
1.9999999999999998	0.07244359600749928	0.22746101488320078
2.288838595949997	0.07244359600749928	0.24136595289587912
2.6193910591551774	0.07244359600749928	0.2679971587271839
2.9976816770403563	0.07244359600749928	0.31428638557789645
3.4306047603910415	0.07244359600749928	0.4024676556217339
3.926050291516404	0.07244359600749928	0.5677512583636128
4.493047718431742	0.07244359600749928	0.8732009043291483
5.141930515695824	0.07244359600749928	1.3524004875080542
5.884524511008838	0.07244359600749928	1.8714711362146264
6.734363409805407	0.07244359600749928	2.0799699096696913
7.706935445758021	0.07244359600749928	2.0693499953212013
8.819965652373028	0.07244359600749928	1.9595803152000575
10.093738900052346	0.07244359600749928	1.616685948617938
11.551469585940843	0.07244359600749928	1.0940808009840768
13.219724714121972	0.07244359600749928	0.7969760117511591
15.128908076758211	0.07244359600749928	0.3398609113652554
17.313814360331925	0.07244359600749928	0.06014313372064166
19.814263275520517	0.07244359600749928	0.015313256666661676
22.675825267662994	0.07244359600749928	0.005483739699347093
25.950652033822625	0.07244359600749928	0.0016242163329299088
29.698426982540767	0.07244359600749928	0.00035547738489114346
33.98745295832107	0.07244359600749928	0.0001042527456134695
38.895897054520105	0.07244359600749928	0.0000327265981314702
44.51321520124173	0.07244359600749928	8.309690077816902e-6
50.941782491215115	0.07244359600749928	1.6722488895335194e-6
58.29875895619149	0.07244359600749928	3.5537103497472563e-7
66.71822479745835	0.07244359600749928	7.6651031184304e-8
76.35362398484546	0.07244359600749928	1.3468050566830072e-8
87.38056075858388	0.07244359600749928	1.5118012618674456e-9
100.00000000000031	0.07244359600749928	9.543265223338589e-11
111.55639876771902	0.07244359600749928	6.505972505345711e-12
138.21730389017998	0.07244359600749928	3.4395916665904375e-15
171.24990861750976	0.07244359600749928	2.168786149632343e-17
212.17698780180757	0.07244359600749928	3.922868807127362e-18
262.885244821937	0.07244359600749928	5.692503979748142e-19
325.7122869971341	0.07244359600749928	3.0979121188438626e-20
403.5543872869759	0.07244359600749928	4.632497605222884e-22
499.9999999999984	0.07244359600749928	3.799787494100558e-25
1000	0.07244359600749928	0
2000	0.07244359600749928	0
1.	0.08317637711026743	0.18443904889404525
1.9999999999999998	0.08317637711026743	0.20462904869357243
2.288838595949997	0.08317637711026743	0.21157702975642464
2.6193910591551774	0.08317637711026743	0.22365016148653658
2.9976816770403563	0.08317637711026743	0.24754732251930653
3.4306047603910415	0.08317637711026743	0.2940621902013068
3.926050291516404	0.08317637711026743	0.39387247238421486
4.493047718431742	0.08317637711026743	0.5913948061872675
5.141930515695824	0.08317637711026743	0.9785192120281094
5.884524511008838	0.08317637711026743	1.5756134164890567
6.734363409805407	0.08317637711026743	2.1003802006247403
7.706935445758021	0.08317637711026743	2.170019459203877
8.819965652373028	0.08317637711026743	2.147889684836323
10.093738900052346	0.08317637711026743	1.8335387088529294
11.551469585940843	0.08317637711026743	1.4277477547984467
13.219724714121972	0.08317637711026743	0.9427263258634335
15.128908076758211	0.08317637711026743	0.5284080120926296
17.313814360331925	0.08317637711026743	0.09942526923126804
19.814263275520517	0.08317637711026743	0.021594229722142484
22.675825267662994	0.08317637711026743	0.007221438674807457
25.950652033822625	0.08317637711026743	0.18379302525129235
29.698426982540767	0.08317637711026743	0.0004683936615717344
33.98745295832107	0.08317637711026743	0.00013496659149897524
38.895897054520105	0.08317637711026743	0.00004224438256627892
44.51321520124173	0.08317637711026743	0.000010655372710796515
50.941782491215115	0.08317637711026743	2.1772118886662643e-6
58.29875895619149	0.08317637711026743	4.5193340327568943e-7
66.71822479745835	0.08317637711026743	9.583498188426019e-8
76.35362398484546	0.08317637711026743	1.6917727908466413e-8
87.38056075858388	0.08317637711026743	1.926330850689428e-9
100.00000000000031	0.08317637711026743	1.230117992696509e-10
111.55639876771902	0.08317637711026743	8.500191285161629e-12
138.21730389017998	0.08317637711026743	4.657033643098299e-15
171.24990861750976	0.08317637711026743	2.6148507741803676e-17
212.17698780180757	0.08317637711026743	4.717595467110883e-18
262.885244821937	0.08317637711026743	6.847262052062906e-19
325.7122869971341	0.08317637711026743	3.732228403109542e-20
403.5543872869759	0.08317637711026743	5.5934248729581185e-22
499.9999999999984	0.08317637711026743	4.606529971764097e-25
1000	0.08317637711026743	0
2000	0.08317637711026743	0
1.	0.09549925860214398	0.18602399467531167
1.9999999999999998	0.09549925860214398	0.18849305420767876
2.288838595949997	0.09549925860214398	0.19112605590452464
2.6193910591551774	0.09549925860214398	0.19799611413371546
2.9976816770403563	0.09549925860214398	0.2079792218991931
3.4306047603910415	0.09549925860214398	0.23094770523729008
3.926050291516404	0.09549925860214398	0.2822794315788728
4.493047718431742	0.09549925860214398	0.3925422243399391
5.141930515695824	0.09549925860214398	0.6427894708390801
5.884524511008838	0.09549925860214398	1.136675313695929
6.734363409805407	0.09549925860214398	1.8599322030981864
7.706935445758021	0.09549925860214398	2.2579178410678438
8.819965652373028	0.09549925860214398	2.2225998869813015
10.093738900052346	0.09549925860214398	2.0722701368854093
11.551469585940843	0.09549925860214398	1.7327160599245865
13.219724714121972	0.09549925860214398	1.1185949951372993
15.128908076758211	0.09549925860214398	0.7776059499810122
17.313814360331925	0.09549925860214398	0.17899288562617072
19.814263275520517	0.09549925860214398	0.03149933298851286
22.675825267662994	0.09549925860214398	0.009639953089111902
25.950652033822625	0.09549925860214398	0.003317628908542174
29.698426982540767	0.09549925860214398	0.0006292995944265719
33.98745295832107	0.09549925860214398	0.00017388886415470637
38.895897054520105	0.09549925860214398	0.000053389884306817124
44.51321520124173	0.09549925860214398	0.00001344836110403282
50.941782491215115	0.09549925860214398	2.808600845534464e-6
58.29875895619149	0.09549925860214398	5.67886170648987e-7
66.71822479745835	0.09549925860214398	1.178985024219523e-7
76.35362398484546	0.09549925860214398	2.0952700817601844e-8
87.38056075858388	0.09549925860214398	2.41826169567063e-9
100.00000000000031	0.09549925860214398	1.5640769416944855e-10
111.55639876771902	0.09549925860214398	1.096899051113412e-11
138.21730389017998	0.09549925860214398	6.245233563541244e-15
171.24990861750976	0.09549925860214398	3.088181353165022e-17
212.17698780180757	0.09549925860214398	5.5545399378399875e-18
262.885244821937	0.09549925860214398	8.064074083649293e-19
325.7122869971341	0.09549925860214398	4.403426410017957e-20
403.5543872869759	0.09549925860214398	6.616078527442264e-22
499.9999999999984	0.09549925860214398	5.473822393597018e-25
1000	0.09549925860214398	0
2000	0.09549925860214398	0
1.	0.10964781961431896	0.16752623583610704
1.9999999999999998	0.10964781961431896	0.17497817230646484
2.288838595949997	0.10964781961431896	0.1770571692635193
2.6193910591551774	0.10964781961431896	0.18093423464376668
2.9976816770403563	0.10964781961431896	0.1870473129354802
3.4306047603910415	0.10964781961431896	0.19893963474966758
3.926050291516404	0.10964781961431896	0.2225307890591501
4.493047718431742	0.10964781961431896	0.27563427681942304
5.141930515695824	0.10964781961431896	0.41113917348303697
5.884524511008838	0.10964781961431896	0.7280636394386301
6.734363409805407	0.10964781961431896	1.3742289553230838
7.706935445758021	0.10964781961431896	2.1622775291627896
8.819965652373028	0.10964781961431896	2.334227905151584
10.093738900052346	0.10964781961431896	2.2442588611457777
11.551469585940843	0.10964781961431896	1.9090147468280563
13.219724714121972	0.10964781961431896	1.4125613702466961
15.128908076758211	0.10964781961431896	1.0354341175745474
17.313814360331925	0.10964781961431896	0.3333713937794522
19.814263275520517	0.10964781961431896	0.04816407644401733
22.675825267662994	0.10964781961431896	0.013292686307122218
25.950652033822625	0.10964781961431896	0.004593251149314694
29.698426982540767	0.10964781961431896	0.0008723188465792125
33.98745295832107	0.10964781961431896	0.00022774538301569225
38.895897054520105	0.10964781961431896	0.00006732741456282816
44.51321520124173	0.10964781961431896	0.00001705504840608067
50.941782491215115	0.10964781961431896	3.6521580537401447e-6
58.29875895619149	0.10964781961431896	7.18596388915046e-7
66.71822479745835	0.10964781961431896	1.4548818776578237e-7
76.35362398484546	0.10964781961431896	2.6021711095085745e-8
87.38056075858388	0.10964781961431896	3.0392324412678067e-9
100.00000000000031	0.10964781961431896	1.9981371955041848e-10
111.55639876771902	0.10964781961431896	1.4238535905762356e-11
138.21730389017998	0.10964781961431896	8.447789500951422e-15
171.24990861750976	0.10964781961431896	3.6364929543234006e-17
212.17698780180757	0.10964781961431896	6.5169007304189065e-18
262.885244821937	0.10964781961431896	9.463895270810887e-19
325.7122869971341	0.10964781961431896	5.1785059481357725e-20
403.5543872869759	0.10964781961431896	7.803146803986303e-22
499.9999999999984	0.10964781961431896	6.489809822145526e-25
1000	0.10964781961431896	0
2000	0.10964781961431896	0