1.	0.001	0.00398998
1.9999999999999998	0.001	0.00404778
2.288838595949997	0.001	0.004070429889898447
2.6193910591551774	0.001	0.004098910096006849
2.9976816770403563	0.001	0.004133200163125218
3.4306047603910415	0.001	0.004175310498089961
3.926050291516404	0.001	0.004227150031470404
4.493047718431742	0.001	0.00428835975369525
5.141930515695824	0.001	0.004356690049903583
5.884524511008838	0.001	0.004428550399856792
6.734363409805407	0.001	0.004503880287767411
7.706935445758021	0.001	0.004585959615648912
8.819965652373028	0.001	0.0046817096259891625
10.093738900052346	0.001	0.004796993072671853
11.551469585940843	0.001	0.004912137597627307
13.219724714121972	0.001	0.0049653586766579254
15.128908076758211	0.001	0.0048631287994837305
17.313814360331925	0.001	0.0045383667862834865
19.814263275520517	0.001	0.003978788218616866
22.675825267662994	0.001	0.003190082929853435
25.950652033822625	0.001	0.0022737534214194747
29.698426982540767	0.001	0.001418545855668957
33.98745295832107	0.001	0.0007597812252754833
38.895897054520105	0.001	0.0003517902448269636
44.51321520124173	0.001	0.00014149778624054834
50.941782491215115	0.001	0.000051099446208061344
58.29875895619149	0.001	0.0000176524865961885
66.71822479745835	0.001	6.0694858855138555e-6
76.35362398484546	0.001	2.2155195689481293e-6
87.38056075858388	0.001	7.854240708061565e-7
100.00000000000031	0.001	2.910995007872696e-7
111.55639876771902	0.001	1.311859746139969e-7
138.21730389017998	0.001	2.393468727722033e-8
171.24990861750976	0.001	3.854802099741122e-9
212.17698780180757	0.001	7.087169720289162e-10
262.885244821937	0.001	1.0267805151473606e-10
325.7122869971341	0.001	5.528757607597646e-12
403.5543872869759	0.001	8.1445727519611e-14
499.9999999999984	0.001	6.499254269273413e-17
1000	0.001	0
2000	0.001	0
1.	0.0011481536214968829	0.004578514371877701
1.9999999999999998	0.0011481536214968829	0.004644694582640262
2.288838595949997	0.0011481536214968829	0.004670904533151465
2.6193910591551774	0.0011481536214968829	0.004703254859021148
2.9976816770403563	0.0011481536214968829	0.004742735063205954
3.4306047603910415	0.0011481536214968829	0.004791005604114094
3.926050291516404	0.0011481536214968829	0.004850765253644193
4.493047718431742	0.0011481536214968829	0.004920685157109924
5.141930515695824	0.0011481536214968829	0.004999175742986051
5.884524511008838	0.0011481536214968829	0.005080846421156886
6.734363409805407	0.0011481536214968829	0.005168036559949109
7.706935445758021	0.0011481536214968829	0.005262756086204622
8.819965652373028	0.0011481536214968829	0.00537357643387554
10.093738900052346	0.0011481536214968829	0.005505430825669645
11.551469585940843	0.0011481536214968829	0.005637694961317643
13.219724714121972	0.0011481536214968829	0.0056995264205188705
15.128908076758211	0.0011481536214968829	0.005582626209974854
17.313814360331925	0.0011481536214968829	0.005210412744425989
19.814263275520517	0.0011481536214968829	0.004568653846241924
22.675825267662994	0.0011481536214968829	0.00366329345602807
25.950652033822625	0.0011481536214968829	0.002611483666405472
29.698426982540767	0.0011481536214968829	0.0016294203984118056
33.98745295832107	0.0011481536214968829	0.0008727660634238432
38.895897054520105	0.0011481536214968829	0.0004041155616845565
44.51321520124173	0.0011481536214968829	0.00016254326943183735
50.941782491215115	0.0011481536214968829	0.000058699668794535826
58.29875895619149	0.0011481536214968829	0.000020277378575874885
66.71822479745835	0.0011481536214968829	6.971702883380625e-6
76.35362398484546	0.0011481536214968829	2.544785949166281e-6
87.38056075858388	0.0011481536214968829	9.021142643502083e-7
100.00000000000031	0.0011481536214968829	3.343282902948597e-7
111.55639876771902	0.0011481536214968829	1.5066370314130771e-7
138.21730389017998	0.0011481536214968829	2.748811698895138e-8
171.24990861750976	0.0011481536214968829	4.426993227396251e-9
212.17698780180757	0.0011481536214968829	8.138930217454142e-10
262.885244821937	0.0011481536214968829	1.1791628034392664e-10
325.7122869971341	0.0011481536214968829	6.3494109143229144e-12
403.5543872869759	0.0011481536214968829	9.353801385082441e-14
499.9999999999984	0.0011481536214968829	7.464618862668918e-17
1000	0.0011481536214968829	0
2000	0.0011481536214968829	0
1.	0.0013182567385564075	0.005253567056990534
1.9999999999999998	0.0013182567385564075	0.005329646867182224
2.288838595949997	0.0013182567385564075	0.005359516651813066
2.6193910591551774	0.0013182567385564075	0.005395996845164855
2.9976816770403563	0.0013182567385564075	0.005441476817748636
3.4306047603910415	0.0013182567385564075	0.0054969671232966985
3.926050291516404	0.0013182567385564075	0.005565546336544922
4.493047718431742	0.0013182567385564075	0.005645835773364919
5.141930515695824	0.0013182567385564075	0.005735965938868059
5.884524511008838	0.0013182567385564075	0.0058304161582609605
6.734363409805407	0.0013182567385564075	0.005930265767322774
7.706935445758021	0.0013182567385564075	0.0060391646037219835
8.819965652373028	0.0013182567385564075	0.006165814315449922
10.093738900052346	0.0013182567385564075	0.006317838485288673
11.551469585940843	0.0013182567385564075	0.006470050865200107
13.219724714121972	0.0013182567385564075	0.006541882124475297
15.128908076758211	0.0013182567385564075	0.006408642585902519
17.313814360331925	0.0013182567385564075	0.005982140975642932
19.814263275520517	0.0013182567385564075	0.005245997824933552
22.675825267662994	0.0013182567385564075	0.0042068102635992735
25.950652033822625	0.0013182567385564075	0.0029994902442034184
29.698426982540767	0.0013182567385564075	0.0018717198867154294
33.98745295832107	0.0013182567385564075	0.0010026170425951268
38.895897054520105	0.0013182567385564075	0.00046425916990485957
44.51321520124173	0.0013182567385564075	0.00018673225412009275
50.941782491215115	0.0013182567385564075	0.00006743465743976949
58.29875895619149	0.0013182567385564075	0.000023293988417135535
66.71822479745835	0.0013182567385564075	8.008405103445315e-6
76.35362398484546	0.0013182567385564075	2.92311933385482e-6
87.38056075858388	0.0013182567385564075	1.0361764970557438e-6
100.00000000000031	0.0013182567385564075	3.839876270529841e-7
111.55639876771902	0.0013182567385564075	1.7303776449671522e-7
138.21730389017998	0.0013182567385564075	3.1569697327503e-8
171.24990861750976	0.0013182567385564075	5.084227137102221e-9
212.17698780180757	0.0013182567385564075	9.346894073718665e-10
262.885244821937	0.0013182567385564075	1.3541817598846643e-10
325.7122869971341	0.0013182567385564075	7.292029765697656e-12
403.5543872869759	0.0013182567385564075	1.074277285287667e-13
499.9999999999984	0.0013182567385564075	8.5736479360617e-17
1000	0.0013182567385564075	0
2000	0.0013182567385564075	0
1.	0.0015135612484362087	0.006027634938571794
1.9999999999999998	0.0015135612484362087	0.0061147550107811125
2.288838595949997	0.0015135612484362087	0.006148144875752646
2.6193910591551774	0.0015135612484362087	0.006191005220062649
2.9976816770403563	0.0015135612484362087	0.006242885358364914
3.4306047603910415	0.0015135612484362087	0.006306455919670567
3.926050291516404	0.0015135612484362087	0.006384785277468709
4.493047718431742	0.0015135612484362087	0.006476844936858117
5.141930515695824	0.0015135612484362087	0.00658073546339727
5.884524511008838	0.0015135612484362087	0.00668990609513081
6.734363409805407	0.0015135612484362087	0.00680481601304357
7.706935445758021	0.0015135612484362087	0.006929525098405354
8.819965652373028	0.0015135612484362087	0.007075165240482943
10.093738900052346	0.0015135612484362087	0.007249780623412961
11.551469585940843	0.0015135612484362087	0.007424902444470195
13.219724714121972	0.0015135612484362087	0.007508244211383097
15.128908076758211	0.0015135612484362087	0.007356734250023215
17.313814360331925	0.0015135612484362087	0.006867880815750149
19.814263275520517	0.0015135612484362087	0.006023877367818255
22.675825267662994	0.0015135612484362087	0.004831413300089878
25.950652033822625	0.0015135612484362087	0.003445373153926672
29.698426982540767	0.0015135612484362087	0.0021501555017572034
33.98745295832107	0.0015135612484362087	0.0011518819045718926
38.895897054520105	0.0015135612484362087	0.000533412813934556
44.51321520124173	0.0015135612484362087	0.00021455185397407272
50.941782491215115	0.0015135612484362087	0.00007748153761420357
58.29875895619149	0.0015135612484362087	0.000026761705154314548
66.71822479745835	0.0015135612484362087	9.200095904326322e-6
76.35362398484546	0.0015135612484362087	3.3579740689204853e-6
87.38056075858388	0.0015135612484362087	1.1902592151266384e-6
100.00000000000031	0.0015135612484362087	4.4105195608519875e-7
111.55639876771902	0.0015135612484362087	1.9874741735875152e-7
138.21730389017998	0.0015135612484362087	3.625972338207176e-8
171.24990861750976	0.0015135612484362087	5.839355686021657e-9
212.17698780180757	0.0015135612484362087	1.0734755080430532e-9
262.885244821937	0.0015135612484362087	1.555259903764673e-10
325.7122869971341	0.0015135612484362087	8.375026191376939e-12
403.5543872869759	0.0015135612484362087	1.2338800602178285e-13
499.9999999999984	0.0015135612484362087	9.848151493310082e-17
1000	0.0015135612484362087	0
2000	0.0015135612484362087	0
1.	0.0017378008287493763	0.006914683280586992
1.9999999999999998	0.0017378008287493763	0.007014773323624275
2.288838595949997	0.0017378008287493763	0.00705306315143471
2.6193910591551774	0.0017378008287493763	0.007102523518058588
2.9976816770403563	0.0017378008287493763	0.007161103670273228
3.4306047603910415	0.0017378008287493763	0.007234544283307383
3.926050291516404	0.0017378008287493763	0.007324203517494302
4.493047718431742	0.0017378008287493763	0.0074301230878099644
5.141930515695824	0.0017378008287493763	0.007548433656380367
5.884524511008838	0.0017378008287493763	0.007675134325532314
6.734363409805407	0.0017378008287493763	0.007806324201834111
7.706935445758021	0.0017378008287493763	0.007950173095238355
8.819965652373028	0.0017378008287493763	0.008118623187429187
10.093738900052346	0.0017378008287493763	0.00831853932645989
11.551469585940843	0.0017378008287493763	0.008520239835008908
13.219724714121972	0.0017378008287493763	0.008616951864922654
15.128908076758211	0.0017378008287493763	0.00844469195054915
17.313814360331925	0.0017378008287493763	0.007885038197150262
19.814263275520517	0.0017378008287493763	0.006916897520162398
22.675825267662994	0.0017378008287493763	0.005548870377553769
25.950652033822625	0.0017378008287493763	0.003957765200451614
29.698426982540767	0.0017378008287493763	0.002470223970763647
33.98745295832107	0.0017378008287493763	0.0013235232316512512
38.895897054520105	0.0017378008287493763	0.0006129477208707134
44.51321520124173	0.0017378008287493763	0.00024654074596716283
50.941782491215115	0.0017378008287493763	0.00008902927170313368
58.29875895619149	0.0017378008287493763	0.000030748339897293394
66.71822479745835	0.0017378008287493763	0.000010570045640320174
76.35362398484546	0.0017378008287493763	3.857873064644639e-6
87.38056075858388	0.0017378008287493763	1.367355455539512e-6
100.00000000000031	0.0017378008287493763	5.066322448089731e-7
111.55639876771902	0.0017378008287493763	2.2829066659962687e-7
138.21730389017998	0.0017378008287493763	4.1649154155854314e-8
171.24990861750976	0.0017378008287493763	6.7070213783688385e-9
212.17698780180757	0.0017378008287493763	1.2329290786032016e-9
262.885244821937	0.0017378008287493763	1.7862849458393412e-10
325.7122869971341	0.0017378008287493763	9.619419567738976e-12
403.5543872869759	0.0017378008287493763	1.417280603351009e-13
499.9999999999984	0.0017378008287493763	1.131294485964147e-16
1000	0.0017378008287493763	0
2000	0.0017378008287493763	0
1.	0.0019952623149688807	0.007933839123221799
1.9999999999999998	0.0019952623149688807	0.008047299239749445
2.288838595949997	0.0019952623149688807	0.008089919117306535
2.6193910591551774	0.0019952623149688807	0.008144499564031177
2.9976816770403563	0.0019952623149688807	0.008212939764737526
3.4306047603910415	0.0019952623149688807	0.008297580520696147
3.926050291516404	0.0019952623149688807	0.008400039716227735
4.493047718431742	0.0019952623149688807	0.008521799292964398
5.141930515695824	0.0019952623149688807	0.008657000047218954
5.884524511008838	0.0019952623149688807	0.008802580932630791
6.734363409805407	0.0019952623149688807	0.008955000888688057
7.706935445758021	0.0019952623149688807	0.009121009734398564
8.819965652373028	0.0019952623149688807	0.009313249973545826
10.093738900052346	0.0019952623149688807	0.009543797205192847
11.551469585940843	0.0019952623149688807	0.009776336431205792
13.219724714121972	0.0019952623149688807	0.009889048889836868
15.128908076758211	0.0019952623149688807	0.009693358844812398
17.313814360331925	0.0019952623149688807	0.009052284124290507
19.814263275520517	0.0019952623149688807	0.007942375527992108
22.675825267662994	0.0019952623149688807	0.006373393325074095
25.950652033822625	0.0019952623149688807	0.004546672057563688
29.698426982540767	0.0019952623149688807	0.002838275064522053
33.98745295832107	0.0019952623149688807	0.0015269261678779187
38.895897054520105	0.0019952623149688807	0.0007044283173315233
44.51321520124173	0.0019952623149688807	0.0002833309032164111
50.941782491215115	0.0019952623149688807	0.00010229661284085116
58.29875895619149	0.0019952623149688807	0.00003533241487658674
66.71822479745835	0.0019952623149688807	0.000012145045891890665
76.35362398484546	0.0019952623149688807	4.432532613964086e-6
87.38056075858388	0.0019952623149688807	1.5709151048151443e-6
100.00000000000031	0.0019952623149688807	5.819959232995466e-7
111.55639876771902	0.0019952623149688807	2.6223979404218345e-7
138.21730389017998	0.0019952623149688807	4.784179566571917e-8
171.24990861750976	0.0019952623149688807	7.703938597705966e-9
212.17698780180757	0.0019952623149688807	1.4161212494177263e-9
262.885244821937	0.0019952623149688807	2.0517074452522977e-10
325.7122869971341	0.0019952623149688807	1.1049185384813944e-11
403.5543872869759	0.0019952623149688807	1.6280236378538887e-13
499.9999999999984	0.0019952623149688807	1.2996456500465188e-16
1000	0.0019952623149688807	0
2000	0.0019952623149688807	0
1.	0.0022908676527677745	0.009098810749629342
1.9999999999999998	0.0022908676527677745	0.00922715063147767
2.288838595949997	0.0022908676527677745	0.009280590285792424
2.6193910591551774	0.0022908676527677745	0.00934129071163328
2.9976816770403563	0.0022908676527677745	0.009417960808655715
3.4306047603910415	0.0022908676527677745	0.009515291459341822
3.926050291516404	0.0022908676527677745	0.009632740282922622
4.493047718431742	0.0022908676527677745	0.00977100952435017
5.141930515695824	0.0022908676527677745	0.009927050032097661
5.884524511008838	0.0022908676527677745	0.010095290668492794
6.734363409805407	0.0022908676527677745	0.010271090223531733
7.706935445758021	0.0022908676527677745	0.010463288441732235
8.819965652373028	0.0022908676527677745	0.010682688269074566
10.093738900052346	0.0022908676527677745	0.01094839601689987
11.551469585940843	0.0022908676527677745	0.011217082953975263
13.219724714121972	0.0022908676527677745	0.011347685540185497
15.128908076758211	0.0022908676527677745	0.011125385921316813
17.313814360331925	0.0022908676527677745	0.010392882047938434
19.814263275520517	0.0022908676527677745	0.009120549331764524
22.675825267662994	0.0022908676527677745	0.007320816296001505
25.950652033822625	0.0022908676527677745	0.005223665341251956
29.698426982540767	0.0022908676527677745	0.003261487161309349
33.98745295832107	0.0022908676527677745	0.001754874714408076
38.895897054520105	0.0022908676527677745	0.0008096177319811799
44.51321520124173	0.0022908676527677745	0.0003256351721372517
50.941782491215115	0.0022908676527677745	0.00011759144517902526
58.29875895619149	0.0022908676527677745	0.00004060518762858919
66.71822479745835	0.0022908676527677745	0.00001395620713141618
76.35362398484546	0.0022908676527677745	5.093310265037407e-6
87.38056075858388	0.0022908676527677745	1.8049408502565216e-6
100.00000000000031	0.0022908676527677745	6.686181540855042e-7
111.55639876771902	0.0022908676527677745	3.01257529654516e-7
138.21730389017998	0.0022908676527677745	5.4958754442099096e-8
171.24990861750976	0.0022908676527677745	8.849579427365004e-9
212.17698780180757	0.0022908676527677745	1.6266161740960144e-9
262.885244821937	0.0022908676527677745	2.356697590917664e-10
325.7122869971341	0.0022908676527677745	1.2692219003872525e-11
403.5543872869759	0.0022908676527677745	1.8702313319162782e-13
499.9999999999984	0.0022908676527677745	1.493169111317712e-16
1000	0.0022908676527677745	0
2000	0.0022908676527677745	0
1.	0.0026302679918953843	0.010433792101415734
1.9999999999999998	0.0026302679918953843	0.010581191988644744
2.288838595949997	0.0026302679918953843	0.010641991649550013
2.6193910591551774	0.0026302679918953843	0.010710992141256962
2.9976816770403563	0.0026302679918953843	0.01079859226131169
3.4306047603910415	0.0026302679918953843	0.010909593042745372
3.926050291516404	0.0026302679918953843	0.011044091731310534
4.493047718431742	0.0026302679918953843	0.011203090887106486
5.141930515695824	0.0026302679918953843	0.011383091519317096
5.884524511008838	0.0026302679918953843	0.011576292312883065
6.734363409805407	0.0026302679918953843	0.011778891858974164
7.706935445758021	0.0026302679918953843	0.01200138985774306
8.819965652373028	0.0026302679918953843	0.012252389732229078
10.093738900052346	0.0026302679918953843	0.012557998745980481
11.551469585940843	0.0026302679918953843	0.012867883767391395
13.219724714121972	0.0026302679918953843	0.013020486847056313
15.128908076758211	0.0026302679918953843	0.012768987179133362
17.313814360331925	0.0026302679918953843	0.011931382522849754
19.814263275520517	0.0026302679918953843	0.010473213413164664
22.675825267662994	0.0026302679918953843	0.008409494983271962
25.950652033822625	0.0026302679918953843	0.006002020656912017
29.698426982540767	0.0026302679918953843	0.003748216229680342
33.98745295832107	0.0026302679918953843	0.002017107435138585
38.895897054520105	0.0026302679918953843	0.00093071293544861
44.51321520124173	0.0026302679918953843	0.00037433114635285496
50.941782491215115	0.0026302679918953843	0.00013516954737571963
58.29875895619149	0.0026302679918953843	0.000046670957833481894
66.71822479745835	0.0026302679918953843	0.000016040097455708436
76.35362398484546	0.0026302679918953843	5.853515220847905e-6
87.38056075858388	0.0026302679918953843	2.0741280506817756e-6
100.00000000000031	0.0026302679918953843	7.682334423453116e-7
111.55639876771902	0.0026302679918953843	3.4612182923016225e-7
138.21730389017998	0.0026302679918953843	6.314183672674181e-8
171.24990861750976	0.0026302679918953843	1.0166681929414821e-8
212.17698780180757	0.0026302679918953843	1.8685926515314543e-9
262.885244821937	0.0026302679918953843	2.7072999379289304e-10
325.7122869971341	0.0026302679918953843	1.458115083571673e-11
403.5543872869759	0.0026302679918953843	2.148721672021878e-13
499.9999999999984	0.0026302679918953843	1.7157424526079265e-16
1000	0.0026302679918953843	0
2000	0.0026302679918953843	0
1.	0.003019951720402019	0.011956906752487563
1.9999999999999998	0.003019951720402019	0.012132606822469498
2.288838595949997	0.003019951720402019	0.012200306527601856
2.6193910591551774	0.003019951720402019	0.01228030717442266
2.9976816770403563	0.003019951720402019	0.012378407455612639
3.4306047603910415	0.003019951720402019	0.012507308473642103
3.926050291516404	0.003019951720402019	0.012658707199739579
4.493047718431742	0.003019951720402019	0.012841306469524007
5.141930515695824	0.003019951720402019	0.013048907467697981
5.884524511008838	0.003019951720402019	0.013271508664683294
6.734363409805407	0.003019951720402019	0.01350280849708611
7.706935445758021	0.003019951720402019	0.013761106532705446
8.819965652373028	0.003019951720402019	0.01405250678048136
10.093738900052346	0.003019951720402019	0.014402817647971754
11.551469585940843	0.003019951720402019	0.014759800883605331
13.219724714121972	0.003019951720402019	0.014938604775211806
15.128908076758211	0.003019951720402019	0.014654504779351192
17.313814360331925	0.003019951720402019	0.013697898195877047
19.814263275520517	0.003019951720402019	0.012027031403506899
22.675825267662994	0.003019951720402019	0.009661084202769649
25.950652033822625	0.003019951720402019	0.006896994444423176
29.698426982540767	0.003019951720402019	0.004308289962771494
33.98745295832107	0.003019951720402019	0.002318873155258885
38.895897054520105	0.003019951720402019	0.0010701513664038076
44.51321520124173	0.003019951720402019	0.00043037259791100553
50.941782491215115	0.003019951720402019	0.00015539083860686991
58.29875895619149	0.003019951720402019	0.000053651698493226134
66.71822479745835	0.003019951720402019	0.000018436906893105156
76.35362398484546	0.003019951720402019	6.72778431069854e-6
87.38056075858388	0.003019951720402019	2.383637625416653e-6
100.00000000000031	0.003019951720402019	8.827390028720699e-7
111.55639876771902	0.003019951720402019	3.976879086236912e-7
138.21730389017998	0.003019951720402019	7.25467018117877e-8
171.24990861750976	0.003019951720402019	1.1680263734576387e-8
212.17698780180757	0.003019951720402019	2.1466211876708748e-9
262.885244821937	0.003019951720402019	3.110146074670855e-10
325.7122869971341	0.003019951720402019	1.6751827348426367e-11
403.5543872869759	0.003019951720402019	2.468803627364372e-13
499.9999999999984	0.003019951720402019	1.9716249867837289e-16
1000	0.003019951720402019	0
2000	0.003019951720402019	0
1.	0.00346736850452532	0.013712994130340429
1.9999999999999998	0.00346736850452532	0.013906894069508013
2.288838595949997	0.00346736850452532	0.013983493667408167
2.6193910591551774	0.00346736850452532	0.01407469431814788
2.9976816770403563	0.00346736850452532	0.014187494515664914
3.4306047603910415	0.00346736850452532	0.014332695570538317
3.926050291516404	0.00346736850452532	0.014506693930213704
4.493047718431742	0.00346736850452532	0.01471489289982182
5.141930515695824	0.00346736850452532	0.014950793819959845
5.884524511008838	0.00346736850452532	0.015205594976525892
6.734363409805407	0.00346736850452532	0.015477094444036102
7.706935445758021	0.00346736850452532	0.015774591876911496
8.819965652373028	0.00346736850452532	0.016111891799045118
10.093738900052346	0.00346736850452532	0.01651500392326001
11.551469585940843	0.00346736850452532	0.01692658417039945
13.219724714121972	0.00346736850452532	0.0171368885125829
15.128908076758211	0.00346736850452532	0.01681708873196717
17.313814360331925	0.00346736850452532	0.015724282244000493
19.814263275520517	0.00346736850452532	0.013811922121206688
22.675825267662994	0.00346736850452532	0.01109917071449926
25.950652033822625	0.00346736850452532	0.007926593027165058
29.698426982540767	0.00346736850452532	0.004952813460424957
33.98745295832107	0.00346736850452532	0.002666193918555889
38.895897054520105	0.00346736850452532	0.0012306303250574446
44.51321520124173	0.00346736850452532	0.0004949060366112847
50.941782491215115	0.00346736850452532	0.00017871078324068255
58.29875895619149	0.00346736850452532	0.0000616888259865816
66.71822479745835	0.00346736850452532	0.00002119577151758611
76.35362398484546	0.00346736850452532	7.733987916690733e-6
87.38056075858388	0.00346736850452532	2.7397586525389827e-6
100.00000000000031	0.00346736850452532	1.0144495337109414e-6
111.55639876771902	0.00346736850452532	4.5699409395573754e-7
138.21730389017998	0.00346736850452532	8.336226586119436e-8
171.24990861750976	0.00346736850452532	1.342065046926949e-8
212.17698780180757	0.00346736850452532	2.4662605089080373e-9
262.885244821937	0.00346736850452532	3.5733016881217575e-10
325.7122869971341	0.00346736850452532	1.9247704862159684e-11
403.5543872869759	0.00346736850452532	2.8369048337969104e-13
499.9999999999984	0.00346736850452532	2.2659882862426527e-16
1000	0.00346736850452532	0
2000	0.00346736850452532	0
1.	0.003981071705534978	0.01571480663261996
1.9999999999999998	0.003981071705534978	0.015936206704622508
2.288838595949997	0.003981071705534978	0.01602230632252562
2.6193910591551774	0.003981071705534978	0.01612900714487437
2.9976816770403563	0.003981071705534978	0.016256607472351515
3.4306047603910415	0.003981071705534978	0.01642000883916845
3.926050291516404	0.003981071705534978	0.01662070712339002
4.493047718431742	0.003981071705534978	0.0168604061319072
5.141930515695824	0.003981071705534978	0.017131207407351495
5.884524511008838	0.003981071705534978	0.01742650899696315
6.734363409805407	0.003981071705534978	0.017739608672891708
7.706935445758021	0.003981071705534978	0.01808310603361378
8.819965652373028	0.003981071705534978	0.01847320627505245
10.093738900052346	0.003981071705534978	0.018932920696893563
11.551469585940843	0.003981071705534978	0.019408598293306295
13.219724714121972	0.003981071705534978	0.01965620370595421
15.128908076758211	0.003981071705534978	0.019297803613134445
17.313814360331925	0.003981071705534978	0.01805089514650589
19.814263275520517	0.003981071705534978	0.01586093897497133
22.675825267662994	0.003981071705534978	0.012752377402254675
25.950652033822625	0.003981071705534978	0.009111287272649047
29.698426982540767	0.003981071705534978	0.005694915934104303
33.98745295832107	0.003981071705534978	0.0030662901635204703
38.895897054520105	0.003981071705534978	0.001415351606475185
44.51321520124173	0.003981071705534978	0.0005692513877223796
50.941782491215115	0.003981071705534978	0.0002055700798715156
58.29875895619149	0.003981071705534978	0.00007094498188871084
66.71822479745835	0.003981071705534978	0.00002437247341057149
76.35362398484546	0.003981071705534978	8.8923958453207e-6
87.38056075858388	0.003981071705534978	3.1496502541292596e-6
100.00000000000031	0.003981071705534978	1.1659842576533052e-6
111.55639876771902	0.003981071705534978	5.252174586489679e-7
138.21730389017998	0.003981071705534978	9.580334806575777e-8
171.24990861750976	0.003981071705534978	1.5422333796992598e-8
212.17698780180757	0.003981071705534978	2.833822413148037e-9
262.885244821937	0.003981071705534978	4.1058995006328594e-10
325.7122869971341	0.003981071705534978	2.2118302540582553e-11
403.5543872869759	0.003981071705534978	3.260341900889963e-13
499.9999999999984	0.003981071705534978	2.6047449532760067e-16
1000	0.003981071705534978	0
2000	0.003981071705534978	0
1.	0.0045708818961487565	0.018008507322344706
1.9999999999999998	0.0045708818961487565	0.01825480743322569
2.288838595949997	0.0045708818961487565	0.018353506994885572
2.6193910591551774	0.0045708818961487565	0.018476307919284684
2.9976816770403563	0.0045708818961487565	0.01862180829684673
3.4306047603910415	0.0045708818961487565	0.01880990987213145
3.926050291516404	0.0045708818961487565	0.019041507875708158
4.493047718431742	0.0045708818961487565	0.019314506735935967
5.141930515695824	0.0045708818961487565	0.019621908203858774
5.884524511008838	0.0045708818961487565	0.01996311001326153
6.734363409805407	0.0045708818961487565	0.020322409694879806
7.706935445758021	0.0045708818961487565	0.020725906548708598
8.819965652373028	0.0045708818961487565	0.021170206906507165
10.093738900052346	0.0045708818961487565	0.021700623542940535
11.551469585940843	0.0045708818961487565	0.0222504976353602
13.219724714121972	0.0045708818961487565	0.022542204068448778
15.128908076758211	0.0045708818961487565	0.022141303883327662
17.313814360331925	0.0045708818961487565	0.020721894190194608
19.814263275520517	0.0045708818961487565	0.01821624437549283
22.675825267662994	0.0045708818961487565	0.014652973884552958
25.950652033822625	0.0045708818961487565	0.010474465597261432
29.698426982540767	0.0045708818961487565	0.0065494237435772635
33.98745295832107	0.0045708818961487565	0.0035272646340220168
38.895897054520105	0.0045708818961487565	0.0016283018273267405
44.51321520124173	0.0045708818961487565	0.0006549102872919375
50.941782491215115	0.0045708818961487565	0.00023647023958942744
58.29875895619149	0.0045708818961487565	0.0000816077983697768
66.71822479745835	0.0045708818961487565	0.000028030154001073362
76.35362398484546	0.0045708818961487565	0.000010225977626824639
87.38056075858388	0.0045708818961487565	3.6213635416538327e-6
100.00000000000031	0.0045708818961487565	1.3403056374438617e-6
111.55639876771902	0.0045708818961487565	6.036850071795869e-7
138.21730389017998	0.0045708818961487565	1.1011137565305954e-7
171.24990861750976	0.0045708818961487565	1.7723949447293996e-8
212.17698780180757	0.0045708818961487565	3.256378908776333e-9
262.885244821937	0.0045708818961487565	4.718193284410353e-10
325.7122869971341	0.0045708818961487565	2.5418892552518616e-11
403.5543872869759	0.0045708818961487565	3.7473408139954404e-13
499.9999999999984	0.0045708818961487565	2.994508748652807e-16
1000	0.0045708818961487565	0
2000	0.0045708818961487565	0
1.	0.005248074602497733	0.02062361772855158
1.9999999999999998	0.005248074602497733	0.02090951790494919
2.288838595949997	0.005248074602497733	0.02102301743372939
2.6193910591551774	0.005248074602497733	0.02115911858407023
2.9976816770403563	0.005248074602497733	0.021324719092298307
3.4306047603910415	0.005248074602497733	0.021540920938165155
3.926050291516404	0.005248074602497733	0.02180411876258871
4.493047718431742	0.005248074602497733	0.022112517677366283
5.141930515695824	0.005248074602497733	0.02246721949229097
5.884524511008838	0.005248074602497733	0.022858121829326197
6.734363409805407	0.005248074602497733	0.023279621595035077
7.706935445758021	0.005248074602497733	0.02373951826240324
8.819965652373028	0.005248074602497733	0.024256618831762434
10.093738900052346	0.005248074602497733	0.024868238368138094
11.551469585940843	0.005248074602497733	0.02550330877296966
13.219724714121972	0.005248074602497733	0.025848616620884834
15.128908076758211	0.005248074602497733	0.025402116156599524
17.313814360331925	0.005248074602497733	0.02378630436242054
19.814263275520517	0.005248074602497733	0.020921460483317462
22.675825267662994	0.005248074602497733	0.016840377876787764
25.950652033822625	0.005248074602497733	0.012044080954481102
29.698426982540767	0.005248074602497733	0.007533764853647407
33.98745295832107	0.005248074602497733	0.004058421745795625
38.895897054520105	0.005248074602497733	0.0018739429893019422
44.51321520124173	0.005248074602497733	0.0007537495360882455
50.941782491215115	0.005248074602497733	0.00027215955532529726
58.29875895619149	0.005248074602497733	0.00009389807840458831
66.71822479745835	0.005248074602497733	0.00003224404717641102
76.35362398484546	0.005248074602497733	0.000011762053204369674
87.38056075858388	0.005248074602497733	4.164491489655999e-6
100.00000000000031	0.005248074602497733	1.5409215169612696e-6
111.55639876771902	0.005248074602497733	6.939728912640634e-7
138.21730389017998	0.005248074602497733	1.2657302722583552e-7
171.24990861750976	0.005248074602497733	2.037148660242331e-8
212.17698780180757	0.005248074602497733	3.742315366730675e-9
262.885244821937	0.005248074602497733	5.422356460683683e-10
325.7122869971341	0.005248074602497733	2.921549238361666e-11
403.5543872869759	0.005248074602497733	4.30766353985244e-13
499.9999999999984	0.005248074602497733	3.4431806843377874e-16
1000	0.005248074602497733	0
2000	0.005248074602497733	0
1.	0.006025595860743587	0.02361858405582684
1.9999999999999998	0.006025595860743587	0.023934283897183647
2.288838595949997	0.006025595860743587	0.02406138320695053
2.6193910591551774	0.006025595860743587	0.024220284230616097
2.9976816770403563	0.006025595860743587	0.02440858452117739
3.4306047603910415	0.006025595860743587	0.024650886288604512
3.926050291516404	0.006025595860743587	0.02494698345432768
4.493047718431742	0.006025595860743587	0.02530848153113431
5.141930515695824	0.006025595860743587	0.025714283028752876
5.884524511008838	0.006025595860743587	0.026167884967639964
6.734363409805407	0.006025595860743587	0.02665538389761539
7.706935445758021	0.006025595860743587	0.027188479142600242
8.819965652373028	0.006025595860743587	0.02777917893975443
10.093738900052346	0.006025595860743587	0.028487000395782964
11.551469585940843	0.006025595860743587	0.029223764821721322
13.219724714121972	0.006025595860743587	0.029632873481213063
15.128908076758211	0.006025595860743587	0.02914057330407749
17.313814360331925	0.006025595860743587	0.027302762489687802
19.814263275520517	0.006025595860743587	0.024031031498161107
22.675825267662994	0.006025595860743587	0.019354744158777214
25.950652033822625	0.006025595860743587	0.013852270968243343
29.698426982540767	0.006025595860743587	0.008668538812642165
33.98745295832107	0.006025595860743587	0.004671410576857122
38.895897054520105	0.006025595860743587	0.002157489999046299
44.51321520124173	0.006025595860743587	0.0008677590820131779
50.941782491215115	0.006025595860743587	0.0003133242909074649
58.29875895619149	0.006025595860743587	0.00010807306960758407
66.71822479745835	0.006025595860743587	0.00003710276511054683
76.35362398484546	0.006025595860743587	0.00001353283121839969
87.38056075858388	0.006025595860743587	4.790337196963502e-6
100.00000000000031	0.006025595860743587	1.7719723308850295e-6
111.55639876771902	0.006025595860743587	7.97930814981139e-7
138.21730389017998	0.006025595860743587	1.455248909648086e-7
171.24990861750976	0.006025595860743587	2.3418887012721346e-8
212.17698780180757	0.006025595860743587	4.301484919883599e-9
262.885244821937	0.006025595860743587	6.232673001405529e-10
325.7122869971341	0.006025595860743587	3.358531604065869e-11
403.5543872869759	0.006025595860743587	4.952791409148846e-13
499.9999999999984	0.006025595860743587	3.960043621243419e-16
1000	0.006025595860743587	0
2000	0.006025595860743587	0
1.	0.006918309709189377	0.02702909888899012
1.9999999999999998	0.006918309709189377	0.027384598876024804
2.288838595949997	0.006918309709189377	0.027538898117112496
2.6193910591551774	0.006918309709189377	0.027712099455513863
2.9976816770403563	0.006918309709189377	0.02792389993370025
3.4306047603910415	0.006918309709189377	0.028202402061810256
3.926050291516404	0.006918309709189377	0.0285373990438044
4.493047718431742	0.006918309709189377	0.02895249714259155
5.141930515695824	0.006918309709189377	0.02942289915445587
5.884524511008838	0.006918309709189377	0.02994500177870975
6.734363409805407	0.006918309709189377	0.030511900876713186
7.706935445758021	0.006918309709189377	0.03112029587025256
8.819965652373028	0.006918309709189377	0.03181019599202409
10.093738900052346	0.006918309709189377	0.03262312144082112
11.551469585940843	0.006918309709189377	0.03347708079745008
13.219724714121972	0.006918309709189377	0.03396469159740521
15.128908076758211	0.006918309709189377	0.033424590892906114
17.313814360331925	0.006918309709189377	0.03133847723757614
19.814263275520517	0.006918309709189377	0.02760395368561075
22.675825267662994	0.006918309709189377	0.02225115031577772
25.950652033822625	0.006918309709189377	0.01593409184737932
29.698426982540767	0.006918309709189377	0.009977770640955896
33.98745295832107	0.006918309709189377	0.005378780210912475
38.895897054520105	0.006918309709189377	0.0024850016298070855
44.51321520124173	0.006918309709189377	0.00099944744734589
50.941782491215115	0.006918309709189377	0.00036097572341266514
58.29875895619149	0.006918309709189377	0.00012443631429182804
66.71822479745835	0.006918309709189377	0.000042710557472864125
76.35362398484546	0.006918309709189377	0.000015576043854773313
87.38056075858388	0.006918309709189377	5.5121185474581455e-6
100.00000000000031	0.006918309709189377	2.0382792855279816e-6
111.55639876771902	0.006918309709189377	9.177206928437922e-7
138.21730389017998	0.006918309709189377	1.6736071845840292e-7
171.24990861750976	0.006918309709189377	2.692891213845878e-8
212.17698780180757	0.006918309709189377	4.945351381589283e-9
262.885244821937	0.006918309709189377	7.165760490463788e-10
325.7122869971341	0.006918309709189377	3.861856929828654e-11
403.5543872869759	0.006918309709189377	5.696114583323698e-13
499.9999999999984	0.006918309709189377	4.555956447661205e-16
1000	0.006918309709189377	0
2000	0.006918309709189377	0
1.	0.00794328234724283	0.030916108855988444
1.9999999999999998	0.00794328234724283	0.031326108945743066
2.288838595949997	0.00794328234724283	0.031486708202963364
2.6193910591551774	0.00794328234724283	0.03168340971906763
2.9976816770403563	0.00794328234724283	0.03192841033131494
3.4306047603910415	0.00794328234724283	0.032245312885284906
3.926050291516404	0.00794328234724283	0.03263130952717472
4.493047718431742	0.00794328234724283	0.0331023075128076
5.141930515695824	0.00794328234724283	0.03364570997961668
5.884524511008838	0.00794328234724283	0.03424641326731942
6.734363409805407	0.00794328234724283	0.03490451244960099
7.706935445758021	0.00794328234724283	0.03560580692894237
8.819965652373028	0.00794328234724283	0.0364071073272372
10.093738900052346	0.00794328234724283	0.037347637126358864
11.551469585940843	0.00794328234724283	0.03833599044556428
13.219724714121972	0.00794328234724283	0.03891750369116774
15.128908076758211	0.00794328234724283	0.038330302476661096
17.313814360331925	0.00794328234724283	0.035969186116035196
19.814263275520517	0.00794328234724283	0.031707271996888116
22.675825267662994	0.00794328234724283	0.02557925175292721
25.950652033822625	0.00794328234724283	0.018335011629618612
29.698426982540767	0.00794328234724283	0.01148857018772862
33.98745295832107	0.00794328234724283	0.006196309929457039
38.895897054520105	0.00794328234724283	0.00286357287443639
44.51321520124173	0.00794328234724283	0.0011516686113015608
50.941782491215115	0.00794328234724283	0.0004159121308622641
58.29875895619149	0.00794328234724283	0.0001433345642532662
66.71822479745835	0.00794328234724283	0.00004918243760473387
76.35362398484546	0.00794328234724283	0.000017933356374112667
87.38056075858388	0.00794328234724283	6.344417772724338e-6
100.00000000000031	0.00794328234724283	2.3451482016283333e-6
111.55639876771902	0.00794328234724283	1.0557127413517902e-6
138.21730389017998	0.00794328234724283	1.9251019573608316e-7
171.24990861750976	0.00794328234724283	3.097051117773539e-8
212.17698780180757	0.00794328234724283	5.686457601961465e-9
262.885244821937	0.00794328234724283	8.239808184406412e-10
325.7122869971341	0.00794328234724283	4.441369558160687e-11
403.5543872869759	0.00794328234724283	6.55229816934189e-13
499.9999999999984	0.00794328234724283	5.242862417716563e-16
1000	0.00794328234724283	0
2000	0.00794328234724283	0
1.	0.009120108393559116	0.035356193939007186
1.9999999999999998	0.009120108393559116	0.03581119387757959
2.288838595949997	0.009120108393559116	0.035990792978608785
2.6193910591551774	0.009120108393559116	0.03621229460286781
2.9976816770403563	0.009120108393559116	0.03649269513846355
3.4306047603910415	0.009120108393559116	0.0368460979511004
3.926050291516404	0.009120108393559116	0.03728649391926469
4.493047718431742	0.009120108393559116	0.03781919141761208
5.141930515695824	0.009120108393559116	0.0384399939463449
5.884524511008838	0.009120108393559116	0.03914679738089717
6.734363409805407	0.009120108393559116	0.03991359601121421
7.706935445758021	0.009120108393559116	0.040726189205245886
8.819965652373028	0.009120108393559116	0.04164998923466731
10.093738900052346	0.009120108393559116	0.04273822322680697
11.551469585940843	0.009120108393559116	0.04388436851296509
13.219724714121972	0.009120108393559116	0.04457908410215648
15.128908076758211	0.009120108393559116	0.04394798246891851
17.313814360331925	0.009120108393559116	0.04127996484414741
19.814263275520517	0.009120108393559116	0.03642086493201494
22.675825267662994	0.009120108393559116	0.029413430656037756
25.950652033822625	0.009120108393559116	0.02110441792118516
29.698426982540767	0.009120108393559116	0.013234159285232857
33.98745295832107	0.009120108393559116	0.007141085538658714
38.895897054520105	0.009120108393559116	0.0033020317052144255
44.51321520124173	0.009120108393559116	0.0013276977541862515
50.941782491215115	0.009120108393559116	0.00047956722306751907
58.29875895619149	0.009120108393559116	0.00016518372407906847
66.71822479745835	0.009120108393559116	0.000056654470157631865
76.35362398484546	0.009120108393559116	0.000020654085783905183
87.38056075858388	0.009120108393559116	7.3043802638849605e-6
100.00000000000031	0.009120108393559116	2.6988040085403295e-6
111.55639876771902	0.009120108393559116	1.2146927859262896e-6
138.21730389017998	0.009120108393559116	2.2148052264523397e-7
171.24990861750976	0.009120108393559116	3.5624358685579054e-8
212.17698780180757	0.009120108393559116	6.539472690451868e-9
262.885244821937	0.009120108393559116	9.476087179029763e-10
325.7122869971341	0.009120108393559116	5.108652972265256e-11
403.5543872869759	0.009120108393559116	7.538628243015939e-13
499.9999999999984	0.009120108393559116	6.034851442374312e-16
1000	0.009120108393559116	0
2000	0.009120108393559116	0
1.	0.010471285480509017	0.040409645696572884
1.9999999999999998	0.010471285480509017	0.04090764523450751
2.288838595949997	0.010471285480509017	0.04112144382772525
2.6193910591551774	0.010471285480509017	0.041366445476553174
2.9976816770403563	0.010471285480509017	0.04167434586306339
3.4306047603910415	0.010471285480509017	0.04207294868252781
3.926050291516404	0.010471285480509017	0.04257764345198359
4.493047718431742	0.010471285480509017	0.04317993997080735
5.141930515695824	0.010471285480509017	0.04390074187916053
5.884524511008838	0.010471285480509017	0.04470614501846514
6.734363409805407	0.010471285480509017	0.045602542204272664
7.706935445758021	0.010471285480509017	0.04655423291648728
8.819965652373028	0.010471285480509017	0.04762343163410733
10.093738900052346	0.010471285480509017	0.048878369533003375
11.551469585940843	0.010471285480509017	0.05020920426797683
13.219724714121972	0.010471285480509017	0.0510470218535649
15.128908076758211	0.010471285480509017	0.05037931978319489
17.313814360331925	0.010471285480509017	0.04737470273577334
19.814263275520517	0.010471285480509017	0.041842622989439054
22.675825267662994	0.010471285480509017	0.033830979009911694
25.950652033822625	0.010471285480509017	0.024302405199639842
29.698426982540767	0.010471285480509017	0.015251634175449525
33.98745295832107	0.010471285480509017	0.00823452521328026
38.895897054520105	0.010471285480509017	0.003809237205195084
44.51321520124173	0.010471285480509017	0.0015315854954036845
50.941782491215115	0.010471285480509017	0.0005531468741970724
58.29875895619149	0.010471285480509017	0.0001904607517589818
66.71822479745835	0.010471285480509017	0.00006529323852306599
76.35362398484546	0.010471285480509017	0.000023798465035256886
87.38056075858388	0.010471285480509017	8.41300868497052e-6
100.00000000000031	0.010471285480509017	3.106863144536648e-6
111.55639876771902	0.010471285480509017	1.3980476438015447e-6
138.21730389017998	0.010471285480509017	2.54885711909151e-7
171.24990861750976	0.010471285480509017	4.0988688394052847e-8
212.17698780180757	0.010471285480509017	7.522241327553678e-9
262.885244821937	0.010471285480509017	1.0900533821020665e-9
325.7122869971341	0.010471285480509017	5.877771672586563e-11
403.5543872869759	0.010471285480509017	8.676055751520475e-13
499.9999999999984	0.010471285480509017	6.949061260201944e-16
1000	0.010471285480509017	0
2000	0.010471285480509017	0
1.	0.012022644346174156	0.046154762215078436
1.9999999999999998	0.012022644346174156	0.046707363636685525
2.288838595949997	0.012022644346174156	0.046927663118514366
2.6193910591551774	0.012022644346174156	0.0472105656491734
2.9976816770403563	0.012022644346174156	0.047556767915280546
3.4306047603910415	0.012022644346174156	0.0480140726419257
3.926050291516404	0.012022644346174156	0.04857506923409057
4.493047718431742	0.012022644346174156	0.0492638685008405
5.141930515695824	0.012022644346174156	0.05008797495580953
5.884524511008838	0.012022644346174156	0.05102518381676268
6.734363409805407	0.012022644346174156	0.052055886727046224
7.706935445758021	0.012022644346174156	0.05317748192453723
8.819965652373028	0.012022644346174156	0.05442108711157252
10.093738900052346	0.012022644346174156	0.055868539399788156
11.551469585940843	0.012022644346174156	0.057422771800954044
13.219724714121972	0.012022644346174156	0.0584309005810397
15.128908076758211	0.012022644346174156	0.057736196666434314
17.313814360331925	0.012022644346174156	0.054360363391964206
19.814263275520517	0.012022644346174156	0.048071770742100194
22.675825267662994	0.012022644346174156	0.03891276204027768
25.950652033822625	0.012022644346174156	0.02799436619550899
29.698426982540767	0.012022644346174156	0.017585816451010147
33.98745295832107	0.012022644346174156	0.009501735241162945
38.895897054520105	0.012022644346174156	0.004397510067702243
44.51321520124173	0.012022644346174156	0.0017679841659581027
50.941782491215115	0.012022644346174156	0.0006384455435238418
58.29875895619149	0.012022644346174156	0.00021974718138323442
66.71822479745835	0.012022644346174156	0.00007530086304803386
76.35362398484546	0.012022644346174156	0.000027439285890702177
87.38056075858388	0.012022644346174156	9.695633835828102e-6
100.00000000000031	0.012022644346174156	3.578487052201088e-6
111.55639876771902	0.012022644346174156	1.6098813444482913e-6
138.21730389017998	0.012022644346174156	2.9346889510715174e-7
171.24990861750976	0.012022644346174156	4.71816694212274e-8
212.17698780180757	0.012022644346174156	8.656196827066832e-9
262.885244821937	0.012022644346174156	1.2544224543186401e-9
325.7122869971341	0.012022644346174156	6.765629677129162e-11
403.5543872869759	0.012022644346174156	9.989878955290175e-13
499.9999999999984	0.012022644346174156	8.00623937709813e-16
1000	0.012022644346174156	0
2000	0.012022644346174156	0
1.	0.01380384264602888	0.052670254162547996
1.9999999999999998	0.01380384264602888	0.053279955584707876
2.288838595949997	0.01380384264602888	0.05352245491472187
2.6193910591551774	0.01380384264602888	0.05382505779256732
2.9976816770403563	0.01380384264602888	0.05423005927812763
3.4306047603910415	0.01380384264602888	0.0547318644580573
3.926050291516404	0.01380384264602888	0.05535826053207808
4.493047718431742	0.01380384264602888	0.0561431596872538
5.141930515695824	0.01380384264602888	0.057089065928033624
5.884524511008838	0.01380384264602888	0.05818857550231358
6.734363409805407	0.01380384264602888	0.05939797751482516
7.706935445758021	0.01380384264602888	0.06069557151860625
8.819965652373028	0.01380384264602888	0.06213167719425004
10.093738900052346	0.01380384264602888	0.06381833636546257
11.551469585940843	0.01380384264602888	0.06562575674432078
13.219724714121972	0.01380384264602888	0.06684859064814809
15.128908076758211	0.01380384264602888	0.06613668655817284
17.313814360331925	0.01380384264602888	0.06237375039733699
19.814263275520517	0.01380384264602888	0.05523657617419306
22.675825267662994	0.01380384264602888	0.04478834459994286
25.950652033822625	0.01380384264602888	0.032262986433335576
29.698426982540767	0.01380384264602888	0.020289306758726377
33.98745295832107	0.01380384264602888	0.010970837785295557
38.895897054520105	0.01380384264602888	0.00508052009343814
44.51321520124173	0.01380384264602888	0.002042593572104617
50.941782491215115	0.01380384264602888	0.000737539957548196
58.29875895619149	0.01380384264602888	0.00025370852199943354
66.71822479745835	0.01380384264602888	0.00008688758927491016
76.35362398484546	0.01380384264602888	0.00003165241917500013
87.38056075858388	0.01380384264602888	0.000011178456357943563
100.00000000000031	0.01380384264602888	4.123108424102336e-6
111.55639876771902	0.01380384264602888	1.8543530014333082e-6
138.21730389017998	0.01380384264602888	3.379868008132094e-7
171.24990861750976	0.01380384264602888	5.432354360012295e-8
212.17698780180757	0.01380384264602888	9.963084617193217e-9
262.885244821937	0.01380384264602888	1.4438679981414003e-9
325.7122869971341	0.01380384264602888	7.789479711847307e-11
403.5543872869759	0.01380384264602888	1.1505975041849445e-12
499.9999999999984	0.01380384264602888	9.22771449810707e-16
1000	0.01380384264602888	0
2000	0.01380384264602888	0
1.	0.015848931924611172	0.06006311370686965
1.9999999999999998	0.015848931924611172	0.060741014322765435
2.288838595949997	0.015848931924611172	0.061007913203471535
2.6193910591551774	0.015848931924611172	0.061337616330547504
2.9976816770403563	0.015848931924611172	0.06177501797157769
3.4306047603910415	0.015848931924611172	0.06232982343093763
3.926050291516404	0.015848931924611172	0.06303721824123407
4.493047718431742	0.015848931924611172	0.0639524152069343
5.141930515695824	0.015848931924611172	0.06500952209771146
5.884524511008838	0.015848931924611172	0.06629693142054417
6.734363409805407	0.015848931924611172	0.06769253249991894
7.706935445758021	0.015848931924611172	0.06921212380220448
8.819965652373028	0.015848931924611172	0.07089802834750014
10.093738900052346	0.015848931924611172	0.07284029539506783
11.551469585940843	0.015848931924611172	0.07495079976659443
13.219724714121972	0.015848931924611172	0.07643303927549835
15.128908076758211	0.015848931924611172	0.07575013353500035
17.313814360331925	0.015848931924611172	0.07155169665454103
19.814263275520517	0.015848931924611172	0.0634536474977258
22.675825267662994	0.015848931924611172	0.051561595254124265
25.950652033822625	0.015848931924611172	0.03720118803264303
29.698426982540767	0.015848931924611172	0.023424681882542667
33.98745295832107	0.015848931924611172	0.012677144876893363
38.895897054520105	0.015848931924611172	0.0058745966680977335
44.51321520124173	0.015848931924611172	0.002361881489483292
50.941782491215115	0.015848931924611172	0.0008527819373403071
58.29875895619149	0.015848931924611172	0.0002931647460161199
66.71822479745835	0.015848931924611172	0.00010034364465829164
76.35362398484546	0.015848931924611172	0.00003654227633213548
87.38056075858388	0.015848931924611172	0.00001289763535564934
100.00000000000031	0.015848931924611172	4.753710686811257e-6
111.55639876771902	0.015848931924611172	2.1372504104942913e-6
138.21730389017998	0.015848931924611172	3.894865666354688e-7
171.24990861750976	0.015848931924611172	6.258056352667722e-8
212.17698780180757	0.015848931924611172	1.147294523162391e-8
262.885244821937	0.015848931924611172	1.6627560127801536e-9
325.7122869971341	0.015848931924611172	8.973066969517775e-11
403.5543872869759	0.015848931924611172	1.3260073734385853e-12
499.9999999999984	0.015848931924611172	1.0643008840863413e-15
1000	0.015848931924611172	0
2000	0.015848931924611172	0
1.	0.01819700858609988	0.06842633007427981
1.9999999999999998	0.01819700858609988	0.06914953015135089
2.288838595949997	0.01819700858609988	0.06942952892339421
2.6193910591551774	0.01819700858609988	0.06980373176050346
2.9976816770403563	0.01819700858609988	0.0702938329139652
3.4306047603910415	0.01819700858609988	0.07090833836292601
3.926050291516404	0.01819700858609988	0.07169933154638122
4.493047718431742	0.01819700858609988	0.0726968274718914
5.141930515695824	0.01819700858609988	0.07392413307105843
5.884524511008838	0.01819700858609988	0.07541814138018633
6.734363409805407	0.01819700858609988	0.0770461399780312
7.706935445758021	0.01819700858609988	0.07884122619336865
8.819965652373028	0.01819700858609988	0.08082242784446364
10.093738900052346	0.01819700858609988	0.0830694024171789
11.551469585940843	0.01819700858609988	0.08552738687831636
13.219724714121972	0.01819700858609988	0.08732703147541529
15.128908076758211	0.01819700858609988	0.08671322270937631
17.313814360331925	0.01819700858609988	0.08208138569028749
19.814263275520517	0.01819700858609988	0.07290936934981024
22.675825267662994	0.01819700858609988	0.05936200183196095
25.950652033822625	0.01819700858609988	0.042915861992837485
29.698426982540767	0.01819700858609988	0.027065135469219986
33.98745295832107	0.01819700858609988	0.01466294339955261
38.895897054520105	0.01819700858609988	0.006800308161914586
44.51321520124173	0.01819700858609988	0.0027338972521916433
50.941782491215115	0.01819700858609988	0.0009871722577619074
58.29875895619149	0.01819700858609988	0.00033905978609004815
66.71822479745835	0.01819700858609988	0.00011597740091041271
76.35362398484546	0.01819700858609988	0.000042219236341379556
87.38056075858388	0.01819700858609988	0.00001489110883780197
100.00000000000031	0.01819700858609988	5.483835802463458e-6
111.55639876771902	0.01819700858609988	2.4645649014556293e-6
138.21730389017998	0.01819700858609988	4.4905126080187993e-7
171.24990861750976	0.01819700858609988	7.212403906327013e-8
212.17698780180757	0.01819700858609988	1.3216556865423536e-8
262.885244821937	0.01819700858609988	1.915567271509557e-9
325.7122869971341	0.01819700858609988	1.0340999919603364e-10
403.5543872869759	0.01819700858609988	1.5289092722634547e-12
499.9999999999984	0.01819700858609988	1.2282790041924495e-15
1000	0.01819700858609988	0
2000	0.01819700858609988	0
1.	0.02089296130854045	0.07786936447656127
1.9999999999999998	0.02089296130854045	0.07861676412925664
2.288838595949997	0.02089296130854045	0.07893856196510128
2.6193910591551774	0.02089296130854045	0.07934536456138781
2.9976816770403563	0.02089296130854045	0.07988106506643639
3.4306047603910415	0.02089296130854045	0.08056756979056802
3.926050291516404	0.02089296130854045	0.08144356073976959
4.493047718431742	0.02089296130854045	0.08258305353074687
5.141930515695824	0.02089296130854045	0.08398235683882758
5.884524511008838	0.02089296130854045	0.08569776268816263
6.734363409805407	0.02089296130854045	0.08762275550817918
7.706935445758021	0.02089296130854045	0.08970503433540539
8.819965652373028	0.02089296130854045	0.09199523070567989
10.093738900052346	0.02089296130854045	0.09463211084711749
11.551469585940843	0.02089296130854045	0.09750976799316409
13.219724714121972	0.02089296130854045	0.09970481608104531
15.128908076758211	0.02089296130854045	0.09921990168525467
17.313814360331925	0.02089296130854045	0.09412796771445665
19.814263275520517	0.02089296130854045	0.08378569580519958
22.675825267662994	0.02089296130854045	0.06838162520224277
25.950652033822625	0.02089296130854045	0.04954338080700815
29.698426982540767	0.02089296130854045	0.03130154909056247
33.98745295832107	0.02089296130854045	0.01697812387169792
38.895897054520105	0.02089296130854045	0.007881599940292111
44.51321520124173	0.02089296130854045	0.003168008984399135
50.941782491215115	0.02089296130854045	0.001144293256832973
58.29875895619149	0.02089296130854045	0.0003925504262020732
66.71822479745835	0.02089296130854045	0.00013416897792862262
76.35362398484546	0.02089296130854045	0.000048819949812117576
87.38056075858388	0.02089296130854045	0.000017205710544133312
100.00000000000031	0.02089296130854045	6.330190131984337e-6
111.55639876771902	0.02089296130854045	2.8436673674453427e-6
138.21730389017998	0.02089296130854045	5.180124716717923e-7
171.24990861750976	0.02089296130854045	8.316464136511613e-8
212.17698780180757	0.02089296130854045	1.523183544837743e-8
262.885244821937	0.02089296130854045	2.2077925494685297e-9
325.7122869971341	0.02089296130854045	1.1923395943470022e-10
403.5543872869759	0.02089296130854045	1.7638608936446648e-12
499.9999999999984	0.02089296130854045	1.4185232928866945e-15
1000	0.02089296130854045	0
2000	0.02089296130854045	0
1.	0.023988329190194974	0.08848969779947316
1.9999999999999998	0.023988329190194974	0.08930289806887057
2.288838595949997	0.023988329190194974	0.0896304966521729
2.6193910591551774	0.023988329190194974	0.09007069986784264
2.9976816770403563	0.023988329190194974	0.09063930171608921
3.4306047603910415	0.023988329190194974	0.09139720784019897
3.926050291516404	0.023988329190194974	0.09234690096967159
4.493047718431742	0.023988329190194974	0.09362779642252933
5.141930515695824	0.023988329190194974	0.09523960014633821
5.884524511008838	0.023988329190194974	0.09719861779194962
6.734363409805407	0.023988329190194974	0.0994717173293997
7.706935445758021	0.023988329190194974	0.10192410119502733
8.819965652373028	0.023988329190194974	0.10462710569330107
10.093738900052346	0.023988329190194974	0.10769121078471164
11.551469585940843	0.023988329190194974	0.11106105528997162
13.219724714121972	0.023988329190194974	0.11372712709430925
15.128908076758211	0.023988329190194974	0.11347911269868013
17.313814360331925	0.023988329190194974	0.10793206283970475
19.814263275520517	0.023988329190194974	0.09630078913930729
22.675825267662994	0.023988329190194974	0.0788163325074277
25.950652033822625	0.023988329190194974	0.05724018956412394
29.698426982540767	0.023988329190194974	0.03623714314580287
33.98745295832107	0.023988329190194974	0.01968180756124765
38.895897054520105	0.023988329190194974	0.00914442850766796
44.51321520124173	0.023988329190194974	0.00367595934470482
50.941782491215115	0.023988329190194974	0.0013277181627465758
58.29875895619149	0.023988329190194974	0.0004550214693589587
66.71822479745835	0.023988329190194974	0.00015536032122959238
76.35362398484546	0.023988329190194974	0.00005650146307529688
87.38056075858388	0.023988329190194974	0.000019895078948774562
100.00000000000031	0.023988329190194974	7.311726693173239e-6
111.55639876771902	0.023988329190194974	3.282892529846494e-6
138.21730389017998	0.023988329190194974	5.97873553276099e-7
171.24990861750976	0.023988329190194974	9.593900418388495e-8
212.17698780180757	0.023988329190194974	1.7561025502834064e-8
262.885244821937	0.023988329190194974	2.545577940143976e-9
325.7122869971341	0.023988329190194974	1.3753988047597563e-10
403.5543872869759	0.023988329190194974	2.0359988884381904e-12
499.9999999999984	0.023988329190194974	1.6393498078338433e-15
1000	0.023988329190194974	0
2000	0.023988329190194974	0
1.	0.027542287033381744	0.10039695655635617
1.9999999999999998	0.027542287033381744	0.10124295643668675
2.288838595949997	0.027542287033381744	0.10159195466212263
2.6193910591551774	0.027542287033381744	0.10203595810865036
2.9976816770403563	0.027542287033381744	0.10266595902607152
3.4306047603910415	0.027542287033381744	0.1034159671413464
3.926050291516404	0.027542287033381744	0.10455995617844596
4.493047718431742	0.027542287033381744	0.10599494910409336
5.141930515695824	0.027542287033381744	0.10726695806542792
5.884524511008838	0.027542287033381744	0.11007096704321513
6.734363409805407	0.027542287033381744	0.1127099619831698
7.706935445758021	0.027542287033381744	0.11564293621263559
8.819965652373028	0.027542287033381744	0.11878093610233799
10.093738900052346	0.027542287033381744	0.12240605163495565
11.551469585940843	0.027542287033381744	0.12635286186162975
13.219724714121972	0.027542287033381744	0.12959194347640282
15.128908076758211	0.027542287033381744	0.1296969187198005
17.313814360331925	0.027542287033381744	0.12371586769080734
19.814263275520517	0.027542287033381744	0.11070513853638168
22.675825267662994	0.027542287033381744	0.09086766565407117
25.950652033822625	0.027542287033381744	0.06619382872891054
29.698426982540767	0.027542287033381744	0.041995558515457485
33.98745295832107	0.027542287033381744	0.02284539849509635
38.895897054520105	0.027542287033381744	0.010627901919020896
44.51321520124173	0.027542287033381744	0.004272231370535104
50.941782491215115	0.027542287033381744	0.0015428666487062148
58.29875895619149	0.027542287033381744	0.0005281583940868481
66.71822479745835	0.027542287033381744	0.00018017288457707805
76.35362398484546	0.027542287033381744	0.00006548618874774821
87.38056075858388	0.027542287033381744	0.000023035065182402694
100.00000000000031	0.027542287033381744	8.455288243399297e-6
111.55639876771902	0.027542287033381744	3.7940735603753445e-6
138.21730389017998	0.027542287033381744	6.907711154209168e-7
171.24990861750976	0.027542287033381744	1.1078319208744236e-7
212.17698780180757	0.027542287033381744	2.0264365571485628e-8
262.885244821937	0.027542287033381744	2.9376833635306494e-9
325.7122869971341	0.027542287033381744	1.5880966479206013e-10
403.5543872869759	0.027542287033381744	2.3526210039733737e-12
499.9999999999984	0.027542287033381744	1.89689610475247e-15
1000	0.027542287033381744	0
2000	0.027542287033381744	0
1.	0.03162277660168389	0.11371992360353743
1.9999999999999998	0.03162277660168389	0.11453892375836025
2.288838595949997	0.03162277660168389	0.11491892173342319
2.6193910591551774	0.03162277660168389	0.1154219250537867
2.9976816770403563	0.03162277660168389	0.1160689265304912
3.4306047603910415	0.03162277660168389	0.11694293367537727
3.926050291516404	0.03162277660168389	0.11811292309855678
4.493047718431742	0.03162277660168389	0.11969591506614025
5.141930515695824	0.03162277660168389	0.12181291837955556
5.884524511008838	0.03162277660168389	0.12438893439018386
6.734363409805407	0.03162277660168389	0.12749592727485135
7.706935445758021	0.03162277660168389	0.13093589619893753
8.819965652373028	0.03162277660168389	0.1346708942945619
10.093738900052346	0.03162277660168389	0.13889902849306784
11.551469585940843	0.03162277660168389	0.1435108053929561
13.219724714121972	0.03162277660168389	0.1475759037631074
15.128908076758211	0.03162277660168389	0.14810787092119937
17.313814360331925	0.03162277660168389	0.1417488134486793
19.814263275520517	0.03162277660168389	0.1272711176437507
22.675825267662994	0.03162277660168389	0.10483570223109251
25.950652033822625	0.03162277660168389	0.07662405340557847
29.698426982540767	0.03162277660168389	0.04873042189538902
33.98745295832107	0.03162277660168389	0.02655842188964007
38.895897054520105	0.03162277660168389	0.01237319850440244
44.51321520124173	0.03162277660168389	0.004973238468271182
50.941782491215115	0.03162277660168389	0.0017964271983746912
58.29875895619149	0.03162277660168389	0.0006140031043439536
66.71822479745835	0.03162277660168389	0.0002091776413802907
76.35362398484546	0.03162277660168389	0.00007597541904827362
87.38056075858388	0.03162277660168389	0.000026693426223486017
100.00000000000031	0.03162277660168389	9.784417782715083e-6
111.55639876771902	0.03162277660168389	4.387445345568613e-6
138.21730389017998	0.03162277660168389	7.985369083216715e-7
171.24990861750976	0.03162277660168389	1.2798407050344706e-7
212.17698780180757	0.03162277660168389	2.33923697214393e-8
262.885244821937	0.03162277660168389	3.3914502341315793e-9
325.7122869971341	0.03162277660168389	1.8345203260094072e-10
403.5543872869759	0.03162277660168389	2.720004582858747e-12
499.9999999999984	0.03162277660168389	2.1965849636628017e-15
1000	0.03162277660168389	0
2000	0.03162277660168389	0
1.	0.03630780547701025	0.12852301673720407
1.9999999999999998	0.03630780547701025	0.12935201673516766
2.288838595949997	0.03630780547701025	0.12970901497739185
2.6193910591551774	0.03630780547701025	0.1302590185914665
2.9976816770403563	0.03630780547701025	0.13093002025338674
3.4306047603910415	0.03630780547701025	0.13183902945785395
3.926050291516404	0.03630780547701025	0.13315701776828415
4.493047718431742	0.03630780547701025	0.13490501004650782
5.141930515695824	0.03630780547701025	0.13730101940389716
5.884524511008838	0.03630780547701025	0.14025103686373747
6.734363409805407	0.03630780547701025	0.14384303278673746
7.706935445758021	0.03630780547701025	0.14793000002868115
8.819965652373028	0.03630780547701025	0.15242900247273033
10.093738900052346	0.03630780547701025	0.15733516545443255
11.551469585940843	0.03630780547701025	0.16275190894373354
13.219724714121972	0.03630780547701025	0.1677600385977342
15.128908076758211	0.03630780547701025	0.16896099958364796
17.313814360331925	0.03630780547701025	0.16236993140219708
19.814263275520517	0.03630780547701025	0.14627125866187876
22.675825267662994	0.03630780547701025	0.12098077063425139
25.950652033822625	0.03630780547701025	0.08879218593716166
29.698426982540767	0.03630780547701025	0.05664574770580838
33.98745295832107	0.03630780547701025	0.030930887303768695
38.895897054520105	0.03630780547701025	0.014429912382240482
44.51321520124173	0.03630780547701025	0.005801972233158614
50.941782491215115	0.03630780547701025	0.0020952604558863476
58.29875895619149	0.03630780547701025	0.0007150548214901372
66.71822479745835	0.03630780547701025	0.0002432426513046846
76.35362398484546	0.03630780547701025	0.00008827706156779849
87.38056075858388	0.03630780547701025	0.00003097409281920771
100.00000000000031	0.03630780547701025	0.00001133542411042825
111.55639876771902	0.03630780547701025	5.078855953547259e-6
138.21730389017998	0.03630780547701025	9.240173494844703e-7
171.24990861750976	0.03630780547701025	1.479866502540021e-7
212.17698780180757	0.03630780547701025	2.7024015448546174e-8
262.885244821937	0.03630780547701025	3.9183852053994085e-9
325.7122869971341	0.03630780547701025	2.1210339229489378e-10
403.5543872869759	0.03630780547701025	3.1479097272459007e-12
499.9999999999984	0.03630780547701025	2.5467490921769887e-15
1000	0.03630780547701025	0
2000	0.03630780547701025	0
1.	0.04168693834703368	0.14496111212724555
1.9999999999999998	0.04168693834703368	0.145788111667784
2.288838595949997	0.04168693834703368	0.14612311018836427
2.6193910591551774	0.04168693834703368	0.14667311340099498
2.9976816770403563	0.04168693834703368	0.14736311547503114
3.4306047603910415	0.04168693834703368	0.1483331253901309
3.926050291516404	0.04168693834703368	0.14972511389608606
4.493047718431742	0.04168693834703368	0.15168010614176688
5.141930515695824	0.04168693834703368	0.15434611817160457
5.884524511008838	0.04168693834703368	0.15773014097811403
6.734363409805407	0.04168693834703368	0.16197113953208217
7.706935445758021	0.04168693834703368	0.16675410607829058
8.819965652373028	0.04168693834703368	0.17211711358056403
10.093738900052346	0.04168693834703368	0.17786831369496425
11.551469585940843	0.04168693834703368	0.18431801411908388
13.219724714121972	0.04168693834703368	0.19039918349086518
15.128908076758211	0.04168693834703368	0.19248113936905828
17.313814360331925	0.04168693834703368	0.18580206362334176
19.814263275520517	0.04168693834703368	0.16809241498014207
22.675825267662994	0.04168693834703368	0.13963385186151078
25.950652033822625	0.04168693834703368	0.10300663954482932
29.698426982540767	0.04168693834703368	0.065955980282399
33.98745295832107	0.04168693834703368	0.03610216544652124
38.895897054520105	0.04168693834703368	0.016865929539267327
44.51321520124173	0.04168693834703368	0.006782326992279512
50.941782491215115	0.04168693834703368	0.002449144412301657
58.29875895619149	0.04168693834703368	0.0008343888869375628
66.71822479745835	0.04168693834703368	0.0002834066719065916
76.35362398484546	0.04168693834703368	0.00010275816417909768
87.38056075858388	0.04168693834703368	0.00003599988037156501
100.00000000000031	0.04168693834703368	0.000013150834909711518
111.55639876771902	0.04168693834703368	5.886808491453629e-6
138.21730389017998	0.04168693834703368	1.0705337463354852e-6
171.24990861750976	0.04168693834703368	1.7130700586160843e-7
212.17698780180757	0.04168693834703368	3.125026192241053e-8
262.885244821937	0.04168693834703368	4.531721829548187e-9
325.7122869971341	0.04168693834703368	2.4549984006901534e-10
403.5543872869759	0.04168693834703368	3.647663148559903e-12
499.9999999999984	0.04168693834703368	2.9571900498513465e-15
1000	0.04168693834703368	0
2000	0.04168693834703368	0
1.	0.047863009232264	0.16302002565884824
1.9999999999999998	0.047863009232264	0.16377302544923417
2.288838595949997	0.047863009232264	0.1641320236663803
2.6193910591551774	0.047863009232264	0.16462602751525784
2.9976816770403563	0.047863009232264	0.16535602948128372
3.4306047603910415	0.047863009232264	0.16637404041819034
3.926050291516404	0.047863009232264	0.16790702686850137
4.493047718431742	0.047863009232264	0.1700420173854331
5.141930515695824	0.047863009232264	0.17300002894398267
5.884524511008838	0.047863009232264	0.17681005323013238
6.734363409805407	0.047863009232264	0.1817430479993346
7.706935445758021	0.047863009232264	0.18744600275544232
8.819965652373028	0.047863009232264	0.193784006394794
10.093738900052346	0.047863009232264	0.20067123531922104
11.551469585940843	0.047863009232264	0.20826487594707568
13.219724714121972	0.047863009232264	0.21561107911427155
15.128908076758211	0.047863009232264	0.21890401463183162
17.313814360331925	0.047863009232264	0.21242992800587102
19.814263275520517	0.047863009232264	0.19303632239946675
22.675825267662994	0.047863009232264	0.16129071101444137
25.950652033822625	0.047863009232264	0.1196066358877481
29.698426982540767	0.047863009232264	0.07692309857273347
33.98745295832107	0.047863009232264	0.04222439007508772
38.895897054520105	0.047863009232264	0.01976431799039764
44.51321520124173	0.047863009232264	0.007948169809387218
50.941782491215115	0.047863009232264	0.002869584484654796
58.29875895619149	0.047863009232264	0.0009758677839062231
66.71822479745835	0.047863009232264	0.00033086517354108933
76.35362398484546	0.047863009232264	0.00011983744703992763
87.38056075858388	0.047863009232264	0.00004191012563632352
100.00000000000031	0.047863009232264	0.000015278293633562853
111.55639876771902	0.047863009232264	6.831809469940783e-6
138.21730389017998	0.047863009232264	1.2417456063483255e-6
171.24990861750976	0.047863009232264	1.9851263138699745e-7
212.17698780180757	0.047863009232264	3.617022838660737e-8
262.885244821937	0.047863009232264	5.245901517147088e-9
325.7122869971341	0.047863009232264	2.8445019365501453e-10
403.5543872869759	0.047863009232264	4.231883255385337e-12
499.9999999999984	0.047863009232264	3.4389330957024194e-15
1000	0.047863009232264	0
2000	0.047863009232264	0
1.	0.05495408738576265	0.18272796494177354
1.9999999999999998	0.05495408738576265	0.1833199652281737
2.288838595949997	0.05495408738576265	0.1836499636756325
2.6193910591551774	0.05495408738576265	0.18418996738461513
2.9976816770403563	0.05495408738576265	0.18497096950008457
3.4306047603910415	0.05495408738576265	0.18610498023557226
3.926050291516404	0.05495408738576265	0.18770096596770855
4.493047718431742	0.05495408738576265	0.18999395528085591
5.141930515695824	0.05495408738576265	0.19319896711283485
5.884524511008838	0.05495408738576265	0.19758299314400393
6.734363409805407	0.05495408738576265	0.20325298565022407
7.706935445758021	0.05495408738576265	0.21007392780715725
8.819965652373028	0.05495408738576265	0.21771092760564884
10.093738900052346	0.05495408738576265	0.22577219283651065
11.551469585940843	0.05495408738576265	0.23467176734452047
13.219724714121972	0.05495408738576265	0.24363601342071828
15.128908076758211	0.05495408738576265	0.24852392571009504
17.313814360331925	0.05495408738576265	0.24268082676741132
19.814263275520517	0.05495408738576265	0.2218872540758604
22.675825267662994	0.05495408738576265	0.18635859056170476
25.950652033822625	0.05495408738576265	0.13907265796628188
29.698426982540767	0.05495408738576265	0.08987632309303553
33.98745295832107	0.05495408738576265	0.049523129606924676
38.895897054520105	0.05495408738576265	0.023230309612183708
44.51321520124173	0.05495408738576265	0.009344843389214829
50.941782491215115	0.05495408738576265	0.003370885378861309
58.29875895619149	0.05495408738576265	0.001144162123223283
66.71822479745835	0.05495408738576265	0.0003870996702496519
76.35362398484546	0.05495408738576265	0.00014003274482596117
87.38056075858388	0.05495408738576265	0.00004887534679773529
100.00000000000031	0.05495408738576265	0.000017775549813285525
111.55639876771902	0.05495408738576265	7.938710144218125e-6
138.21730389017998	0.05495408738576265	1.4420642315840664e-6
171.24990861750976	0.05495408738576265	2.302826411102149e-7
212.17698780180757	0.05495408738576265	4.1901800584229656e-8
262.885244821937	0.05495408738576265	6.078118949237395e-9
325.7122869971341	0.05495408738576265	3.2992276596420447e-10
403.5543872869759	0.05495408738576265	4.915639796998767e-12
499.9999999999984	0.05495408738576265	4.005422436895578e-15
1000	0.05495408738576265	0
2000	0.05495408738576265	0
1.	0.06309573444801955	0.20390808242112188
1.9999999999999998	0.06309573444801955	0.20445508265696877
2.288838595949997	0.06309573444801955	0.20482508082154946
2.6193910591551774	0.06309573444801955	0.20532408487846532
2.9976816770403563	0.06309573444801955	0.20607408746559633
3.4306047603910415	0.06309573444801955	0.2072241000580762
3.926050291516404	0.06309573444801955	0.20897608501733803
4.493047718431742	0.06309573444801955	0.21147407433718993
5.141930515695824	0.06309573444801955	0.21504308936844715
5.884524511008838	0.06309573444801955	0.21997412221755955
6.734363409805407	0.06309573444801955	0.22643911984258502
7.706935445758021	0.06309573444801955	0.23446505875688411
8.819965652373028	0.06309573444801955	0.24350806702713282
10.093738900052346	0.06309573444801955	0.2532013892073453
11.551469585940843	0.06309573444801955	0.26368889768249576
13.219724714121972	0.06309573444801955	0.274461216040553
15.128908076758211	0.06309573444801955	0.2815181168077653
17.313814360331925	0.06309573444801955	0.27679501488719094
19.814263275520517	0.06309573444801955	0.25478346173658284
22.675825267662994	0.06309573444801955	0.2154457108407964
25.950652033822625	0.06309573444801955	0.16192188283888562
29.698426982540767	0.06309573444801955	0.10523977156416323
33.98745295832107	0.06309573444801955	0.05823365409287174
38.895897054520105	0.06309573444801955	0.027388336957674713
44.51321520124173	0.06309573444801955	0.0110241908293857
50.941782491215115	0.06309573444801955	0.003974881888269891
58.29875895619149	0.06309573444801955	0.0013454455631031943
66.71822479745835	0.06309573444801955	0.00045409667018051023
76.35362398484546	0.06309573444801955	0.00016403658576190152
87.38056075858388	0.06309573444801955	0.00005712349497222575
100.00000000000031	0.06309573444801955	0.000020719589267984552
111.55639876771902	0.06309573444801955	9.240353523088009e-6
138.21730389017998	0.06309573444801955	1.6773406780195546e-6
171.24990861750976	0.06309573444801955	2.6751619186107215e-7
212.17698780180757	0.06309573444801955	4.860057783947894e-8
262.885244821937	0.06309573444801955	7.051077195741405e-9
325.7122869971341	0.06309573444801955	3.8319646997801155e-10
403.5543872869759	0.06309573444801955	5.7190812849317494e-12
499.9999999999984	0.06309573444801955	4.674520850169516e-15
1000	0.06309573444801955	0
2000	0.06309573444801955	0
1.	0.07244359600749928	0.2262739904474512
1.9999999999999998	0.07244359600749928	0.2268849904201167
2.288838595949997	0.07244359600749928	0.22724498867442924
2.6193910591551774	0.07244359600749928	0.22778699268230015
2.9976816770403563	0.07244359600749928	0.22859999505865092
3.4306047603910415	0.07244359600749928	0.2298080085138724
3.926050291516404	0.07244359600749928	0.23169799167123709
4.493047718431742	0.07244359600749928	0.23437397945134295
5.141930515695824	0.07244359600749928	0.23836499383225893
5.884524511008838	0.07244359600749928	0.2438270296069378
6.734363409805407	0.07244359600749928	0.2513240219207115
7.706935445758021	0.07244359600749928	0.26060794536066245
8.819965652373028	0.07244359600749928	0.27128194644378195
10.093738900052346	0.07244359600749928	0.28287331895677725
11.551469585940843	0.07244359600749928	0.295300727213315
13.219724714121972	0.07244359600749928	0.308297110543117
15.128908076758211	0.07244359600749928	0.31795297403625356
17.313814360331925	0.07244359600749928	0.3151388527635903
19.814263275520517	0.07244359600749928	0.2923533186084622
22.675825267662994	0.07244359600749928	0.24904452046375058
25.950652033822625	0.07244359600749928	0.18875387161327917
29.698426982540767	0.07244359600749928	0.12349764740538302
33.98745295832107	0.07244359600749928	0.06869029665642062
38.895897054520105	0.07244359600749928	0.032394419642319316
44.51321520124173	0.07244359600749928	0.013058979375682084
50.941782491215115	0.07244359600749928	0.004704532442457912
58.29875895619149	0.07244359600749928	0.0015879972831473572
66.71822479745835	0.07244359600749928	0.0005342558622643881
76.35362398484546	0.07244359600749928	0.00019267932517745372
87.38056075858388	0.07244359600749928	0.00006692469071815677
100.00000000000031	0.07244359600749928	0.000024200194733029634
111.55639876771902	0.07244359600749928	0.000010774960779583715
138.21730389017998	0.07244359600749928	1.9543144197004937e-6
171.24990861750976	0.07244359600749928	3.1124236865348575e-7
212.17698780180757	0.07244359600749928	5.644304972338481e-8
262.885244821937	0.07244359600749928	8.190517365260885e-9
325.7122869971341	0.07244359600749928	4.457330320822385e-10
403.5543872869759	0.07244359600749928	6.665346430019775e-12
499.9999999999984	0.07244359600749928	5.467235714060913e-15
1000	0.07244359600749928	0
2000	0.07244359600749928	0
1.	0.08317637711026743	0.24979394983913702
1.9999999999999998	0.08317637711026743	0.2504479497474314
2.288838595949997	0.08317637711026743	0.2509179472281686
2.6193910591551774	0.08317637711026743	0.2515009519144612
2.9976816770403563	0.08317637711026743	0.25238995471372905
3.4306047603910415	0.08317637711026743	0.25379696783434846
3.926050291516404	0.08317637711026743	0.255773950146933
4.493047718431742	0.08317637711026743	0.25867893647546114
5.141930515695824	0.08317637711026743	0.2628569521162316
5.884524511008838	0.08317637711026743	0.26912099023478925
6.734363409805407	0.08317637711026743	0.277443981716518
7.706935445758021	0.08317637711026743	0.28811789134721977
8.819965652373028	0.08317637711026743	0.3007208879869522
10.093738900052346	0.08317637711026743	0.3146223239046685
11.551469585940843	0.08317637711026743	0.3292976213098824
13.219724714121972	0.08317637711026743	0.34499109023189145
15.128908076758211	0.08317637711026743	0.3580069146326718
17.313814360331925	0.08317637711026743	0.3580217770984449
19.814263275520517	0.08317637711026743	0.3351342449141205
22.675825267662994	0.08317637711026743	0.28800939461096786
25.950652033822625	0.08317637711026743	0.22031792415640217
29.698426982540767	0.08317637711026743	0.14528555099176926
33.98745295832107	0.08317637711026743	0.08129937490395375
38.895897054520105	0.08317637711026743	0.03846391276035005
44.51321520124173	0.08317637711026743	0.015525071243400593
50.941782491215115	0.08317637711026743	0.0055881751795058806
58.29875895619149	0.08317637711026743	0.0018814500534953733
66.71822479745835	0.08317637711026743	0.0006309791108071765
76.35362398484546	0.08317637711026743	0.00022713811932061683
87.38056075858388	0.08317637711026743	0.00007866313981445361
100.00000000000031	0.08317637711026743	0.000028344908418838354
111.55639876771902	0.08317637711026743	0.00001259657377407751
138.21730389017998	0.08317637711026743	2.2825437412659035e-6
171.24990861750976	0.08317637711026743	3.6292059724111276e-7
212.17698780180757	0.08317637711026743	6.567944226707198e-8
262.885244821937	0.08317637711026743	9.532921751656976e-9
325.7122869971341	0.08317637711026743	5.196109456001408e-10
403.5543872869759	0.08317637711026743	7.787301361241581e-12
499.9999999999984	0.08317637711026743	6.4133028945601925e-15
1000	0.08317637711026743	0
2000	0.08317637711026743	0
1.	0.09549925860214398	0.2738159192998972
1.9999999999999998	0.09549925860214398	0.2748569179997998
2.288838595949997	0.09549925860214398	0.27521591662759665
2.6193910591551774	0.09549925860214398	0.2758579213607166
2.9976816770403563	0.09549925860214398	0.2769959229704804
3.4306047603910415	0.09549925860214398	0.27844993775128707
3.926050291516404	0.09549925860214398	0.2805909183941902
4.493047718431742	0.09549925860214398	0.28402390104123393
5.141930515695824	0.09549925860214398	0.2888059175902499
5.884524511008838	0.09549925860214398	0.2956659596529738
6.734363409805407	0.09549925860214398	0.30486495029954214
7.706935445758021	0.09549925860214398	0.31696384643879333
8.819965652373028	0.09549925860214398	0.3316348388401053
10.093738900052346	0.09549925860214398	0.348180354902675
11.551469585940843	0.09549925860214398	0.3657045120698129
13.219724714121972	0.09549925860214398	0.38439708854642507
15.128908076758211	0.09549925860214398	0.401463868810717
17.313814360331925	0.09549925860214398	0.40546771551502775
19.814263275520517	0.09549925860214398	0.38368615680232415
22.675825267662994	0.09549925860214398	0.33302826601429014
25.950652033822625	0.09549925860214398	0.2575009813297966
29.698426982540767	0.09549925860214398	0.17135444189382115
33.98745295832107	0.09549925860214398	0.09656116905584033
38.895897054520105	0.09549925860214398	0.04585310560544671
44.51321520124173	0.09549925860214398	0.018546961762642325
50.941782491215115	0.09549925860214398	0.006669668715698328
58.29875895619149	0.09549925860214398	0.0022382535236412475
66.71822479745835	0.09549925860214398	0.0007477602178509503
76.35362398484546	0.09549925860214398	0.0002685974613098481
87.38056075858388	0.09549925860214398	0.00009271490517863606
100.00000000000031	0.09549925860214398	0.000033273774177511674
111.55639876771902	0.09549925860214398	0.000014755014574786597
138.21730389017998	0.09549925860214398	2.6706788349260745e-6
171.24990861750976	0.09549925860214398	4.238401824782302e-7
212.17698780180757	0.09549925860214398	7.652339762906343e-8
262.885244821937	0.09549925860214398	1.1109647562115882e-8
325.7122869971341	0.09549925860214398	6.066463857177899e-10
403.5543872869759	0.09549925860214398	9.114770431144312e-12
499.9999999999984	0.09549925860214398	7.541148645372993e-15
1000	0.09549925860214398	0
2000	0.09549925860214398	0
1.	0.10964781961431896	0.29860768391994996
1.9999999999999998	0.10964781961431896	0.29969868328248617
2.288838595949997	0.10964781961431896	0.3003986755323072
2.6193910591551774	0.10964781961431896	0.30124767923292856
2.9976816770403563	0.10964781961431896	0.30229668415545075
3.4306047603910415	0.10964781961431896	0.30403269750987943
3.926050291516404	0.10964781961431896	0.3064966716252219
4.493047718431742	0.10964781961431896	0.31020765124016814
5.141930515695824	0.10964781961431896	0.31540866596303374
5.884524511008838	0.10964781961431896	0.3227987084390607
6.734363409805407	0.10964781961431896	0.3330406884570929
7.706935445758021	0.10964781961431896	0.34664055795592286
8.819965652373028	0.10964781961431896	0.3632015328544724
10.093738900052346	0.10964781961431896	0.3829531168471455
11.551469585940843	0.10964781961431896	0.4039450744792211
13.219724714121972	0.10964781961431896	0.4262947471713213
15.128908076758211	0.10964781961431896	0.4480284413515413
17.313814360331925	0.10964781961431896	0.4575022264350546
19.814263275520517	0.10964781961431896	0.43832158513959935
22.675825267662994	0.10964781961431896	0.3847046971547073
25.950652033822625	0.10964781961431896	0.30123866489378265
29.698426982540767	0.10964781961431896	0.20265305052791538
33.98745295832107	0.10964781961431896	0.11515872252455203
38.895897054520105	0.10964781961431896	0.05492032054637552
44.51321520124173	0.10964781961431896	0.022277218685521447
50.941782491215115	0.10964781961431896	0.008001951894248318
58.29875895619149	0.10964781961431896	0.0026750641489967143
66.71822479745835	0.10964781961431896	0.0008897319317408367
76.35362398484546	0.10964781961431896	0.00031879821349526787
87.38056075858388	0.10964781961431896	0.00010963670262937465
100.00000000000031	0.10964781961431896	0.00003916518476949701
111.55639876771902	0.10964781961431896	0.000017324309978854927
138.21730389017998	0.10964781961431896	3.1316232668891357e-6
171.24990861750976	0.10964781961431896	4.959384245167659e-7
212.17698780180757	0.10964781961431896	8.929779770389019e-8
262.885244821937	0.10964781961431896	1.2967885525837384e-8
325.7122869971341	0.10964781961431896	7.095837461113746e-10
403.5543872869759	0.10964781961431896	1.06922635090874e-11
499.9999999999984	0.10964781961431896	8.892678528542655e-15
1000	0.10964781961431896	0
2000	0.10964781961431896	0