1.	0.001	0.0740185
1.9999999999999998	0.001	0.11845199999999999
2.288838595949997	0.001	0.1177090036117198
2.6193910591551774	0.001	0.10943695896372156
2.9976816770403563	0.001	0.09478033726671292
3.4306047603910415	0.001	0.07858598755888142
3.926050291516404	0.001	0.06688349682293392
4.493047718431742	0.001	0.06070412486547247
5.141930515695824	0.001	0.05405589176882547
5.884524511008838	0.001	0.04220312475176094
6.734363409805407	0.001	0.028026957894032412
7.706935445758021	0.001	0.01601715623803774
8.819965652373028	0.001	0.008043861144536717
10.093738900052346	0.001	0.0037199521094213456
11.551469585940843	0.001	0.0015505752618281388
13.219724714121972	0.001	0.0005438956316119541
15.128908076758211	0.001	0.00020643554986924165
17.313814360331925	0.001	0.00008466769878966889
19.814263275520517	0.001	0.00003222037030201547
22.675825267662994	0.001	0.000010111704784234427
25.950652033822625	0.001	3.417120393637663e-6
29.698426982540767	0.001	1.4850861099506669e-6
33.98745295832107	0.001	4.7353395904063555e-7
38.895897054520105	0.001	1.5915894354763447e-7
44.51321520124173	0.001	3.4301107904689396e-8
50.941782491215115	0.001	8.271799401418524e-9
58.29875895619149	0.001	1.8553019371239128e-9
66.71822479745835	0.001	3.803694503386954e-10
76.35362398484546	0.001	5.6963430549876964e-11
87.38056075858388	0.001	5.392939842446402e-12
100.00000000000031	0.001	2.831519651747791e-13
111.55639876771902	0.001	1.7213582037204995e-14
138.21730389017998	0.001	6.182589894019988e-18
171.24990861750976	0.001	8.144658295674854e-23
212.17698780180757	0.001	0
262.885244821937	0.001	0
325.7122869971341	0.001	0
403.5543872869759	0.001	0
499.9999999999984	0.001	0
1000	0.001	0
2000	0.001	0
1.	0.0011481536214968829	0.08329781777307663
1.9999999999999998	0.0011481536214968829	0.13477938995331495
2.288838595949997	0.0011481536214968829	0.1344814060274649
2.6193910591551774	0.0011481536214968829	0.12554434586383156
2.9976816770403563	0.0011481536214968829	0.10906727833495226
3.4306047603910415	0.0011481536214968829	0.09046996097786338
3.926050291516404	0.0011481536214968829	0.07679973948458788
4.493047718431742	0.0011481536214968829	0.06957994663141762
5.141930515695824	0.0011481536214968829	0.062085587194569525
5.884524511008838	0.0011481536214968829	0.04863547435085573
6.734363409805407	0.0011481536214968829	0.03240066022671042
7.706935445758021	0.0011481536214968829	0.018547928324449216
8.819965652373028	0.0011481536214968829	0.009323777691519227
10.093738900052346	0.0011481536214968829	0.004309047444697676
11.551469585940843	0.0011481536214968829	0.0017941185032731592
13.219724714121972	0.0011481536214968829	0.0006315640180711415
15.128908076758211	0.0011481536214968829	0.00023791326730160248
17.313814360331925	0.0011481536214968829	0.00009761527170831972
19.814263275520517	0.0011481536214968829	0.000037164410118974485
22.675825267662994	0.0011481536214968829	0.000011666613407035664
25.950652033822625	0.0011481536214968829	3.940613686579864e-6
29.698426982540767	0.0011481536214968829	1.7084934397902286e-6
33.98745295832107	0.0011481536214968829	5.454312345982897e-7
38.895897054520105	0.0011481536214968829	1.8308201236235616e-7
44.51321520124173	0.0011481536214968829	3.9575543189191565e-8
50.941782491215115	0.0011481536214968829	9.516135977448968e-9
58.29875895619149	0.0011481536214968829	2.135922771266328e-9
66.71822479745835	0.0011481536214968829	4.376028475732206e-10
76.35362398484546	0.0011481536214968829	6.552677942265057e-11
87.38056075858388	0.0011481536214968829	6.205728905635278e-12
100.00000000000031	0.0011481536214968829	3.259879941077288e-13
111.55639876771902	0.0011481536214968829	1.982421705369739e-14
138.21730389017998	0.0011481536214968829	7.12748308877933e-18
171.24990861750976	0.0011481536214968829	9.402879081004246e-23
212.17698780180757	0.0011481536214968829	0
262.885244821937	0.0011481536214968829	0
325.7122869971341	0.0011481536214968829	0
403.5543872869759	0.0011481536214968829	0
499.9999999999984	0.0011481536214968829	0
1000	0.0011481536214968829	0
2000	0.0011481536214968829	0
1.	0.0013182567385564075	0.09352670387816742
1.9999999999999998	0.0013182567385564075	0.15309564881628193
2.288838595949997	0.0013182567385564075	0.15348463375387228
2.6193910591551774	0.0013182567385564075	0.1439565953689901
2.9976816770403563	0.0013182567385564075	0.125524601853609
3.4306047603910415	0.0013182567385564075	0.10420058321812788
3.926050291516404	0.0013182567385564075	0.08822277665167413
4.493047718431742	0.0013182567385564075	0.07979973794650888
5.141930515695824	0.0013182567385564075	0.07131691248970151
5.884524511008838	0.0013182567385564075	0.05617545635938443
6.734363409805407	0.0013182567385564075	0.037510745989320256
7.706935445758021	0.0013182567385564075	0.02152851769199455
8.819965652373028	0.0013182567385564075	0.010810913350868442
10.093738900052346	0.0013182567385564075	0.004992759094600403
11.551469585940843	0.0013182567385564075	0.002077445392876887
13.219724714121972	0.0013182567385564075	0.0007308511931513399
15.128908076758211	0.0013182567385564075	0.0002748286924824647
17.313814360331925	0.0013182567385564075	0.00011259331260740903
19.814263275520517	0.0013182567385564075	0.000042907513374271575
22.675825267662994	0.0013182567385564075	0.000013477205419608874
25.950652033822625	0.0013182567385564075	4.549344154245265e-6
29.698426982540767	0.0013182567385564075	1.967044121250123e-6
33.98745295832107	0.0013182567385564075	6.288384869924232e-7
38.895897054520105	0.0013182567385564075	2.1076507012604656e-7
44.51321520124173	0.0013182567385564075	4.571202353034786e-8
50.941782491215115	0.0013182567385564075	1.0956778054764737e-8
58.29875895619149	0.0013182567385564075	2.461110126593221e-9
66.71822479745835	0.0013182567385564075	5.038525655894643e-10
76.35362398484546	0.0013182567385564075	7.543608793762022e-11
87.38056075858388	0.0013182567385564075	7.146825859901176e-12
100.00000000000031	0.0013182567385564075	3.7564991798820833e-13
111.55639876771902	0.0013182567385564075	2.2852949213052724e-14
138.21730389017998	0.0013182567385564075	8.2259551528372e-18
171.24990861750976	0.0013182567385564075	1.086951129907268e-22
212.17698780180757	0.0013182567385564075	0
262.885244821937	0.0013182567385564075	0
325.7122869971341	0.0013182567385564075	0
403.5543872869759	0.0013182567385564075	0
499.9999999999984	0.0013182567385564075	0
1000	0.0013182567385564075	0
2000	0.0013182567385564075	0
1.	0.0015135612484362087	0.10465106751599136
1.9999999999999998	0.0015135612484362087	0.1736101268256191
2.288838595949997	0.0015135612484362087	0.1749511279621766
2.6193910591551774	0.0015135612484362087	0.16498907618496042
2.9976816770403563	0.0015135612484362087	0.14450402711095292
3.4306047603910415	0.0015135612484362087	0.12009392200774881
3.926050291516404	0.0015135612484362087	0.10134407890050028
4.493047718431742	0.0015135612484362087	0.09136931412771315
5.141930515695824	0.0015135612484362087	0.08192095595044527
5.884524511008838	0.0015135612484362087	0.06479614236622377
6.734363409805407	0.0015135612484362087	0.043433374287441526
7.706935445758021	0.0015135612484362087	0.025016908912777146
8.819965652373028	0.0015135612484362087	0.012546360238617308
10.093738900052346	0.0015135612484362087	0.0057915549683878464
11.551469585940843	0.0015135612484362087	0.002413932657790755
13.219724714121972	0.0015135612484362087	0.0008491298807221984
15.128908076758211	0.0015135612484362087	0.00031771858306053706
17.313814360331925	0.0015135612484362087	0.00012999164973819696
19.814263275520517	0.0015135612484362087	0.00004950082535811311
22.675825267662994	0.0015135612484362087	0.00001556941407386366
25.950652033822625	0.0015135612484362087	5.251552398821315e-6
29.698426982540767	0.0015135612484362087	2.26364197552945e-6
33.98745295832107	0.0015135612484362087	7.247908316870676e-7
38.895897054520105	0.0015135612484362087	2.4251507369568955e-7
44.51321520124173	0.0015135612484362087	5.2794059828195965e-8
50.941782491215115	0.0015135612484362087	1.261060754259683e-8
58.29875895619149	0.0015135612484362087	2.8347057830020083e-9
66.71822479745835	0.0015135612484362087	5.798708112276419e-10
76.35362398484546	0.0015135612484362087	8.680326151349015e-11
87.38056075858388	0.0015135612484362087	8.227012576591712e-12
100.00000000000031	0.0015135612484362087	4.3274112916335994e-13
111.55639876771902	0.0015135612484362087	2.6337890118599203e-14
138.21730389017998	0.0015135612484362087	9.492877159037517e-18
171.24990861750976	0.0015135612484362087	1.2566274688966205e-22
212.17698780180757	0.0015135612484362087	0
262.885244821937	0.0015135612484362087	0
325.7122869971341	0.0015135612484362087	0
403.5543872869759	0.0015135612484362087	0
499.9999999999984	0.0015135612484362087	0
1000	0.0015135612484362087	0
2000	0.0015135612484362087	0
1.	0.0017378008287493763	0.11677804219392071
1.9999999999999998	0.0017378008287493763	0.19639008116889717
2.288838595949997	0.0017378008287493763	0.1991060739343264
2.6193910591551774	0.0017378008287493763	0.1889750244370734
2.9976816770403563	0.0017378008287493763	0.16635797291038776
3.4306047603910415	0.0017378008287493763	0.13844385699948103
3.926050291516404	0.0017378008287493763	0.11643704987041244
4.493047718431742	0.0017378008287493763	0.1046590962799805
5.141930515695824	0.0017378008287493763	0.09410663160924679
5.884524511008838	0.0017378008287493763	0.07481180796582433
6.734363409805407	0.0017378008287493763	0.05041235144250113
7.706935445758021	0.0017378008287493763	0.02908961539887688
8.819965652373028	0.0017378008287493763	0.014616864380217845
10.093738900052346	0.0017378008287493763	0.006707839439984689
11.551469585940843	0.0017378008287493763	0.0028067928803639846
13.219724714121972	0.0017378008287493763	0.000985599517925602
15.128908076758211	0.0017378008287493763	0.00036747538358956216
17.313814360331925	0.0017378008287493763	0.0001501095420351262
19.814263275520517	0.0017378008287493763	0.00005725629272984918
22.675825267662994	0.0017378008287493763	0.000018026962834564553
25.950652033822625	0.0017378008287493763	6.074761163109953e-6
29.698426982540767	0.0017378008287493763	2.6093119523462627e-6
33.98745295832107	0.0017378008287493763	8.369543851100457e-7
38.895897054520105	0.0017378008287493763	2.795126485308977e-7
44.51321520124173	0.0017378008287493763	6.109813145728753e-8
50.941782491215115	0.0017378008287493763	1.4539598265730363e-8
58.29875895619149	0.0017378008287493763	3.270765104244954e-9
66.71822479745835	0.0017378008287493763	6.684907776102359e-10
76.35362398484546	0.0017378008287493763	1.00050587819927e-10
87.38056075858388	0.0017378008287493763	9.486665588076815e-12
100.00000000000031	0.0017378008287493763	4.994344222212553e-13
111.55639876771902	0.0017378008287493763	3.0412504959621823e-14
138.21730389017998	0.0017378008287493763	1.0977986081199543e-17
171.24990861750976	0.0017378008287493763	1.4561759637658664e-22
212.17698780180757	0.0017378008287493763	0
262.885244821937	0.0017378008287493763	0
325.7122869971341	0.0017378008287493763	0
403.5543872869759	0.0017378008287493763	0
499.9999999999984	0.0017378008287493763	0
1000	0.0017378008287493763	0
2000	0.0017378008287493763	0
1.	0.0019952623149688807	0.1298861101374187
1.9999999999999998	0.0019952623149688807	0.22160621621829704
2.288838595949997	0.0019952623149688807	0.22617621417651387
2.6193910591551774	0.0019952623149688807	0.21623917277612265
2.9976816770403563	0.0019952623149688807	0.19153510360098303
3.4306047603910415	0.0019952623149688807	0.15970794480106484
3.926050291516404	0.0019952623149688807	0.13381115034380933
4.493047718431742	0.0019952623149688807	0.1198461927775077
5.141930515695824	0.0019952623149688807	0.10808910989129589
5.884524511008838	0.0019952623149688807	0.08645545771690856
6.734363409805407	0.0019952623149688807	0.0585514884059899
7.706935445758021	0.0019952623149688807	0.03392086013545325
8.819965652373028	0.0019952623149688807	0.01705498839291448
10.093738900052346	0.0019952623149688807	0.007807809191699323
11.551469585940843	0.0019952623149688807	0.003269388951680969
13.219724714121972	0.0019952623149688807	0.001146982150762448
15.128908076758211	0.0019952623149688807	0.00042560360086076683
17.313814360331925	0.0019952623149688807	0.00017350259800769514
19.814263275520517	0.0019952623149688807	0.00006625945755084262
22.675825267662994	0.0019952623149688807	0.000020892124887294004
25.950652033822625	0.0019952623149688807	7.032161891971243e-6
29.698426982540767	0.0019952623149688807	3.008568588629982e-6
33.98745295832107	0.0019952623149688807	9.669712027089223e-7
38.895897054520105	0.0019952623149688807	3.222391361226002e-7
44.51321520124173	0.0019952623149688807	7.075524133281293e-8
50.941782491215115	0.0019952623149688807	1.6770415788899813e-8
58.29875895619149	0.0019952623149688807	3.77529794883193e-9
66.71822479745835	0.0019952623149688807	7.708844648810484e-10
76.35362398484546	0.0019952623149688807	1.1535299819655349e-10
87.38056075858388	0.0019952623149688807	1.0942656611738189e-11
100.00000000000031	0.0019952623149688807	5.76682585368676e-13
111.55639876771902	0.0019952623149688807	3.5137633120926734e-14
138.21730389017998	0.0019952623149688807	1.2705219596589642e-17
171.24990861750976	0.0019952623149688807	1.6891374693991058e-22
212.17698780180757	0.0019952623149688807	0
262.885244821937	0.0019952623149688807	0
325.7122869971341	0.0019952623149688807	0
403.5543872869759	0.0019952623149688807	0
499.9999999999984	0.0019952623149688807	0
1000	0.0019952623149688807	0
2000	0.0019952623149688807	0
1.	0.0022908676527677745	0.14394988832761402
1.9999999999999998	0.0022908676527677745	0.24921578076830367
2.288838595949997	0.0022908676527677745	0.2563617255775137
2.6193910591551774	0.0022908676527677745	0.2471336801356588
2.9976816770403563	0.0022908676527677745	0.2205076301988981
3.4306047603910415	0.0022908676527677745	0.18443251055855067
3.926050291516404	0.0022908676527677745	0.15392583172611993
4.493047718431742	0.0022908676527677745	0.1372869284673036
5.141930515695824	0.0022908676527677745	0.12403985662866342
5.884524511008838	0.0022908676527677745	0.0999696235135456
6.734363409805407	0.0022908676527677745	0.06809782443024485
7.706935445758021	0.0022908676527677745	0.039641287830317846
8.819965652373028	0.0022908676527677745	0.01992975416858891
10.093738900052346	0.0022908676527677745	0.009123157869509017
11.551469585940843	0.0022908676527677745	0.003813656455726181
13.219724714121972	0.0022908676527677745	0.0013371075716572705
15.128908076758211	0.0022908676527677745	0.000493636377348455
17.313814360331925	0.0022908676527677745	0.000200818070788556
19.814263275520517	0.0022908676527677745	0.00007678853803748361
22.675825267662994	0.0022908676527677745	0.000024144809336486838
25.950652033822625	0.0022908676527677745	8.115664919572499e-6
29.698426982540767	0.0022908676527677745	3.456532927946056e-6
33.98745295832107	0.0022908676527677745	1.1135130721192995e-6
38.895897054520105	0.0022908676527677745	3.701719100190555e-7
44.51321520124173	0.0022908676527677745	8.167957435904918e-8
50.941782491215115	0.0022908676527677745	1.9277718537236803e-8
58.29875895619149	0.0022908676527677745	4.342591291067018e-9
66.71822479745835	0.0022908676527677745	8.858223179894767e-10
76.35362398484546	0.0022908676527677745	1.3252645260220496e-10
87.38056075858388	0.0022908676527677745	1.2577867817520069e-11
100.00000000000031	0.0022908676527677745	6.636695301858623e-13
111.55639876771902	0.0022908676527677745	4.046571802263273e-14
138.21730389017998	0.0022908676527677745	1.4660271288594873e-17
171.24990861750976	0.0022908676527677745	1.9540501258687698e-22
212.17698780180757	0.0022908676527677745	0
262.885244821937	0.0022908676527677745	0
325.7122869971341	0.0022908676527677745	0
403.5543872869759	0.0022908676527677745	0
499.9999999999984	0.0022908676527677745	0
1000	0.0022908676527677745	0
2000	0.0022908676527677745	0
1.	0.0026302679918953843	0.15906091059378655
1.9999999999999998	0.0026302679918953843	0.2792448223294829
2.288838595949997	0.0026302679918953843	0.28974775141241066
2.6193910591551774	0.0026302679918953843	0.2820447141219734
2.9976816770403563	0.0026302679918953843	0.25371364590413875
3.4306047603910415	0.0026302679918953843	0.21302248662944856
3.926050291516404	0.0026302679918953843	0.17719785203363048
4.493047718431742	0.0026302679918953843	0.1572139625134265
5.141930515695824	0.0026302679918953843	0.14241287270039116
5.884524511008838	0.0026302679918953843	0.11563871461799499
6.734363409805407	0.0026302679918953843	0.07934051780731068
7.706935445758021	0.0026302679918953843	0.04634711482174735
8.819965652373028	0.0026302679918953843	0.023327369815251423
10.093738900052346	0.0026302679918953843	0.010672325155903275
11.551469585940843	0.0026302679918953843	0.004463745689433303
13.219724714121972	0.0026302679918953843	0.0015606758926165866
15.128908076758211	0.0026302679918953843	0.0005730592730541483
17.313814360331925	0.0026302679918953843	0.00023301198293408914
19.814263275520517	0.0026302679918953843	0.00008908524112102716
22.675825267662994	0.0026302679918953843	0.00002801053784809505
25.950652033822625	0.0026302679918953843	9.399045708336929e-6
29.698426982540767	0.0026302679918953843	3.98284483120381e-6
33.98745295832107	0.0026302679918953843	1.2864503816738545e-6
38.895897054520105	0.0026302679918953843	4.264876524702712e-7
44.51321520124173	0.0026302679918953843	9.460595314911303e-8
50.941782491215115	0.0026302679918953843	2.2229844340601498e-8
58.29875895619149	0.0026302679918953843	5.010387892588059e-9
66.71822479745835	0.0026302679918953843	1.02093395371937e-9
76.35362398484546	0.0026302679918953843	1.5271138639435029e-10
87.38056075858388	0.0026302679918953843	1.4500995863872389e-11
100.00000000000031	0.0026302679918953843	7.662385937579858e-13
111.55639876771902	0.0026302679918953843	4.6757199621346337e-14
138.21730389017998	0.0026302679918953843	1.6976935205955587e-17
171.24990861750976	0.0026302679918953843	2.2693585049510356e-22
212.17698780180757	0.0026302679918953843	0
262.885244821937	0.0026302679918953843	0
325.7122869971341	0.0026302679918953843	0
403.5543872869759	0.0026302679918953843	0
499.9999999999984	0.0026302679918953843	0
1000	0.0026302679918953843	0
2000	0.0026302679918953843	0
1.	0.003019951720402019	0.17519906610216598
1.9999999999999998	0.003019951720402019	0.3114491308392997
2.288838595949997	0.003019951720402019	0.326280080244064
2.6193910591551774	0.003019951720402019	0.32104908499290197
2.9976816770403563	0.003019951720402019	0.29173199070394235
3.4306047603910415	0.003019951720402019	0.24625374329631514
3.926050291516404	0.003019951720402019	0.20409310792066465
4.493047718431742	0.003019951720402019	0.17992619725903844
5.141930515695824	0.003019951720402019	0.1634540716244247
5.884524511008838	0.003019951720402019	0.13387086225625167
6.734363409805407	0.003019951720402019	0.0925616265624275
7.706935445758021	0.003019951720402019	0.05435861598244939
8.819965652373028	0.003019951720402019	0.0274259239002463
10.093738900052346	0.003019951720402019	0.012501414441861095
11.551469585940843	0.003019951720402019	0.005233705179017218
13.219724714121972	0.003019951720402019	0.0018259962321255565
15.128908076758211	0.003019951720402019	0.0006669109566764797
17.313814360331925	0.003019951720402019	0.00027039420992056365
19.814263275520517	0.003019951720402019	0.00010336351781966613
22.675825267662994	0.003019951720402019	0.00003266019678344581
25.950652033822625	0.003019951720402019	0.000010936833670925435
29.698426982540767	0.003019951720402019	4.6079427152744366e-6
33.98745295832107	0.003019951720402019	1.4928316627557548e-6
38.895897054520105	0.003019951720402019	4.933776490853929e-7
44.51321520124173	0.003019951720402019	1.1006672994886976e-7
50.941782491215115	0.003019951720402019	2.574503176386714e-8
58.29875895619149	0.003019951720402019	5.805097919073498e-9
66.71822479745835	0.003019951720402019	1.1814882174338328e-9
76.35362398484546	0.003019951720402019	1.76700874412131e-10
87.38056075858388	0.003019951720402019	1.6787578892245197e-11
100.00000000000031	0.003019951720402019	8.885448232318157e-13
111.55639876771902	0.003019951720402019	5.427071883952883e-14
138.21730389017998	0.003019951720402019	1.9754265728798552e-17
171.24990861750976	0.003019951720402019	2.649149839743309e-22
212.17698780180757	0.003019951720402019	0
262.885244821937	0.003019951720402019	0
325.7122869971341	0.003019951720402019	0
403.5543872869759	0.003019951720402019	0
499.9999999999984	0.003019951720402019	0
1000	0.003019951720402019	0
2000	0.003019951720402019	0
1.	0.00346736850452532	0.19238994254010724
1.9999999999999998	0.00346736850452532	0.3454758862667808
2.288838595949997	0.00346736850452532	0.3658977683080329
2.6193910591551774	0.00346736850452532	0.36449977253883453
2.9976816770403563	0.00346736850452532	0.3351306601441819
3.4306047603910415	0.00346736850452532	0.2848443958473607
3.926050291516404	0.00346736850452532	0.23539088024436672
4.493047718431742	0.00346736850452532	0.20593603158790974
5.141930515695824	0.00346736850452532	0.18742389741606985
5.884524511008838	0.00346736850452532	0.15507368082951042
6.734363409805407	0.00346736850452532	0.10829579212514706
7.706935445758021	0.00346736850452532	0.06400447516114356
8.819965652373028	0.00346736850452532	0.032288707631598
10.093738900052346	0.00346736850452532	0.014681565200985605
11.551469585940843	0.00346736850452532	0.006155844798301237
13.219724714121972	0.00346736850452532	0.0021475311809762425
15.128908076758211	0.00346736850452532	0.0007767759235306176
17.313814360331925	0.00346736850452532	0.0003143957374551581
19.814263275520517	0.00346736850452532	0.00012016779648940461
22.675825267662994	0.00346736850452532	0.00003814275740717712
25.950652033822625	0.00346736850452532	0.00001274122449222445
29.698426982540767	0.00346736850452532	5.333505069025705e-6
33.98745295832107	0.00346736850452532	1.7338199291582194e-6
38.895897054520105	0.00346736850452532	5.710316979768283e-7
44.51321520124173	0.00346736850452532	1.2815932242075041e-7
50.941782491215115	0.00346736850452532	2.9839110228658e-8
58.29875895619149	0.00346736850452532	6.729755778226488e-9
66.71822479745835	0.00346736850452532	1.3679796407109232e-9
76.35362398484546	0.00346736850452532	2.0457080015178815e-10
87.38056075858388	0.00346736850452532	1.9445610975041907e-11
100.00000000000031	0.00346736850452532	1.03120496469144e-12
111.55639876771902	0.00346736850452532	6.305195659010834e-14
138.21730389017998	0.00346736850452532	2.3015657185438954e-17
171.24990861750976	0.00346736850452532	3.097741162995647e-22
212.17698780180757	0.00346736850452532	0
262.885244821937	0.00346736850452532	0
325.7122869971341	0.00346736850452532	0
403.5543872869759	0.00346736850452532	0
499.9999999999984	0.00346736850452532	0
1000	0.00346736850452532	0
2000	0.00346736850452532	0
1.	0.003981071705534978	0.2107230569918938
1.9999999999999998	0.003981071705534978	0.38074510355932273
2.288838595949997	0.003981071705534978	0.4079249956521732
2.6193910591551774	0.003981071705534978	0.4122020717921669
2.9976816770403563	0.003981071705534978	0.38438594798360753
3.4306047603910415	0.003981071705534978	0.3296585954654166
3.926050291516404	0.003981071705534978	0.27195810459426717
4.493047718431742	0.003981071705534978	0.2356922451393005
5.141930515695824	0.003981071705534978	0.21453006614362602
5.884524511008838	0.003981071705534978	0.1796188018955343
6.734363409805407	0.003981071705534978	0.12677488316149665
7.706935445758021	0.003981071705534978	0.07538318084529066
8.819965652373028	0.003981071705534978	0.03822726585875078
10.093738900052346	0.003981071705534978	0.017319640894279467
11.551469585940843	0.003981071705534978	0.007264673669477116
13.219724714121972	0.003981071705534978	0.0025310502822949122
15.128908076758211	0.003981071705534978	0.0009075024496593563
17.313814360331925	0.003981071705534978	0.0003669508714942829
19.814263275520517	0.003981071705534978	0.00014014439918843776
22.675825267662994	0.003981071705534978	0.00004445417640482643
25.950652033822625	0.003981071705534978	0.000014805321930774915
29.698426982540767	0.003981071705534978	6.152409571493297e-6
33.98745295832107	0.003981071705534978	2.0078494058656914e-6
38.895897054520105	0.003981071705534978	6.587039601650154e-7
44.51321520124173	0.003981071705534978	1.487704923920391e-7
50.941782491215115	0.003981071705534978	3.448068529625735e-8
58.29875895619149	0.003981071705534978	7.776361143806695e-9
66.71822479745835	0.003981071705534978	1.5786421265158336e-9
76.35362398484546	0.003981071705534978	2.360685552511386e-10
87.38056075858388	0.003981071705534978	2.2451180935513682e-11
100.00000000000031	0.003981071705534978	1.193220593880283e-12
111.55639876771902	0.003981071705534978	7.304793280587857e-14
138.21730389017998	0.003981071705534978	2.675008489821462e-17
171.24990861750976	0.003981071705534978	3.6150558648981314e-22
212.17698780180757	0.003981071705534978	0
262.885244821937	0.003981071705534978	0
325.7122869971341	0.003981071705534978	0
403.5543872869759	0.003981071705534978	0
499.9999999999984	0.003981071705534978	0
1000	0.003981071705534978	0
2000	0.003981071705534978	0
1.	0.0045708818961487565	0.23043206010813116
1.9999999999999998	0.0045708818961487565	0.4165580988912738
2.288838595949997	0.0045708818961487565	0.45211195263553783
2.6193910591551774	0.0045708818961487565	0.46396208573265046
2.9976816770403563	0.0045708818961487565	0.4397119460341842
3.4306047603910415	0.0045708818961487565	0.381486523953428
3.926050291516404	0.0045708818961487565	0.31457711722528153
4.493047718431742	0.0045708818961487565	0.270000290639423
5.141930515695824	0.0045708818961487565	0.24578807313085593
5.884524511008838	0.0045708818961487565	0.2081127768957773
6.734363409805407	0.0045708818961487565	0.14867886482504705
7.706935445758021	0.0045708818961487565	0.08928332515102096
8.819965652373028	0.0045708818961487565	0.04539399596583663
10.093738900052346	0.0045708818961487565	0.020506193375597642
11.551469585940843	0.0045708818961487565	0.00860749283186011
13.219724714121972	0.0045708818961487565	0.0029802567522243598
15.128908076758211	0.0045708818961487565	0.0010623881707873257
17.313814360331925	0.0045708818961487565	0.0004271466951295337
19.814263275520517	0.0045708818961487565	0.00016367694696877512
22.675825267662994	0.0045708818961487565	0.00005183153773067504
25.950652033822625	0.0045708818961487565	0.000017200447911568253
29.698426982540767	0.0045708818961487565	7.089182941095683e-6
33.98745295832107	0.0045708818961487565	2.3238312046864027e-6
38.895897054520105	0.0045708818961487565	7.590373439337744e-7
44.51321520124173	0.0045708818961487565	1.7255140085219814e-7
50.941782491215115	0.0045708818961487565	3.9817895509517194e-8
58.29875895619149	0.0045708818961487565	8.977013008964048e-9
66.71822479745835	0.0045708818961487565	1.8198473051870313e-9
76.35362398484546	0.0045708818961487565	2.721602250303711e-10
87.38056075858388	0.0045708818961487565	2.5896436896233763e-11
100.00000000000031	0.0045708818961487565	1.3797719575016077e-12
111.55639876771902	0.0045708818961487565	8.458787513645067e-14
138.21730389017998	0.0045708818961487565	3.108872381653411e-17
171.24990861750976	0.0045708818961487565	4.2206595993192996e-22
212.17698780180757	0.0045708818961487565	0
262.885244821937	0.0045708818961487565	0
325.7122869971341	0.0045708818961487565	0
403.5543872869759	0.0045708818961487565	0
499.9999999999984	0.0045708818961487565	0
1000	0.0045708818961487565	0
2000	0.0045708818961487565	0
1.	0.005248074602497733	0.2518991401650661
1.9999999999999998	0.005248074602497733	0.45187619646431615
2.288838595949997	0.005248074602497733	0.49692004253564875
2.6193910591551774	0.005248074602497733	0.5188292871562625
2.9976816770403563	0.005248074602497733	0.5009921655941499
3.4306047603910415	0.005248074602497733	0.44107167376284173
3.926050291516404	0.005248074602497733	0.36462832346668794
4.493047718431742	0.005248074602497733	0.3097374946670642
5.141930515695824	0.005248074602497733	0.2812502071080361
5.884524511008838	0.005248074602497733	0.24110387295338537
6.734363409805407	0.005248074602497733	0.17477294142789923
7.706935445758021	0.005248074602497733	0.10607644191219308
8.819965652373028	0.005248074602497733	0.05415446641550459
10.093738900052346	0.005248074602497733	0.024397750604681065
11.551469585940843	0.005248074602497733	0.010242407114553676
13.219724714121972	0.005248074602497733	0.0035441242335952764
15.128908076758211	0.005248074602497733	0.0012477585539574657
17.313814360331925	0.005248074602497733	0.0005015257306570391
19.814263275520517	0.005248074602497733	0.0001913017539793386
22.675825267662994	0.005248074602497733	0.000060869510876363216
25.950652033822625	0.005248074602497733	0.0000201125569428613
29.698426982540767	0.005248074602497733	8.213047984672153e-6
33.98745295832107	0.005248074602497733	2.70573373185319e-6
38.895897054520105	0.005248074602497733	8.79478086347634e-7
44.51321520124173	0.005248074602497733	2.012635969162904e-7
50.941782491215115	0.005248074602497733	4.625494156509606e-8
58.29875895619149	0.005248074602497733	1.0420935149676635e-8
66.71822479745835	0.005248074602497733	2.1094772438241248e-9
76.35362398484546	0.005248074602497733	3.1554158659280426e-10
87.38056075858388	0.005248074602497733	3.003810126168256e-11
100.00000000000031	0.005248074602497733	1.6049536008078996e-12
111.55639876771902	0.005248074602497733	9.8551473091099e-14
138.21730389017998	0.005248074602497733	3.637012258638207e-17
171.24990861750976	0.005248074602497733	4.963154749320059e-22
212.17698780180757	0.005248074602497733	0
262.885244821937	0.005248074602497733	0
325.7122869971341	0.005248074602497733	0
403.5543872869759	0.005248074602497733	0
499.9999999999984	0.005248074602497733	0
1000	0.005248074602497733	0
2000	0.005248074602497733	0
1.	0.006025595860743587	0.2755778739425455
1.9999999999999998	0.006025595860743587	0.4850658233098139
2.288838595949997	0.006025595860743587	0.5410954924634711
2.6193910591551774	0.006025595860743587	0.5757766755611838
2.9976816770403563	0.006025595860743587	0.5681794170999568
3.4306047603910415	0.006025595860743587	0.5100398065306744
3.926050291516404	0.006025595860743587	0.4240406487215406
4.493047718431742	0.006025595860743587	0.355990027599838
5.141930515695824	0.006025595860743587	0.32094775961754846
5.884524511008838	0.006025595860743587	0.2791214071674133
6.734363409805407	0.006025595860743587	0.20556555847398836
7.706935445758021	0.006025595860743587	0.126387262638909
8.819965652373028	0.006025595860743587	0.06489918297822417
10.093738900052346	0.006025595860743587	0.029186122085107475
11.551469585940843	0.006025595860743587	0.012232143135061812
13.219724714121972	0.006025595860743587	0.004213070923274768
15.128908076758211	0.006025595860743587	0.0014694855613361585
17.313814360331925	0.006025595860743587	0.0005880714523574536
19.814263275520517	0.006025595860743587	0.00022469615917286475
22.675825267662994	0.006025595860743587	0.00007143969049827612
25.950652033822625	0.006025595860743587	0.000023482653454945207
29.698426982540767	0.006025595860743587	9.490054566856122e-6
33.98745295832107	0.006025595860743587	3.144025093968466e-6
38.895897054520105	0.006025595860743587	1.0164186821344147e-6
44.51321520124173	0.006025595860743587	2.3415972756321067e-7
50.941782491215115	0.006025595860743587	5.361980211030191e-8
58.29875895619149	0.006025595860743587	1.2066855753100194e-8
66.71822479745835	0.006025595860743587	2.438930083383023e-9
76.35362398484546	0.006025595860743587	3.649563604034685e-10
87.38056075858388	0.006025595860743587	3.4756968325999866e-11
100.00000000000031	0.006025595860743587	1.8629030145653926e-12
111.55639876771902	0.006025595860743587	1.146006090589155e-13
138.21730389017998	0.006025595860743587	4.249084001405843e-17
171.24990861750976	0.006025595860743587	5.832049463021249e-22
212.17698780180757	0.006025595860743587	0
262.885244821937	0.006025595860743587	0
325.7122869971341	0.006025595860743587	0
403.5543872869759	0.006025595860743587	0
499.9999999999984	0.006025595860743587	0
1000	0.006025595860743587	0
2000	0.006025595860743587	0
1.	0.006918309709189377	0.30268199117055805
1.9999999999999998	0.006918309709189377	0.5148419903001231
2.288838595949997	0.006918309709189377	0.5822916587057827
2.6193910591551774	0.006918309709189377	0.6330640012814127
2.9976816770403563	0.006918309709189377	0.6401867728978367
3.4306047603910415	0.006918309709189377	0.5876160714698859
3.926050291516404	0.006918309709189377	0.49360793471156994
4.493047718431742	0.006918309709189377	0.4107003157935451
5.141930515695824	0.006918309709189377	0.3668719544024254
5.884524511008838	0.006918309709189377	0.32275456101319144
6.734363409805407	0.006918309709189377	0.2427306670646771
7.706935445758021	0.006918309709189377	0.1512214204184014
8.819965652373028	0.006918309709189377	0.07813178118558645
10.093738900052346	0.006918309709189377	0.03504895464747831
11.551469585940843	0.006918309709189377	0.014684124092616654
13.219724714121972	0.006918309709189377	0.005061646708283699
15.128908076758211	0.006918309709189377	0.0017386960478305868
17.313814360331925	0.006918309709189377	0.0006932925015637152
19.814263275520517	0.006918309709189377	0.00026422828885469193
22.675825267662994	0.006918309709189377	0.00008402780475971897
25.950652033822625	0.006918309709189377	0.00002744791088500757
29.698426982540767	0.006918309709189377	0.00001096400451688112
33.98745295832107	0.006918309709189377	3.655041033566952e-6
38.895897054520105	0.006918309709189377	1.1745685866942095e-6
44.51321520124173	0.006918309709189377	2.7239192395841683e-7
50.941782491215115	0.006918309709189377	6.218073065923022e-8
58.29875895619149	0.006918309709189377	1.397218249486093e-8
66.71822479745835	0.006918309709189377	2.8195680649736816e-9
76.35362398484546	0.006918309709189377	4.221385392805166e-10
87.38056075858388	0.006918309709189377	4.021851962846053e-11
100.00000000000031	0.006918309709189377	2.1630559565512425e-12
111.55639876771902	0.006918309709189377	1.3334093095690816e-13
138.21730389017998	0.006918309709189377	4.970141635788678e-17
171.24990861750976	0.006918309709189377	6.866375491928902e-22
212.17698780180757	0.006918309709189377	0
262.885244821937	0.006918309709189377	0
325.7122869971341	0.006918309709189377	0
403.5543872869759	0.006918309709189377	0
499.9999999999984	0.006918309709189377	0
1000	0.006918309709189377	0
2000	0.006918309709189377	0
1.	0.00794328234724283	0.3322280691908379
1.9999999999999998	0.00794328234724283	0.5399250377487979
2.288838595949997	0.00794328234724283	0.618511674364712
2.6193910591551774	0.00794328234724283	0.6866421697008198
2.9976816770403563	0.00794328234724283	0.7138029890091968
3.4306047603910415	0.00794328234724283	0.6736972366089181
3.926050291516404	0.00794328234724283	0.574972136574791
4.493047718431742	0.00794328234724283	0.47452755635176974
5.141930515695824	0.00794328234724283	0.41891608675175174
5.884524511008838	0.00794328234724283	0.3727996541837749
6.734363409805407	0.00794328234724283	0.28633873677881533
7.706935445758021	0.00794328234724283	0.18170856403290248
8.819965652373028	0.00794328234724283	0.09499428065919757
10.093738900052346	0.00794328234724283	0.042378760312865804
11.551469585940843	0.00794328234724283	0.017713222150031908
13.219724714121972	0.00794328234724283	0.006138739902906164
15.128908076758211	0.00794328234724283	0.0020642862011669002
17.313814360331925	0.00794328234724283	0.0008196393894958859
19.814263275520517	0.00794328234724283	0.0003124035656124197
22.675825267662994	0.00794328234724283	0.00009909555327134127
25.950652033822625	0.00794328234724283	0.00003212738300935908
29.698426982540767	0.00794328234724283	0.000012666974404558888
33.98745295832107	0.00794328234724283	4.251727143313341e-6
38.895897054520105	0.00794328234724283	1.3573469758581104e-6
44.51321520124173	0.00794328234724283	3.1683389644016635e-7
50.941782491215115	0.00794328234724283	7.214223030120746e-8
58.29875895619149	0.00794328234724283	1.6179487196503926e-8
66.71822479745835	0.00794328234724283	3.2597262114660587e-9
76.35362398484546	0.00794328234724283	4.883738047316248e-10
87.38056075858388	0.00794328234724283	4.6546498614263145e-11
100.00000000000031	0.00794328234724283	2.5127463724041696e-12
111.55639876771902	0.00794328234724283	1.552582308107775e-13
138.21730389017998	0.00794328234724283	5.821978351448807e-17
171.24990861750976	0.00794328234724283	8.102559703865956e-22
212.17698780180757	0.00794328234724283	0
262.885244821937	0.00794328234724283	0
325.7122869971341	0.00794328234724283	0
403.5543872869759	0.00794328234724283	0
499.9999999999984	0.00794328234724283	0
1000	0.00794328234724283	0
2000	0.00794328234724283	0
1.	0.009120108393559116	0.36691795264614746
1.9999999999999998	0.009120108393559116	0.5588509741649175
2.288838595949997	0.009120108393559116	0.646776534008796
2.6193910591551774	0.009120108393559116	0.7335970831393183
2.9976816770403563	0.009120108393559116	0.7861838251221972
3.4306047603910415	0.009120108393559116	0.766544939261556
3.926050291516404	0.009120108393559116	0.6693378102498206
4.493047718431742	0.009120108393559116	0.5508193727690653
5.141930515695824	0.009120108393559116	0.47846688471584575
5.884524511008838	0.009120108393559116	0.4295164383123604
6.734363409805407	0.009120108393559116	0.33828451036255525
7.706935445758021	0.009120108393559116	0.21885150856398802
8.819965652373028	0.009120108393559116	0.11602337295232226
10.093738900052346	0.009120108393559116	0.05166458205209766
11.551469585940843	0.009120108393559116	0.021488024450313194
13.219724714121972	0.009120108393559116	0.007465503476771518
15.128908076758211	0.009120108393559116	0.002466463924128715
17.313814360331925	0.009120108393559116	0.000971353341815466
19.814263275520517	0.009120108393559116	0.00037044374642546953
22.675825267662994	0.009120108393559116	0.00011751774155849329
25.950652033822625	0.009120108393559116	0.00003775889156251738
29.698426982540767	0.009120108393559116	0.000014672595230382244
33.98745295832107	0.009120108393559116	4.961395964283532e-6
38.895897054520105	0.009120108393559116	1.5725159255251564e-6
44.51321520124173	0.009120108393559116	3.694114335418075e-7
50.941782491215115	0.009120108393559116	8.394474287267151e-8
58.29875895619149	0.009120108393559116	1.8784234275481074e-8
66.71822479745835	0.009120108393559116	3.778315637640879e-9
76.35362398484546	0.009120108393559116	5.6653247426347e-10
87.38056075858388	0.009120108393559116	5.4017426849906914e-11
100.00000000000031	0.009120108393559116	2.9276953883909485e-12
111.55639876771902	0.009120108393559116	1.8136770532132477e-13
138.21730389017998	0.009120108393559116	6.847719888931977e-17
171.24990861750976	0.009120108393559116	9.60951626204311e-22
212.17698780180757	0.009120108393559116	0
262.885244821937	0.009120108393559116	0
325.7122869971341	0.009120108393559116	0
403.5543872869759	0.009120108393559116	0
499.9999999999984	0.009120108393559116	0
1000	0.009120108393559116	0
2000	0.009120108393559116	0
1.	0.010471285480509017	0.40554558491485454
1.9999999999999998	0.010471285480509017	0.5713628655497219
2.288838595949997	0.010471285480509017	0.6652483451261794
2.6193910591551774	0.010471285480509017	0.7697648409584886
2.9976816770403563	0.010471285480509017	0.8517723374073897
3.4306047603910415	0.010471285480509017	0.8626671417338635
3.926050291516404	0.010471285480509017	0.7767667762089802
4.493047718431742	0.010471285480509017	0.6418235650914795
5.141930515695824	0.010471285480509017	0.5470572257212443
5.884524511008838	0.010471285480509017	0.4934608122779766
6.734363409805407	0.010471285480509017	0.39915387291279186
7.706935445758021	0.010471285480509017	0.2642421439898694
8.819965652373028	0.010471285480509017	0.14239819251828773
10.093738900052346	0.010471285480509017	0.06371077092025529
11.551469585940843	0.010471285480509017	0.026250830384753177
13.219724714121972	0.010471285480509017	0.00910986273921544
15.128908076758211	0.010471285480509017	0.002961448000896234
17.313814360331925	0.010471285480509017	0.0011543739434350124
19.814263275520517	0.010471285480509017	0.0004422406877124018
22.675825267662994	0.010471285480509017	0.00014041608887356764
25.950652033822625	0.010471285480509017	0.00004463748788503311
29.698426982540767	0.010471285480509017	0.000017068349875640002
33.98745295832107	0.010471285480509017	5.816726287804194e-6
38.895897054520105	0.010471285480509017	1.8291666144348307e-6
44.51321520124173	0.010471285480509017	4.3243809400773155e-7
50.941782491215115	0.010471285480509017	9.810351675207946e-8
58.29875895619149	0.010471285480509017	2.1898861710852134e-8
66.71822479745835	0.010471285480509017	4.397607171194151e-9
76.35362398484546	0.010471285480509017	6.599753536137698e-10
87.38056075858388	0.010471285480509017	6.295857703686839e-11
100.00000000000031	0.010471285480509017	3.4265955533253135e-12
111.55639876771902	0.010471285480509017	2.128841149697866e-13
138.21730389017998	0.010471285480509017	8.100473072138243e-17
171.24990861750976	0.010471285480509017	1.1474878178518038e-21
212.17698780180757	0.010471285480509017	0
262.885244821937	0.010471285480509017	0
325.7122869971341	0.010471285480509017	0
403.5543872869759	0.010471285480509017	0
499.9999999999984	0.010471285480509017	0
1000	0.010471285480509017	0
2000	0.010471285480509017	0
1.	0.012022644346174156	0.4476670875169736
1.9999999999999998	0.012022644346174156	0.5773440434947037
2.288838595949997	0.012022644346174156	0.6724374363694215
2.6193910591551774	0.012022644346174156	0.7913924144265043
2.9976816770403563	0.012022644346174156	0.9044100413063904
3.4306047603910415	0.012022644346174156	0.9553104789516034
3.926050291516404	0.012022644346174156	0.8955120500885645
4.493047718431742	0.012022644346174156	0.7511248151753223
5.141930515695824	0.012022644346174156	0.6287354037199478
5.884524511008838	0.012022644346174156	0.5648975011380915
6.734363409805407	0.012022644346174156	0.46938951486542035
7.706935445758021	0.012022644346174156	0.3200413875263258
8.819965652373028	0.012022644346174156	0.176629623998009
10.093738900052346	0.012022644346174156	0.07910765539512193
11.551469585940843	0.012022644346174156	0.03231147255367725
13.219724714121972	0.012022644346174156	0.011338370865495615
15.128908076758211	0.012022644346174156	0.0035830715767445976
17.313814360331925	0.012022644346174156	0.0013802520051203115
19.814263275520517	0.012022644346174156	0.0005264031309477278
22.675825267662994	0.012022644346174156	0.0001669156708588226
25.950652033822625	0.012022644346174156	0.00005240254178267659
29.698426982540767	0.012022644346174156	0.000019685007132281933
33.98745295832107	0.012022644346174156	6.762549239379091e-6
38.895897054520105	0.012022644346174156	2.108540754835842e-6
44.51321520124173	0.012022644346174156	5.017397354916907e-7
50.941782491215115	0.012022644346174156	1.1363637692219982e-7
58.29875895619149	0.012022644346174156	2.5303642599559177e-8
66.71822479745835	0.012022644346174156	5.073085422379223e-9
76.35362398484546	0.012022644346174156	7.620236705233565e-10
87.38056075858388	0.012022644346174156	7.274495405838266e-11
100.00000000000031	0.012022644346174156	3.976330133001984e-12
111.55639876771902	0.012022644346174156	2.4781780104406444e-13
138.21730389017998	0.012022644346174156	9.513887131222882e-17
171.24990861750976	0.012022644346174156	1.362117492239637e-21
212.17698780180757	0.012022644346174156	0
262.885244821937	0.012022644346174156	0
325.7122869971341	0.012022644346174156	0
403.5543872869759	0.012022644346174156	0
499.9999999999984	0.012022644346174156	0
1000	0.012022644346174156	0
2000	0.012022644346174156	0
1.	0.01380384264602888	0.49134788165571414
1.9999999999999998	0.01380384264602888	0.5790910065477742
2.288838595949997	0.01380384264602888	0.6683653362797802
2.6193910591551774	0.01380384264602888	0.7953281398684164
2.9976816770403563	0.01380384264602888	0.9383145610169025
3.4306047603910415	0.01380384264602888	1.0377910729665971
3.926050291516404	0.01380384264602888	1.0210024387084906
4.493047718431742	0.01380384264602888	0.8810276531334275
5.141930515695824	0.01380384264602888	0.7270634479820923
5.884524511008838	0.01380384264602888	0.6455544053324018
6.734363409805407	0.01380384264602888	0.551266370291633
7.706935445758021	0.01380384264602888	0.38784850967293033
8.819965652373028	0.01380384264602888	0.21935882412367008
10.093738900052346	0.01380384264602888	0.09935767800875488
11.551469585940843	0.01380384264602888	0.04019224460352455
13.219724714121972	0.01380384264602888	0.014200451712818644
15.128908076758211	0.01380384264602888	0.004375131234905214
17.313814360331925	0.01380384264602888	0.0016577513627043777
19.814263275520517	0.01380384264602888	0.0006304487309926063
22.675825267662994	0.01380384264602888	0.0002008580749315653
25.950652033822625	0.01380384264602888	0.0000621585393615737
29.698426982540767	0.01380384264602888	0.000022901463019974768
33.98745295832107	0.01380384264602888	7.930759677987516e-6
38.895897054520105	0.01380384264602888	2.4501352095600164e-6
44.51321520124173	0.01380384264602888	5.871294576183045e-7
50.941782491215115	0.01380384264602888	1.3268620929461997e-7
58.29875895619149	0.01380384264602888	2.9478255946304748e-8
66.71822479745835	0.01380384264602888	5.90050721288778e-9
76.35362398484546	0.01380384264602888	8.870307683732606e-10
87.38056075858388	0.01380384264602888	8.476892374386513e-11
100.00000000000031	0.01380384264602888	4.653735860963972e-12
111.55639876771902	0.01380384264602888	2.91035586580993e-13
138.21730389017998	0.01380384264602888	1.1286752657038484e-16
171.24990861750976	0.01380384264602888	1.6355835207611609e-21
212.17698780180757	0.01380384264602888	0
262.885244821937	0.01380384264602888	0
325.7122869971341	0.01380384264602888	0
403.5543872869759	0.01380384264602888	0
499.9999999999984	0.01380384264602888	0
1000	0.01380384264602888	0
2000	0.01380384264602888	0
1.	0.015848931924611172	0.5336274855379729
1.9999999999999998	0.015848931924611172	0.5794050398088929
2.288838595949997	0.015848931924611172	0.6573474141905042
2.6193910591551774	0.015848931924611172	0.7828370763224737
2.9976816770403563	0.015848931924611172	0.9467382932303914
3.4306047603910415	0.015848931924611172	1.0969807422327713
3.926050291516404	0.015848931924611172	1.1414013114245698
4.493047718431742	0.015848931924611172	1.0292025854995612
5.141930515695824	0.015848931924611172	0.8471709049674521
5.884524511008838	0.015848931924611172	0.7369479495517527
6.734363409805407	0.015848931924611172	0.6444538146332918
7.706935445758021	0.015848931924611172	0.4715031589151783
8.819965652373028	0.015848931924611172	0.27527371600806516
10.093738900052346	0.015848931924611172	0.12606146486896866
11.551469585940843	0.015848931924611172	0.050271665353317625
13.219724714121972	0.015848931924611172	0.01798410516559327
15.128908076758211	0.015848931924611172	0.005395615705354349
17.313814360331925	0.015848931924611172	0.0020060287049039685
19.814263275520517	0.015848931924611172	0.0007571895280656128
22.675825267662994	0.015848931924611172	0.00024248917162932515
25.950652033822625	0.015848931924611172	0.00007384391224801928
29.698426982540767	0.015848931924611172	0.00002664156759828028
33.98745295832107	0.015848931924611172	9.2965541943659e-6
38.895897054520105	0.015848931924611172	2.843976192054919e-6
44.51321520124173	0.015848931924611172	6.869710790024095e-7
50.941782491215115	0.015848931924611172	1.5472827305716667e-7
58.29875895619149	0.015848931924611172	3.4310228570796915e-8
66.71822479745835	0.015848931924611172	6.856407711018935e-9
76.35362398484546	0.015848931924611172	1.0314425379642885e-9
87.38056075858388	0.015848931924611172	9.872817009416206e-11
100.00000000000031	0.015848931924611172	5.443412768770372e-12
111.55639876771902	0.015848931924611172	3.416914093937412e-13
138.21730389017998	0.015848931924611172	1.340507961776328e-16
171.24990861750976	0.015848931924611172	1.9693870199699807e-21
212.17698780180757	0.015848931924611172	0
262.885244821937	0.015848931924611172	0
325.7122869971341	0.015848931924611172	0
403.5543872869759	0.015848931924611172	0
499.9999999999984	0.015848931924611172	0
1000	0.015848931924611172	0
2000	0.015848931924611172	0
1.	0.01819700858609988	0.5693390749627667
1.9999999999999998	0.01819700858609988	0.5823330163346091
2.288838595949997	0.01819700858609988	0.6421276629256293
2.6193910591551774	0.01819700858609988	0.7546983616044559
2.9976816770403563	0.01819700858609988	0.9254986094705516
3.4306047603910415	0.01819700858609988	1.1201811151297776
3.926050291516404	0.01819700858609988	1.2421001698724357
4.493047718431742	0.01819700858609988	1.186160720008397
5.141930515695824	0.01819700858609988	0.9929124533712309
5.884524511008838	0.01819700858609988	0.8428989041888924
6.734363409805407	0.01819700858609988	0.7489687349904011
7.706935445758021	0.01819700858609988	0.5707262076159078
8.819965652373028	0.01819700858609988	0.3451111702097741
10.093738900052346	0.01819700858609988	0.16190553594526694
11.551469585940843	0.01819700858609988	0.0638111051696729
13.219724714121972	0.01819700858609988	0.02299451087935025
15.128908076758211	0.01819700858609988	0.006736839845820504
17.313814360331925	0.01819700858609988	0.0024382930461454557
19.814263275520517	0.01819700858609988	0.0009179879658906736
22.675825267662994	0.01819700858609988	0.00029517570302872845
25.950652033822625	0.01819700858609988	0.00008834131450995948
29.698426982540767	0.01819700858609988	0.000031161878341703523
33.98745295832107	0.01819700858609988	0.000010948391143118728
38.895897054520105	0.01819700858609988	3.3147598263774664e-6
44.51321520124173	0.01819700858609988	8.083193201310468e-7
50.941782491215115	0.01819700858609988	1.8110291044510363e-7
58.29875895619149	0.01819700858609988	4.010284261554505e-8
66.71822479745835	0.01819700858609988	7.999643451369305e-9
76.35362398484546	0.01819700858609988	1.2041630991099746e-9
87.38056075858388	0.01819700858609988	1.1553129647354598e-10
100.00000000000031	0.01819700858609988	6.3964509187053446e-12
111.55639876771902	0.01819700858609988	4.0313558294203547e-13
138.21730389017998	0.01819700858609988	1.6024485600404567e-16
171.24990861750976	0.01819700858609988	2.3911926998317684e-21
212.17698780180757	0.01819700858609988	0
262.885244821937	0.01819700858609988	0
325.7122869971341	0.01819700858609988	0
403.5543872869759	0.01819700858609988	0
499.9999999999984	0.01819700858609988	0
1000	0.01819700858609988	0
2000	0.01819700858609988	0
1.	0.02089296130854045	0.5928766621960034
1.9999999999999998	0.02089296130854045	0.5874619263915074
2.288838595949997	0.02089296130854045	0.6275550142501367
2.6193910591551774	0.02089296130854045	0.7180839790088902
2.9976816770403563	0.02089296130854045	0.8800685136566601
3.4306047603910415	0.02089296130854045	1.1025021942938307
3.926050291516404	0.02089296130854045	1.3044691239699147
4.493047718431742	0.02089296130854045	1.341557620545344
5.141930515695824	0.02089296130854045	1.1679773495975283
5.884524511008838	0.02089296130854045	0.9693666149313931
6.734363409805407	0.02089296130854045	0.8619747676386116
7.706935445758021	0.02089296130854045	0.6878331347674461
8.819965652373028	0.02089296130854045	0.43583268233933825
10.093738900052346	0.02089296130854045	0.21014289322047308
11.551469585940843	0.02089296130854045	0.0821895058644558
13.219724714121972	0.02089296130854045	0.029692930015246574
15.128908076758211	0.02089296130854045	0.008537873667205986
17.313814360331925	0.02089296130854045	0.002996381202644359
19.814263275520517	0.02089296130854045	0.001117984718084781
22.675825267662994	0.02089296130854045	0.00035871038389955173
25.950652033822625	0.02089296130854045	0.00010546091142533367
29.698426982540767	0.02089296130854045	0.00003631717535685348
33.98745295832107	0.02089296130854045	0.000012830664851451319
38.895897054520105	0.02089296130854045	3.843451952097656e-6
44.51321520124173	0.02089296130854045	9.479987704431096e-7
50.941782491215115	0.02089296130854045	2.1075511413745926e-7
58.29875895619149	0.02089296130854045	4.6623670159521035e-8
66.71822479745835	0.02089296130854045	9.280692277047655e-9
76.35362398484546	0.02089296130854045	1.3979679711007416e-9
87.38056075858388	0.02089296130854045	1.3456249598995776e-10
100.00000000000031	0.02089296130854045	7.48004951079335e-12
111.55639876771902	0.02089296130854045	4.734895830848689e-13
138.21730389017998	0.02089296130854045	1.9102730189673917e-16
171.24990861750976	0.02089296130854045	2.9013839885083045e-21
212.17698780180757	0.02089296130854045	0
262.885244821937	0.02089296130854045	0
325.7122869971341	0.02089296130854045	0
403.5543872869759	0.02089296130854045	0
499.9999999999984	0.02089296130854045	0
1000	0.02089296130854045	0
2000	0.02089296130854045	0
1.	0.023988329190194974	0.5994498715270035
1.9999999999999998	0.023988329190194974	0.594197019917339
2.288838595949997	0.023988329190194974	0.6173908374487368
2.6193910591551774	0.023988329190194974	0.6812901523213193
2.9976816770403563	0.023988329190194974	0.8171013651857926
3.4306047603910415	0.023988329190194974	1.0441918260089198
3.926050291516404	0.023988329190194974	1.3117795944182478
4.493047718431742	0.023988329190194974	1.4679998663954634
5.141930515695824	0.023988329190194974	1.3641514102109673
5.884524511008838	0.023988329190194974	1.126400853815379
6.734363409805407	0.023988329190194974	0.9857406038820119
7.706935445758021	0.023988329190194974	0.8256530173506035
8.819965652373028	0.023988329190194974	0.5500472161997745
10.093738900052346	0.023988329190194974	0.275908236277714
11.551469585940843	0.023988329190194974	0.10749680675932885
13.219724714121972	0.023988329190194974	0.03867154391722598
15.128908076758211	0.023988329190194974	0.011022701669805244
17.313814360331925	0.023988329190194974	0.0036990740940319672
19.814263275520517	0.023988329190194974	0.001368946928738934
22.675825267662994	0.023988329190194974	0.00044331672960395106
25.950652033822625	0.023988329190194974	0.0001281256568177562
29.698426982540767	0.023988329190194974	0.00004300528463379611
33.98745295832107	0.023988329190194974	0.00001525004938835403
38.895897054520105	0.023988329190194974	4.520420379750963e-6
44.51321520124173	0.023988329190194974	1.1300614964868445e-6
50.941782491215115	0.023988329190194974	2.486198253500636e-7
58.29875895619149	0.023988329190194974	5.4952592145156425e-8
66.71822479745835	0.023988329190194974	1.0908337829637758e-8
76.35362398484546	0.023988329190194974	1.6449470397455425e-9
87.38056075858388	0.023988329190194974	1.5900933153009558e-10
100.00000000000031	0.023988329190194974	8.873800960596595e-12
111.55639876771902	0.023988329190194974	5.643872683685794e-13
138.21730389017998	0.023988329190194974	2.31539897051731e-16
171.24990861750976	0.023988329190194974	3.58774300077951e-21
212.17698780180757	0.023988329190194974	0
262.885244821937	0.023988329190194974	0
325.7122869971341	0.023988329190194974	0
403.5543872869759	0.023988329190194974	0
499.9999999999984	0.023988329190194974	0
1000	0.023988329190194974	0
2000	0.023988329190194974	0
1.	0.027542287033381744	0.5838080570691735
1.9999999999999998	0.027542287033381744	0.5966219911524904
2.288838595949997	0.027542287033381744	0.6113269506431541
2.6193910591551774	0.027542287033381744	0.6535393838067438
2.9976816770403563	0.027542287033381744	0.7544589995081645
3.4306047603910415	0.027542287033381744	0.9534802051922417
3.926050291516404	0.027542287033381744	1.2526203575647432
4.493047718431742	0.027542287033381744	1.5282686709129356
5.141930515695824	0.027542287033381744	1.5559491372440302
5.884524511008838	0.027542287033381744	1.321258261102058
6.734363409805407	0.027542287033381744	1.127598964949658
7.706935445758021	0.027542287033381744	0.9799991280304238
8.819965652373028	0.027542287033381744	0.6888016312082652
10.093738900052346	0.027542287033381744	0.36483376049505534
11.551469585940843	0.027542287033381744	0.14317449452775324
13.219724714121972	0.027542287033381744	0.051069281667197104
15.128908076758211	0.027542287033381744	0.014522150588084336
17.313814360331925	0.027542287033381744	0.004609309961291585
19.814263275520517	0.027542287033381744	0.0016983915511604966
22.675825267662994	0.027542287033381744	0.0005532254873938735
25.950652033822625	0.027542287033381744	0.00015751482667463764
29.698426982540767	0.027542287033381744	0.00005143035255767741
33.98745295832107	0.027542287033381744	0.00001826018335325093
38.895897054520105	0.027542287033381744	5.360715168036057e-6
44.51321520124173	0.027542287033381744	1.3604090205493346e-6
50.941782491215115	0.027542287033381744	2.95528373525625e-7
58.29875895619149	0.027542287033381744	6.522973874903833e-8
66.71822479745835	0.027542287033381744	1.2899519271809807e-8
76.35362398484546	0.027542287033381744	1.948948852345287e-9
87.38056075858388	0.027542287033381744	1.8937100196680174e-10
100.00000000000031	0.027542287033381744	1.0611325180157674e-11
111.55639876771902	0.027542287033381744	6.784255173269694e-13
138.21730389017998	0.027542287033381744	2.83579984980521e-16
171.24990861750976	0.027542287033381744	4.4940167021139906e-21
212.17698780180757	0.027542287033381744	0
262.885244821937	0.027542287033381744	0
325.7122869971341	0.027542287033381744	0
403.5543872869759	0.027542287033381744	0
499.9999999999984	0.027542287033381744	0
1000	0.027542287033381744	0
2000	0.027542287033381744	0
1.	0.03162277660168389	0.544985222618019
1.9999999999999998	0.03162277660168389	0.5893110419225803
2.288838595949997	0.03162277660168389	0.6046269639680039
2.6193910591551774	0.03162277660168389	0.6321763088662123
2.9976816770403563	0.03162277660168389	0.6987399051043162
3.4306047603910415	0.03162277660168389	0.8499123247352429
3.926050291516404	0.03162277660168389	1.1341308680284838
4.493047718431742	0.03162277660168389	1.5009286807970583
5.141930515695824	0.03162277660168389	1.7105490046883534
5.884524511008838	0.03162277660168389	1.5538672989223874
6.734363409805407	0.03162277660168389	1.2962884914197308
7.706935445758021	0.03162277660168389	1.1418997945833393
8.819965652373028	0.03162277660168389	0.8561431566318707
10.093738900052346	0.03162277660168389	0.483260622373208
11.551469585940843	0.03162277660168389	0.19476772327139666
13.219724714121972	0.03162277660168389	0.06819557272610006
15.128908076758211	0.03162277660168389	0.019599819961251472
17.313814360331925	0.03162277660168389	0.005824501798201719
19.814263275520517	0.03162277660168389	0.0021272618427744987
22.675825267662994	0.03162277660168389	0.0006877205178953784
25.950652033822625	0.03162277660168389	0.00019355356912896052
29.698426982540767	0.03162277660168389	0.0000613146415544579
33.98745295832107	0.03162277660168389	0.00002172464255940905
38.895897054520105	0.03162277660168389	6.328033648593842e-6
44.51321520124173	0.03162277660168389	1.630963494014799e-6
50.941782491215115	0.03162277660168389	3.4950353466701696e-7
58.29875895619149	0.03162277660168389	7.692492714896785e-8
66.71822479745835	0.03162277660168389	1.5135223204769293e-8
76.35362398484546	0.03162277660168389	2.2938353854857474e-9
87.38056075858388	0.03162277660168389	2.2417984153903946e-10
100.00000000000031	0.03162277660168389	1.2620151289628198e-11
111.55639876771902	0.03162277660168389	8.115727722450668e-13
138.21730389017998	0.03162277660168389	3.4635483645271296e-16
171.24990861750976	0.03162277660168389	5.628071743249103e-21
212.17698780180757	0.03162277660168389	0
262.885244821937	0.03162277660168389	0
325.7122869971341	0.03162277660168389	0
403.5543872869759	0.03162277660168389	0
499.9999999999984	0.03162277660168389	0
1000	0.03162277660168389	0
2000	0.03162277660168389	0
1.	0.03630780547701025	0.48456892663854767
1.9999999999999998	0.03630780547701025	0.5649069527177549
2.288838595949997	0.03630780547701025	0.5864368574686576
2.6193910591551774	0.03630780547701025	0.6117050944563082
2.9976816770403563	0.03630780547701025	0.6562223653207833
3.4306047603910415	0.03630780547701025	0.7590051532936786
3.926050291516404	0.03630780547701025	0.9900140593913789
4.493047718431742	0.03630780547701025	1.380268235507034
5.141930515695824	0.03630780547701025	1.7661599347650847
5.884524511008838	0.03630780547701025	1.7913786586375886
6.734363409805407	0.03630780547701025	1.5033396059355202
7.706935445758021	0.03630780547701025	1.313861074850358
8.819965652373028	0.03630780547701025	1.05631123435243
10.093738900052346	0.03630780547701025	0.6404913284095581
11.551469585940843	0.03630780547701025	0.27044683415266846
13.219724714121972	0.03630780547701025	0.09318928033039414
15.128908076758211	0.03630780547701025	0.027065639016863048
17.313814360331925	0.03630780547701025	0.007482974864559673
19.814263275520517	0.03630780547701025	0.002689891161349004
22.675825267662994	0.03630780547701025	0.0008688901792433809
25.950652033822625	0.03630780547701025	0.00024269494339876834
29.698426982540767	0.03630780547701025	0.00007432606494045202
33.98745295832107	0.03630780547701025	0.000026166517704821263
38.895897054520105	0.03630780547701025	7.58415735862949e-6
44.51321520124173	0.03630780547701025	1.982939555832295e-6
50.941782491215115	0.03630780547701025	4.1958240387009346e-7
58.29875895619149	0.03630780547701025	9.185975469356695e-8
66.71822479745835	0.03630780547701025	1.795938143377524e-8
76.35362398484546	0.03630780547701025	2.7336906360319855e-9
87.38056075858388	0.03630780547701025	2.687634166203097e-10
100.00000000000031	0.03630780547701025	1.5217982704247756e-11
111.55639876771902	0.03630780547701025	9.85111514414044e-13
138.21730389017998	0.03630780547701025	4.3015702394468507e-16
171.24990861750976	0.03630780547701025	7.185324933597534e-21
212.17698780180757	0.03630780547701025	0
262.885244821937	0.03630780547701025	0
325.7122869971341	0.03630780547701025	0
403.5543872869759	0.03630780547701025	0
499.9999999999984	0.03630780547701025	0
1000	0.03630780547701025	0
2000	0.03630780547701025	0
1.	0.04168693834703368	0.41251851120120686
1.9999999999999998	0.04168693834703368	0.5184695966610555
2.288838595949997	0.04168693834703368	0.5492394934873996
2.6193910591551774	0.04168693834703368	0.5820598317591676
2.9976816770403563	0.04168693834703368	0.623978017438009
3.4306047603910415	0.04168693834703368	0.6938801866481208
3.926050291516404	0.04168693834703368	0.8512845101539774
4.493047718431742	0.04168693834703368	1.1896073903920341
5.141930515695824	0.04168693834703368	1.684888882486546
5.884524511008838	0.04168693834703368	1.9755991241901312
6.734363409805407	0.04168693834703368	1.7687508194494312
7.706935445758021	0.04168693834703368	1.498092608536351
8.819965652373028	0.04168693834703368	1.2805622775675058
10.093738900052346	0.04168693834703368	0.8400342876876705
11.551469585940843	0.04168693834703368	0.38197255582769934
13.219724714121972	0.04168693834703368	0.12883517016530915
15.128908076758211	0.04168693834703368	0.03826859835830288
17.313814360331925	0.04168693834703368	0.00983195487391587
19.814263275520517	0.04168693834703368	0.0034408402323827607
22.675825267662994	0.04168693834703368	0.001122581554212958
25.950652033822625	0.04168693834703368	0.000312211776979483
29.698426982540767	0.04168693834703368	0.00009204040186733225
33.98745295832107	0.04168693834703368	0.0000320149068407877
38.895897054520105	0.04168693834703368	9.267447778362274e-6
44.51321520124173	0.04168693834703368	2.4511561061862237e-6
50.941782491215115	0.04168693834703368	5.137140553972035e-7
58.29875895619149	0.04168693834703368	1.1148999000415962e-7
66.71822479745835	0.04168693834703368	2.164631643752704e-8
76.35362398484546	0.04168693834703368	3.311605593785462e-9
87.38056075858388	0.04168693834703368	3.2738078797265917e-10
100.00000000000031	0.04168693834703368	1.8679360124632976e-11
111.55639876771902	0.04168693834703368	1.2183730753011565e-12
138.21730389017998	0.04168693834703368	5.455434590080875e-16
171.24990861750976	0.04168693834703368	9.389848990912523e-21
212.17698780180757	0.04168693834703368	0
262.885244821937	0.04168693834703368	0
325.7122869971341	0.04168693834703368	0
403.5543872869759	0.04168693834703368	0
499.9999999999984	0.04168693834703368	0
1000	0.04168693834703368	0
2000	0.04168693834703368	0
1.	0.047863009232264	0.3337939064261852
1.9999999999999998	0.047863009232264	0.4535088966693652
2.288838595949997	0.047863009232264	0.4917517172175355
2.6193910591551774	0.047863009232264	0.5360610415515608
2.9976816770403563	0.047863009232264	0.5831751487201048
3.4306047603910415	0.047863009232264	0.6414169201880383
3.926050291516404	0.047863009232264	0.7443760287545482
4.493047718431742	0.047863009232264	0.9885738035531332
5.141930515695824	0.047863009232264	1.4723900085867436
5.884524511008838	0.047863009232264	2.0113799982819414
6.734363409805407	0.047863009232264	2.053559090514095
7.706935445758021	0.047863009232264	1.7140919765811369
8.819965652373028	0.047863009232264	1.510531095971593
10.093738900052346	0.047863009232264	1.0834259474712762
11.551469585940843	0.047863009232264	0.542844572196874
13.219724714121972	0.047863009232264	0.18400344270299243
15.128908076758211	0.047863009232264	0.05493447877186182
17.313814360331925	0.047863009232264	0.013307356331578734
19.814263275520517	0.047863009232264	0.004466021638385154
22.675825267662994	0.047863009232264	0.0014485439640488842
25.950652033822625	0.047863009232264	0.0004015346222626979
29.698426982540767	0.047863009232264	0.00011347805219116995
33.98745295832107	0.047863009232264	0.000038723777291506566
38.895897054520105	0.047863009232264	0.000011239248891646859
44.51321520124173	0.047863009232264	2.9955358784345464e-6
50.941782491215115	0.047863009232264	6.247523396264953e-7
58.29875895619149	0.047863009232264	1.3387381739247054e-7
66.71822479745835	0.047863009232264	2.5831525066693942e-8
76.35362398484546	0.047863009232264	3.970357540633242e-9
87.38056075858388	0.047863009232264	3.9432236891096265e-10
100.00000000000031	0.047863009232264	2.2724560659010376e-11
111.55639876771902	0.047863009232264	1.4952957046852742e-12
138.21730389017998	0.047863009232264	6.881402986968182e-16
171.24990861750976	0.047863009232264	1.2229991758038285e-20
212.17698780180757	0.047863009232264	0
262.885244821937	0.047863009232264	0
325.7122869971341	0.047863009232264	0
403.5543872869759	0.047863009232264	0
499.9999999999984	0.047863009232264	0
1000	0.047863009232264	0
2000	0.047863009232264	0
1.	0.05495408738576265	0.26192212785188007
1.9999999999999998	0.05495408738576265	0.3741431411828294
2.288838595949997	0.05495408738576265	0.4173379224031335
2.6193910591551774	0.05495408738576265	0.4666572843353145
2.9976816770403563	0.05495408738576265	0.5241153539400554
3.4306047603910415	0.05495408738576265	0.5883628790418612
3.926050291516404	0.05495408738576265	0.6700282116013805
4.493047718431742	0.05495408738576265	0.8243536711322974
5.141930515695824	0.05495408738576265	1.1914909487231315
5.884524511008838	0.05495408738576265	1.8380925963018437
6.734363409805407	0.05495408738576265	2.269138712571836
7.706935445758021	0.05495408738576265	2.011310678606133
8.819965652373028	0.05495408738576265	1.7416006424722377
10.093738900052346	0.05495408738576265	1.3699734341592964
11.551469585940843	0.05495408738576265	0.7682911524430843
13.219724714121972	0.05495408738576265	0.27117037043376196
15.128908076758211	0.05495408738576265	0.08001372897992558
17.313814360331925	0.05495408738576265	0.01876701602706873
19.814263275520517	0.05495408738576265	0.00583658747322468
22.675825267662994	0.05495408738576265	0.0019152545455257783
25.950652033822625	0.05495408738576265	0.0005279595459575071
29.698426982540767	0.05495408738576265	0.00014270632193963417
33.98745295832107	0.05495408738576265	0.00004737581370706688
38.895897054520105	0.05495408738576265	0.000013832883646773933
44.51321520124173	0.05495408738576265	3.7000954543911575e-6
50.941782491215115	0.05495408738576265	7.718913105190995e-7
58.29875895619149	0.05495408738576265	1.6269364875182812e-7
66.71822479745835	0.05495408738576265	3.126887809337914e-8
76.35362398484546	0.05495408738576265	4.820600425898272e-9
87.38056075858388	0.05495408738576265	4.805810860151787e-10
100.00000000000031	0.05495408738576265	2.8036884637207992e-11
111.55639876771902	0.05495408738576265	1.863755907820417e-12
138.21730389017998	0.05495408738576265	8.836124150526491e-16
171.24990861750976	0.05495408738576265	1.6245179794118938e-20
212.17698780180757	0.05495408738576265	0
262.885244821937	0.05495408738576265	0
325.7122869971341	0.05495408738576265	0
403.5543872869759	0.05495408738576265	0
499.9999999999984	0.05495408738576265	0
1000	0.05495408738576265	0
2000	0.05495408738576265	0
1.	0.06309573444801955	0.20457485115849447
1.9999999999999998	0.06309573444801955	0.2939197440360948
2.288838595949997	0.06309573444801955	0.33316852464320584
2.6193910591551774	0.06309573444801955	0.38354986067469904
2.9976816770403563	0.06309573444801955	0.44612295304016675
3.4306047603910415	0.06309573444801955	0.5182484720583864
3.926050291516404	0.06309573444801955	0.6004527588872006
4.493047718431742	0.06309573444801955	0.7103022489382025
5.141930515695824	0.06309573444801955	0.9489887748155548
5.884524511008838	0.06309573444801955	1.5052026711765767
6.734363409805407	0.06309573444801955	2.2554691774671327
7.706935445758021	0.06309573444801955	2.3475403960931085
8.819965652373028	0.06309573444801955	1.9765925430820976
10.093738900052346	0.06309573444801955	1.6782447487308303
11.551469585940843	0.06309573444801955	1.0661240708248785
13.219724714121972	0.06309573444801955	0.4109370205656444
15.128908076758211	0.06309573444801955	0.1181278886383049
17.313814360331925	0.06309573444801955	0.027675442275866487
19.814263275520517	0.06309573444801955	0.007762952438744606
22.675825267662994	0.06309573444801955	0.0025616273413806745
25.950652033822625	0.06309573444801955	0.0006991264846701735
29.698426982540767	0.06309573444801955	0.0001809532690174392
33.98745295832107	0.06309573444801955	0.00005789991829083465
38.895897054520105	0.06309573444801955	0.00001704226050274572
44.51321520124173	0.06309573444801955	4.557115082016385e-6
50.941782491215115	0.06309573444801955	9.551057720162534e-7
58.29875895619149	0.06309573444801955	1.9753384577000432e-7
66.71822479745835	0.06309573444801955	3.7913988552169576e-8
76.35362398484546	0.06309573444801955	5.850584273555689e-9
87.38056075858388	0.06309573444801955	5.854265174725362e-10
100.00000000000031	0.06309573444801955	3.462176187949953e-11
111.55639876771902	0.06309573444801955	2.3287386185556447e-12
138.21730389017998	0.06309573444801955	1.140074573768437e-15
171.24990861750976	0.06309573444801955	2.1720235376151206e-20
212.17698780180757	0.06309573444801955	0
262.885244821937	0.06309573444801955	0
325.7122869971341	0.06309573444801955	0
403.5543872869759	0.06309573444801955	0
499.9999999999984	0.06309573444801955	0
1000	0.06309573444801955	0
2000	0.06309573444801955	0
1.	0.07244359600749928	0.16418501725062357
1.9999999999999998	0.07244359600749928	0.22446102966603274
2.288838595949997	0.07244359600749928	0.2559478799230052
2.6193910591551774	0.07244359600749928	0.29820120265456046
2.9976816770403563	0.07244359600749928	0.3575623262319188
3.4306047603910415	0.07244359600749928	0.4320138793275575
3.926050291516404	0.07244359600749928	0.5196980893722608
4.493047718431742	0.07244359600749928	0.6264426062823159
5.141930515695824	0.07244359600749928	0.7830653252420545
5.884524511008838	0.07244359600749928	1.1493643735395112
6.734363409805407	0.07244359600749928	1.944672332192649
7.706935445758021	0.07244359600749928	2.572016966471176
8.819965652373028	0.07244359600749928	2.273491039287258
10.093738900052346	0.07244359600749928	1.972235105064168
11.551469585940843	0.07244359600749928	1.4187713968366562
13.219724714121972	0.07244359600749928	0.6309960503496349
15.128908076758211	0.07244359600749928	0.17864347289185567
17.313814360331925	0.07244359600749928	0.04304400636924076
19.814263275520517	0.07244359600749928	0.010471577239515707
22.675825267662994	0.07244359600749928	0.0034482076082332004
25.950652033822625	0.07244359600749928	0.0009288447143588515
29.698426982540767	0.07244359600749928	0.0002314528004466642
33.98745295832107	0.07244359600749928	0.00007067553406414993
38.895897054520105	0.07244359600749928	0.00002098234069884548
44.51321520124173	0.07244359600749928	5.583525988724221e-6
50.941782491215115	0.07244359600749928	1.1794977557933869e-6
58.29875895619149	0.07244359600749928	2.3942044290742833e-7
66.71822479745835	0.07244359600749928	4.590559584129944e-8
76.35362398484546	0.07244359600749928	7.084581360461074e-9
87.38056075858388	0.07244359600749928	7.124006831203157e-10
100.00000000000031	0.07244359600749928	4.270519461034975e-11
111.55639876771902	0.07244359600749928	2.9108622070349114e-12
138.21730389017998	0.07244359600749928	1.4748979196991227e-15
171.24990861750976	0.07244359600749928	2.9175376205220547e-20
212.17698780180757	0.07244359600749928	0
262.885244821937	0.07244359600749928	0
325.7122869971341	0.07244359600749928	0
403.5543872869759	0.07244359600749928	0
499.9999999999984	0.07244359600749928	0
1000	0.07244359600749928	0
2000	0.07244359600749928	0
1.	0.08317637711026743	0.13628405950417674
1.9999999999999998	0.08317637711026743	0.17380110804206284
2.288838595949997	0.08317637711026743	0.1938420350334959
2.6193910591551774	0.08317637711026743	0.22415628286679712
2.9976816770403563	0.08317637711026743	0.26878444252292416
3.4306047603910415	0.08317637711026743	0.33414408956915276
3.926050291516404	0.08317637711026743	0.42581925510726865
4.493047718431742	0.08317637711026743	0.5325847705510943
5.141930515695824	0.08317637711026743	0.6663164004906718
5.884524511008838	0.08317637711026743	0.8844776483577782
6.734363409805407	0.08317637711026743	1.4653744829421977
7.706935445758021	0.08317637711026743	2.452475632664588
8.819965652373028	0.08317637711026743	2.626428567823118
10.093738900052346	0.08317637711026743	2.2164282105238886
11.551469585940843	0.08317637711026743	1.794148009875215
13.219724714121972	0.08317637711026743	0.9603174953428569
15.128908076758211	0.08317637711026743	0.2803350033139323
17.313814360331925	0.08317637711026743	0.06938402965829307
19.814263275520517	0.08317637711026743	0.014680794458587942
22.675825267662994	0.08317637711026743	0.0047158193115059205
25.950652033822625	0.08317637711026743	0.0012572237416942492
29.698426982540767	0.08317637711026743	0.00030413625780742915
33.98745295832107	0.08317637711026743	0.00008771315869906851
38.895897054520105	0.08317637711026743	0.000026237308826270315
44.51321520124173	0.08317637711026743	6.905473860732843e-6
50.941782491215115	0.08317637711026743	1.474604323206011e-6
58.29875895619149	0.08317637711026743	2.946086836161326e-7
66.71822479745835	0.08317637711026743	5.6191017996290514e-8
76.35362398484546	0.08317637711026743	8.686123833362109e-9
87.38056075858388	0.08317637711026743	8.79811178060875e-10
100.00000000000031	0.08317637711026743	5.3401049220172695e-11
111.55639876771902	0.08317637711026743	3.69221142151448e-12
138.21730389017998	0.08317637711026743	1.940722617914149e-15
171.24990861750976	0.08317637711026743	3.996259703336103e-20
212.17698780180757	0.08317637711026743	0
262.885244821937	0.08317637711026743	0
325.7122869971341	0.08317637711026743	0
403.5543872869759	0.08317637711026743	0
499.9999999999984	0.08317637711026743	0
1000	0.08317637711026743	0
2000	0.08317637711026743	0
1.	0.09549925860214398	0.12186904842610867
1.9999999999999998	0.09549925860214398	0.14274510433029697
2.288838595949997	0.09549925860214398	0.15437407606112194
2.6193910591551774	0.09549925860214398	0.1713912663709899
2.9976816770403563	0.09549925860214398	0.2032183916949417
3.4306047603910415	0.09549925860214398	0.247472965796739
3.926050291516404	0.09549925860214398	0.31768641868724545
4.493047718431742	0.09549925860214398	0.42548292603355786
5.141930515695824	0.09549925860214398	0.5600064711056119
5.884524511008838	0.09549925860214398	0.7241153190353127
6.734363409805407	0.09549925860214398	1.059514458394477
7.706935445758021	0.09549925860214398	1.942277580282814
8.819965652373028	0.09549925860214398	2.8341858181492534
10.093738900052346	0.09549925860214398	2.4701106112677875
11.551469585940843	0.09549925860214398	2.150215478094232
13.219724714121972	0.09549925860214398	1.3825465804057204
15.128908076758211	0.09549925860214398	0.45545314552308275
17.313814360331925	0.09549925860214398	0.11293132970617796
19.814263275520517	0.09549925860214398	0.02169161650118663
22.675825267662994	0.09549925860214398	0.006568250247154566
25.950652033822625	0.09549925860214398	0.001752534521728331
29.698426982540767	0.09549925860214398	0.0004149655770769614
33.98745295832107	0.09549925860214398	0.00011186574456162399
38.895897054520105	0.09549925860214398	0.00003359627966039566
44.51321520124173	0.09549925860214398	8.690743756622921e-6
50.941782491215115	0.09549925860214398	1.8831910396903346e-6
58.29875895619149	0.09549925860214398	3.710217404192859e-7
66.71822479745835	0.09549925860214398	6.990159584155256e-8
76.35362398484546	0.09549925860214398	1.0852203746737144e-8
87.38056075858388	0.09549925860214398	1.1099780687923856e-9
100.00000000000031	0.09549925860214398	6.818167678569558e-11
111.55639876771902	0.09549925860214398	4.7812922913321454e-12
138.21730389017998	0.09549925860214398	2.6146190218054774e-15
171.24990861750976	0.09549925860214398	5.62268113735833e-20
212.17698780180757	0.09549925860214398	0
262.885244821937	0.09549925860214398	0
325.7122869971341	0.09549925860214398	0
403.5543872869759	0.09549925860214398	0
499.9999999999984	0.09549925860214398	0
1000	0.09549925860214398	0
2000	0.09549925860214398	0
1.	0.10964781961431896	0.10971815491645241
1.9999999999999998	0.10964781961431896	0.12237125975374877
2.288838595949997	0.10964781961431896	0.1301612708308247
2.6193910591551774	0.10964781961431896	0.14381839739507768
2.9976816770403563	0.10964781961431896	0.16019765481129467
3.4306047603910415	0.10964781961431896	0.18764521478508336
3.926050291516404	0.10964781961431896	0.23469009737290347
4.493047718431742	0.10964781961431896	0.31097515293973327
5.141930515695824	0.10964781961431896	0.43126275403445413
5.884524511008838	0.10964781961431896	0.5934468118331103
6.734363409805407	0.10964781961431896	0.809326032462202
7.706935445758021	0.10964781961431896	1.334925282188051
8.819965652373028	0.10964781961431896	2.5326291662898153
10.093738900052346	0.10964781961431896	2.798945413035113
11.551469585940843	0.10964781961431896	2.4094248222087296
13.219724714121972	0.10964781961431896	1.8298104033662588
15.128908076758211	0.10964781961431896	0.7564710434364446
17.313814360331925	0.10964781961431896	0.18331424857175052
19.814263275520517	0.10964781961431896	0.03459961963599852
22.675825267662994	0.10964781961431896	0.009199882183192896
25.950652033822625	0.10964781961431896	0.002497671124199029
29.698426982540767	0.10964781961431896	0.0005815817969674847
33.98745295832107	0.10964781961431896	0.00014534149582834534
38.895897054520105	0.10964781961431896	0.000043475053812273376
44.51321520124173	0.10964781961431896	0.000011043617801270588
50.941782491215115	0.10964781961431896	2.4389759928566654e-6
58.29875895619149	0.10964781961431896	4.7136768073226715e-7
66.71822479745835	0.10964781961431896	8.744840324140928e-8
76.35362398484546	0.10964781961431896	1.364068694596296e-8
87.38056075858388	0.10964781961431896	1.4108056103418486e-9
100.00000000000031	0.10964781961431896	8.787724111672271e-11
111.55639876771902	0.10964781961431896	6.241730123853738e-12
138.21730389017998	0.10964781961431896	3.565750470938571e-15
171.24990861750976	0.10964781961431896	8.036892624477601e-20
212.17698780180757	0.10964781961431896	0
262.885244821937	0.10964781961431896	0
325.7122869971341	0.10964781961431896	0
403.5543872869759	0.10964781961431896	0
499.9999999999984	0.10964781961431896	0
1000	0.10964781961431896	0
2000	0.10964781961431896	0