1.	0.001	0.14058
1.9999999999999998	0.001	0.129677
2.288838595949997	0.001	0.12003804685513772
2.6193910591551774	0.001	0.10672495584048912
2.9976816770403563	0.001	0.09095283979552181
3.4306047603910415	0.001	0.07541128220422216
3.926050291516404	0.001	0.06315149585763931
4.493047718431742	0.001	0.05509463242040088
5.141930515695824	0.001	0.048138893331767366
5.884524511008838	0.001	0.038536735634362745
6.734363409805407	0.001	0.02641076093438205
7.706935445758021	0.001	0.01526815217725236
8.819965652373028	0.001	0.007383940796579689
10.093738900052346	0.001	0.0028926281007712242
11.551469585940843	0.001	0.0009477695774830376
13.219724714121972	0.001	0.0002848805824690417
15.128908076758211	0.001	0.00009812519662050776
17.313814360331925	0.001	0.000043107639047125566
19.814263275520517	0.001	0.000015082211613782033
22.675825267662994	0.001	4.3276960024712635e-6
25.950652033822625	0.001	1.2174855550527257e-6
29.698426982540767	0.001	4.12051245081115e-7
33.98745295832107	0.001	1.3309705954622446e-7
38.895897054520105	0.001	4.4728883738193874e-8
44.51321520124173	0.001	9.037996946954585e-9
50.941782491215115	0.001	2.117921617919004e-9
58.29875895619149	0.001	3.783702398818738e-10
66.71822479745835	0.001	5.189743449616663e-11
76.35362398484546	0.001	3.967987458688961e-12
87.38056075858388	0.001	1.212673425313702e-13
100.00000000000031	0.001	1.3767605194728981e-15
111.55639876771902	0.001	2.9566463851520927e-17
138.21730389017998	0.001	2.0131013631966926e-19
171.24990861750976	0.001	3.1999493079105715e-20
212.17698780180757	0.001	5.8831454250953914e-21
262.885244821937	0.001	8.523472042814883e-22
325.7122869971341	0.001	4.589523580733273e-23
403.5543872869759	0.001	6.76093295414069e-25
499.9999999999984	0.001	0
1000	0.001	0
2000	0.001	0
1.	0.0011481536214968829	0.15947944941390396
1.9999999999999998	0.0011481536214968829	0.1482454490094101
2.288838595949997	0.0011481536214968829	0.13756047812729416
2.6193910591551774	0.0011481536214968829	0.12260333847224322
2.9976816770403563	0.0011481536214968829	0.10469526746964178
3.4306047603910415	0.0011481536214968829	0.08682684442080213
3.926050291516404	0.0011481536214968829	0.07266512804211392
4.493047718431742	0.0011481536214968829	0.06328473818991312
5.141930515695824	0.0011481536214968829	0.05536616873184898
5.884524511008838	0.0011481536214968829	0.044425671617910126
6.734363409805407	0.0011481536214968829	0.030548857072485266
7.706935445758021	0.0011481536214968829	0.0177013201664736
8.819965652373028	0.0011481536214968829	0.008559404891194087
10.093738900052346	0.0011481536214968829	0.003356501457509984
11.551469585940843	0.0011481536214968829	0.0011009408907324562
13.219724714121972	0.0011481536214968829	0.00033122228565879907
15.128908076758211	0.0011481536214968829	0.00011342914373176872
17.313814360331925	0.0011481536214968829	0.00004976497909136371
19.814263275520517	0.0011481536214968829	0.00001743953308405195
22.675825267662994	0.0011481536214968829	4.996659002593392e-6
25.950652033822625	0.0011481536214968829	1.4086272956147513e-6
29.698426982540767	0.0011481536214968829	4.759115523604725e-7
33.98745295832107	0.0011481536214968829	1.5343504351327734e-7
38.895897054520105	0.0011481536214968829	5.151068545271944e-8
44.51321520124173	0.0011481536214968829	1.0420847560236452e-8
50.941782491215115	0.0011481536214968829	2.440661043231365e-9
58.29875895619149	0.0011481536214968829	4.3575408975090277e-10
66.71822479745835	0.0011481536214968829	5.982309851301571e-11
76.35362398484546	0.0011481536214968829	4.573726720619752e-12
87.38056075858388	0.0011481536214968829	1.399293510624953e-13
100.00000000000031	0.0011481536214968829	1.5893629983459146e-15
111.55639876771902	0.0011481536214968829	3.4139223502795616e-17
138.21730389017998	0.0011481536214968829	2.316920928659173e-19
171.24990861750976	0.0011481536214968829	3.682746372019017e-20
212.17698780180757	0.0011481536214968829	6.770590545715713e-21
262.885244821937	0.0011481536214968829	9.809219676482132e-22
325.7122869971341	0.0011481536214968829	5.28195682468769e-23
403.5543872869759	0.0011481536214968829	7.781223322009558e-25
499.9999999999984	0.0011481536214968829	0
1000	0.0011481536214968829	0
2000	0.0011481536214968829	0
1.	0.0013182567385564075	0.1805885952673315
1.9999999999999998	0.0013182567385564075	0.16933559563161008
2.288838595949997	0.0013182567385564075	0.1575786733352174
2.6193910591551774	0.0013182567385564075	0.14085659305574022
2.9976816770403563	0.0013182567385564075	0.12050961734256752
3.4306047603910415	0.0013182567385564075	0.10000158983204056
3.926050291516404	0.0013182567385564075	0.0836028846809532
4.493047718431742	0.0013182567385564075	0.07269966335862592
5.141930515695824	0.0013182567385564075	0.063648432590847
5.884524511008838	0.0013182567385564075	0.05124938474609929
6.734363409805407	0.0013182567385564075	0.0353452560594104
7.706935445758021	0.0013182567385564075	0.02051981538300166
8.819965652373028	0.0013182567385564075	0.009930095084001648
10.093738900052346	0.0013182567385564075	0.0039035995219668315
11.551469585940843	0.0013182567385564075	0.0012808812704228334
13.219724714121972	0.0013182567385564075	0.00038312274421559774
15.128908076758211	0.0013182567385564075	0.0001312343860552808
17.313814360331925	0.0013182567385564075	0.00005750283728258919
19.814263275520517	0.0013182567385564075	0.000020178695667966798
22.675825267662994	0.0013182567385564075	5.780442959033471e-6
25.950652033822625	0.0013182567385564075	1.6313665007612412e-6
29.698426982540767	0.0013182567385564075	5.501752298993792e-7
33.98745295832107	0.0013182567385564075	1.7723163416490297e-7
38.895897054520105	0.0013182567385564075	5.94308004016744e-8
44.51321520124173	0.0013182567385564075	1.2039971842375654e-8
50.941782491215115	0.0013182567385564075	2.817973699281986e-9
58.29875895619149	0.0013182567385564075	5.027792716889765e-10
66.71822479745835	0.0013182567385564075	6.909563107207747e-11
76.35362398484546	0.0013182567385564075	5.282298863891897e-12
87.38056075858388	0.0013182567385564075	1.618063199886523e-13
100.00000000000031	0.0013182567385564075	1.8389044328462562e-15
111.55639876771902	0.0013182567385564075	3.950720768135356e-17
138.21730389017998	0.0013182567385564075	2.671269654231322e-19
171.24990861750976	0.0013182567385564075	4.2457883019595155e-20
212.17698780180757	0.0013182567385564075	7.805455228607518e-21
262.885244821937	0.0013182567385564075	1.1308566164035863e-21
325.7122869971341	0.0013182567385564075	6.089463384864496e-23
403.5543872869759	0.0013182567385564075	8.971152836483737e-25
499.9999999999984	0.0013182567385564075	0
1000	0.0013182567385564075	0
2000	0.0013182567385564075	0
1.	0.0015135612484362087	0.20404014438523296
1.9999999999999998	0.0015135612484362087	0.1932481504091715
2.288838595949997	0.0015135612484362087	0.1803582073886748
2.6193910591551774	0.0015135612484362087	0.16179806919877415
2.9976816770403563	0.0015135612484362087	0.13878402627752057
3.4306047603910415	0.0015135612484362087	0.11525391476176353
3.926050291516404	0.0015135612484362087	0.09616017434610874
4.493047718431742	0.0015135612484362087	0.08350052029057478
5.141930515695824	0.0015135612484362087	0.07320245178076826
5.884524511008838	0.0015135612484362087	0.05917745449116036
6.734363409805407	0.0015135612484362087	0.040988876507514996
7.706935445758021	0.0015135612484362087	0.023799702188130597
8.819965652373028	0.0015135612484362087	0.01155995836167479
10.093738900052346	0.0015135612484362087	0.004552112661062717
11.551469585940843	0.0015135612484362087	0.0014929652264075168
13.219724714121972	0.0015135612484362087	0.00044693758219116513
15.128908076758211	0.0015135612484362087	0.00015197382384706017
17.313814360331925	0.0015135612484362087	0.00006655811040701081
19.814263275520517	0.0015135612484362087	0.000023346955536162056
22.675825267662994	0.0015135612484362087	6.844786882476922e-6
25.950652033822625	0.0015135612484362087	1.89158424551973e-6
29.698426982540767	0.0015135612484362087	6.367788421901234e-7
33.98745295832107	0.0015135612484362087	2.047999143623454e-7
38.895897054520105	0.0015135612484362087	6.858459897211617e-8
44.51321520124173	0.0015135612484362087	1.3917333582191081e-8
50.941782491215115	0.0015135612484362087	3.25463534272279e-9
58.29875895619149	0.0015135612484362087	5.802699469334853e-10
66.71822479745835	0.0015135612484362087	7.983694251539516e-11
76.35362398484546	0.0015135612484362087	6.102981254009676e-12
87.38056075858388	0.0015135612484362087	1.8720678870046758e-13
100.00000000000031	0.0015135612484362087	2.1290942856595682e-15
111.55639876771902	0.0015135612484362087	4.575035459425347e-17
138.21730389017998	0.0015135612484362087	3.080219810681944e-19
171.24990861750976	0.0015135612484362087	4.89551628680524e-20
212.17698780180757	0.0015135612484362087	8.999633302749516e-21
262.885244821937	0.0015135612484362087	1.3038722249203055e-21
325.7122869971341	0.0015135612484362087	7.021323492984324e-23
403.5543872869759	0.0015135612484362087	1.0344392176537843e-24
499.9999999999984	0.0015135612484362087	0
1000	0.0015135612484362087	0
2000	0.0015135612484362087	0
1.	0.0017378008287493763	0.2299740919298277
1.9999999999999998	0.0017378008287493763	0.2202640978880934
2.288838595949997	0.0017378008287493763	0.20635416259785136
2.6193910591551774	0.0017378008287493763	0.18580101585757672
2.9976816770403563	0.0017378008287493763	0.1598759737248084
3.4306047603910415	0.0017378008287493763	0.13289585298259785
3.926050291516404	0.0017378008287493763	0.1106830464424738
4.493047718431742	0.0017378008287493763	0.09595670529344223
5.141930515695824	0.0017378008287493763	0.08425252983010634
5.884524511008838	0.0017378008287493763	0.06834462422528198
6.734363409805407	0.0017378008287493763	0.047593754855940654
7.706935445758021	0.0017378008287493763	0.027696807939839717
8.819965652373028	0.0017378008287493763	0.013455262970460374
10.093738900052346	0.0017378008287493763	0.005323637417064672
11.551469585940843	0.0017378008287493763	0.0017445156362766814
13.219724714121972	0.0017378008287493763	0.0005188678540661418
15.128908076758211	0.0017378008287493763	0.00017704771973566197
17.313814360331925	0.0017378008287493763	0.00007707875191542822
19.814263275520517	0.0017378008287493763	0.000027098748180393616
22.675825267662994	0.0017378008287493763	7.760831186513921e-6
25.950652033822625	0.0017378008287493763	2.1962726562744823e-6
29.698426982540767	0.0017378008287493763	7.373272260584372e-7
33.98745295832107	0.0017378008287493763	2.3649461088436644e-7
38.895897054520105	0.0017378008287493763	7.9079904495734e-8
44.51321520124173	0.0017378008287493763	1.6078155424710896e-8
50.941782491215115	0.0017378008287493763	3.756013999728836e-9
58.29875895619149	0.0017378008287493763	6.691500381722963e-10
66.71822479745835	0.0017378008287493763	9.218489602063882e-11
76.35362398484546	0.0017378008287493763	7.046237822147324e-12
87.38056075858388	0.0017378008287493763	2.1648313710399023e-13
100.00000000000031	0.0017378008287493763	2.464222248815003e-15
111.55639876771902	0.0017378008287493763	5.296133625642983e-17
138.21730389017998	0.0017378008287493763	3.5482756885868387e-19
171.24990861750976	0.0017378008287493763	5.639078660015541e-20
212.17698780180757	0.0017378008287493763	1.0366086095369517e-20
262.885244821937	0.0017378008287493763	1.5018570897307928e-21
325.7122869971341	0.0017378008287493763	8.087720186334225e-23
403.5543872869759	0.0017378008287493763	1.191609059825059e-24
499.9999999999984	0.0017378008287493763	0
1000	0.0017378008287493763	0
2000	0.0017378008287493763	0
1.	0.0019952623149688807	0.2585332427972504
1.9999999999999998	0.0019952623149688807	0.2506742677081668
2.288838595949997	0.0019952623149688807	0.2358613343262852
2.6193910591551774	0.0019952623149688807	0.21327716534509802
2.9976816770403563	0.0019952623149688807	0.18418210090505902
3.4306047603910415	0.0019952623149688807	0.15352693264013656
3.926050291516404	0.0019952623149688807	0.1274631429220982
4.493047718431742	0.0019952623149688807	0.11025819749836015
5.141930515695824	0.0019952623149688807	0.09695160138701181
5.884524511008838	0.0019952623149688807	0.07902287058987316
6.734363409805407	0.0019952623149688807	0.05524039040898453
7.706935445758021	0.0019952623149688807	0.03228495002396677
8.819965652373028	0.0019952623149688807	0.015735985562988317
10.093738900052346	0.0019952623149688807	0.006232986705069342
11.551469585940843	0.0019952623149688807	0.0020432502149871933
13.219724714121972	0.0019952623149688807	0.0006055096668225115
15.128908076758211	0.0019952623149688807	0.00020478483560152096
17.313814360331925	0.0019952623149688807	0.00008918078396481284
19.814263275520517	0.0019952623149688807	0.00003148428794865682
22.675825267662994	0.0019952623149688807	9.041101256234416e-6
25.950652033822625	0.0019952623149688807	2.5543383057689854e-6
29.698426982540767	0.0019952623149688807	8.543934258497605e-7
33.98745295832107	0.0019952623149688807	2.730897107076076e-7
38.895897054520105	0.0019952623149688807	9.116142359940623e-8
44.51321520124173	0.0019952623149688807	1.8576691249152024e-8
50.941782491215115	0.0019952623149688807	4.334054122342981e-9
58.29875895619149	0.0019952623149688807	7.715240914928319e-10
66.71822479745835	0.0019952623149688807	1.0644090199722688e-10
76.35362398484546	0.0019952623149688807	8.135047097155865e-12
87.38056075858388	0.0019952623149688807	2.50381105675545e-13
100.00000000000031	0.0019952623149688807	2.8531704854725822e-15
111.55639876771902	0.0019952623149688807	6.133129431605716e-17
138.21730389017998	0.0019952623149688807	4.086016508435598e-19
171.24990861750976	0.0019952623149688807	6.493222382769963e-20
212.17698780180757	0.0019952623149688807	1.1935608528691498e-20
262.885244821937	0.0019952623149688807	1.7292589853060352e-21
325.7122869971341	0.0019952623149688807	9.312684062096709e-23
403.5543872869759	0.0019952623149688807	1.3721606807089113e-24
499.9999999999984	0.0019952623149688807	0
1000	0.0019952623149688807	0
2000	0.0019952623149688807	0
1.	0.0022908676527677745	0.28953675381892385
1.9999999999999998	0.0022908676527677745	0.284858728560828
2.288838595949997	0.0022908676527677745	0.2693578093740228
2.6193910591551774	0.0022908676527677745	0.2447926585848582
2.9976816770403563	0.0022908676527677745	0.2122306404333423
3.4306047603910415	0.0022908676527677745	0.1769035255472937
3.926050291516404	0.0022908676527677745	0.14684283572831086
4.493047718431742	0.0022908676527677745	0.12663695125325025
5.141930515695824	0.0022908676527677745	0.11148787061692816
5.884524511008838	0.0022908676527677745	0.09138725800044895
6.734363409805407	0.0022908676527677745	0.06429253494514892
7.706935445758021	0.0022908676527677745	0.03771588132614758
8.819965652373028	0.0022908676527677745	0.01840745420829834
10.093738900052346	0.0022908676527677745	0.007319590113715597
11.551469585940843	0.0022908676527677745	0.0024008597848238344
13.219724714121972	0.0022908676527677745	0.0007145799693204816
15.128908076758211	0.0022908676527677745	0.00023836123635923124
17.313814360331925	0.0022908676527677745	0.0001039064968823026
19.814263275520517	0.0022908676527677745	0.00003666254650582295
22.675825267662994	0.0022908676527677745	0.000010484830592683543
25.950652033822625	0.0022908676527677745	2.975046654838743e-6
29.698426982540767	0.0022908676527677745	9.926676442616912e-7
33.98745295832107	0.0022908676527677745	3.158700833731054e-7
38.895897054520105	0.0022908676527677745	1.0523915443221121e-7
44.51321520124173	0.0022908676527677745	2.1502766690553185e-8
50.941782491215115	0.0022908676527677745	5.0086900996007e-9
58.29875895619149	0.0022908676527677745	8.90906626410096e-10
66.71822479745835	0.0022908676527677745	1.2310599992553355e-10
76.35362398484546	0.0022908676527677745	9.407709521364389e-12
87.38056075858388	0.0022908676527677745	2.901280582500828e-13
100.00000000000031	0.0022908676527677745	3.3104719454362756e-15
111.55639876771902	0.0022908676527677745	7.117358837195335e-17
138.21730389017998	0.0022908676527677745	4.711220608454839e-19
171.24990861750976	0.0022908676527677745	7.48614916388866e-20
212.17698780180757	0.0022908676527677745	1.3759998958528816e-20
262.885244821937	0.0022908676527677745	1.9935962087156976e-21
325.7122869971341	0.0022908676527677745	1.073670227241817e-22
403.5543872869759	0.0022908676527677745	1.582081623670218e-24
499.9999999999984	0.0022908676527677745	0
1000	0.0022908676527677745	0
2000	0.0022908676527677745	0
1.	0.0026302679918953843	0.32311280134319215
1.9999999999999998	0.0026302679918953843	0.32315877339302657
2.288838595949997	0.0026302679918953843	0.3070798549727729
2.6193910591551774	0.0026302679918953843	0.2806326867054304
2.9976816770403563	0.0026302679918953843	0.24447265360277745
3.4306047603910415	0.0026302679918953843	0.20429650174410321
3.926050291516404	0.0026302679918953843	0.16930785488290448
4.493047718431742	0.0026302679918953843	0.14557898341092146
5.141930515695824	0.0026302679918953843	0.12826988510963158
5.884524511008838	0.0026302679918953843	0.10580975069118856
6.734363409805407	0.0026302679918953843	0.07491792919899895
7.706935445758021	0.0026302679918953843	0.04413200619887674
8.819965652373028	0.0026302679918953843	0.021666368471511446
10.093738900052346	0.0026302679918953843	0.008622497737788682
11.551469585940843	0.0026302679918953843	0.0028308082939367415
13.219724714121972	0.0026302679918953843	0.0008331641094232952
15.128908076758211	0.0026302679918953843	0.00027781418604609995
17.313814360331925	0.0026302679918953843	0.00012077245174887342
19.814263275520517	0.0026302679918953843	0.00004268551124027183
22.675825267662994	0.0026302679918953843	0.000012222422208079319
25.950652033822625	0.0026302679918953843	3.4726052142470406e-6
29.698426982540767	0.0026302679918953843	1.1537540940292535e-6
33.98745295832107	0.0026302679918953843	3.664663355544717e-7
38.895897054520105	0.0026302679918953843	1.2182846088685186e-7
44.51321520124173	0.0026302679918953843	2.4970691953538155e-8
50.941782491215115	0.0026302679918953843	5.804981842539897e-9
58.29875895619149	0.0026302679918953843	1.0317474735830025e-9
66.71822479745835	0.0026302679918953843	1.4281457951722372e-10
76.35362398484546	0.0026302679918953843	1.0912669406750668e-11
87.38056075858388	0.0026302679918953843	3.3728409329633076e-13
100.00000000000031	0.0026302679918953843	3.854737880565628e-15
111.55639876771902	0.0026302679918953843	8.288884606157543e-17
138.21730389017998	0.0026302679918953843	5.446277998011799e-19
171.24990861750976	0.0026302679918953843	8.653295165519161e-20
212.17698780180757	0.0026302679918953843	1.590429611833842e-20
262.885244821937	0.0026302679918953843	2.304282835868197e-21
325.7122869971341	0.0026302679918953843	1.241058162302063e-22
403.5543872869759	0.0026302679918953843	1.828866293869574e-24
499.9999999999984	0.0026302679918953843	0
1000	0.0026302679918953843	0
2000	0.0026302679918953843	0
1.	0.003019951720402019	0.35905514610074457
1.9999999999999998	0.003019951720402019	0.36533217859235656
2.288838595949997	0.003019951720402019	0.3492892591843175
2.6193910591551774	0.003019951720402019	0.3212880662752132
2.9976816770403563	0.003019951720402019	0.28166698770315635
3.4306047603910415	0.003019951720402019	0.23613474997086958
3.926050291516404	0.003019951720402019	0.19534710157022572
4.493047718431742	0.003019951720402019	0.16727220946238558
5.141930515695824	0.003019951720402019	0.1474970677424865
5.884524511008838	0.003019951720402019	0.12250088849806579
6.734363409805407	0.003019951720402019	0.08746973175501885
7.706935445758021	0.003019951720402019	0.05186110230073139
8.819965652373028	0.003019951720402019	0.025535420828640805
10.093738900052346	0.003019951720402019	0.010196524626818235
11.551469585940843	0.003019951720402019	0.003349965232955393
13.219724714121972	0.003019951720402019	0.0009893391018773261
15.128908076758211	0.003019951720402019	0.00032491452996362543
17.313814360331925	0.003019951720402019	0.00014041357082916184
19.814263275520517	0.003019951720402019	0.00004984316355488063
22.675825267662994	0.003019951720402019	0.000014268730422693442
25.950652033822625	0.003019951720402019	4.0614622026212655e-6
29.698426982540767	0.003019951720402019	1.3432450895309163e-6
33.98745295832107	0.003019951720402019	4.2539633327747383e-7
38.895897054520105	0.003019951720402019	1.4106784832235293e-7
44.51321520124173	0.003019951720402019	2.902104933897203e-8
50.941782491215115	0.003019951720402019	6.730276151127269e-9
58.29875895619149	0.003019951720402019	1.1953485294829382e-9
66.71822479745835	0.003019951720402019	1.6577050569869438e-10
76.35362398484546	0.003019951720402019	1.2665705422251713e-11
87.38056075858388	0.003019951720402019	3.9241364744533505e-13
100.00000000000031	0.003019951720402019	4.493561236207038e-15
111.55639876771902	0.003019951720402019	9.664262450742374e-17
138.21730389017998	0.003019951720402019	6.296350283380773e-19
171.24990861750976	0.003019951720402019	1.0002812571567173e-19
212.17698780180757	0.003019951720402019	1.8383251258480594e-20
262.885244821937	0.003019951720402019	2.663472151310895e-21
325.7122869971341	0.003019951720402019	1.4345915672295675e-22
403.5543872869759	0.003019951720402019	2.1142378587766073e-24
499.9999999999984	0.003019951720402019	0
1000	0.003019951720402019	0
2000	0.003019951720402019	0
1.	0.00346736850452532	0.3970508730006349
1.9999999999999998	0.00346736850452532	0.41177784475701357
2.288838595949997	0.00346736850452532	0.39641291718004923
2.6193910591551774	0.00346736850452532	0.36737372547158814
2.9976816770403563	0.00346736850452532	0.32433965860792097
3.4306047603910415	0.00346736850452532	0.27303042014311146
3.926050291516404	0.00346736850452532	0.2255158821182406
4.493047718431742	0.00346736850452532	0.19236604951800904
5.141930515695824	0.00346736850452532	0.16962890674216557
5.884524511008838	0.00346736850452532	0.14186172470009684
6.734363409805407	0.00346736850452532	0.10218880677491754
7.706935445758021	0.00346736850452532	0.06110826145876379
8.819965652373028	0.00346736850452532	0.03021600502390496
10.093738900052346	0.00346736850452532	0.01210267662233916
11.551469585940843	0.00346736850452532	0.0039706375921877346
13.219724714121972	0.00346736850452532	0.0011721091359214557
15.128908076758211	0.00346736850452532	0.00038004701735390597
17.313814360331925	0.00346736850452532	0.00016407531465161617
19.814263275520517	0.00346736850452532	0.000058512221446175604
22.675825267662994	0.00346736850452532	0.000016655900258514683
25.950652033822625	0.00346736850452532	4.762991849910493e-6
29.698426982540767	0.00346736850452532	1.567882497545857e-6
33.98745295832107	0.00346736850452532	4.94676539272449e-7
38.895897054520105	0.00346736850452532	1.635776669615109e-7
44.51321520124173	0.00346736850452532	3.379813830976823e-8
50.941782491215115	0.00346736850452532	7.815069681588677e-9
58.29875895619149	0.00346736850452532	1.3871678832655026e-9
66.71822479745835	0.00346736850452532	1.927578167337024e-10
76.35362398484546	0.00346736850452532	1.4727039683088574e-11
87.38056075858388	0.00346736850452532	4.574808844402771e-13
100.00000000000031	0.00346736850452532	5.250966628120575e-15
111.55639876771902	0.00346736850452532	1.1295284991988326e-16
138.21730389017998	0.00346736850452532	7.287861470209639e-19
171.24990861750976	0.00346736850452532	1.1576514445418333e-19
212.17698780180757	0.00346736850452532	2.1273580877690143e-20
262.885244821937	0.00346736850452532	3.0822683144716333e-21
325.7122869971341	0.00346736850452532	1.6602767151664534e-22
403.5543872869759	0.00346736850452532	2.4470649984967098e-24
499.9999999999984	0.00346736850452532	0
1000	0.00346736850452532	0
2000	0.00346736850452532	0
1.	0.003981071705534978	0.4365731163549557
1.9999999999999998	0.003981071705534978	0.4622211565867391
2.288838595949997	0.003981071705534978	0.4485132312745259
2.6193910591551774	0.003981071705534978	0.4192660383630954
2.9976816770403563	0.003981071705534978	0.3731039390834537
3.4306047603910415	0.003981071705534978	0.3157566141291563
3.926050291516404	0.003981071705534978	0.26066609794135165
4.493047718431742	0.003981071705534978	0.22102725551093214
5.141930515695824	0.003981071705534978	0.1949310630901481
5.884524511008838	0.003981071705534978	0.16435883860323852
6.734363409805407	0.003981071705534978	0.11972689296045161
7.706935445758021	0.003981071705534978	0.0721495612285775
8.819965652373028	0.003981071705534978	0.035849861659262315
10.093738900052346	0.003981071705534978	0.014407150374227275
11.551469585940843	0.003981071705534978	0.004743874329672456
13.219724714121972	0.003981071705534978	0.0013993984842888745
15.128908076758211	0.003981071705534978	0.00044706528487190565
17.313814360331925	0.003981071705534978	0.00019079539472478867
19.814263275520517	0.003981071705534978	0.00006866272900011525
22.675825267662994	0.003981071705534978	0.000019569902100052144
25.950652033822625	0.003981071705534978	5.598377543952241e-6
29.698426982540767	0.003981071705534978	1.8312730191146686e-6
33.98745295832107	0.003981071705534978	5.76815039152139e-7
38.895897054520105	0.003981071705534978	1.901255338125573e-7
44.51321520124173	0.003981071705534978	3.948374034708231e-8
50.941782491215115	0.003981071705534978	9.097298650991242e-9
58.29875895619149	0.003981071705534978	1.6140402649621618e-9
66.71822479745835	0.003981071705534978	2.2475423253007984e-10
76.35362398484546	0.003981071705534978	1.7172336551458245e-11
87.38056075858388	0.003981071705534978	5.34949993165377e-13
100.00000000000031	0.003981071705534978	6.157433773817687e-15
111.55639876771902	0.003981071705534978	1.3248103737486373e-16
138.21730389017998	0.003981071705534978	8.453380629319609e-19
171.24990861750976	0.003981071705534978	1.3425805423436199e-19
212.17698780180757	0.003981071705534978	2.466960952620525e-20
262.885244821937	0.003981071705534978	3.574353515046391e-21
325.7122869971341	0.003981071705534978	1.9254803303971276e-22
403.5543872869759	0.003981071705534978	2.8382613199023744e-24
499.9999999999984	0.003981071705534978	0
1000	0.003981071705534978	0
2000	0.003981071705534978	0
1.	0.0045708818961487565	0.47681111195898934
1.9999999999999998	0.0045708818961487565	0.5163721604302177
2.288838595949997	0.0045708818961487565	0.5054492254157212
2.6193910591551774	0.0045708818961487565	0.47722904390724263
2.9976816770403563	0.0045708818961487565	0.42886193076292195
3.4306047603910415	0.0045708818961487565	0.36536654772346816
3.926050291516404	0.0045708818961487565	0.30158410967563865
4.493047718431742	0.0045708818961487565	0.2542282984646834
5.141930515695824	0.0045708818961487565	0.22409106914140192
5.884524511008838	0.0045708818961487565	0.19047281911561675
6.734363409805407	0.0045708818961487565	0.14039487623410452
7.706935445758021	0.0045708818961487565	0.08544270256503161
8.819965652373028	0.0045708818961487565	0.04272089006758985
10.093738900052346	0.0045708818961487565	0.017257400949349383
11.551469585940843	0.0045708818961487565	0.005682924803626636
13.219724714121972	0.0045708818961487565	0.001680256011028309
15.128908076758211	0.0045708818961487565	0.0005273671489693038
17.313814360331925	0.0045708818961487565	0.00022404428900425714
19.814263275520517	0.0045708818961487565	0.00008084244466293556
22.675825267662994	0.0045708818961487565	0.00002299368562152896
25.950652033822625	0.0045708818961487565	6.6026534560095554e-6
29.698426982540767	0.0045708818961487565	2.146311784936852e-6
33.98745295832107	0.0045708818961487565	6.737724669455313e-7
38.895897054520105	0.0045708818961487565	2.2127136039670775e-7
44.51321520124173	0.0045708818961487565	4.622572050842989e-8
50.941782491215115	0.0045708818961487565	1.0605366469615354e-8
58.29875895619149	0.0045708818961487565	1.88120314192192e-9
66.71822479745835	0.0045708818961487565	2.6252295757179186e-10
76.35362398484546	0.0045708818961487565	2.006152444769621e-11
87.38056075858388	0.0045708818961487565	6.268200895303266e-13
100.00000000000031	0.0045708818961487565	7.239140826260494e-15
111.55639876771902	0.0045708818961487565	1.5579576981408531e-16
138.21730389017998	0.0045708818961487565	9.815526357389692e-19
171.24990861750976	0.0045708818961487565	1.5586401056800215e-19
212.17698780180757	0.0045708818961487565	2.8636396564624564e-20
262.885244821937	0.0045708818961487565	4.149151614567079e-21
325.7122869971341	0.0045708818961487565	2.235329859702242e-22
403.5543872869759	0.0045708818961487565	3.295389385438407e-24
499.9999999999984	0.0045708818961487565	0
1000	0.0045708818961487565	0
2000	0.0045708818961487565	0
1.	0.005248074602497733	0.5167962292103421
1.9999999999999998	0.005248074602497733	0.5736683504925768
2.288838595949997	0.005248074602497733	0.5669914184478116
2.6193910591551774	0.005248074602497733	0.5412742758528318
2.9976816770403563	0.005248074602497733	0.49197915207082005
3.4306047603910415	0.005248074602497733	0.4227106875606179
3.926050291516404	0.005248074602497733	0.34944930172096866
4.493047718431742	0.005248074602497733	0.2927664913650812
5.141930515695824	0.005248074602497733	0.25712220021983073
5.884524511008838	0.005248074602497733	0.22080591057731394
6.734363409805407	0.005248074602497733	0.16499995055153432
7.706935445758021	0.005248074602497733	0.10160041202939822
8.819965652373028	0.005248074602497733	0.05100355906116287
10.093738900052346	0.005248074602497733	0.020763855205603126
11.551469585940843	0.005248074602497733	0.006866548580109432
13.219724714121972	0.005248074602497733	0.002014204545598123
15.128908076758211	0.005248074602497733	0.0006238813695990356
17.313814360331925	0.005248074602497733	0.00026383931914523366
19.814263275520517	0.005248074602497733	0.00009564107329464692
22.675825267662994	0.005248074602497733	0.000027311581414589477
25.950652033822625	0.005248074602497733	7.80898431316704e-6
29.698426982540767	0.005248074602497733	2.520871741417853e-6
33.98745295832107	0.005248074602497733	7.867238478742414e-7
38.895897054520105	0.005248074602497733	2.5729003132140184e-7
44.51321520124173	0.005248074602497733	5.412340044725817e-8
50.941782491215115	0.005248074602497733	1.2354595155577217e-8
58.29875895619149	0.005248074602497733	2.191750782828301e-9
66.71822479745835	0.005248074602497733	3.065167280905786e-10
76.35362398484546	0.005248074602497733	2.3432340218062643e-11
87.38056075858388	0.005248074602497733	7.344264242489787e-13
100.00000000000031	0.005248074602497733	8.515604583564404e-15
111.55639876771902	0.005248074602497733	1.8332681704752836e-16
138.21730389017998	0.005248074602497733	1.1383711618359956e-18
171.24990861750976	0.005248074602497733	1.807276073078685e-19
212.17698780180757	0.005248074602497733	3.3200184046223126e-20
262.885244821937	0.005248074602497733	4.8104760365992826e-21
325.7122869971341	0.005248074602497733	2.591877847953959e-22
403.5543872869759	0.005248074602497733	3.821568445277716e-24
499.9999999999984	0.005248074602497733	0
1000	0.005248074602497733	0
2000	0.005248074602497733	0
1.	0.006025595860743587	0.555517793859675
1.9999999999999998	0.006025595860743587	0.6328786847844952
2.288838595949997	0.006025595860743587	0.632198656164516
2.6193910591551774	0.006025595860743587	0.611191492854364
2.9976816770403563	0.006025595860743587	0.56299933465603
3.4306047603910415	0.006025595860743587	0.4888448456191091
3.926050291516404	0.006025595860743587	0.4053436674242434
4.493047718431742	0.006025595860743587	0.3372430372557802
5.141930515695824	0.006025595860743587	0.29520676984412575
5.884524511008838	0.006025595860743587	0.25574148732990687
6.734363409805407	0.006025595860743587	0.19419658812877272
7.706935445758021	0.006025595860743587	0.12105323894684147
8.819965652373028	0.006025595860743587	0.06138027784732255
10.093738900052346	0.006025595860743587	0.02516622712251637
11.551469585940843	0.006025595860743587	0.008324013636833997
13.219724714121972	0.006025595860743587	0.00244383568559863
15.128908076758211	0.006025595860743587	0.0007422267796034943
17.313814360331925	0.006025595860743587	0.00031200660084067065
19.814263275520517	0.006025595860743587	0.0001130318297931852
22.675825267662994	0.006025595860743587	0.00003269909056156257
25.950652033822625	0.006025595860743587	9.27199534689665e-6
29.698426982540767	0.006025595860743587	2.9687247685441205e-6
33.98745295832107	0.006025595860743587	9.265856534530873e-7
38.895897054520105	0.006025595860743587	3.01594442945593e-7
44.51321520124173	0.006025595860743587	6.395394833213327e-8
50.941782491215115	0.006025595860743587	1.4512055186866007e-8
58.29875895619149	0.006025595860743587	2.575873102433435e-9
66.71822479745835	0.006025595860743587	3.6097937011402826e-10
76.35362398484546	0.006025595860743587	2.7614591204203334e-11
87.38056075858388	0.006025595860743587	8.68283167407101e-13
100.00000000000031	0.006025595860743587	1.0114748330894201e-14
111.55639876771902	0.006025595860743587	2.1784328106229208e-16
138.21730389017998	0.006025595860743587	1.3305176457549851e-18
171.24990861750976	0.006025595860743587	2.1118023625797624e-19
212.17698780180757	0.006025595860743587	3.878860292637195e-20
262.885244821937	0.006025595860743587	5.620306930171817e-21
325.7122869971341	0.006025595860743587	3.02855477245005e-22
403.5543872869759	0.006025595860743587	4.4661750292246936e-24
499.9999999999984	0.006025595860743587	0
1000	0.006025595860743587	0
2000	0.006025595860743587	0
1.	0.006918309709189377	0.591199988376175
1.9999999999999998	0.006918309709189377	0.6924059806083901
2.288838595949997	0.006918309709189377	0.6997819421293632
2.6193910591551774	0.006918309709189377	0.6861048514676783
2.9976816770403563	0.006918309709189377	0.6417706757517228
3.4306047603910415	0.006918309709189377	0.5646910769720832
3.926050291516404	0.006918309709189377	0.47119693672967355
4.493047718431742	0.006918309709189377	0.38986131014942266
5.141930515695824	0.006918309709189377	0.3388669557802381
5.884524511008838	0.006918309709189377	0.2956716321639017
6.734363409805407	0.006918309709189377	0.2288246938561112
7.706935445758021	0.006918309709189377	0.14472138611860988
8.819965652373028	0.006918309709189377	0.07425377106072598
10.093738900052346	0.006918309709189377	0.03070025135770737
11.551469585940843	0.006918309709189377	0.01020812693346322
13.219724714121972	0.006918309709189377	0.0029729028507085075
15.128908076758211	0.006918309709189377	0.0008889220332569732
17.313814360331925	0.006918309709189377	0.0003698126300918661
19.814263275520517	0.006918309709189377	0.0001345604481721418
22.675825267662994	0.006918309709189377	0.00003863688517432004
25.950652033822625	0.006918309709189377	0.000011045003558962681
29.698426982540767	0.006918309709189377	3.5052646479070515e-6
33.98745295832107	0.006918309709189377	1.0927464061714767e-6
38.895897054520105	0.006918309709189377	3.53761538122046e-7
44.51321520124173	0.006918309709189377	7.571140162194753e-8
50.941782491215115	0.006918309709189377	1.706205268580033e-8
58.29875895619149	0.006918309709189377	3.0316801485114302e-9
66.71822479745835	0.006918309709189377	4.2564783981134675e-10
76.35362398484546	0.006918309709189377	3.259758570308096e-11
87.38056075858388	0.006918309709189377	1.0283011410102744e-12
100.00000000000031	0.006918309709189377	1.2044150388489234e-14
111.55639876771902	0.006918309709189377	2.59529998824175e-16
138.21730389017998	0.006918309709189377	1.5555765911096836e-18
171.24990861750976	0.006918309709189377	2.4682950544550847e-19
212.17698780180757	0.006918309709189377	4.5328728643056105e-20
262.885244821937	0.006918309709189377	6.568076942440718e-21
325.7122869971341	0.006918309709189377	3.5397479181627764e-22
403.5543872869759	0.006918309709189377	5.221004223899991e-24
499.9999999999984	0.006918309709189377	0
1000	0.006918309709189377	0
2000	0.006918309709189377	0
1.	0.00794328234724283	0.6229010512698325
1.9999999999999998	0.00794328234724283	0.7501161057209674
2.288838595949997	0.00794328234724283	0.7674020464878897
2.6193910591551774	0.00794328234724283	0.7639380559675817
2.9976816770403563	0.00794328234724283	0.7273888898023989
3.4306047603910415	0.00794328234724283	0.6517351970837651
3.926050291516404	0.00794328234724283	0.5482471281902661
4.493047718431742	0.00794328234724283	0.4516015331544766
5.141930515695824	0.00794328234724283	0.38870608270432144
5.884524511008838	0.00794328234724283	0.3422587253331276
6.734363409805407	0.00794328234724283	0.27056575920596276
7.706935445758021	0.00794328234724283	0.17414552380528187
8.819965652373028	0.00794328234724283	0.09030226768155192
10.093738900052346	0.00794328234724283	0.03760334932793469
11.551469585940843	0.00794328234724283	0.012561428463480418
13.219724714121972	0.00794328234724283	0.003619288813130922
15.128908076758211	0.00794328234724283	0.0010703281176365573
17.313814360331925	0.00794328234724283	0.00043841657682374975
19.814263275520517	0.00794328234724283	0.0001608201408514512
22.675825267662994	0.00794328234724283	0.00004613676520305653
25.950652033822625	0.00794328234724283	0.00001321808747123252
29.698426982540767	0.00794328234724283	4.152953525958968e-6
33.98745295832107	0.00794328234724283	1.2871319202376303e-6
38.895897054520105	0.00794328234724283	4.141425060750663e-7
44.51321520124173	0.00794328234724283	8.957199239813767e-8
50.941782491215115	0.00794328234724283	2.0027177589865438e-8
58.29875895619149	0.00794328234724283	3.5645035314948904e-9
66.71822479745835	0.00794328234724283	5.012288760747512e-10
76.35362398484546	0.00794328234724283	3.845019619215167e-11
87.38056075858388	0.00794328234724283	1.2169039161701826e-12
100.00000000000031	0.00794328234724283	1.4342890811827147e-14
111.55639876771902	0.00794328234724283	3.092577925202556e-16
138.21730389017998	0.00794328234724283	1.814442476041056e-18
171.24990861750976	0.00794328234724283	2.878041462534597e-19
212.17698780180757	0.00794328234724283	5.2843223471863843e-20
262.885244821937	0.00794328234724283	7.657103349181041e-21
325.7122869971341	0.00794328234724283	4.1272782907268196e-22
403.5543872869759	0.00794328234724283	6.088925221281751e-24
499.9999999999984	0.00794328234724283	0
1000	0.00794328234724283	0
2000	0.00794328234724283	0
1.	0.009120108393559116	0.6486059649111912
1.9999999999999998	0.009120108393559116	0.8031209276451151
2.288838595949997	0.009120108393559116	0.8328377662219554
2.6193910591551774	0.009120108393559116	0.8433038238148213
2.9976816770403563	0.009120108393559116	0.8190715984138689
3.4306047603910415	0.009120108393559116	0.7477108093739374
3.926050291516404	0.009120108393559116	0.6374298199038316
4.493047718431742	0.009120108393559116	0.5239273579988586
5.141930515695824	0.009120108393559116	0.44634288590701715
5.884524511008838	0.009120108393559116	0.39534552400854495
6.734363409805407	0.009120108393559116	0.3193245515358525
7.706935445758021	0.009120108393559116	0.21039446060259673
8.819965652373028	0.009120108393559116	0.11044736290550622
10.093738900052346	0.009120108393559116	0.04641736464703087
11.551469585940843	0.009120108393559116	0.015564439615579084
13.219724714121972	0.009120108393559116	0.004526346967733094
15.128908076758211	0.009120108393559116	0.0012977368300700516
17.313814360331925	0.009120108393559116	0.0005241939795801716
19.814263275520517	0.009120108393559116	0.00019278282385686485
22.675825267662994	0.009120108393559116	0.000055760179175692303
25.950652033822625	0.009120108393559116	0.00001588218045397304
29.698426982540767	0.009120108393559116	4.932587541655451e-6
33.98745295832107	0.009120108393559116	1.5318769646255459e-6
38.895897054520105	0.009120108393559116	4.894789337169134e-7
44.51321520124173	0.009120108393559116	1.0713291314721982e-7
50.941782491215115	0.009120108393559116	2.3742350378054218e-8
58.29875895619149	0.009120108393559116	4.23571825968716e-9
66.71822479745835	0.009120108393559116	5.962528940356357e-10
76.35362398484546	0.009120108393559116	4.5850488807486165e-11
87.38056075858388	0.009120108393559116	1.4559339329307172e-12
100.00000000000031	0.009120108393559116	1.728334635867403e-14
111.55639876771902	0.009120108393559116	3.7294162326229646e-16
138.21730389017998	0.009120108393559116	2.1357084623220497e-18
171.24990861750976	0.009120108393559116	3.3862445545590573e-19
212.17698780180757	0.009120108393559116	6.216007982290116e-20
262.885244821937	0.009120108393559116	9.007396783243872e-21
325.7122869971341	0.009120108393559116	4.855968591066582e-22
403.5543872869759	0.009120108393559116	7.165729075637888e-24
499.9999999999984	0.009120108393559116	0
1000	0.009120108393559116	0
2000	0.009120108393559116	0
1.	0.010471285480509017	0.6667528049976666
1.9999999999999998	0.010471285480509017	0.8486035112530375
2.288838595949997	0.010471285480509017	0.891995153377891
2.6193910591551774	0.010471285480509017	0.9197121602137986
2.9976816770403563	0.010471285480509017	0.9130267567322958
3.4306047603910415	0.010471285480509017	0.8527117899000509
3.926050291516404	0.010471285480509017	0.7401238293135517
4.493047718431742	0.010471285480509017	0.6095056059941556
5.141930515695824	0.010471285480509017	0.5128152454167297
5.884524511008838	0.010471285480509017	0.45480694602229677
6.734363409805407	0.010471285480509017	0.3766209565407254
7.706935445758021	0.010471285480509017	0.25461109619002853
8.819965652373028	0.010471285480509017	0.13621718554335546
10.093738900052346	0.010471285480509017	0.05790095456721937
11.551469585940843	0.010471285480509017	0.019601655694190572
13.219724714121972	0.010471285480509017	0.005636305621233866
15.128908076758211	0.010471285480509017	0.0015844233750327303
17.313814360331925	0.010471285480509017	0.0006256366543133712
19.814263275520517	0.010471285480509017	0.00023288733742408036
22.675825267662994	0.010471285480509017	0.000067589199264282
25.950652033822625	0.010471285480509017	0.000019165673973813516
29.698426982540767	0.010471285480509017	5.8783242945631926e-6
33.98745295832107	0.010471285480509017	1.8181714550291946e-6
38.895897054520105	0.010471285480509017	5.764305089139419e-7
44.51321520124173	0.010471285480509017	1.278504652819566e-7
50.941782491215115	0.010471285480509017	2.805786159153949e-8
58.29875895619149	0.010471285480509017	5.021039272100299e-9
66.71822479745835	0.010471285480509017	7.071386580387735e-10
76.35362398484546	0.010471285480509017	5.456009557009643e-11
87.38056075858388	0.010471285480509017	1.738443066993762e-12
100.00000000000031	0.010471285480509017	2.0803712979539372e-14
111.55639876771902	0.010471285480509017	4.492963250929389e-16
138.21730389017998	0.010471285480509017	2.503422674792254e-18
171.24990861750976	0.010471285480509017	3.967359816598468e-19
212.17698780180757	0.010471285480509017	7.280857962666226e-20
262.885244821937	0.010471285480509017	1.0550743103644469e-20
325.7122869971341	0.010471285480509017	5.689153251912248e-22
403.5543872869759	0.010471285480509017	8.397616495566217e-24
499.9999999999984	0.010471285480509017	0
1000	0.010471285480509017	0
2000	0.010471285480509017	0
1.	0.012022644346174156	0.676864028282761
1.9999999999999998	0.012022644346174156	0.8829455089154199
2.288838595949997	0.012022644346174156	0.9411345745128119
2.6193910591551774	0.012022644346174156	0.9888894200049562
2.9976816770403563	0.012022644346174156	1.0045719233808887
3.4306047603910415	0.012022644346174156	0.9643647678823487
3.926050291516404	0.012022644346174156	0.8567051272897662
4.493047718431742	0.012022644346174156	0.7103736061230337
5.141930515695824	0.012022644346174156	0.5904832921722267
5.884524511008838	0.012022644346174156	0.5214684597084351
6.734363409805407	0.012022644346174156	0.44230142335129835
7.706935445758021	0.012022644346174156	0.3083932984951137
8.819965652373028	0.012022644346174156	0.1689745888569038
10.093738900052346	0.012022644346174156	0.07287570224648736
11.551469585940843	0.012022644346174156	0.02490027667228596
13.219724714121972	0.012022644346174156	0.0071684919618535325
15.128908076758211	0.012022644346174156	0.0019575977088743127
17.313814360331925	0.012022644346174156	0.0007519202030796452
19.814263275520517	0.012022644346174156	0.0002825034452427959
22.675825267662994	0.012022644346174156	0.0000812367038685043
25.950652033822625	0.012022644346174156	0.000023232075727194518
29.698426982540767	0.012022644346174156	7.023954691799205e-6
33.98745295832107	0.012022644346174156	2.1770638532193637e-6
38.895897054520105	0.012022644346174156	6.842041096053292e-7
44.51321520124173	0.012022644346174156	1.5398592684260964e-7
50.941782491215115	0.012022644346174156	3.343716098983599e-8
58.29875895619149	0.012022644346174156	6.006260942387943e-9
66.71822479745835	0.012022644346174156	8.457038664713706e-10
76.35362398484546	0.012022644346174156	6.554338801365227e-11
87.38056075858388	0.012022644346174156	2.0961584202870473e-12
100.00000000000031	0.012022644346174156	2.5308579780078995e-14
111.55639876771902	0.012022644346174156	5.471320945906883e-16
138.21730389017998	0.012022644346174156	2.9557141751178677e-18
171.24990861750976	0.012022644346174156	4.681435594355627e-19
212.17698780180757	0.012022644346174156	8.588775816291258e-20
262.885244821937	0.012022644346174156	1.244648806509364e-20
325.7122869971341	0.012022644346174156	6.7129432885734535e-22
403.5543872869759	0.012022644346174156	9.912070757341737e-24
499.9999999999984	0.012022644346174156	0
1000	0.012022644346174156	0
2000	0.012022644346174156	0
1.	0.01380384264602888	0.6779998405804651
1.9999999999999998	0.01380384264602888	0.9033860583043846
2.288838595949997	0.01380384264602888	0.9755709676965952
2.6193910591551774	0.01380384264602888	1.044160892021934
2.9976816770403563	0.01380384264602888	1.0880813870640456
3.4306047603910415	0.01380384264602888	1.0769213391814816
3.926050291516404	0.01380384264602888	0.985336800000461
4.493047718431742	0.01380384264602888	0.8315655656203758
5.141930515695824	0.01380384264602888	0.6844752990838605
5.884524511008838	0.01380384264602888	0.5969773982818296
6.734363409805407	0.01380384264602888	0.5183282999651957
7.706935445758021	0.01380384264602888	0.37552836153604524
8.819965652373028	0.01380384264602888	0.21091877483185478
10.093738900052346	0.01380384264602888	0.09225492831760743
11.551469585940843	0.01380384264602888	0.03195825475981758
13.219724714121972	0.01380384264602888	0.009153329733103985
15.128908076758211	0.01380384264602888	0.0024462479274713032
17.313814360331925	0.01380384264602888	0.0009085259633388252
19.814263275520517	0.01380384264602888	0.00034479592910788195
22.675825267662994	0.01380384264602888	0.00009936815838672939
25.950652033822625	0.01380384264602888	0.00002829867333408462
29.698426982540767	0.01380384264602888	8.437139348086203e-6
33.98745295832107	0.01380384264602888	2.606565233525868e-6
38.895897054520105	0.01380384264602888	8.113135338005883e-7
44.51321520124173	0.01380384264602888	1.8549509833999889e-7
50.941782491215115	0.01380384264602888	3.982823963467448e-8
58.29875895619149	0.01380384264602888	7.185420269157427e-9
66.71822479745835	0.01380384264602888	1.0107595174147207e-9
76.35362398484546	0.01380384264602888	7.878532239928509e-11
87.38056075858388	0.01380384264602888	2.5304597432904205e-12
100.00000000000031	0.01380384264602888	3.084851045630183e-14
111.55639876771902	0.01380384264602888	6.676420574622613e-16
138.21730389017998	0.01380384264602888	3.4832046925095395e-18
171.24990861750976	0.01380384264602888	5.513143924254621e-19
212.17698780180757	0.01380384264602888	1.011120317207118e-19
262.885244821937	0.01380384264602888	1.4653357349386322e-20
325.7122869971341	0.01380384264602888	7.905294364639053e-22
403.5543872869759	0.01380384264602888	1.167708603216049e-23
499.9999999999984	0.01380384264602888	0
1000	0.01380384264602888	0
2000	0.01380384264602888	0
1.	0.015848931924611172	0.6703547870740874
1.9999999999999998	0.015848931924611172	0.906181801023515
2.288838595949997	0.015848931924611172	0.9908485129216614
2.6193910591551774	0.015848931924611172	1.0810403831985638
2.9976816770403563	0.015848931924611172	1.1566707048003912
3.4306047603910415	0.015848931924611172	1.1833406371188369
3.926050291516404	0.015848931924611172	1.1234017787283592
4.493047718431742	0.015848931924611172	0.9728817375407944
5.141930515695824	0.015848931924611172	0.7976417494846806
5.884524511008838	0.015848931924611172	0.68405194405685
6.734363409805407	0.015848931924611172	0.6046767660592708
7.706935445758021	0.015848931924611172	0.4567090190055101
8.819965652373028	0.015848931924611172	0.26519670869064926
10.093738900052346	0.015848931924611172	0.11802342409232731
11.551469585940843	0.015848931924611172	0.04139287383167245
13.219724714121972	0.015848931924611172	0.011865436328037566
15.128908076758211	0.015848931924611172	0.00309900465740913
17.313814360331925	0.015848931924611172	0.0011099795547484677
19.814263275520517	0.015848931924611172	0.0004239004100939117
22.675825267662994	0.015848931924611172	0.00012366872267274902
25.950652033822625	0.015848931924611172	0.00003464741234009844
29.698426982540767	0.015848931924611172	0.000010164884937597354
33.98745295832107	0.015848931924611172	3.1477162305729354e-6
38.895897054520105	0.015848931924611172	9.69517118949593e-7
44.51321520124173	0.015848931924611172	2.253921828800453e-7
50.941782491215115	0.015848931924611172	4.783091615205949e-8
58.29875895619149	0.015848931924611172	8.66994843714317e-9
66.71822479745835	0.015848931924611172	1.2175903674076273e-9
76.35362398484546	0.015848931924611172	9.557931800514783e-11
87.38056075858388	0.015848931924611172	3.086087874193373e-12
100.00000000000031	0.015848931924611172	3.801031716752378e-14
111.55639876771902	0.015848931924611172	8.236681153197079e-16
138.21730389017998	0.015848931924611172	4.13196734652937e-18
171.24990861750976	0.015848931924611172	6.534708210571554e-19
212.17698780180757	0.015848931924611172	1.1980073386481122e-19
262.885244821937	0.015848931924611172	1.7362589032880443e-20
325.7122869971341	0.015848931924611172	9.369746931273146e-22
403.5543872869759	0.015848931924611172	1.3846230637567386e-23
499.9999999999984	0.015848931924611172	0
1000	0.015848931924611172	0
2000	0.015848931924611172	0
1.	0.01819700858609988	0.6546939235403983
1.9999999999999998	0.01819700858609988	0.891546897610122
2.288838595949997	0.01819700858609988	0.9852944542423617
2.6193910591551774	0.01819700858609988	1.0936502489420306
2.9976816770403563	0.01819700858609988	1.2009103128446112
3.4306047603910415	0.01819700858609988	1.2725600700214916
3.926050291516404	0.01819700858609988	1.259920319476895
4.493047718431742	0.01819700858609988	1.129681056153088
5.141930515695824	0.01819700858609988	0.9321194156637778
5.884524511008838	0.01819700858609988	0.7844769277360599
6.734363409805407	0.01819700858609988	0.699176824948697
7.706935445758021	0.01819700858609988	0.5542460372135452
8.819965652373028	0.01819700858609988	0.3358511379820281
10.093738900052346	0.01819700858609988	0.1525185276293585
11.551469585940843	0.01819700858609988	0.05426570721473998
13.219724714121972	0.01819700858609988	0.015528867337067525
15.128908076758211	0.01819700858609988	0.003982354245142389
17.313814360331925	0.01819700858609988	0.0013670361565486806
19.814263275520517	0.01819700858609988	0.0005219858324889008
22.675825267662994	0.01819700858609988	0.0001537902698684334
25.950652033822625	0.01819700858609988	0.000042624360178895536
29.698426982540767	0.01819700858609988	0.000012303955242930069
33.98745295832107	0.01819700858609988	3.829315754716785e-6
38.895897054520105	0.01819700858609988	1.1663548637905782e-6
44.51321520124173	0.01819700858609988	2.758546272516486e-7
50.941782491215115	0.01819700858609988	5.784203196254608e-8
58.29875895619149	0.01819700858609988	1.053499129384965e-8
66.71822479745835	0.01819700858609988	1.4763803932073952e-9
76.35362398484546	0.01819700858609988	1.1686993501040467e-10
87.38056075858388	0.01819700858609988	3.7992086590740295e-12
100.00000000000031	0.01819700858609988	4.7297291264834666e-14
111.55639876771902	0.01819700858609988	1.026370930359935e-15
138.21730389017998	0.01819700858609988	4.9267873314880045e-18
171.24990861750976	0.01819700858609988	7.784264693085247e-19
212.17698780180757	0.01819700858609988	1.4264433128936503e-19
262.885244821937	0.01819700858609988	2.0674486601477808e-20
325.7122869971341	0.01819700858609988	1.116092026827368e-21
403.5543872869759	0.01819700858609988	1.6501298939316582e-23
499.9999999999984	0.01819700858609988	0
1000	0.01819700858609988	0
2000	0.01819700858609988	0
1.	0.02089296130854045	0.6306863445491694
1.9999999999999998	0.02089296130854045	0.8593974613985254
2.288838595949997	0.02089296130854045	0.9570199312420135
2.6193910591551774	0.02089296130854045	1.0775206079832995
2.9976816770403563	0.02089296130854045	1.211990308510901
3.4306047603910415	0.02089296130854045	1.3326796039506665
3.926050291516404	0.02089296130854045	1.3812582151471284
4.493047718431742	0.02089296130854045	1.2967479423712829
5.141930515695824	0.02089296130854045	1.0948275323118126
5.884524511008838	0.02089296130854045	0.9039547534395612
6.734363409805407	0.02089296130854045	0.8037580190086941
7.706935445758021	0.02089296130854045	0.6668270254765717
8.819965652373028	0.02089296130854045	0.4253086595357975
10.093738900052346	0.02089296130854045	0.19947193112941808
11.551469585940843	0.02089296130854045	0.07224859630864786
13.219724714121972	0.02089296130854045	0.020805622397946248
15.128908076758211	0.02089296130854045	0.005210999329133679
17.313814360331925	0.02089296130854045	0.0016840895350394508
19.814263275520517	0.02089296130854045	0.000654211228363743
22.675825267662994	0.02089296130854045	0.00019385333556377703
25.950652033822625	0.02089296130854045	0.00005265332422129818
29.698426982540767	0.02089296130854045	0.000014990896761550985
33.98745295832107	0.02089296130854045	4.71026011441455e-6
38.895897054520105	0.02089296130854045	1.4182100532090903e-6
44.51321520124173	0.02089296130854045	3.4123688072761667e-7
50.941782491215115	0.02089296130854045	7.069230636641258e-8
58.29875895619149	0.02089296130854045	1.2934267662192614e-8
66.71822479745835	0.02089296130854045	1.8084801948415398e-9
76.35362398484546	0.02089296130854045	1.4453743448566155e-10
87.38056075858388	0.02089296130854045	4.74039095914544e-12
100.00000000000031	0.02089296130854045	5.966706217166728e-14
111.55639876771902	0.02089296130854045	1.2969905331783327e-15
138.21730389017998	0.02089296130854045	5.9249682078960685e-18
171.24990861750976	0.02089296130854045	9.350769646129247e-19
212.17698780180757	0.02089296130854045	1.712619312909703e-19
262.885244821937	0.02089296130854045	2.4823658757038418e-20
325.7122869971341	0.02089296130854045	1.3406208946602877e-21
403.5543872869759	0.02089296130854045	1.9832315488071224e-23
499.9999999999984	0.02089296130854045	0
1000	0.02089296130854045	0
2000	0.02089296130854045	0
1.	0.023988329190194974	0.6020257481709149
1.9999999999999998	0.023988329190194974	0.8117185178854095
2.288838595949997	0.023988329190194974	0.9068299939302402
2.6193910591551774	0.023988329190194974	1.0322398551692062
2.9976816770403563	0.023988329190194974	1.1857801420740302
3.4306047603910415	0.023988329190194974	1.3505608922642514
3.926050291516404	0.023988329190194974	1.469180307167059
4.493047718431742	0.023988329190194974	1.4605311240564411
5.141930515695824	0.023988329190194974	1.2854815101819177
5.884524511008838	0.023988329190194974	1.0533107716917034
6.734363409805407	0.023988329190194974	0.9169076104372027
7.706935445758021	0.023988329190194974	0.7935417008318822
8.819965652373028	0.023988329190194974	0.5373431803673183
10.093738900052346	0.023988329190194974	0.26198031720908554
11.551469585940843	0.023988329190194974	0.09733052295605925
13.219724714121972	0.023988329190194974	0.028304210720300045
15.128908076758211	0.023988329190194974	0.006944622749481291
17.313814360331925	0.023988329190194974	0.0021005372490782246
19.814263275520517	0.023988329190194974	0.0008182275858199185
22.675825267662994	0.023988329190194974	0.0002455401676113737
25.950652033822625	0.023988329190194974	0.00006540347298668106
29.698426982540767	0.023988329190194974	0.0000183487559682779
33.98745295832107	0.023988329190194974	5.773769271248837e-6
38.895897054520105	0.023988329190194974	1.7185516897220614e-6
44.51321520124173	0.023988329190194974	4.204184877997558e-7
50.941782491215115	0.023988329190194974	8.605186751409314e-8
58.29875895619149	0.023988329190194974	1.5807975238807013e-8
66.71822479745835	0.023988329190194974	2.205802331722034e-9
76.35362398484546	0.023988329190194974	1.781654522468419e-10
87.38056075858388	0.023988329190194974	5.90976737415044e-12
100.00000000000031	0.023988329190194974	7.52280718955996e-14
111.55639876771902	0.023988329190194974	1.6387415040724122e-15
138.21730389017998	0.023988329190194974	7.081004790625434e-18
171.24990861750976	0.023988329190194974	1.116030226920853e-18
212.17698780180757	0.023988329190194974	2.0428197873862466e-19
262.885244821937	0.023988329190194974	2.961192787657103e-20
325.7122869971341	0.023988329190194974	1.5999631839152916e-21
403.5543872869759	0.023988329190194974	2.3684204633547684e-23
499.9999999999984	0.023988329190194974	0
1000	0.023988329190194974	0
2000	0.023988329190194974	0
1.	0.027542287033381744	0.571365111865358
1.9999999999999998	0.027542287033381744	0.7530202141608118
2.288838595949997	0.027542287033381744	0.8406298156595727
2.6193910591551774	0.027542287033381744	0.9622667119357751
2.9976816770403563	0.027542287033381744	1.1253609760992291
3.4306047603910415	0.027542287033381744	1.3204319036836458
3.926050291516404	0.027542287033381744	1.5071199058086577
4.493047718431742	0.027542287033381744	1.5931491699642553
5.141930515695824	0.027542287033381744	1.4889790814527604
5.884524511008838	0.027542287033381744	1.2354183189261188
6.734363409805407	0.027542287033381744	1.0438891384226847
7.706935445758021	0.027542287033381744	0.9302870330464857
8.819965652373028	0.027542287033381744	0.6809644498828341
10.093738900052346	0.027542287033381744	0.348537915416564
11.551469585940843	0.027542287033381744	0.13236038252047266
13.219724714121972	0.027542287033381744	0.038923079854016475
15.128908076758211	0.027542287033381744	0.009459555697040998
17.313814360331925	0.027542287033381744	0.0026622385856053285
19.814263275520517	0.027542287033381744	0.0010315831712786
22.675825267662994	0.027542287033381744	0.00031341596514688016
25.950652033822625	0.027542287033381744	0.0000817842329326444
29.698426982540767	0.027542287033381744	0.000022619587133262037
33.98745295832107	0.027542287033381744	7.155664565281487e-6
38.895897054520105	0.027542287033381744	2.1067745543054487e-6
44.51321520124173	0.027542287033381744	5.233594111303222e-7
50.941782491215115	0.027542287033381744	1.0584824225958807e-7
58.29875895619149	0.027542287033381744	1.9509993079827576e-8
66.71822479745835	0.027542287033381744	2.718507606722704e-9
76.35362398484546	0.027542287033381744	2.2207652787032396e-10
87.38056075858388	0.027542287033381744	7.469247429388042e-12
100.00000000000031	0.027542287033381744	9.619276157244181e-14
111.55639876771902	0.027542287033381744	2.1014116683250586e-15
138.21730389017998	0.027542287033381744	8.530244598105201e-18
171.24990861750976	0.027542287033381744	1.3423191735206617e-18
212.17698780180757	0.027542287033381744	2.4553595878799936e-19
262.885244821937	0.027542287033381744	3.559477821093361e-20
325.7122869971341	0.027542287033381744	1.924240496579897e-21
403.5543872869759	0.027542287033381744	2.8505782582461027e-23
499.9999999999984	0.027542287033381744	0
1000	0.027542287033381744	0
2000	0.027542287033381744	0
1.	0.03162277660168389	0.5362452013843553
1.9999999999999998	0.03162277660168389	0.6866043808412113
2.288838595949997	0.03162277660168389	0.7635120683586346
2.6193910591551774	0.03162277660168389	0.8748109419047958
2.9976816770403563	0.03162277660168389	1.0321113444497845
3.4306047603910415	0.03162277660168389	1.2411427567888713
3.926050291516404	0.03162277660168389	1.48074025089189
4.493047718431742	0.03162277660168389	1.67450875375281
5.141930515695824	0.03162277660168389	1.682088735614555
5.884524511008838	0.03162277660168389	1.4559273849732535
6.734363409805407	0.03162277660168389	1.2014886547908858
7.706935445758021	0.03162277660168389	1.0755597566631805
8.819965652373028	0.03162277660168389	0.8454739554138558
10.093738900052346	0.03162277660168389	0.46606576959430257
11.551469585940843	0.03162277660168389	0.18289661825787387
13.219724714121972	0.03162277660168389	0.05474647077936978
15.128908076758211	0.03162277660168389	0.013148242959756555
17.313814360331925	0.03162277660168389	0.003439813308332918
19.814263275520517	0.03162277660168389	0.0013097996885332239
22.675825267662994	0.03162277660168389	0.00040691411815008637
25.950652033822625	0.03162277660168389	0.00010289733185379508
29.698426982540767	0.03162277660168389	0.00002815134849848114
33.98745295832107	0.03162277660168389	9.111457613256795e-6
38.895897054520105	0.03162277660168389	2.656670657988356e-6
44.51321520124173	0.03162277660168389	6.689381426169998e-7
50.941782491215115	0.03162277660168389	1.337099992372121e-7
58.29875895619149	0.03162277660168389	2.4713873310079162e-8
66.71822479745835	0.03162277660168389	3.4415132196829867e-9
76.35362398484546	0.03162277660168389	2.844947514424439e-10
87.38056075858388	0.03162277660168389	9.72406798350978e-12
100.00000000000031	0.03162277660168389	1.267875524114607e-13
111.55639876771902	0.03162277660168389	2.7806353721640665e-15
138.21730389017998	0.03162277660168389	1.0523262171523378e-17
171.24990861750976	0.03162277660168389	1.6528466735939438e-18
212.17698780180757	0.03162277660168389	3.021015226062011e-19
262.885244821937	0.03162277660168389	4.379902720713821e-20
325.7122869971341	0.03162277660168389	2.3691998959536008e-21
403.5543872869759	0.03162277660168389	3.512761428313584e-23
499.9999999999984	0.03162277660168389	0
1000	0.03162277660168389	0
2000	0.03162277660168389	0
1.	0.03630780547701025	0.4970889560340387
1.9999999999999998	0.03630780547701025	0.617281932185712
2.288838595949997	0.03630780547701025	0.6814416062602352
2.6193910591551774	0.03630780547701025	0.7758652941669665
2.9976816770403563	0.03630780547701025	0.9165666576988132
3.4306047603910415	0.03630780547701025	1.1184824135627842
3.926050291516404	0.03630780547701025	1.3849899961416097
4.493047718431742	0.03630780547701025	1.6701087561407943
5.141930515695824	0.03630780547701025	1.8281599670885598
5.884524511008838	0.03630780547701025	1.7056686057624912
6.734363409805407	0.03630780547701025	1.3985396349718089
7.706935445758021	0.03630780547701025	1.219861006011347
8.819965652373028	0.03630780547701025	1.037130921264248
10.093738900052346	0.03630780547701025	0.6239333901329509
11.551469585940843	0.03630780547701025	0.25599078634825084
13.219724714121972	0.03630780547701025	0.07832686484578805
15.128908076758211	0.03630780547701025	0.018737556297085824
17.313814360331925	0.03630780547701025	0.004548735188882469
19.814263275520517	0.03630780547701025	0.001672932723057771
22.675825267662994	0.03630780547701025	0.0005303610983193987
25.950652033822625	0.03630780547701025	0.0001307568918704335
29.698426982540767	0.03630780547701025	0.0000356671571307111
33.98745295832107	0.03630780547701025	0.000011400669262606047
38.895897054520105	0.03630780547701025	3.297797778788182e-6
44.51321520124173	0.03630780547701025	8.397280476371175e-7
50.941782491215115	0.03630780547701025	1.659702412546538e-7
58.29875895619149	0.03630780547701025	3.075292920252609e-8
66.71822479745835	0.03630780547701025	4.282867631376795e-9
76.35362398484546	0.03630780547701025	3.584358828811478e-10
87.38056075858388	0.03630780547701025	1.2469296135578318e-11
100.00000000000031	0.03630780547701025	1.6478902555411033e-13
111.55639876771902	0.03630780547701025	3.633544777791313e-15
138.21730389017998	0.03630780547701025	1.2712850489109062e-17
171.24990861750976	0.03630780547701025	1.992365010873148e-18
212.17698780180757	0.03630780547701025	3.638286171526355e-19
262.885244821937	0.03630780547701025	5.2753891519966744e-20
325.7122869971341	0.03630780547701025	2.8555890768674382e-21
403.5543872869759	0.03630780547701025	4.2380867910747166e-23
499.9999999999984	0.03630780547701025	0
1000	0.03630780547701025	0
2000	0.03630780547701025	0
1.	0.04168693834703368	0.45390869301759373
1.9999999999999998	0.04168693834703368	0.550679570670433
2.288838595949997	0.04168693834703368	0.6010462561851126
2.6193910591551774	0.04168693834703368	0.6778737249875111
2.9976816770403563	0.04168693834703368	0.7943179527204616
3.4306047603910415	0.04168693834703368	0.9739885862490907
3.926050291516404	0.04168693834703368	1.237229032663384
4.493047718431742	0.04168693834703368	1.5752775024810477
5.141930515695824	0.04168693834703368	1.879379564495667
5.884524511008838	0.04168693834703368	1.9374793899464562
6.734363409805407	0.04168693834703368	1.655280876844162
7.706935445758021	0.04168693834703368	1.3861525760397995
8.819965652373028	0.04168693834703368	1.2409217610789265
10.093738900052346	0.04168693834703368	0.8290091712956498
11.551469585940843	0.04168693834703368	0.3636366737941754
13.219724714121972	0.04168693834703368	0.11390322490304156
15.128908076758211	0.04168693834703368	0.027329206425233777
17.313814360331925	0.04168693834703368	0.006223172604414856
19.814263275520517	0.04168693834703368	0.0021499737260819596
22.675825267662994	0.04168693834703368	0.0007086712467463425
25.950652033822625	0.04168693834703368	0.0001689572367759303
29.698426982540767	0.04168693834703368	0.00004528488923802321
33.98745295832107	0.04168693834703368	0.000014454961083353525
38.895897054520105	0.04168693834703368	4.157092578184012e-6
44.51321520124173	0.04168693834703368	1.067705546166978e-6
50.941782491215115	0.04168693834703368	2.0892035869557766e-7
58.29875895619149	0.04168693834703368	3.8806497058757815e-8
66.71822479745835	0.04168693834703368	5.406705947877392e-9
76.35362398484546	0.04168693834703368	4.5829881176422056e-10
87.38056075858388	0.04168693834703368	1.6238717310246367e-11
100.00000000000031	0.04168693834703368	2.1785151768780436e-13
111.55639876771902	0.04168693834703368	4.8383892949096094e-15
138.21730389017998	0.04168693834703368	1.5507432051940215e-17
171.24990861750976	0.04168693834703368	2.423980621026644e-18
212.17698780180757	0.04168693834703368	4.421915414583747e-19
262.885244821937	0.04168693834703368	6.41238528085122e-20
325.7122869971341	0.04168693834703368	3.473823660332477e-21
403.5543872869759	0.04168693834703368	5.1614585074736325e-23
499.9999999999984	0.04168693834703368	0
1000	0.04168693834703368	0
2000	0.04168693834703368	0
1.	0.047863009232264	0.40446692211729746
1.9999999999999998	0.047863009232264	0.48153290858872566
2.288838595949997	0.047863009232264	0.5206817105767906
2.6193910591551774	0.047863009232264	0.5810721467080906
2.9976816770403563	0.047863009232264	0.6746074291807647
3.4306047603910415	0.047863009232264	0.822104038792481
3.926050291516404	0.047863009232264	1.0534399331359143
4.493047718431742	0.047863009232264	1.392118347309268
5.141930515695824	0.047863009232264	1.8027399453644
5.884524511008838	0.047863009232264	2.0804792985937484
6.734363409805407	0.047863009232264	1.9484691268217098
7.706935445758021	0.047863009232264	1.598072015368227
8.819965652373028	0.047863009232264	1.433190892948266
10.093738900052346	0.047863009232264	1.0850752559267232
11.551469585940843	0.047863009232264	0.5189421056196807
13.219724714121972	0.047863009232264	0.16956344818805855
15.128908076758211	0.047863009232264	0.04092990963723646
17.313814360331925	0.047863009232264	0.008799630889766989
19.814263275520517	0.047863009232264	0.00277850955374135
22.675825267662994	0.047863009232264	0.0009359269075330991
25.950652033822625	0.047863009232264	0.00022236955274137102
29.698426982540767	0.047863009232264	0.00005868336915301981
33.98745295832107	0.047863009232264	0.000018150251014112037
38.895897054520105	0.047863009232264	5.201355085182048e-6
44.51321520124173	0.047863009232264	1.3438608941811407e-6
50.941782491215115	0.047863009232264	2.609811391815107e-7
58.29875895619149	0.047863009232264	4.858236009067375e-8
66.71822479745835	0.047863009232264	6.7712374147409014e-9
76.35362398484546	0.047863009232264	5.81536261745382e-10
87.38056075858388	0.047863009232264	2.0995073560931434e-11
100.00000000000031	0.047863009232264	2.864355827329538e-13
111.55639876771902	0.047863009232264	6.421000249954884e-15
138.21730389017998	0.047863009232264	1.866645110920424e-17
171.24990861750976	0.047863009232264	2.9087240874578947e-18
212.17698780180757	0.047863009232264	5.299912118877065e-19
262.885244821937	0.047863009232264	7.686665235979601e-20
325.7122869971341	0.047863009232264	4.1679686372056814e-21
403.5543872869759	0.047863009232264	6.200836205381454e-23
499.9999999999984	0.047863009232264	0
1000	0.047863009232264	0
2000	0.047863009232264	0
1.	0.05495408738576265	0.34464710641278196
1.9999999999999998	0.05495408738576265	0.4113221248971554
2.288838595949997	0.05495408738576265	0.4445499739087048
2.6193910591551774	0.05495408738576265	0.4926083611710765
2.9976816770403563	0.05495408738576265	0.5653996413539867
3.4306047603910415	0.05495408738576265	0.6808140531392124
3.926050291516404	0.05495408738576265	0.8683394841011747
4.493047718431742	0.05495408738576265	1.1694791842799694
5.141930515695824	0.05495408738576265	1.6126306627162317
5.884524511008838	0.05495408738576265	2.0799507516072575
6.734363409805407	0.05495408738576265	2.2213683379498614
7.706935445758021	0.05495408738576265	1.8857710597094526
8.819965652373028	0.05495408738576265	1.6243706809718264
10.093738900052346	0.05495408738576265	1.3641829704425692
11.551469585940843	0.05495408738576265	0.7446275249232056
13.219724714121972	0.05495408738576265	0.25661433561168373
15.128908076758211	0.05495408738576265	0.0627517772697498
17.313814360331925	0.05495408738576265	0.013000738762774893
19.814263275520517	0.05495408738576265	0.0036392659622947647
22.675825267662994	0.05495408738576265	0.0012532520819365106
25.950652033822625	0.05495408738576265	0.0003001888210308283
29.698426982540767	0.05495408738576265	0.00007723192648604268
33.98745295832107	0.05495408738576265	0.000023104684849948498
38.895897054520105	0.05495408738576265	6.611010386701486e-6
44.51321520124173	0.05495408738576265	1.7134436675848581e-6
50.941782491215115	0.05495408738576265	3.3171386488790624e-7
58.29875895619149	0.05495408738576265	6.178717799639817e-8
66.71822479745835	0.05495408738576265	8.614681815818598e-9
76.35362398484546	0.05495408738576265	7.496917041672272e-10
87.38056075858388	0.05495408738576265	2.7603105547208163e-11
100.00000000000031	0.05495408738576265	3.8376855211534903e-13
111.55639876771902	0.05495408738576265	8.700307270541597e-15
138.21730389017998	0.05495408738576265	2.2695666390784707e-17
171.24990861750976	0.05495408738576265	3.523464559839417e-18
212.17698780180757	0.05495408738576265	6.411282016798795e-19
262.885244821937	0.05495408738576265	9.29994648422284e-20
325.7122869971341	0.05495408738576265	5.048051607627224e-21
403.5543872869759	0.05495408738576265	7.521327270273211e-23
499.9999999999984	0.05495408738576265	0
1000	0.05495408738576265	0
2000	0.05495408738576265	0
1.	0.06309573444801955	0.27997476867104065
1.9999999999999998	0.06309573444801955	0.34424675934034765
2.288838595949997	0.06309573444801955	0.372612605917004
2.6193910591551774	0.06309573444801955	0.41183087802515916
2.9976816770403563	0.06309573444801955	0.4681920194891157
3.4306047603910415	0.06309573444801955	0.5549239729192376
3.926050291516404	0.06309573444801955	0.6968076037134249
4.493047718431742	0.06309573444801955	0.9379992685598608
5.141930515695824	0.06309573444801955	1.3351093388117494
5.884524511008838	0.06309573444801955	1.8943512667003708
6.734363409805407	0.06309573444801955	2.34897921872685
7.706935445758021	0.06309573444801955	2.2387316307411522
8.819965652373028	0.06309573444801955	1.8377127364162742
10.093738900052346	0.06309573444801955	1.6458150641207894
11.551469585940843	0.06309573444801955	1.0549437230709056
13.219724714121972	0.06309573444801955	0.3937379899633863
15.128908076758211	0.06309573444801955	0.09895003117583549
17.313814360331925	0.06309573444801955	0.02001575818649768
19.814263275520517	0.06309573444801955	0.0048900690965544835
22.675825267662994	0.06309573444801955	0.0017012423744718918
25.950652033822625	0.06309573444801955	0.0004162744624713689
29.698426982540767	0.06309573444801955	0.00010257666640922942
33.98745295832107	0.06309573444801955	0.00002923433516774064
38.895897054520105	0.06309573444801955	8.363673911088429e-6
44.51321520124173	0.06309573444801955	2.167945746409341e-6
50.941782491215115	0.06309573444801955	4.211694307975254e-7
58.29875895619149	0.06309573444801955	7.8187383267602e-8
66.71822479745835	0.06309573444801955	1.0911492273223236e-8
76.35362398484546	0.06309573444801955	9.619588672771557e-10
87.38056075858388	0.06309573444801955	3.6200143675218784e-11
100.00000000000031	0.06309573444801955	5.143656571682775e-13
111.55639876771902	0.06309573444801955	1.1808072896681338e-14
138.21730389017998	0.06309573444801955	2.7316304869576658e-17
171.24990861750976	0.06309573444801955	4.221934114835059e-18
212.17698780180757	0.06309573444801955	7.670229459820058e-19
262.885244821937	0.06309573444801955	1.112810044993305e-19
325.7122869971341	0.06309573444801955	6.047662375507824e-21
403.5543872869759	0.06309573444801955	9.025944639216837e-23
499.9999999999984	0.06309573444801955	0
1000	0.06309573444801955	0
2000	0.06309573444801955	0
1.	0.07244359600749928	0.2172010268108602
1.9999999999999998	0.07244359600749928	0.2789410278922808
2.288838595949997	0.07244359600749928	0.3030909122998848
2.6193910591551774	0.07244359600749928	0.335910162336204
2.9976816770403563	0.07244359600749928	0.38230929502370875
3.4306047603910415	0.07244359600749928	0.4490000696781176
3.926050291516404	0.07244359600749928	0.5556201507395513
4.493047718431742	0.07244359600749928	0.731521380370029
5.141930515695824	0.07244359600749928	1.0503004917389953
5.884524511008838	0.07244359600749928	1.583233628932391
6.734363409805407	0.07244359600749928	2.2418610950777964
7.706935445758021	0.07244359600749928	2.5411584693184155
8.819965652373028	0.07244359600749928	2.1552013720050778
10.093738900052346	0.07244359600749928	1.871518215707445
11.551469585940843	0.07244359600749928	1.4335289765010086
13.219724714121972	0.07244359600749928	0.6124440426816882
15.128908076758211	0.07244359600749928	0.1594545038994646
17.313814360331925	0.07244359600749928	0.032241848515705614
19.814263275520517	0.07244359600749928	0.006774343240469684
22.675825267662994	0.07244359600749928	0.0023223663712941506
25.950652033822625	0.07244359600749928	0.0005903942937194906
29.698426982540767	0.07244359600749928	0.0001372593580999846
33.98745295832107	0.07244359600749928	0.00003758038970610334
38.895897054520105	0.07244359600749928	0.000010754482416030147
44.51321520124173	0.07244359600749928	2.7786340584817297e-6
50.941782491215115	0.07244359600749928	5.462189537708564e-7
58.29875895619149	0.07244359600749928	1.0040559574835801e-7
66.71822479745835	0.07244359600749928	1.4044544522494525e-8
76.35362398484546	0.07244359600749928	1.2541107762636685e-9
87.38056075858388	0.07244359600749928	4.838848527327458e-11
100.00000000000031	0.07244359600749928	7.057705588970139e-13
111.55639876771902	0.07244359600749928	1.6407064887829212e-14
138.21730389017998	0.07244359600749928	3.322927803607675e-17
171.24990861750976	0.07244359600749928	5.108330146884458e-18
212.17698780180757	0.07244359600749928	9.263953999777282e-19
262.885244821937	0.07244359600749928	1.3442978466185956e-19
325.7122869971341	0.07244359600749928	7.315790403780292e-21
403.5543872869759	0.07244359600749928	1.0939739570430885e-22
499.9999999999984	0.07244359600749928	0
1000	0.07244359600749928	0
2000	0.07244359600749928	0
1.	0.08317637711026743	0.16168311840266963
1.9999999999999998	0.08317637711026743	0.21669713274714092
2.288838595949997	0.08317637711026743	0.23884702934144456
2.6193910591551774	0.08317637711026743	0.2693012490834386
2.9976816770403563	0.08317637711026743	0.3075273676410433
3.4306047603910415	0.08317637711026743	0.3612619430930082
3.926050291516404	0.08317637711026743	0.439941311955218
4.493047718431742	0.08317637711026743	0.5668478405332589
5.141930515695824	0.08317637711026743	0.7954748352238418
5.884524511008838	0.08317637711026743	1.2156044291971377
6.734363409805407	0.08317637711026743	1.9023231505903926
7.706935445758021	0.08317637711026743	2.5944166455617452
8.819965652373028	0.08317637711026743	2.516109536181637
10.093738900052346	0.08317637711026743	2.0642830862481225
11.551469585940843	0.08317637711026743	1.8206042585878488
13.219724714121972	0.08317637711026743	0.9372645802674315
15.128908076758211	0.08317637711026743	0.26310100475088105
17.313814360331925	0.08317637711026743	0.053666703350135805
19.814263275520517	0.08317637711026743	0.009969584972426766
22.675825267662994	0.08317637711026743	0.0031928400883817452
25.950652033822625	0.08317637711026743	0.000852793714910388
29.698426982540767	0.08317637711026743	0.0001848700435168844
33.98745295832107	0.08317637711026743	0.00004897196622487372
38.895897054520105	0.08317637711026743	0.000014007688963159762
44.51321520124173	0.08317637711026743	3.5948879165964686e-6
50.941782491215115	0.08317637711026743	7.210882361814768e-7
58.29875895619149	0.08317637711026743	1.3026985222811178e-7
66.71822479745835	0.08317637711026743	1.8293023161225794e-8
76.35362398484546	0.08317637711026743	1.6559523035480725e-9
87.38056075858388	0.08317637711026743	6.56869050481882e-11
100.00000000000031	0.08317637711026743	9.88954277891421e-13
111.55639876771902	0.08317637711026743	2.3257781139109813e-14
138.21730389017998	0.08317637711026743	4.068183368067896e-17
171.24990861750976	0.08317637711026743	6.213715757439463e-18
212.17698780180757	0.08317637711026743	1.1245379667283727e-18
262.885244821937	0.08317637711026743	1.6321877660004132e-19
325.7122869971341	0.08317637711026743	8.896562123106146e-21
403.5543872869759	0.08317637711026743	1.3333117141497422e-22
499.9999999999984	0.08317637711026743	1.0980616714315971e-25
1000	0.08317637711026743	0
2000	0.08317637711026743	0
1.	0.09549925860214398	0.12403712646890648
1.9999999999999998	0.09549925860214398	0.16630816927805686
2.288838595949997	0.09549925860214398	0.18385309946196304
2.6193910591551774	0.09549925860214398	0.208016298924205
2.9976816770403563	0.09549925860214398	0.24124739064575987
3.4306047603910415	0.09549925860214398	0.28461188054518044
3.926050291516404	0.09549925860214398	0.3494563514716514
4.493047718431742	0.09549925860214398	0.4418320482668363
5.141930515695824	0.09549925860214398	0.6011298605049378
5.884524511008838	0.09549925860214398	0.9000970364607946
6.734363409805407	0.09549925860214398	1.4608545206631636
7.706935445758021	0.09549925860214398	2.327256840420581
8.819965652373028	0.09549925860214398	2.8265970064586043
10.093738900052346	0.09549925860214398	2.3272132440719124
11.551469585940843	0.09549925860214398	2.107143628917751
13.219724714121972	0.09549925860214398	1.3821962970992718
15.128908076758211	0.09549925860214398	0.4391091242822928
17.313814360331925	0.09549925860214398	0.09165023671861496
19.814263275520517	0.09549925860214398	0.015789194633847082
22.675825267662994	0.09549925860214398	0.004422731291221446
25.950652033822625	0.09549925860214398	0.001237415363049503
29.698426982540767	0.09549925860214398	0.00025248259387343236
33.98745295832107	0.09549925860214398	0.00006507620135850218
38.895897054520105	0.09549925860214398	0.00001856312684367813
44.51321520124173	0.09549925860214398	4.718271170591819e-6
50.941782491215115	0.09549925860214398	9.715128464112524e-7
58.29875895619149	0.09549925860214398	1.7153216969275024e-7
66.71822479745835	0.09549925860214398	2.4205167519698343e-8
76.35362398484546	0.09549925860214398	2.2274073725602645e-9
87.38056075858388	0.09549925860214398	9.088581771386483e-11
100.00000000000031	0.09549925860214398	1.4185443995772758e-12
111.55639876771902	0.09549925860214398	3.3729148485248456e-14
138.21730389017998	0.09549925860214398	5.0275601718900984e-17
171.24990861750976	0.09549925860214398	7.619431422496603e-18
212.17698780180757	0.09549925860214398	1.3756829657409541e-18
262.885244821937	0.09549925860214398	1.9972113673388163e-19
325.7122869971341	0.09549925860214398	1.0905919169723699e-20
403.5543872869759	0.09549925860214398	1.6385876606878916e-22
499.9999999999984	0.09549925860214398	1.3556865303555094e-25
1000	0.09549925860214398	0
2000	0.09549925860214398	0
1.	0.10964781961431896	0.10375425859356466
1.9999999999999998	0.10964781961431896	0.13241643209846146
2.288838595949997	0.10964781961431896	0.144118449708747
2.6193910591551774	0.10964781961431896	0.1638426356440922
2.9976816770403563	0.10964781961431896	0.1897217940516871
3.4306047603910415	0.10964781961431896	0.2251222320645584
3.926050291516404	0.10964781961431896	0.2744139922329791
4.493047718431742	0.10964781961431896	0.34343997668252757
5.141930515695824	0.10964781961431896	0.45041806348823127
5.884524511008838	0.10964781961431896	0.6549061537624684
6.734363409805407	0.10964781961431896	1.0369180868351038
7.706935445758021	0.10964781961431896	1.8018731163037804
8.819965652373028	0.10964781961431896	2.7636270460964973
10.093738900052346	0.10964781961431896	2.713853497679466
11.551469585940843	0.10964781961431896	2.2801768422124398
13.219724714121972	0.10964781961431896	1.8842387190467016
15.128908076758211	0.10964781961431896	0.734737107386223
17.313814360331925	0.10964781961431896	0.16029035805584665
19.814263275520517	0.10964781961431896	0.02677042103451608
22.675825267662994	0.10964781961431896	0.006232172766686133
25.950652033822625	0.10964781961431896	0.0018043476262509966
29.698426982540767	0.10964781961431896	0.00035624298829757723
33.98745295832107	0.10964781961431896	0.00008779685463123839
38.895897054520105	0.10964781961431896	0.000024867370207338002
44.51321520124173	0.10964781961431896	6.251028090856607e-6
50.941782491215115	0.10964781961431896	1.3233414328444805e-6
58.29875895619149	0.10964781961431896	2.2789201173156608e-7
66.71822479745835	0.10964781961431896	3.2331414677546856e-8
76.35362398484546	0.10964781961431896	3.0367193495365055e-9
87.38056075858388	0.10964781961431896	1.272457197963203e-10
100.00000000000031	0.10964781961431896	2.059713814832284e-12
111.55639876771902	0.10964781961431896	4.9594533352430486e-14
138.21730389017998	0.10964781961431896	6.222972844686238e-17
171.24990861750976	0.10964781961431896	9.342146496020206e-18
212.17698780180757	0.10964781961431896	1.6821419699114037e-18
262.885244821937	0.10964781961431896	2.4428206651940425e-19
325.7122869971341	0.10964781961431896	1.3366800056137122e-20
403.5543872869759	0.10964781961431896	2.014149696444303e-22
499.9999999999984	0.10964781961431896	1.675157570750099e-25
1000	0.10964781961431896	0
2000	0.10964781961431896	0