1	0.001	0.00398998
2	0.001	0.00404778
2.28884	0.001	0.00407043
2.61939	0.001	0.00409891
2.99768	0.001	0.0041332
3.4306	0.001	0.00417531
3.92605	0.001	0.00422715
4.49305	0.001	0.00428836
5.14193	0.001	0.00435669
5.88452	0.001	0.00442855
6.73436	0.001	0.00450388
7.70694	0.001	0.00458596
8.81997	0.001	0.00468171
10.0937	0.001	0.00479699
11.5515	0.001	0.00491214
13.2197	0.001	0.00496536
15.1289	0.001	0.00486313
17.3138	0.001	0.00453837
19.8143	0.001	0.00397878
22.6758	0.001	0.00319009
25.9507	0.001	0.00227374
29.6984	0.001	0.00141855
33.9875	0.001	0.000759774
38.8959	0.001	0.00035179
44.5132	0.001	0.000141498
50.9418	0.001	0.0000510992
58.2988	0.001	0.0000176523
66.7182	0.001	6.06952e-6
1	0.00114815	0.0045785
2	0.00114815	0.00464468
2.28884	0.00114815	0.00467089
2.61939	0.00114815	0.00470324
2.99768	0.00114815	0.00474272
3.4306	0.00114815	0.00479099
3.92605	0.00114815	0.00485075
4.49305	0.00114815	0.00492067
5.14193	0.00114815	0.00499916
5.88452	0.00114815	0.00508083
6.73436	0.00114815	0.00516802
7.70694	0.00114815	0.00526274
8.81997	0.00114815	0.00537356
10.0937	0.00114815	0.00550541
11.5515	0.00114815	0.00563768
13.2197	0.00114815	0.00569951
15.1289	0.00114815	0.00558261
17.3138	0.00114815	0.0052104
19.8143	0.00114815	0.00456863
22.6758	0.00114815	0.00366329
25.9507	0.00114815	0.00261146
29.6984	0.00114815	0.00162942
33.9875	0.00114815	0.000872755
38.8959	0.00114815	0.000404114
44.5132	0.00114815	0.000162543
50.9418	0.00114815	0.0000586992
58.2988	0.00114815	0.0000202771
66.7182	0.00114815	6.97172e-6
1	0.00131826	0.00525358
2	0.00131826	0.00532966
2.28884	0.00131826	0.00535953
2.61939	0.00131826	0.00539601
2.99768	0.00131826	0.00544149
3.4306	0.00131826	0.00549698
3.92605	0.00131826	0.00556556
4.49305	0.00131826	0.00564585
5.14193	0.00131826	0.00573598
5.88452	0.00131826	0.00583043
6.73436	0.00131826	0.00593028
7.70694	0.00131826	0.00603918
8.81997	0.00131826	0.00616583
10.0937	0.00131826	0.00631785
11.5515	0.00131826	0.00647007
13.2197	0.00131826	0.0065419
15.1289	0.00131826	0.00640866
17.3138	0.00131826	0.00598216
19.8143	0.00131826	0.005246
22.6758	0.00131826	0.00420683
25.9507	0.00131826	0.00299948
29.6984	0.00131826	0.00187173
33.9875	0.00131826	0.00100261
38.8959	0.00131826	0.00046426
44.5132	0.00131826	0.000186733
50.9418	0.00131826	0.0000674345
58.2988	0.00131826	0.0000232938
66.7182	0.00131826	8.00847e-6
1	0.00151356	0.00602763
2	0.00151356	0.00611475
2.28884	0.00151356	0.00614814
2.61939	0.00151356	0.006191
2.99768	0.00151356	0.00624288
3.4306	0.00151356	0.00630645
3.92605	0.00151356	0.00638478
4.49305	0.00151356	0.00647684
5.14193	0.00151356	0.00658073
5.88452	0.00151356	0.0066899
6.73436	0.00151356	0.00680481
7.70694	0.00151356	0.00692952
8.81997	0.00151356	0.00707516
10.0937	0.00151356	0.00724977
11.5515	0.00151356	0.0074249
13.2197	0.00151356	0.00750824
15.1289	0.00151356	0.00735673
17.3138	0.00151356	0.00686788
19.8143	0.00151356	0.00602386
22.6758	0.00151356	0.00483142
25.9507	0.00151356	0.00344535
29.6984	0.00151356	0.00215016
33.9875	0.00151356	0.00115187
38.8959	0.00151356	0.000533412
44.5132	0.00151356	0.000214552
50.9418	0.00151356	0.0000774811
58.2988	0.00151356	0.0000267614
66.7182	0.00151356	9.20014e-6
1	0.0017378	0.00691468
2	0.0017378	0.00701477
2.28884	0.0017378	0.00705306
2.61939	0.0017378	0.00710252
2.99768	0.0017378	0.0071611
3.4306	0.0017378	0.00723454
3.92605	0.0017378	0.0073242
4.49305	0.0017378	0.00743012
5.14193	0.0017378	0.00754843
5.88452	0.0017378	0.00767513
6.73436	0.0017378	0.00780632
7.70694	0.0017378	0.00795017
8.81997	0.0017378	0.00811862
10.0937	0.0017378	0.00831853
11.5515	0.0017378	0.00852024
13.2197	0.0017378	0.00861695
15.1289	0.0017378	0.00844469
17.3138	0.0017378	0.00788504
19.8143	0.0017378	0.00691688
22.6758	0.0017378	0.00554888
25.9507	0.0017378	0.00395774
29.6984	0.0017378	0.00247023
33.9875	0.0017378	0.00132351
38.8959	0.0017378	0.000612947
44.5132	0.0017378	0.000246541
50.9418	0.0017378	0.0000890288
58.2988	0.0017378	0.000030748
66.7182	0.0017378	0.0000105701
1	0.00199526	0.00793383
2	0.00199526	0.00804729
2.28884	0.00199526	0.00808991
2.61939	0.00199526	0.00814449
2.99768	0.00199526	0.00821293
3.4306	0.00199526	0.00829757
3.92605	0.00199526	0.00840003
4.49305	0.00199526	0.00852179
5.14193	0.00199526	0.00865699
5.88452	0.00199526	0.00880257
6.73436	0.00199526	0.00895499
7.70694	0.00199526	0.009121
8.81997	0.00199526	0.00931324
10.0937	0.00199526	0.00954378
11.5515	0.00199526	0.00977633
13.2197	0.00199526	0.00988904
15.1289	0.00199526	0.00969335
17.3138	0.00199526	0.00905228
19.8143	0.00199526	0.00794235
22.6758	0.00199526	0.0063734
25.9507	0.00199526	0.00454664
29.6984	0.00199526	0.00283828
33.9875	0.00199526	0.00152691
38.8959	0.00199526	0.000704427
44.5132	0.00199526	0.000283331
50.9418	0.00199526	0.000102296
58.2988	0.00199526	0.000035332
66.7182	0.00199526	0.0000121451
1	0.00229087	0.00909882
2	0.00229087	0.00922716
2.28884	0.00229087	0.0092806
2.61939	0.00229087	0.0093413
2.99768	0.00229087	0.00941797
3.4306	0.00229087	0.0095153
3.92605	0.00229087	0.00963275
4.49305	0.00229087	0.00977102
5.14193	0.00229087	0.00992706
5.88452	0.00229087	0.0100953
6.73436	0.00229087	0.0102711
7.70694	0.00229087	0.0104633
8.81997	0.00229087	0.0106827
10.0937	0.00229087	0.0109484
11.5515	0.00229087	0.0112171
13.2197	0.00229087	0.0113477
15.1289	0.00229087	0.0111254
17.3138	0.00229087	0.0103929
19.8143	0.00229087	0.00912054
22.6758	0.00229087	0.00732084
25.9507	0.00229087	0.00522364
29.6984	0.00229087	0.0032615
33.9875	0.00229087	0.00175486
38.8959	0.00229087	0.000809618
44.5132	0.00229087	0.000325636
50.9418	0.00229087	0.000117591
58.2988	0.00229087	0.0000406048
66.7182	0.00229087	0.0000139563
1	0.00263027	0.0104338
2	0.00263027	0.0105812
2.28884	0.00263027	0.010642
2.61939	0.00263027	0.010711
2.99768	0.00263027	0.0107986
3.4306	0.00263027	0.0109096
3.92605	0.00263027	0.0110441
4.49305	0.00263027	0.0112031
5.14193	0.00263027	0.0113831
5.88452	0.00263027	0.0115763
6.73436	0.00263027	0.0117789
7.70694	0.00263027	0.0120014
8.81997	0.00263027	0.0122524
10.0937	0.00263027	0.012558
11.5515	0.00263027	0.0128679
13.2197	0.00263027	0.0130205
15.1289	0.00263027	0.012769
17.3138	0.00263027	0.0119314
19.8143	0.00263027	0.0104732
22.6758	0.00263027	0.00840952
25.9507	0.00263027	0.00600199
29.6984	0.00263027	0.00374823
33.9875	0.00263027	0.00201709
38.8959	0.00263027	0.000930713
44.5132	0.00263027	0.000374332
50.9418	0.00263027	0.000135169
58.2988	0.00263027	0.0000466705
66.7182	0.00263027	0.0000160402
1	0.00301995	0.0119569
2	0.00301995	0.0121326
2.28884	0.00301995	0.0122003
2.61939	0.00301995	0.0122803
2.99768	0.00301995	0.0123784
3.4306	0.00301995	0.0125073
3.92605	0.00301995	0.0126587
4.49305	0.00301995	0.0128413
5.14193	0.00301995	0.0130489
5.88452	0.00301995	0.0132715
6.73436	0.00301995	0.0135028
7.70694	0.00301995	0.0137611
8.81997	0.00301995	0.0140525
10.0937	0.00301995	0.0144028
11.5515	0.00301995	0.0147598
13.2197	0.00301995	0.0149386
15.1289	0.00301995	0.0146545
17.3138	0.00301995	0.0136979
19.8143	0.00301995	0.012027
22.6758	0.00301995	0.0096611
25.9507	0.00301995	0.00689695
29.6984	0.00301995	0.0043083
33.9875	0.00301995	0.00231885
38.8959	0.00301995	0.00107015
44.5132	0.00301995	0.000430373
50.9418	0.00301995	0.00015539
58.2988	0.00301995	0.0000536511
66.7182	0.00301995	0.000018437
1	0.00346737	0.013713
2	0.00346737	0.0139069
2.28884	0.00346737	0.0139835
2.61939	0.00346737	0.0140747
2.99768	0.00346737	0.0141875
3.4306	0.00346737	0.0143327
3.92605	0.00346737	0.0145067
4.49305	0.00346737	0.0147149
5.14193	0.00346737	0.0149508
5.88452	0.00346737	0.0152056
6.73436	0.00346737	0.0154771
7.70694	0.00346737	0.0157746
8.81997	0.00346737	0.0161119
10.0937	0.00346737	0.016515
11.5515	0.00346737	0.0169266
13.2197	0.00346737	0.0171369
15.1289	0.00346737	0.0168171
17.3138	0.00346737	0.0157243
19.8143	0.00346737	0.0138119
22.6758	0.00346737	0.0110992
25.9507	0.00346737	0.00792655
29.6984	0.00346737	0.00495283
33.9875	0.00346737	0.00266617
38.8959	0.00346737	0.00123063
44.5132	0.00346737	0.000494907
50.9418	0.00346737	0.00017871
58.2988	0.00346737	0.0000616882
66.7182	0.00346737	0.0000211959
1	0.00398107	0.0157148
2	0.00398107	0.0159362
2.28884	0.00398107	0.0160223
2.61939	0.00398107	0.016129
2.99768	0.00398107	0.0162566
3.4306	0.00398107	0.01642
3.92605	0.00398107	0.0166207
4.49305	0.00398107	0.0168604
5.14193	0.00398107	0.0171312
5.88452	0.00398107	0.0174265
6.73436	0.00398107	0.0177396
7.70694	0.00398107	0.0180831
8.81997	0.00398107	0.0184732
10.0937	0.00398107	0.0189329
11.5515	0.00398107	0.0194086
13.2197	0.00398107	0.0196562
15.1289	0.00398107	0.0192978
17.3138	0.00398107	0.0180509
19.8143	0.00398107	0.0158609
22.6758	0.00398107	0.0127524
25.9507	0.00398107	0.00911123
29.6984	0.00398107	0.00569493
33.9875	0.00398107	0.00306626
38.8959	0.00398107	0.00141535
44.5132	0.00398107	0.000569252
50.9418	0.00398107	0.000205569
58.2988	0.00398107	0.0000709442
66.7182	0.00398107	0.0000243726
1	0.00457088	0.0180085
2	0.00457088	0.0182548
2.28884	0.00457088	0.0183535
2.61939	0.00457088	0.0184763
2.99768	0.00457088	0.0186218
3.4306	0.00457088	0.0188099
3.92605	0.00457088	0.0190415
4.49305	0.00457088	0.0193145
5.14193	0.00457088	0.0196219
5.88452	0.00457088	0.0199631
6.73436	0.00457088	0.0203224
7.70694	0.00457088	0.0207259
8.81997	0.00457088	0.0211702
10.0937	0.00457088	0.0217006
11.5515	0.00457088	0.0222505
13.2197	0.00457088	0.0225422
15.1289	0.00457088	0.0221413
17.3138	0.00457088	0.0207219
19.8143	0.00457088	0.0182162
22.6758	0.00457088	0.014653
25.9507	0.00457088	0.0104744
29.6984	0.00457088	0.00654944
33.9875	0.00457088	0.00352723
38.8959	0.00457088	0.0016283
44.5132	0.00457088	0.000654911
50.9418	0.00457088	0.000236469
58.2988	0.00457088	0.0000816069
66.7182	0.00457088	0.0000280303
1	0.00524807	0.0206236
2	0.00524807	0.0209095
2.28884	0.00524807	0.021023
2.61939	0.00524807	0.0211591
2.99768	0.00524807	0.0213247
3.4306	0.00524807	0.0215409
3.92605	0.00524807	0.0218041
4.49305	0.00524807	0.0221125
5.14193	0.00524807	0.0224672
5.88452	0.00524807	0.0228581
6.73436	0.00524807	0.0232796
7.70694	0.00524807	0.0237395
8.81997	0.00524807	0.0242566
10.0937	0.00524807	0.0248682
11.5515	0.00524807	0.0255033
13.2197	0.00524807	0.0258486
15.1289	0.00524807	0.0254021
17.3138	0.00524807	0.0237863
19.8143	0.00524807	0.0209214
22.6758	0.00524807	0.0168404
25.9507	0.00524807	0.012044
29.6984	0.00524807	0.00753378
33.9875	0.00524807	0.00405838
38.8959	0.00524807	0.00187394
44.5132	0.00524807	0.00075375
50.9418	0.00524807	0.000272158
58.2988	0.00524807	0.000093897
66.7182	0.00524807	0.0000322442
1	0.0060256	0.0236186
2	0.0060256	0.0239343
2.28884	0.0060256	0.0240614
2.61939	0.0060256	0.0242203
2.99768	0.0060256	0.0244086
3.4306	0.0060256	0.0246509
3.92605	0.0060256	0.024947
4.49305	0.0060256	0.0253085
5.14193	0.0060256	0.0257143
5.88452	0.0060256	0.0261679
6.73436	0.0060256	0.0266554
7.70694	0.0060256	0.0271885
8.81997	0.0060256	0.0277792
10.0937	0.0060256	0.028487
11.5515	0.0060256	0.0292238
13.2197	0.0060256	0.0296329
15.1289	0.0060256	0.0291406
17.3138	0.0060256	0.0273028
19.8143	0.0060256	0.024031
22.6758	0.0060256	0.0193548
25.9507	0.0060256	0.0138522
29.6984	0.0060256	0.00866857
33.9875	0.0060256	0.00467137
38.8959	0.0060256	0.00215749
44.5132	0.0060256	0.000867761
50.9418	0.0060256	0.000313323
58.2988	0.0060256	0.000108072
66.7182	0.0060256	0.000037103
1	0.00691831	0.0270291
2	0.00691831	0.0273846
2.28884	0.00691831	0.0275389
2.61939	0.00691831	0.0277121
2.99768	0.00691831	0.0279239
3.4306	0.00691831	0.0282024
3.92605	0.00691831	0.0285374
4.49305	0.00691831	0.0289525
5.14193	0.00691831	0.0294229
5.88452	0.00691831	0.029945
6.73436	0.00691831	0.0305119
7.70694	0.00691831	0.0311203
8.81997	0.00691831	0.0318102
10.0937	0.00691831	0.0326231
11.5515	0.00691831	0.0334771
13.2197	0.00691831	0.0339647
15.1289	0.00691831	0.0334246
17.3138	0.00691831	0.0313385
19.8143	0.00691831	0.0276039
22.6758	0.00691831	0.0222512
25.9507	0.00691831	0.015934
29.6984	0.00691831	0.0099778
33.9875	0.00691831	0.00537873
38.8959	0.00691831	0.002485
44.5132	0.00691831	0.000999449
50.9418	0.00691831	0.000360974
58.2988	0.00691831	0.000124435
66.7182	0.00691831	0.0000427108
1	0.00794328	0.0309161
2	0.00794328	0.0313261
2.28884	0.00794328	0.0314867
2.61939	0.00794328	0.0316834
2.99768	0.00794328	0.0319284
3.4306	0.00794328	0.0322453
3.92605	0.00794328	0.0326313
4.49305	0.00794328	0.0331023
5.14193	0.00794328	0.0336457
5.88452	0.00794328	0.0342464
6.73436	0.00794328	0.0349045
7.70694	0.00794328	0.0356058
8.81997	0.00794328	0.0364071
10.0937	0.00794328	0.0373476
11.5515	0.00794328	0.038336
13.2197	0.00794328	0.0389175
15.1289	0.00794328	0.0383303
17.3138	0.00794328	0.0359692
19.8143	0.00794328	0.0317072
22.6758	0.00794328	0.0255793
25.9507	0.00794328	0.0183349
29.6984	0.00794328	0.0114886
33.9875	0.00794328	0.00619625
38.8959	0.00794328	0.00286357
44.5132	0.00794328	0.00115167
50.9418	0.00794328	0.00041591
58.2988	0.00794328	0.000143333
66.7182	0.00794328	0.0000491827
1	0.00912011	0.0353562
2	0.00912011	0.0358112
2.28884	0.00912011	0.0359908
2.61939	0.00912011	0.0362123
2.99768	0.00912011	0.0364927
3.4306	0.00912011	0.0368461
3.92605	0.00912011	0.0372865
4.49305	0.00912011	0.0378192
5.14193	0.00912011	0.03844
5.88452	0.00912011	0.0391468
6.73436	0.00912011	0.0399136
7.70694	0.00912011	0.0407262
8.81997	0.00912011	0.04165
10.0937	0.00912011	0.0427382
11.5515	0.00912011	0.0438844
13.2197	0.00912011	0.0445791
15.1289	0.00912011	0.043948
17.3138	0.00912011	0.04128
19.8143	0.00912011	0.0364208
22.6758	0.00912011	0.0294135
25.9507	0.00912011	0.0211043
29.6984	0.00912011	0.0132342
33.9875	0.00912011	0.00714102
38.8959	0.00912011	0.00330203
44.5132	0.00912011	0.0013277
50.9418	0.00912011	0.000479565
58.2988	0.00912011	0.000165182
66.7182	0.00912011	0.0000566548
1	0.0104713	0.0404097
2	0.0104713	0.0409077
2.28884	0.0104713	0.0411215
2.61939	0.0104713	0.0413665
2.99768	0.0104713	0.0416744
3.4306	0.0104713	0.042073
3.92605	0.0104713	0.0425777
4.49305	0.0104713	0.04318
5.14193	0.0104713	0.0439008
5.88452	0.0104713	0.0447062
6.73436	0.0104713	0.0456026
7.70694	0.0104713	0.0465543
8.81997	0.0104713	0.0476235
10.0937	0.0104713	0.0488784
11.5515	0.0104713	0.0502093
13.2197	0.0104713	0.0510471
15.1289	0.0104713	0.0503794
17.3138	0.0104713	0.0473748
19.8143	0.0104713	0.0418426
22.6758	0.0104713	0.0338311
25.9507	0.0104713	0.0243023
29.6984	0.0104713	0.0152517
33.9875	0.0104713	0.00823446
38.8959	0.0104713	0.00380924
44.5132	0.0104713	0.00153159
50.9418	0.0104713	0.000553145
58.2988	0.0104713	0.000190459
66.7182	0.0104713	0.0000652937
1	0.0120226	0.0461546
2	0.0120226	0.0467072
2.28884	0.0120226	0.0469275
2.61939	0.0120226	0.0472104
2.99768	0.0120226	0.0475566
3.4306	0.0120226	0.0480139
3.92605	0.0120226	0.0485749
4.49305	0.0120226	0.0492637
5.14193	0.0120226	0.0500878
5.88452	0.0120226	0.051025
6.73436	0.0120226	0.0520557
7.70694	0.0120226	0.0531773
8.81997	0.0120226	0.0544209
10.0937	0.0120226	0.0558683
11.5515	0.0120226	0.0574226
13.2197	0.0120226	0.0584307
15.1289	0.0120226	0.057736
17.3138	0.0120226	0.0543602
19.8143	0.0120226	0.0480715
22.6758	0.0120226	0.0389127
25.9507	0.0120226	0.0279941
29.6984	0.0120226	0.0175858
33.9875	0.0120226	0.00950161
38.8959	0.0120226	0.00439749
44.5132	0.0120226	0.00176798
50.9418	0.0120226	0.00063844
58.2988	0.0120226	0.000219744
66.7182	0.0120226	0.000075301
1	0.0138038	0.0526701
2	0.0138038	0.0532798
2.28884	0.0138038	0.0535223
2.61939	0.0138038	0.0538249
2.99768	0.0138038	0.0542299
3.4306	0.0138038	0.0547317
3.92605	0.0138038	0.0553581
4.49305	0.0138038	0.056143
5.14193	0.0138038	0.0570889
5.88452	0.0138038	0.0581884
6.73436	0.0138038	0.0593978
7.70694	0.0138038	0.0606954
8.81997	0.0138038	0.0621315
10.0937	0.0138038	0.0638181
11.5515	0.0138038	0.0656256
13.2197	0.0138038	0.0668484
15.1289	0.0138038	0.0661365
17.3138	0.0138038	0.0623736
19.8143	0.0138038	0.0552363
22.6758	0.0138038	0.0447883
25.9507	0.0138038	0.0322627
29.6984	0.0138038	0.0202893
33.9875	0.0138038	0.0109707
38.8959	0.0138038	0.0050805
44.5132	0.0138038	0.00204259
50.9418	0.0138038	0.000737534
58.2988	0.0138038	0.000253705
66.7182	0.0138038	0.0000868878
1	0.0158489	0.060063
2	0.0158489	0.0607409
2.28884	0.0158489	0.0610078
2.61939	0.0158489	0.0613375
2.99768	0.0158489	0.0617749
3.4306	0.0158489	0.0623297
3.92605	0.0158489	0.0630371
4.49305	0.0158489	0.0639523
5.14193	0.0158489	0.0650094
5.88452	0.0158489	0.0662968
6.73436	0.0158489	0.0676924
7.70694	0.0158489	0.069212
8.81997	0.0158489	0.0708979
10.0937	0.0158489	0.0728401
11.5515	0.0158489	0.0749507
13.2197	0.0158489	0.0764329
15.1289	0.0158489	0.07575
17.3138	0.0158489	0.0715516
19.8143	0.0158489	0.0634534
22.6758	0.0158489	0.0515616
25.9507	0.0158489	0.0372009
29.6984	0.0158489	0.0234247
33.9875	0.0158489	0.012677
38.8959	0.0158489	0.00587458
44.5132	0.0158489	0.00236188
50.9418	0.0158489	0.000852776
58.2988	0.0158489	0.000293161
66.7182	0.0158489	0.000100344
1	0.018197	0.0684263
2	0.018197	0.0691495
2.28884	0.018197	0.0694295
2.61939	0.018197	0.0698037
2.99768	0.018197	0.0702938
3.4306	0.018197	0.0709083
3.92605	0.018197	0.0716993
4.49305	0.018197	0.0726968
5.14193	0.018197	0.0739241
5.88452	0.018197	0.0754181
6.73436	0.018197	0.0770461
7.70694	0.018197	0.0788412
8.81997	0.018197	0.0808224
10.0937	0.018197	0.0830693
11.5515	0.018197	0.0855274
13.2197	0.018197	0.087327
15.1289	0.018197	0.0867132
17.3138	0.018197	0.0820814
19.8143	0.018197	0.0729092
22.6758	0.018197	0.0593621
25.9507	0.018197	0.0429156
29.6984	0.018197	0.0270652
33.9875	0.018197	0.0146628
38.8959	0.018197	0.0068003
44.5132	0.018197	0.0027339
50.9418	0.018197	0.000987167
58.2988	0.018197	0.000339056
66.7182	0.018197	0.000115978
1	0.020893	0.0778695
2	0.020893	0.0786169
2.28884	0.020893	0.0789387
2.61939	0.020893	0.0793455
2.99768	0.020893	0.0798812
3.4306	0.020893	0.0805677
3.92605	0.020893	0.0814437
4.49305	0.020893	0.0825832
5.14193	0.020893	0.0839825
5.88452	0.020893	0.0856979
6.73436	0.020893	0.0876229
7.70694	0.020893	0.0897052
8.81997	0.020893	0.0919954
10.0937	0.020893	0.0946322
11.5515	0.020893	0.09751
13.2197	0.020893	0.099705
15.1289	0.020893	0.0992201
17.3138	0.020893	0.0941282
19.8143	0.020893	0.0837857
22.6758	0.020893	0.0683819
25.9507	0.020893	0.0495432
29.6984	0.020893	0.0313017
33.9875	0.020893	0.016978
38.8959	0.020893	0.00788161
44.5132	0.020893	0.00316802
50.9418	0.020893	0.00114429
58.2988	0.020893	0.000392547
66.7182	0.020893	0.00013417
1	0.0239883	0.0884896
2	0.0239883	0.0893028
2.28884	0.0239883	0.0896304
2.61939	0.0239883	0.0900706
2.99768	0.0239883	0.0906392
3.4306	0.0239883	0.0913971
3.92605	0.0239883	0.0923468
4.49305	0.0239883	0.0936277
5.14193	0.0239883	0.0952395
5.88452	0.0239883	0.0971985
6.73436	0.0239883	0.0994716
7.70694	0.0239883	0.101924
8.81997	0.0239883	0.104627
10.0937	0.0239883	0.107691
11.5515	0.0239883	0.111061
13.2197	0.0239883	0.113727
15.1289	0.0239883	0.113479
17.3138	0.0239883	0.107932
19.8143	0.0239883	0.0963005
22.6758	0.0239883	0.0788164
25.9507	0.0239883	0.0572398
29.6984	0.0239883	0.0362372
33.9875	0.0239883	0.0196816
38.8959	0.0239883	0.00914441
44.5132	0.0239883	0.00367596
50.9418	0.0239883	0.00132771
58.2988	0.0239883	0.000455016
66.7182	0.0239883	0.000155361
1	0.0275423	0.100397
2	0.0275423	0.101243
2.28884	0.0275423	0.101592
2.61939	0.0275423	0.102036
2.99768	0.0275423	0.102666
3.4306	0.0275423	0.103416
3.92605	0.0275423	0.10456
4.49305	0.0275423	0.105995
5.14193	0.0275423	0.107267
5.88452	0.0275423	0.110071
6.73436	0.0275423	0.11271
7.70694	0.0275423	0.115643
8.81997	0.0275423	0.118781
10.0937	0.0275423	0.122406
11.5515	0.0275423	0.126353
13.2197	0.0275423	0.129592
15.1289	0.0275423	0.129697
17.3138	0.0275423	0.123716
19.8143	0.0275423	0.110705
22.6758	0.0275423	0.0908679
25.9507	0.0275423	0.0661935
29.6984	0.0275423	0.0419957
33.9875	0.0275423	0.0228452
38.8959	0.0275423	0.0106279
44.5132	0.0275423	0.00427224
50.9418	0.0275423	0.00154286
58.2988	0.0275423	0.000528153
66.7182	0.0275423	0.000180174
1	0.0316228	0.11372
2	0.0316228	0.114539
2.28884	0.0316228	0.114919
2.61939	0.0316228	0.115422
2.99768	0.0316228	0.116069
3.4306	0.0316228	0.116943
3.92605	0.0316228	0.118113
4.49305	0.0316228	0.119696
5.14193	0.0316228	0.121813
5.88452	0.0316228	0.124389
6.73436	0.0316228	0.127496
7.70694	0.0316228	0.130936
8.81997	0.0316228	0.134671
10.0937	0.0316228	0.138899
11.5515	0.0316228	0.143511
13.2197	0.0316228	0.147576
15.1289	0.0316228	0.148108
17.3138	0.0316228	0.141749
19.8143	0.0316228	0.127271
22.6758	0.0316228	0.104836
25.9507	0.0316228	0.0766237
29.6984	0.0316228	0.0487306
33.9875	0.0316228	0.0265582
38.8959	0.0316228	0.0123732
44.5132	0.0316228	0.00497325
50.9418	0.0316228	0.00179642
58.2988	0.0316228	0.000613997
66.7182	0.0316228	0.000209179
1	0.0363078	0.128523
2	0.0363078	0.129352
2.28884	0.0363078	0.129709
2.61939	0.0363078	0.130259
2.99768	0.0363078	0.13093
3.4306	0.0363078	0.131839
3.92605	0.0363078	0.133157
4.49305	0.0363078	0.134905
5.14193	0.0363078	0.137301
5.88452	0.0363078	0.140251
6.73436	0.0363078	0.143843
7.70694	0.0363078	0.14793
8.81997	0.0363078	0.152429
10.0937	0.0363078	0.157335
11.5515	0.0363078	0.162752
13.2197	0.0363078	0.16776
15.1289	0.0363078	0.168961
17.3138	0.0363078	0.16237
19.8143	0.0363078	0.146271
22.6758	0.0363078	0.120981
25.9507	0.0363078	0.0887917
29.6984	0.0363078	0.0566459
33.9875	0.0363078	0.0309306
38.8959	0.0363078	0.0144299
44.5132	0.0363078	0.00580198
50.9418	0.0363078	0.00209525
58.2988	0.0363078	0.000715047
66.7182	0.0363078	0.000243244
1	0.0416869	0.144961
2	0.0416869	0.145788
2.28884	0.0416869	0.146123
2.61939	0.0416869	0.146673
2.99768	0.0416869	0.147363
3.4306	0.0416869	0.148333
3.92605	0.0416869	0.149725
4.49305	0.0416869	0.15168
5.14193	0.0416869	0.154346
5.88452	0.0416869	0.15773
6.73436	0.0416869	0.161971
7.70694	0.0416869	0.166754
8.81997	0.0416869	0.172117
10.0937	0.0416869	0.177868
11.5515	0.0416869	0.184318
13.2197	0.0416869	0.190399
15.1289	0.0416869	0.192481
17.3138	0.0416869	0.185802
19.8143	0.0416869	0.168092
22.6758	0.0416869	0.139634
25.9507	0.0416869	0.103006
29.6984	0.0416869	0.0659561
33.9875	0.0416869	0.0361018
38.8959	0.0416869	0.0168659
44.5132	0.0416869	0.00678233
50.9418	0.0416869	0.00244913
58.2988	0.0416869	0.000834379
66.7182	0.0416869	0.000283408
1	0.047863	0.16302
2	0.047863	0.163773
2.28884	0.047863	0.164132
2.61939	0.047863	0.164626
2.99768	0.047863	0.165356
3.4306	0.047863	0.166374
3.92605	0.047863	0.167907
4.49305	0.047863	0.170042
5.14193	0.047863	0.173
5.88452	0.047863	0.17681
6.73436	0.047863	0.181743
7.70694	0.047863	0.187446
8.81997	0.047863	0.193784
10.0937	0.047863	0.200671
11.5515	0.047863	0.208265
13.2197	0.047863	0.215611
15.1289	0.047863	0.218904
17.3138	0.047863	0.21243
19.8143	0.047863	0.193036
22.6758	0.047863	0.161291
25.9507	0.047863	0.119606
29.6984	0.047863	0.0769233
33.9875	0.047863	0.042224
38.8959	0.047863	0.0197643
44.5132	0.047863	0.00794818
50.9418	0.047863	0.00286957
58.2988	0.047863	0.000975857
66.7182	0.047863	0.000330867
1	0.0549541	0.182728
2	0.0549541	0.18332
2.28884	0.0549541	0.18365
2.61939	0.0549541	0.18419
2.99768	0.0549541	0.184971
3.4306	0.0549541	0.186105
3.92605	0.0549541	0.187701
4.49305	0.0549541	0.189994
5.14193	0.0549541	0.193199
5.88452	0.0549541	0.197583
6.73436	0.0549541	0.203253
7.70694	0.0549541	0.210074
8.81997	0.0549541	0.217711
10.0937	0.0549541	0.225772
11.5515	0.0549541	0.234672
13.2197	0.0549541	0.243636
15.1289	0.0549541	0.248524
17.3138	0.0549541	0.242681
19.8143	0.0549541	0.221887
22.6758	0.0549541	0.186359
25.9507	0.0549541	0.139072
29.6984	0.0549541	0.0898766
33.9875	0.0549541	0.0495227
38.8959	0.0549541	0.0232303
44.5132	0.0549541	0.00934486
50.9418	0.0549541	0.00337087
58.2988	0.0549541	0.00114415
66.7182	0.0549541	0.000387102
1	0.0630957	0.203908
2	0.0630957	0.204455
2.28884	0.0630957	0.204825
2.61939	0.0630957	0.205324
2.99768	0.0630957	0.206074
3.4306	0.0630957	0.207224
3.92605	0.0630957	0.208976
4.49305	0.0630957	0.211474
5.14193	0.0630957	0.215043
5.88452	0.0630957	0.219974
6.73436	0.0630957	0.226439
7.70694	0.0630957	0.234465
8.81997	0.0630957	0.243508
10.0937	0.0630957	0.253201
11.5515	0.0630957	0.263689
13.2197	0.0630957	0.274461
15.1289	0.0630957	0.281518
17.3138	0.0630957	0.276795
19.8143	0.0630957	0.254783
22.6758	0.0630957	0.215446
25.9507	0.0630957	0.161921
29.6984	0.0630957	0.10524
33.9875	0.0630957	0.0582331
38.8959	0.0630957	0.0273883
44.5132	0.0630957	0.0110242
50.9418	0.0630957	0.00397486
58.2988	0.0630957	0.00134543
66.7182	0.0630957	0.000454099
1	0.0724436	0.226274
2	0.0724436	0.226885
2.28884	0.0724436	0.227245
2.61939	0.0724436	0.227787
2.99768	0.0724436	0.2286
3.4306	0.0724436	0.229808
3.92605	0.0724436	0.231698
4.49305	0.0724436	0.234374
5.14193	0.0724436	0.238365
5.88452	0.0724436	0.243827
6.73436	0.0724436	0.251324
7.70694	0.0724436	0.260608
8.81997	0.0724436	0.271282
10.0937	0.0724436	0.282873
11.5515	0.0724436	0.295301
13.2197	0.0724436	0.308297
15.1289	0.0724436	0.317953
17.3138	0.0724436	0.315139
19.8143	0.0724436	0.292353
22.6758	0.0724436	0.249045
25.9507	0.0724436	0.188753
29.6984	0.0724436	0.123498
33.9875	0.0724436	0.0686897
38.8959	0.0724436	0.0323944
44.5132	0.0724436	0.013059
50.9418	0.0724436	0.00470451
58.2988	0.0724436	0.00158798
66.7182	0.0724436	0.000534259
1	0.0831764	0.249794
2	0.0831764	0.250448
2.28884	0.0831764	0.250918
2.61939	0.0831764	0.251501
2.99768	0.0831764	0.25239
3.4306	0.0831764	0.253797
3.92605	0.0831764	0.255774
4.49305	0.0831764	0.258679
5.14193	0.0831764	0.262857
5.88452	0.0831764	0.269121
6.73436	0.0831764	0.277444
7.70694	0.0831764	0.288118
8.81997	0.0831764	0.300721
10.0937	0.0831764	0.314622
11.5515	0.0831764	0.329298
13.2197	0.0831764	0.344991
15.1289	0.0831764	0.358007
17.3138	0.0831764	0.358022
19.8143	0.0831764	0.335134
22.6758	0.0831764	0.28801
25.9507	0.0831764	0.220317
29.6984	0.0831764	0.145286
33.9875	0.0831764	0.0812987
38.8959	0.0831764	0.0384639
44.5132	0.0831764	0.0155251
50.9418	0.0831764	0.00558815
58.2988	0.0831764	0.00188143
66.7182	0.0831764	0.000630983
1	0.0954993	0.273816
2	0.0954993	0.274857
2.28884	0.0954993	0.275216
2.61939	0.0954993	0.275858
2.99768	0.0954993	0.276996
3.4306	0.0954993	0.27845
3.92605	0.0954993	0.280591
4.49305	0.0954993	0.284024
5.14193	0.0954993	0.288806
5.88452	0.0954993	0.295666
6.73436	0.0954993	0.304865
7.70694	0.0954993	0.316964
8.81997	0.0954993	0.331635
10.0937	0.0954993	0.34818
11.5515	0.0954993	0.365705
13.2197	0.0954993	0.384397
15.1289	0.0954993	0.401464
17.3138	0.0954993	0.405468
19.8143	0.0954993	0.383686
22.6758	0.0954993	0.333029
25.9507	0.0954993	0.2575
29.6984	0.0954993	0.171355
33.9875	0.0954993	0.0965604
38.8959	0.0954993	0.0458531
44.5132	0.0954993	0.018547
50.9418	0.0954993	0.00666964
58.2988	0.0954993	0.00223823
66.7182	0.0954993	0.000747765
1	0.109648	0.298608
2	0.109648	0.299699
2.28884	0.109648	0.300399
2.61939	0.109648	0.301248
2.99768	0.109648	0.302297
3.4306	0.109648	0.304033
3.92605	0.109648	0.306497
4.49305	0.109648	0.310208
5.14193	0.109648	0.315409
5.88452	0.109648	0.322799
6.73436	0.109648	0.333041
7.70694	0.109648	0.346641
8.81997	0.109648	0.363202
10.0937	0.109648	0.382953
11.5515	0.109648	0.403946
13.2197	0.109648	0.426295
15.1289	0.109648	0.448029
17.3138	0.109648	0.457503
19.8143	0.109648	0.438322
22.6758	0.109648	0.384706
25.9507	0.109648	0.301238
29.6984	0.109648	0.202654
33.9875	0.109648	0.115158
38.8959	0.109648	0.0549204
44.5132	0.109648	0.0222773
50.9418	0.109648	0.00800193
58.2988	0.109648	0.00267504
66.7182	0.109648	0.000889739