1.	0.001	0.139606
1.9999999999999998	0.001	0.110784
2.288838595949997	0.001	0.10179304370521249
2.6193910591551774	0.001	0.09217617273618267
2.9976816770403563	0.001	0.08243856335396431
3.4306047603910415	0.001	0.07297851044757561
3.926050291516404	0.001	0.06365819491676625
4.493047718431742	0.001	0.05377133978419261
5.141930515695824	0.001	0.042997992735021626
5.884524511008838	0.001	0.03253655479171236
6.734363409805407	0.001	0.0240196760242908
7.706935445758021	0.001	0.01718113202270168
8.819965652373028	0.001	0.011039823988644977
10.093738900052346	0.001	0.005819630087724393
11.551469585940843	0.001	0.002450280298035719
13.219724714121972	0.001	0.0009289759281003398
15.128908076758211	0.001	0.00038266820476702204
17.313814360331925	0.001	0.00016754438871274455
19.814263275520517	0.001	0.00006110586327906548
22.675825267662994	0.001	0.00001993439611309419
25.950652033822625	0.001	6.470087210867986e-6
29.698426982540767	0.001	1.9733809902244636e-6
33.98745295832107	0.001	5.412267077486377e-7
38.895897054520105	0.001	1.6305422692809053e-7
44.51321520124173	0.001	3.6592428959466696e-8
50.941782491215115	0.001	1.047428286129322e-8
58.29875895619149	0.001	2.4500407675576747e-9
66.71822479745835	0.001	5.684993519976364e-10
76.35362398484546	0.001	1.184551793856059e-10
87.38056075858388	0.001	2.6914066205782382e-11
100.00000000000031	0.001	8.53385473063252e-12
111.55639876771902	0.001	3.712085088738451e-12
138.21730389017998	0.001	6.74979656522369e-13
171.24990861750976	0.001	1.0871600551733526e-13
212.17698780180757	0.001	1.998771312719746e-14
262.885244821937	0.001	2.8957995970857166e-15
325.7122869971341	0.001	1.5592607621358287e-16
403.5543872869759	0.001	2.2969923738085834e-18
499.9999999999984	0.001	1.8329699059143404e-21
1000	0.001	0
2000	0.001	0
1.	0.0011481536214968829	0.15923547219329176
1.9999999999999998	0.0011481536214968829	0.12685739044296535
2.288838595949997	0.0011481536214968829	0.11665941133905736
2.6193910591551774	0.0011481536214968829	0.10570629864455135
2.9976816770403563	0.0011481536214968829	0.09458985458802673
3.4306047603910415	0.0011481536214968829	0.08379176193284588
3.926050291516404	0.0011481536214968829	0.0731669267314112
4.493047718431742	0.0011481536214968829	0.061899744945602575
5.141930515695824	0.0011481536214968829	0.04957845398604192
5.884524511008838	0.0011481536214968829	0.03754527121198609
6.734363409805407	0.0011481536214968829	0.02770336321065249
7.706935445758021	0.0011481536214968829	0.019824902079668742
8.819965652373028	0.0011481536214968829	0.012742870130810763
10.093738900052346	0.0011481536214968829	0.006731518647046644
11.551469585940843	0.0011481536214968829	0.0028346508389298928
13.219724714121972	0.0011481536214968829	0.001073185390884133
15.128908076758211	0.0011481536214968829	0.0004410175212219578
17.313814360331925	0.0011481536214968829	0.00019305492409566236
19.814263275520517	0.0011481536214968829	0.00007042893081983561
22.675825267662994	0.0011481536214968829	0.000022970454969041796
25.950652033822625	0.0011481536214968829	7.446131359183284e-6
29.698426982540767	0.0011481536214968829	2.2728669862668253e-6
33.98745295832107	0.0011481536214968829	6.229431053055578e-7
38.895897054520105	0.0011481536214968829	1.8781886501208487e-7
44.51321520124173	0.0011481536214968829	4.223038479188577e-8
50.941782491215115	0.0011481536214968829	1.2062087547938606e-8
58.29875895619149	0.0011481536214968829	2.8250724468886e-9
66.71822479745835	0.0011481536214968829	6.547953318362009e-10
76.35362398484546	0.0011481536214968829	1.3649476028895533e-10
87.38056075858388	0.0011481536214968829	3.1008961329381096e-11
100.00000000000031	0.0011481536214968829	9.826442470359945e-12
111.55639876771902	0.0011481536214968829	4.2745260877925765e-12
138.21730389017998	0.0011481536214968829	7.772319250659345e-13
171.24990861750976	0.0011481536214968829	1.2518203014484423e-13
212.17698780180757	0.0011481536214968829	2.301441729733548e-14
262.885244821937	0.0011481536214968829	3.3343128709758397e-15
325.7122869971341	0.0011481536214968829	1.7954185715904223e-16
403.5543872869759	0.0011481536214968829	2.6449640445089205e-18
499.9999999999984	0.0011481536214968829	2.1107682168290975e-21
1000	0.0011481536214968829	0
2000	0.0011481536214968829	0
1.	0.0013182567385564075	0.181414574752696
1.9999999999999998	0.0013182567385564075	0.14519664837531313
2.288838595949997	0.0013182567385564075	0.1336517303208168
2.6193910591551774	0.0013182567385564075	0.12119566750668845
2.9976816770403563	0.0013182567385564075	0.10851268532864436
3.4306047603910415	0.0013182567385564075	0.0961928459291561
3.926050291516404	0.0013182567385564075	0.08408868400565882
4.493047718431742	0.0013182567385564075	0.07127537179821412
5.141930515695824	0.0013182567385564075	0.05720374417276074
5.884524511008838	0.0013182567385564075	0.043343928445386405
6.734363409805407	0.0013182567385564075	0.03196978635366369
7.706935445758021	0.0013182567385564075	0.022886783826410823
8.819965652373028	0.0013182567385564075	0.014737593586244426
10.093738900052346	0.0013182567385564075	0.007794739203940519
11.551469585940843	0.0013182567385564075	0.003282515556116442
13.219724714121972	0.0013182567385564075	0.0012410672988023169
15.128908076758211	0.0013182567385564075	0.0005085536479241073
17.313814360331925	0.0013182567385564075	0.00022256862235783668
19.814263275520517	0.0013182567385564075	0.0000812226690231935
22.675825267662994	0.0013182567385564075	0.000026481494498904006
25.950652033822625	0.0013182567385564075	8.572300723061616e-6
29.698426982540767	0.0013182567385564075	2.618851403594227e-6
33.98745295832107	0.0013182567385564075	7.17313046580658e-7
38.895897054520105	0.0013182567385564075	2.1618475684163884e-7
44.51321520124173	0.0013182567385564075	4.871458565686808e-8
50.941782491215115	0.0013182567385564075	1.3879866832560266e-8
58.29875895619149	0.0013182567385564075	3.2555422394843883e-9
66.71822479745835	0.0013182567385564075	7.536202668319911e-10
76.35362398484546	0.0013182567385564075	1.5717222995320153e-10
87.38056075858388	0.0013182567385564075	3.5701151185534584e-11
100.00000000000031	0.0013182567385564075	1.1305789157968972e-11
111.55639876771902	0.0013182567385564075	4.918283856882612e-12
138.21730389017998	0.0013182567385564075	8.942587125515894e-13
171.24990861750976	0.0013182567385564075	1.4402698842021038e-13
212.17698780180757	0.0013182567385564075	2.6478027237038373e-14
262.885244821937	0.0013182567385564075	3.836140567663105e-15
325.7122869971341	0.0013182567385564075	2.065693471361849e-16
403.5543872869759	0.0013182567385564075	3.0432304341302618e-18
499.9999999999984	0.0013182567385564075	2.4287546972470787e-21
1000	0.0013182567385564075	0
2000	0.0013182567385564075	0
1.	0.0015135612484362087	0.2063981561102002
1.9999999999999998	0.0015135612484362087	0.16609613227611436
2.288838595949997	0.0015135612484362087	0.1530591865907821
2.6193910591551774	0.0015135612484362087	0.1389110723883453
2.9976816770403563	0.0015135612484362087	0.1244830472733626
3.4306047603910415	0.0015135612484362087	0.11042295854952915
3.926050291516404	0.0015135612484362087	0.09665367296787128
4.493047718431742	0.0015135612484362087	0.08209842817777499
5.141930515695824	0.0015135612484362087	0.06603754596920618
5.884524511008838	0.0015135612484362087	0.050084873754590684
6.734363409805407	0.0015135612484362087	0.03691899528453585
7.706935445758021	0.0015135612484362087	0.026441372050621727
8.819965652373028	0.0015135612484362087	0.017058251680756302
10.093738900052346	0.0015135612484362087	0.009038938480361372
11.551469585940843	0.0015135612484362087	0.00380667258470972
13.219724714121972	0.0015135612484362087	0.0014358502789383314
15.128908076758211	0.0015135612484362087	0.0005868942852103802
17.313814360331925	0.0015135612484362087	0.0002567542843913422
19.814263275520517	0.0015135612484362087	0.00009373927504427391
22.675825267662994	0.0015135612484362087	0.000030549966728701954
25.950652033822625	0.0015135612484362087	9.872351234086015e-6
29.698426982540767	0.0015135612484362087	3.01883878566527e-6
33.98745295832107	0.0015135612484362087	8.261087497039922e-7
38.895897054520105	0.0015135612484362087	2.4899855710805655e-7
44.51321520124173	0.0015135612484362087	5.624943194382683e-8
50.941782491215115	0.0015135612484362087	1.598175156788843e-8
58.29875895619149	0.0015135612484362087	3.7546512374673154e-9
66.71822479745835	0.0015135612484362087	8.679071572467394e-10
76.35362398484546	0.0015135612484362087	1.8111014986539546e-10
87.38056075858388	0.0015135612484362087	4.1131120603308534e-11
100.00000000000031	0.0015135612484362087	1.3015370720627568e-11
111.55639876771902	0.0015135612484362087	5.662358334016412e-12
138.21730389017998	0.0015135612484362087	1.0295158399730704e-12
171.24990861750976	0.0015135612484362087	1.6580533444634628e-13
212.17698780180757	0.0015135612484362087	3.048070460252257e-14
262.885244821937	0.0015135612484362087	4.416062436558046e-15
325.7122869971341	0.0015135612484362087	2.378044146339925e-16
403.5543872869759	0.0015135612484362087	3.503529687254563e-18
499.9999999999984	0.0015135612484362087	2.7963281119577023e-21
1000	0.0015135612484362087	0
2000	0.0015135612484362087	0
1.	0.0017378008287493763	0.23443810086239786
1.9999999999999998	0.0017378008287493763	0.1898550868278011
2.288838595949997	0.0017378008287493763	0.17519115239906305
2.6193910591551774	0.0017378008287493763	0.1591690285287762
2.9976816770403563	0.0017378008287493763	0.14275700523975357
3.4306047603910415	0.0017378008287493763	0.12674090990222087
3.926050291516404	0.0017378008287493763	0.11110404492716512
4.493047718431742	0.0017378008287493763	0.09460121291030578
5.141930515695824	0.0017378008287493763	0.07628422550670629
5.884524511008838	0.0017378008287493763	0.057923348402114765
6.734363409805407	0.0017378008287493763	0.0426700791608538
7.706935445758021	0.0017378008287493763	0.03057027216419237
8.819965652373028	0.0017378008287493763	0.019757752386188654
10.093738900052346	0.0017378008287493763	0.010494743415048914
11.551469585940843	0.0017378008287493763	0.004420769051048005
13.219724714121972	0.0017378008287493763	0.0016637080951778143
15.128908076758211	0.0017378008287493763	0.0006777109300232289
17.313814360331925	0.0017378008287493763	0.00029637806762762754
19.814263275520517	0.0017378008287493763	0.0001082558172873593
22.675825267662994	0.0017378008287493763	0.00003526873328024742
25.950652033822625	0.0017378008287493763	0.000011375855564846617
29.698426982540767	0.0017378008287493763	3.4822958085905037e-6
33.98745295832107	0.0017378008287493763	9.518482220299331e-7
38.895897054520105	0.0017378008287493763	2.86862540446028e-7
44.51321520124173	0.0017378008287493763	6.498955627245428e-8
50.941782491215115	0.0017378008287493763	1.8406021339185072e-8
58.29875895619149	0.0017378008287493763	4.332029957068947e-9
66.71822479745835	0.0017378008287493763	9.997524681704674e-10
76.35362398484546	0.0017378008287493763	2.0875551614227693e-10
87.38056075858388	0.0017378008287493763	4.739923897660669e-11
100.00000000000031	0.0017378008287493763	1.4986060957609193e-11
111.55639876771902	0.0017378008287493763	6.5201284904231e-12
138.21730389017998	0.0017378008287493763	1.1854242387790476e-12
171.24990861750976	0.0017378008287493763	1.9090739598625497e-13
212.17698780180757	0.0017378008287493763	3.509386435041069e-14
262.885244821937	0.0017378008287493763	5.084452933377013e-15
325.7122869971341	0.0017378008287493763	2.7380585832739303e-16
403.5543872869759	0.0017378008287493763	4.034127053214627e-18
499.9999999999984	0.0017378008287493763	3.220099833062402e-21
1000	0.0017378008287493763	0
2000	0.0017378008287493763	0
1.	0.0019952623149688807	0.2657722725634853
1.9999999999999998	0.0019952623149688807	0.21682923913226798
2.288838595949997	0.0019952623149688807	0.20039130425215948
2.6193910591551774	0.0019952623149688807	0.18230715445262982
2.9976816770403563	0.0019952623149688807	0.16365911657299917
3.4306047603910415	0.0019952623149688807	0.14542599743049506
3.926050291516404	0.0019952623149688807	0.12769713982250605
4.493047718431742	0.0019952623149688807	0.10904820549379
5.141930515695824	0.0019952623149688807	0.08816939381403777
5.884524511008838	0.0019952623149688807	0.06704678946337508
6.734363409805407	0.0019952623149688807	0.04937491209125136
7.706935445758021	0.0019952623149688807	0.03538700943286668
8.819965652373028	0.0019952623149688807	0.022911377668927722
10.093738900052346	0.0019952623149688807	0.012203727356260663
11.551469585940843	0.0019952623149688807	0.005142703995758978
13.219724714121972	0.0019952623149688807	0.0019305075994866037
15.128908076758211	0.0019952623149688807	0.0007832333326721725
17.313814360331925	0.0019952623149688807	0.00034236617113092744
19.814263275520517	0.0019952623149688807	0.00012512734446332242
22.675825267662994	0.0019952623149688807	0.00004074603671979755
25.950652033822625	0.0019952623149688807	0.000013117920441548565
29.698426982540767	0.0019952623149688807	4.019056500019933e-6
33.98745295832107	0.0019952623149688807	1.097333366801843e-6
38.895897054520105	0.0019952623149688807	3.307938578668011e-7
44.51321520124173	0.0019952623149688807	7.518936722542545e-8
50.941782491215115	0.0019952623149688807	2.121756438229887e-8
58.29875895619149	0.0019952623149688807	5.003736595132681e-9
66.71822479745835	0.0019952623149688807	1.152680194725356e-9
76.35362398484546	0.0019952623149688807	2.4085962571761813e-10
87.38056075858388	0.0019952623149688807	5.4674392658233767e-11
100.00000000000031	0.0019952623149688807	1.7269514832108198e-11
111.55639876771902	0.0019952623149688807	7.514194489492591e-12
138.21730389017998	0.0019952623149688807	1.3660954394063999e-12
171.24990861750976	0.0019952623149688807	2.1999464434591644e-13
212.17698780180757	0.0019952623149688807	4.0438872860666095e-14
262.885244821937	0.0019952623149688807	5.858870689110366e-15
325.7122869971341	0.0019952623149688807	3.155212891073477e-16
403.5543872869759	0.0019952623149688807	4.6489986129824365e-18
499.9999999999984	0.0019952623149688807	3.711280108295124e-21
1000	0.0019952623149688807	0
2000	0.0019952623149688807	0
1.	0.0022908676527677745	0.3005767236378417
1.9999999999999998	0.0022908676527677745	0.2473647575349845
2.288838595949997	0.0022908676527677745	0.2290388616088064
2.6193910591551774	0.0022908676527677745	0.2086967312862999
2.9976816770403563	0.0022908676527677745	0.18756372994554601
3.4306047603910415	0.0022908676527677745	0.16684963701183622
3.926050291516404	0.0022908676527677745	0.14677583767412344
4.493047718431742	0.0022908676527677745	0.1257059525146004
5.141930515695824	0.0022908676527677745	0.10202187310069996
5.884524511008838	0.0022908676527677745	0.07767940676558316
6.734363409805407	0.0022908676527677745	0.05718108127418675
7.706935445758021	0.0022908676527677745	0.04099683124134494
8.819965652373028	0.0022908676527677745	0.026606526869157997
10.093738900052346	0.0022908676527677745	0.01421896453974308
11.551469585940843	0.0022908676527677745	0.005995044815913711
13.219724714121972	0.0022908676527677745	0.0022434602033191576
15.128908076758211	0.0022908676527677745	0.0009061241378544838
17.313814360331925	0.0022908676527677745	0.0003958381335130757
19.814263275520517	0.0022908676527677745	0.00014477253145207868
22.675825267662994	0.0022908676527677745	0.00004711670263070967
25.950652033822625	0.0022908676527677745	0.000015132252480040466
29.698426982540767	0.0022908676527677745	4.642293811326231e-6
33.98745295832107	0.0022908676527677745	1.266095689854098e-6
38.895897054520105	0.0022908676527677745	3.816021273147761e-7
44.51321520124173	0.0022908676527677745	8.706479560445508e-8
50.941782491215115	0.0022908676527677745	2.4468025112353278e-8
58.29875895619149	0.0022908676527677745	5.782874571736684e-9
66.71822479745835	0.0022908676527677745	1.329486307789586e-9
76.35362398484546	0.0022908676527677745	2.7802672500581297e-10
87.38056075858388	0.0022908676527677745	6.309157872184847e-11
100.00000000000031	0.0022908676527677745	1.9906559774050992e-11
111.55639876771902	0.0022908676527677745	8.662330246506937e-12
138.21730389017998	0.0022908676527677745	1.5747488408954507e-12
171.24990861750976	0.0022908676527677745	2.535829777966073e-13
212.17698780180757	0.0022908676527677745	4.661044805316646e-14
262.885244821937	0.0022908676527677745	6.753072117313738e-15
325.7122869971341	0.0022908676527677745	3.6369352241225363e-16
403.5543872869759	0.0022908676527677745	5.359117436788897e-18
499.9999999999984	0.0022908676527677745	4.278651906586107e-21
1000	0.0022908676527677745	0
2000	0.0022908676527677745	0
1.	0.0026302679918953843	0.33898377275994707
1.9999999999999998	0.0026302679918953843	0.2818227961247235
2.288838595949997	0.0026302679918953843	0.2615559061266489
2.6193910591551774	0.0026302679918953843	0.2388407546879088
2.9976816770403563	0.0026302679918953843	0.21492474700362238
3.4306047603910415	0.0026302679918953843	0.19140463687016881
3.926050291516404	0.0026302679918953843	0.1687318578841844
4.493047718431742	0.0026302679918953843	0.1449829815093487
5.141930515695824	0.0026302679918953843	0.11812288528838395
5.884524511008838	0.0026302679918953843	0.09011819998894824
6.734363409805407	0.0026302679918953843	0.06630258029691319
7.706935445758021	0.0026302679918953843	0.04755324900528646
8.819965652373028	0.0026302679918953843	0.030952639129587473
10.093738900052346	0.0026302679918953843	0.01659312999097942
11.551469585940843	0.0026302679918953843	0.007001284170674871
13.219724714121972	0.0026302679918953843	0.002612277586232386
15.128908076758211	0.0026302679918953843	0.0010493769669702078
17.313814360331925	0.0026302679918953843	0.0004581749629714887
19.814263275520517	0.0026302679918953843	0.00016770413051571859
22.675825267662994	0.0026302679918953843	0.0000545411700304389
25.950652033822625	0.0026302679918953843	0.000017468629176100193
29.698426982540767	0.0026302679918953843	5.3663911531884364e-6
33.98745295832107	0.0026302679918953843	1.462031663443469e-6
38.895897054520105	0.0026302679918953843	4.4038926523067325e-7
44.51321520124173	0.0026302679918953843	1.0091032092537267e-7
50.941782491215115	0.0026302679918953843	2.822774413625755e-8
58.29875895619149	0.0026302679918953843	6.687155480390903e-9
66.71822479745835	0.0026302679918953843	1.5339861738040836e-9
76.35362398484546	0.0026302679918953843	3.210749423304195e-10
87.38056075858388	0.0026302679918953843	7.283347070688774e-11
100.00000000000031	0.0026302679918953843	2.2952286753175112e-11
111.55639876771902	0.0026302679918953843	9.988610762296072e-12
138.21730389017998	0.0026302679918953843	1.8157557592030943e-12
171.24990861750976	0.0026302679918953843	2.923761212410416e-13
212.17698780180757	0.0026302679918953843	5.373733359660839e-14
262.885244821937	0.0026302679918953843	7.785705091853165e-15
325.7122869971341	0.0026302679918953843	4.193278412256578e-16
403.5543872869759	0.0026302679918953843	6.179352523196226e-18
499.9999999999984	0.0026302679918953843	4.934166781730079e-21
1000	0.0026302679918953843	0
2000	0.0026302679918953843	0
1.	0.003019951720402019	0.38100417500097605
1.9999999999999998	0.003019951720402019	0.320567167272202
2.288838595949997	0.003019951720402019	0.29840026724717084
2.6193910591551774	0.003019951720402019	0.27308307419029426
2.9976816770403563	0.003019951720402019	0.24622103455363245
3.4306047603910415	0.003019951720402019	0.21966287618138272
3.926050291516404	0.003019951720402019	0.1939140971459141
4.493047718431742	0.003019951720402019	0.16720320595012944
5.141930515695824	0.003019951720402019	0.13694206155519728
5.884524511008838	0.003019951720402019	0.10469191936195946
6.734363409805407	0.003019951720402019	0.07698277187589421
7.706935445758021	0.003019951720402019	0.05524023648165672
8.819965652373028	0.003019951720402019	0.03605689807092826
10.093738900052346	0.003019951720402019	0.01940611379074567
11.551469585940843	0.003019951720402019	0.008199079312620598
13.219724714121972	0.003019951720402019	0.0030469182942412876
15.128908076758211	0.003019951720402019	0.0012168382188123203
17.313814360331925	0.003019951720402019	0.000530903394650298
19.814263275520517	0.003019951720402019	0.00019448306183006555
22.675825267662994	0.003019951720402019	0.00006320800701184896
25.950652033822625	0.003019951720402019	0.00002018074234906641
29.698426982540767	0.003019951720402019	6.209255342416856e-6
33.98745295832107	0.003019951720402019	1.688840597884118e-6
38.895897054520105	0.003019951720402019	5.087470132576597e-7
44.51321520124173	0.003019951720402019	1.1714364807597506e-7
50.941782491215115	0.003019951720402019	3.2598811792286073e-8
58.29875895619149	0.003019951720402019	7.741889170989957e-9
66.71822479745835	0.003019951720402019	1.771684743139885e-9
76.35362398484546	0.003019951720402019	3.7118399878818727e-10
87.38056075858388	0.003019951720402019	8.416360452415054e-11
100.00000000000031	0.003019951720402019	2.6486615581688016e-11
111.55639876771902	0.003019951720402019	1.1527871326085858e-11
138.21730389017998	0.003019951720402019	2.0954329548953435e-12
171.24990861750976	0.003019951720402019	3.373879154751377e-13
212.17698780180757	0.003019951720402019	6.200571177625693e-14
262.885244821937	0.003019951720402019	8.983743662905094e-15
325.7122869971341	0.003019951720402019	4.838810560419917e-16
403.5543872869759	0.003019951720402019	7.1312178002747e-18
499.9999999999984	0.003019951720402019	5.695090652581943e-21
1000	0.003019951720402019	0
2000	0.003019951720402019	0
1.	0.00346736850452532	0.42651584787885294
1.9999999999999998	0.00346736850452532	0.3640688545971581
2.288838595949997	0.00346736850452532	0.33987897894636854
2.6193910591551774	0.00346736850452532	0.3119367862101526
2.9976816770403563	0.00346736850452532	0.28196276370109224
3.4306047603910415	0.00346736850452532	0.2518026134265476
3.926050291516404	0.00346736850452532	0.2227498882246085
4.493047718431742	0.00346736850452532	0.19281103487918055
5.141930515695824	0.00346736850452532	0.1587749014664581
5.884524511008838	0.00346736850452532	0.12197176984302316
6.734363409805407	0.00346736850452532	0.08949306970541147
7.706935445758021	0.00346736850452532	0.06425628803995334
8.819965652373028	0.00346736850452532	0.042074466531228844
10.093738900052346	0.00346736850452532	0.022749038652006594
11.551469585940843	0.00346736850452532	0.009626699012554838
13.219724714121972	0.00346736850452532	0.003563000444054237
15.128908076758211	0.00346736850452532	0.00141304639734547
17.313814360331925	0.00346736850452532	0.0006158784762444439
19.814263275520517	0.00346736850452532	0.00022589262279976364
22.675825267662994	0.00346736850452532	0.00007335008020403503
25.950652033822625	0.00346736850452532	0.00002333582201022906
29.698426982540767	0.00346736850452532	7.192463756158509e-6
33.98745295832107	0.00346736850452532	1.9536865732589824e-6
38.895897054520105	0.00346736850452532	5.880995542079348e-7
44.51321520124173	0.00346736850452532	1.361668145040646e-7
50.941782491215115	0.00346736850452532	3.767301739223623e-8
58.29875895619149	0.00346736850452532	8.970139357020848e-9
66.71822479745835	0.00346736850452532	2.047508014353526e-9
76.35362398484546	0.00346736850452532	4.2941300492597474e-10
87.38056075858388	0.00346736850452532	9.731652802792764e-11
100.00000000000031	0.00346736850452532	3.057930692606834e-11
111.55639876771902	0.00346736850452532	1.331065563268344e-11
138.21730389017998	0.00346736850452532	2.4192974436663073e-12
171.24990861750976	0.00346736850452532	3.89505399970065e-13
212.17698780180757	0.00346736850452532	7.157761511108481e-14
262.885244821937	0.00346736850452532	1.037073680946847e-14
325.7122869971341	0.00346736850452532	5.586224644112402e-16
403.5543872869759	0.00346736850452532	8.233482835439591e-18
499.9999999999984	0.00346736850452532	6.5765475294928764e-21
1000	0.00346736850452532	0
2000	0.00346736850452532	0
1.	0.003981071705534978	0.4751351476370252
1.9999999999999998	0.003981071705534978	0.41238815483727964
2.288838595949997	0.003981071705534978	0.38662727587716644
2.6193910591551774	0.003981071705534978	0.356049049199479
2.9976816770403563	0.003981071705534978	0.3224700012824831
3.4306047603910415	0.003981071705534978	0.2885028059334034
3.926050291516404	0.003981071705534978	0.25572809177485656
4.493047718431742	0.003981071705534978	0.22234623240937457
5.141930515695824	0.003981071705534978	0.18425605629619207
5.884524511008838	0.003981071705534978	0.142176867560144
6.734363409805407	0.003981071705534978	0.10429294763370556
7.706935445758021	0.003981071705534978	0.07484287404818502
8.819965652373028	0.003981071705534978	0.04921592454733839
10.093738900052346	0.003981071705534978	0.026743002942703414
11.551469585940843	0.003981071705534978	0.011345127247541931
13.219724714121972	0.003981071705534978	0.004177289328932816
15.128908076758211	0.003981071705534978	0.0016437973548594244
17.313814360331925	0.003981071705534978	0.0007154877389451853
19.814263275520517	0.003981071705534978	0.0002628267742307851
22.675825267662994	0.003981071705534978	0.0000852472911521334
25.950652033822625	0.003981071705534978	0.000027013765363296785
29.698426982540767	0.003981071705534978	8.340675647839785e-6
33.98745295832107	0.003981071705534978	2.261977711392016e-6
38.895897054520105	0.003981071705534978	6.807142602207471e-7
44.51321520124173	0.003981071705534978	1.585982114402586e-7
50.941782491215115	0.003981071705534978	4.3596930892238845e-8
58.29875895619149	0.003981071705534978	1.040784081939607e-8
66.71822479745835	0.003981071705534978	2.369290810303898e-9
76.35362398484546	0.003981071705534978	4.974345254627871e-10
87.38056075858388	0.003981071705534978	1.1266492848462501e-10
100.00000000000031	0.003981071705534978	3.5342152806172286e-11
111.55639876771902	0.003981071705534978	1.5385679918130466e-11
138.21730389017998	0.003981071705534978	2.7962038393846364e-12
171.24990861750976	0.003981071705534978	4.501478999834601e-13
212.17698780180757	0.003981071705534978	8.271369835756234e-14
262.885244821937	0.003981071705534978	1.1984322355238506e-14
325.7122869971341	0.003981071705534978	6.455895179423996e-16
403.5543872869759	0.003981071705534978	9.516318666507813e-18
499.9999999999984	0.003981071705534978	7.602764793069787e-21
1000	0.003981071705534978	0
2000	0.003981071705534978	0
1.	0.0045708818961487565	0.5261911469928989
1.9999999999999998	0.0045708818961487565	0.46593416297264023
2.288838595949997	0.0045708818961487565	0.4387262933350041
2.6193910591551774	0.0045708818961487565	0.40557605126092616
2.9976816770403563	0.0045708818961487565	0.36841699765933755
3.4306047603910415	0.0045708818961487565	0.3302927784115174
3.926050291516404	0.0045708818961487565	0.29340110123521834
4.493047718431742	0.0045708818961487565	0.2562652582584691
5.141930515695824	0.0045708818961487565	0.2138300629668788
5.884524511008838	0.0045708818961487565	0.16591784466615073
6.734363409805407	0.0045708818961487565	0.1218899371050508
7.706935445758021	0.0045708818961487565	0.08734190349293633
8.819965652373028	0.0045708818961487565	0.057669744084197914
10.093738900052346	0.0045708818961487565	0.03152923275813745
11.551469585940843	0.0045708818961487565	0.013415484946435486
13.219724714121972	0.0045708818961487565	0.004912063698995885
15.128908076758211	0.0045708818961487565	0.0019157768988688102
17.313814360331925	0.0045708818961487565	0.0008325903640315191
19.814263275520517	0.0045708818961487565	0.0003063768727437091
22.675825267662994	0.0045708818961487565	0.00009924122211811239
25.950652033822625	0.0045708818961487565	0.000031309209073797745
29.698426982540767	0.0045708818961487565	9.685679984156325e-6
33.98745295832107	0.0045708818961487565	2.621898656882475e-6
38.895897054520105	0.0045708818961487565	7.883894538559347e-7
44.51321520124173	0.0045708818961487565	1.849770149610292e-7
50.941782491215115	0.0045708818961487565	5.048822033192243e-8
58.29875895619149	0.0045708818961487565	1.2083787418094416e-8
66.71822479745835	0.0045708818961487565	2.743230664237421e-9
76.35362398484546	0.0045708818961487565	5.765809467350106e-10
87.38056075858388	0.0045708818961487565	1.305004395351104e-10
100.00000000000031	0.0045708818961487565	4.086006154773199e-11
111.55639876771902	0.0045708818961487565	1.7789982782687146e-11
138.21730389017998	0.0045708818961487565	3.2328359988867146e-12
171.24990861750976	0.0045708818961487565	5.203889507015966e-13
212.17698780180757	0.0045708818961487565	9.560932912684864e-14
262.885244821937	0.0045708818961487565	1.38529811176923e-14
325.7122869971341	0.0045708818961487565	7.463190506734721e-16
403.5543872869759	0.0045708818961487565	1.1002484482425971e-17
499.9999999999984	0.0045708818961487565	8.792089616554548e-21
1000	0.0045708818961487565	0
2000	0.0045708818961487565	0
1.	0.005248074602497733	0.5786883124309452
1.9999999999999998	0.005248074602497733	0.5241383708848507
2.288838595949997	0.005248074602497733	0.4962535083930225
2.6193910591551774	0.005248074602497733	0.46104025099320833
2.9976816770403563	0.005248074602497733	0.4203251811580457
3.4306047603910415	0.005248074602497733	0.3777489209321461
3.926050291516404	0.005248074602497733	0.3363752674890877
4.493047718431742	0.005248074602497733	0.29513142899084455
5.141930515695824	0.005248074602497733	0.24820119786295597
5.884524511008838	0.005248074602497733	0.19390692340744245
6.734363409805407	0.005248074602497733	0.14268600354320718
7.706935445758021	0.005248074602497733	0.10224029449288675
8.819965652373028	0.005248074602497733	0.0677345060268062
10.093738900052346	0.005248074602497733	0.03728977108065884
11.551469585940843	0.005248074602497733	0.015923263923154275
13.219724714121972	0.005248074602497733	0.005799780257424341
15.128908076758211	0.005248074602497733	0.0022382775856824386
17.313814360331925	0.005248074602497733	0.0009704924486404224
19.814263275520517	0.005248074602497733	0.0003578653599853211
22.675825267662994	0.005248074602497733	0.00011576350332451616
25.950652033822625	0.005248074602497733	0.00003633719831364058
29.698426982540767	0.005248074602497733	0.000011265259313399163
33.98745295832107	0.005248074602497733	3.0440231208815042e-6
38.895897054520105	0.005248074602497733	9.146861513577049e-7
44.51321520124173	0.005248074602497733	2.1629307825009062e-7
50.941782491215115	0.005248074602497733	5.857935840710177e-8
58.29875895619149	0.005248074602497733	1.4053495745716487e-8
66.71822479745835	0.005248074602497733	3.1816531554292424e-9
76.35362398484546	0.005248074602497733	6.694568255401448e-10
87.38056075858388	0.005248074602497733	1.5140053789475306e-10
100.00000000000031	0.005248074602497733	4.730550121876118e-11
111.55639876771902	0.005248074602497733	2.059876781571593e-11
138.21730389017998	0.005248074602497733	3.742829640721497e-12
171.24990861750976	0.005248074602497733	6.024136073630752e-13
212.17698780180757	0.005248074602497733	1.106654549564389e-13
262.885244821937	0.005248074602497733	1.6034687939359786e-14
325.7122869971341	0.005248074602497733	8.63946211064661e-16
403.5543872869759	0.005248074602497733	1.273839252763606e-17
499.9999999999984	0.005248074602497733	1.0181975906289038e-20
1000	0.005248074602497733	0
2000	0.005248074602497733	0
1.	0.006025595860743587	0.6314687190152242
1.9999999999999998	0.006025595860743587	0.5867936664447034
2.288838595949997	0.006025595860743587	0.5592397986224772
2.6193910591551774	0.006025595860743587	0.522699548811249
2.9976816770403563	0.006025595860743587	0.4787915057359751
3.4306047603910415	0.006025595860743587	0.4315482677406493
3.926050291516404	0.006025595860743587	0.3851457169284375
4.493047718431742	0.006025595860743587	0.3395659468565975
5.141930515695824	0.006025595860743587	0.28799674571230555
5.884524511008838	0.006025595860743587	0.22689850769007275
6.734363409805407	0.006025595860743587	0.16723970364647317
7.706935445758021	0.006025595860743587	0.11999512671069018
8.819965652373028	0.006025595860743587	0.0797699930512
10.093738900052346	0.006025595860743587	0.044258788501905795
11.551469585940843	0.006025595860743587	0.018986610970349937
13.219724714121972	0.006025595860743587	0.0068743192353276725
15.128908076758211	0.006025595860743587	0.002622132454873789
17.313814360331925	0.006025595860743587	0.0011338550251769183
19.814263275520517	0.006025595860743587	0.00041906117251021285
22.675825267662994	0.006025595860743587	0.00013538617687279238
25.950652033822625	0.006025595860743587	0.000042243632810101224
29.698426982540767	0.006025595860743587	0.000013129229766532022
33.98745295832107	0.006025595860743587	3.5425724916307838e-6
38.895897054520105	0.006025595860743587	1.062270702652761e-6
44.51321520124173	0.006025595860743587	2.533718011820144e-7
50.941782491215115	0.006025595860743587	6.80481369902306e-8
58.29875895619149	0.006025595860743587	1.6357947666437307e-8
66.71822479745835	0.006025595860743587	3.6937058722118368e-9
76.35362398484546	0.006025595860743587	7.779822094381135e-10
87.38056075858388	0.006025595860743587	1.7578269983318718e-10
100.00000000000031	0.006025595860743587	5.479877165823773e-11
111.55639876771902	0.006025595860743587	2.386437347838745e-11
138.21730389017998	0.006025595860743587	4.3356290921034334e-12
171.24990861750976	0.006025595860743587	6.97734930381427e-13
212.17698780180757	0.006025595860743587	1.2815714536273784e-13
262.885244821937	0.006025595860743587	1.8569444358051727e-14
325.7122869971341	0.006025595860743587	1.0006306956853357e-15
403.5543872869759	0.006025595860743587	1.4756225687029856e-17
499.9999999999984	0.006025595860743587	1.1798429744204082e-20
1000	0.006025595860743587	0
2000	0.006025595860743587	0
1.	0.006918309709189377	0.682786983282567
1.9999999999999998	0.006918309709189377	0.6530259784241588
2.288838595949997	0.006918309709189377	0.627192103442815
2.6193910591551774	0.006918309709189377	0.5906138477616105
2.9976816770403563	0.006918309709189377	0.5441417776928729
3.4306047603910415	0.006918309709189377	0.49224948259719553
3.926050291516404	0.006918309709189377	0.4404579560827886
4.493047718431742	0.006918309709189377	0.3900851862402655
5.141930515695824	0.006918309709189377	0.3341169375202503
5.884524511008838	0.006918309709189377	0.2657816199620158
6.734363409805407	0.006918309709189377	0.19657179574950276
7.706935445758021	0.006918309709189377	0.14103925318570587
8.819965652373028	0.006918309709189377	0.09435527760153506
10.093738900052346	0.006918309709189377	0.05274659684068214
11.551469585940843	0.006918309709189377	0.022752824562517152
13.219724714121972	0.006918309709189377	0.008188913451513695
15.128908076758211	0.006918309709189377	0.0030810933691943648
17.313814360331925	0.006918309709189377	0.0013277951399600354
19.814263275520517	0.006918309709189377	0.0004925562433415047
22.675825267662994	0.006918309709189377	0.00015872114742657254
25.950652033822625	0.006918309709189377	0.00004920820176038225
29.698426982540767	0.006918309709189377	0.000015325528794807915
33.98745295832107	0.006918309709189377	4.120792704254907e-6
38.895897054520105	0.006918309709189377	1.23576167468809e-6
44.51321520124173	0.006918309709189377	2.9755413358582945e-7
50.941782491215115	0.006918309709189377	7.920010786868423e-8
58.29875895619149	0.006918309709189377	1.906687726537513e-8
66.71822479745835	0.006918309709189377	4.29531162322877e-9
76.35362398484546	0.006918309709189377	9.054693861625969e-10
87.38056075858388	0.006918309709189377	2.0437492262880037e-10
100.00000000000031	0.006918309709189377	6.355277889284205e-11
111.55639876771902	0.006918309709189377	2.7679682403778383e-11
138.21730389017998	0.006918309709189377	5.028026442761534e-12
171.24990861750976	0.006918309709189377	8.090424014015643e-13
212.17698780180757	0.006918309709189377	1.4857628580250975e-13
262.885244821937	0.006918309709189377	2.1528571376010547e-14
325.7122869971341	0.006918309709189377	1.160240858817812e-15
403.5543872869759	0.006918309709189377	1.7113194702792146e-17
499.9999999999984	0.006918309709189377	1.3687732054179865e-20
1000	0.006918309709189377	0
2000	0.006918309709189377	0
1.	0.00794328234724283	0.7292200783119016
1.9999999999999998	0.00794328234724283	0.7212921356890373
2.288838595949997	0.00794328234724283	0.699265255152256
2.6193910591551774	0.00794328234724283	0.664277023194207
2.9976816770403563	0.00794328234724283	0.6166259429116263
3.4306047603910415	0.00794328234724283	0.5607225981759427
3.926050291516404	0.00794328234724283	0.5029321155632193
4.493047718431742	0.00794328234724283	0.44790535233893464
5.141930515695824	0.00794328234724283	0.38720806918426365
5.884524511008838	0.00794328234724283	0.31169068314322784
6.734363409805407	0.00794328234724283	0.23154985430880837
7.706935445758021	0.00794328234724283	0.1661053660984266
8.819965652373028	0.00794328234724283	0.11190225374053349
10.093738900052346	0.00794328234724283	0.06313497266452513
11.551469585940843	0.00794328234724283	0.02742225678674896
13.219724714121972	0.00794328234724283	0.009810264061845559
15.128908076758211	0.00794328234724283	0.003634203671949318
17.313814360331925	0.00794328234724283	0.001560154927254593
19.814263275520517	0.00794328234724283	0.0005809975923413422
22.675825267662994	0.00794328234724283	0.00018671606969923737
25.950652033822625	0.00794328234724283	0.000057477412531579906
29.698426982540767	0.00794328234724283	0.000017933823613297482
33.98745295832107	0.00794328234724283	4.809335565767437e-6
38.895897054520105	0.00794328234724283	1.4391025014070266e-6
44.51321520124173	0.00794328234724283	3.500814547279821e-7
50.941782491215115	0.00794328234724283	9.230236546486434e-8
58.29875895619149	0.00794328234724283	2.2237174094416372e-8
66.71822479745835	0.00794328234724283	4.99999153058048e-9
76.35362398484546	0.00794328234724283	1.0546496595497383e-9
87.38056075858388	0.00794328234724283	2.377653020082666e-10
100.00000000000031	0.00794328234724283	7.373539135799169e-11
111.55639876771902	0.00794328234724283	3.211712293151853e-11
138.21730389017998	0.00794328234724283	5.833071066809987e-12
171.24990861750976	0.00794328234724283	9.38420940507374e-13
212.17698780180757	0.00794328234724283	1.723024272883101e-13
262.885244821937	0.00794328234724283	2.496699392654474e-14
325.7122869971341	0.00794328234724283	1.3457571919646696e-15
403.5543872869759	0.00794328234724283	1.98537826831635e-17
499.9999999999984	0.00794328234724283	1.58861334265112e-20
1000	0.00794328234724283	0
2000	0.00794328234724283	0
1.	0.009120108393559116	0.7684829464037385
1.9999999999999998	0.009120108393559116	0.7893219071351228
2.288838595949997	0.009120108393559116	0.7735069755320726
2.6193910591551774	0.009120108393559116	0.7427957634135693
2.9976816770403563	0.009120108393559116	0.6965776626057028
3.4306047603910415	0.009120108393559116	0.637654293518675
3.926050291516404	0.009120108393559116	0.5750558699193649
4.493047718431742	0.009120108393559116	0.5135411579350837
5.141930515695824	0.009120108393559116	0.44818785975786596
5.884524511008838	0.009120108393559116	0.3661074343710854
6.734363409805407	0.009120108393559116	0.27354167084913883
7.706935445758021	0.009120108393559116	0.1960083222444087
8.819965652373028	0.009120108393559116	0.13296821748535123
10.093738900052346	0.009120108393559116	0.07600524221518959
11.551469585940843	0.009120108393559116	0.03327708348730735
13.219724714121972	0.009120108393559116	0.011820899969196767
15.128908076758211	0.009120108393559116	0.004305499955670987
17.313814360331925	0.009120108393559116	0.0018362330226383418
19.814263275520517	0.009120108393559116	0.0006869417352017334
22.675825267662994	0.009120108393559116	0.00022024177414079268
25.950652033822625	0.009120108393559116	0.00006729512679840562
29.698426982540767	0.009120108393559116	0.00002103239881176817
33.98745295832107	0.009120108393559116	5.620307931532865e-6
38.895897054520105	0.009120108393559116	1.6792820370091485e-6
44.51321520124173	0.009120108393559116	4.1299954717211593e-7
50.941782491215115	0.009120108393559116	1.0782128295628077e-7
58.29875895619149	0.009120108393559116	2.596926526865001e-8
66.71822479745835	0.009120108393559116	5.831755235586754e-9
76.35362398484546	0.009120108393559116	1.2303535747130987e-9
87.38056075858388	0.009120108393559116	2.770111539804444e-10
100.00000000000031	0.009120108393559116	8.565351649137153e-11
111.55639876771902	0.009120108393559116	3.731007970651679e-11
138.21730389017998	0.009120108393559116	6.774865047518833e-12
171.24990861750976	0.009120108393559116	1.0897217712224458e-12
212.17698780180757	0.009120108393559116	2.0003698420831962e-13
262.885244821937	0.009120108393559116	2.898664130605905e-14
325.7122869971341	0.009120108393559116	1.5626940015190718e-15
403.5543872869759	0.009120108393559116	2.3060000677641285e-17
499.9999999999984	0.009120108393559116	1.8460112269665964e-20
1000	0.009120108393559116	0
2000	0.009120108393559116	0
1.	0.010471285480509017	0.7972416909642307
1.9999999999999998	0.010471285480509017	0.8536793084278298
2.288838595949997	0.010471285480509017	0.8471542403186999
2.6193910591551774	0.010471285480509017	0.8248850011730896
2.9976816770403563	0.010471285480509017	0.7831998376345227
3.4306047603910415	0.010471285480509017	0.7234284210183458
3.926050291516404	0.010471285480509017	0.655022105686347
4.493047718431742	0.010471285480509017	0.5869244854583784
5.141930515695824	0.010471285480509017	0.517322196259233
5.884524511008838	0.010471285480509017	0.4297187611730878
6.734363409805407	0.010471285480509017	0.3251101196662653
7.706935445758021	0.010471285480509017	0.23207204813420537
8.819965652373028	0.010471285480509017	0.15848301327020684
10.093738900052346	0.010471285480509017	0.0919068620187265
11.551469585940843	0.010471285480509017	0.04067638936176055
13.219724714121972	0.010471285480509017	0.014352653415547452
15.128908076758211	0.010471285480509017	0.005130610179791032
17.313814360331925	0.010471285480509017	0.002167448675592922
19.814263275520517	0.010471285480509017	0.0008153544785494411
22.675825267662994	0.010471285480509017	0.0002605291667775463
25.950652033822625	0.010471285480509017	0.00007904273198712127
29.698426982540767	0.010471285480509017	0.000024737145977746594
33.98745295832107	0.010471285480509017	6.5825787777218574e-6
38.895897054520105	0.010471285480509017	1.96358971657779e-6
44.51321520124173	0.010471285480509017	4.885024301708379e-7
50.941782491215115	0.010471285480509017	1.262459184994422e-7
58.29875895619149	0.010471285480509017	3.036291120985694e-8
66.71822479745835	0.010471285480509017	6.815451748077017e-9
76.35362398484546	0.010471285480509017	1.4374399192173393e-9
87.38056075858388	0.010471285480509017	3.231595502844106e-10
100.00000000000031	0.010471285480509017	9.960663899826667e-11
111.55639876771902	0.010471285480509017	4.338742782666823e-11
138.21730389017998	0.010471285480509017	7.87658772527782e-12
171.24990861750976	0.010471285480509017	1.2666487842215906e-12
212.17698780180757	0.010471285480509017	2.3245496427696795e-13
262.885244821937	0.010471285480509017	3.368516910811407e-14
325.7122869971341	0.010471285480509017	1.8163689593253557e-15
403.5543872869759	0.010471285480509017	2.681102743631599e-17
499.9999999999984	0.010471285480509017	2.1474233995317122e-20
1000	0.010471285480509017	0
2000	0.010471285480509017	0
1.	0.012022644346174156	0.8125199741820219
1.9999999999999998	0.012022644346174156	0.910063123343464
2.288838595949997	0.012022644346174156	0.9175934866056731
2.6193910591551774	0.012022644346174156	0.9076878405177967
2.9976816770403563	0.012022644346174156	0.8745010602698194
3.4306047603910415	0.012022644346174156	0.8169687790082352
3.926050291516404	0.012022644346174156	0.7440824139908208
4.493047718431742	0.012022644346174156	0.6693105839889097
5.141930515695824	0.012022644346174156	0.5946210861082212
5.884524511008838	0.012022644346174156	0.5026354657587044
6.734363409805407	0.012022644346174156	0.3859974259377169
7.706935445758021	0.012022644346174156	0.27658784928783064
8.819965652373028	0.012022644346174156	0.1894992918326993
10.093738900052346	0.012022644346174156	0.11152297058425942
11.551469585940843	0.012022644346174156	0.050105782247232396
13.219724714121972	0.012022644346174156	0.017564955749136205
15.128908076758211	0.012022644346174156	0.006147788326843845
17.313814360331925	0.012022644346174156	0.0025664028942541366
19.814263275520517	0.012022644346174156	0.0009718311858890638
22.675825267662994	0.012022644346174156	0.0003094278103473354
25.950652033822625	0.012022644346174156	0.00009307819072026829
29.698426982540767	0.012022644346174156	0.000029172098057977826
33.98745295832107	0.012022644346174156	7.721329233705168e-6
38.895897054520105	0.012022644346174156	2.297623245156988e-6
44.51321520124173	0.012022644346174156	5.78430234987382e-7
50.941782491215115	0.012022644346174156	1.4795562403287564e-7
58.29875895619149	0.012022644346174156	3.548524508471577e-8
66.71822479745835	0.012022644346174156	7.969912012554806e-9
76.35362398484546	0.012022644346174156	1.6792382568373334e-9
87.38056075858388	0.012022644346174156	3.769025617170114e-10
100.00000000000031	0.012022644346174156	1.1577713800700304e-10
111.55639876771902	0.012022644346174156	5.042701542681581e-11
138.21730389017998	0.012022644346174156	9.15206547862487e-12
171.24990861750976	0.012022644346174156	1.471387250948207e-12
212.17698780180757	0.012022644346174156	2.6994810313086977e-13
262.885244821937	0.012022644346174156	3.911984105279005e-14
325.7122869971341	0.012022644346174156	2.1098995658234835e-15
403.5543872869759	0.012022644346174156	3.115402540045938e-17
499.9999999999984	0.012022644346174156	2.49678802321578e-20
1000	0.012022644346174156	0
2000	0.012022644346174156	0
1.	0.01380384264602888	0.8114826004189499
1.9999999999999998	0.01380384264602888	0.955182543632083
2.288838595949997	0.01380384264602888	0.9787738090381823
2.6193910591551774	0.01380384264602888	0.9853453219840815
2.9976816770403563	0.01380384264602888	0.9662046284624703
3.4306047603910415	0.01380384264602888	0.9165524312872915
3.926050291516404	0.01380384264602888	0.8425862178346654
4.493047718431742	0.01380384264602888	0.7610134977680613
5.141930515695824	0.01380384264602888	0.6809769879909059
5.884524511008838	0.01380384264602888	0.586376322722814
6.734363409805407	0.01380384264602888	0.45867835772047216
7.706935445758021	0.01380384264602888	0.3302879562874211
8.819965652373028	0.01380384264602888	0.2277233740574364
10.093738900052346	0.01380384264602888	0.13600467383920095
11.551469585940843	0.01380384264602888	0.06218956392047608
13.219724714121972	0.01380384264602888	0.021723827558112765
15.128908076758211	0.01380384264602888	0.007415657351252153
17.313814360331925	0.01380384264602888	0.003050481447403002
19.814263275520517	0.01380384264602888	0.0011632726225109056
22.675825267662994	0.01380384264602888	0.0003688585165807624
25.950652033822625	0.01380384264602888	0.00011002322016914873
29.698426982540767	0.01380384264602888	0.00003451437409229213
33.98745295832107	0.01380384264602888	9.085542830238423e-6
38.895897054520105	0.01380384264602888	2.698903812116159e-6
44.51321520124173	0.01380384264602888	6.876712220574663e-7
50.941782491215115	0.01380384264602888	1.7408893653162922e-7
58.29875895619149	0.01380384264602888	4.158048677648671e-8
66.71822479745835	0.01380384264602888	9.354872288186462e-9
76.35362398484546	0.01380384264602888	1.967409191469688e-9
87.38056075858388	0.01380384264602888	4.4078212491705277e-10
100.00000000000031	0.01380384264602888	1.3490892055052465e-10
111.55639876771902	0.01380384264602888	5.874845686993716e-11
138.21730389017998	0.01380384264602888	1.0659111572948518e-11
171.24990861750976	0.01380384264602888	1.7131727290397233e-12
212.17698780180757	0.01380384264602888	3.1419988929752794e-13
262.885244821937	0.01380384264602888	4.553450510785328e-14
325.7122869971341	0.01380384264602888	2.4565245233905308e-15
403.5543872869759	0.01380384264602888	3.6285770272658004e-17
499.9999999999984	0.01380384264602888	2.9100928745658845e-20
1000	0.01380384264602888	0
2000	0.01380384264602888	0
1.	0.015848931924611172	0.7923205064948101
1.9999999999999998	0.015848931924611172	0.9812520184632776
2.288838595949997	0.015848931924611172	1.0230700880824068
2.6193910591551774	0.015848931924611172	1.0513106434301365
2.9976816770403563	0.015848931924611172	1.0535208870191453
3.4306047603910415	0.015848931924611172	1.0192707208558136
3.926050291516404	0.015848931924611172	0.9509535330720441
4.493047718431742	0.015848931924611172	0.8650529163434292
5.141930515695824	0.015848931924611172	0.779461383479428
5.884524511008838	0.015848931924611172	0.6823127113504607
6.734363409805407	0.015848931924611172	0.545373878176266
7.706935445758021	0.015848931924611172	0.395270791334108
8.819965652373028	0.015848931924611172	0.27440423901038186
10.093738900052346	0.015848931924611172	0.16686915388476126
11.551469585940843	0.015848931924611172	0.07771983675178593
13.219724714121972	0.015848931924611172	0.027131963831188925
15.128908076758211	0.015848931924611172	0.009021558364887647
17.313814360331925	0.015848931924611172	0.003639646978364252
19.814263275520517	0.015848931924611172	0.0013984869225776393
22.675825267662994	0.015848931924611172	0.0004414468215518405
25.950652033822625	0.015848931924611172	0.00013059789490839843
29.698426982540767	0.015848931924611172	0.00004094351640238798
33.98745295832107	0.015848931924611172	0.000010712658127826652
38.895897054520105	0.015848931924611172	3.177482391998404e-6
44.51321520124173	0.015848931924611172	8.19327160190904e-7
50.941782491215115	0.015848931924611172	2.0528444751851935e-7
58.29875895619149	0.015848931924611172	4.8770150358861695e-8
66.71822479745835	0.015848931924611172	1.100359272443918e-8
76.35362398484546	0.015848931924611172	2.3076473887678303e-9
87.38056075858388	0.015848931924611172	5.159676577988646e-10
100.00000000000031	0.015848931924611172	1.5731143138871076e-10
111.55639876771902	0.015848931924611172	6.848171090380367e-11
138.21730389017998	0.015848931924611172	1.2420592981923303e-11
171.24990861750976	0.015848931924611172	1.9956209175370493e-12
212.17698780180757	0.015848931924611172	3.6585758594736597e-13
262.885244821937	0.015848931924611172	5.3023349571954613e-14
325.7122869971341	0.015848931924611172	2.861415711242189e-15
403.5543872869759	0.015848931924611172	4.228478163209581e-17
499.9999999999984	0.015848931924611172	3.39391554464273e-20
1000	0.015848931924611172	0
2000	0.015848931924611172	0
1.	0.01819700858609988	0.7560228311888686
1.9999999999999998	0.01819700858609988	0.9826099163460364
2.288838595949997	0.01819700858609988	1.0444996747574624
2.6193910591551774	0.01819700858609988	1.0981801454262583
2.9976816770403563	0.01819700858609988	1.1285201423589821
3.4306047603910415	0.01819700858609988	1.1205697769145027
3.926050291516404	0.01819700858609988	1.066960331770481
4.493047718431742	0.01819700858609988	0.9805777430278133
5.141930515695824	0.01819700858609988	0.8861793073715154
5.884524511008838	0.01819700858609988	0.7880956246152834
6.734363409805407	0.01819700858609988	0.6486707638569946
7.706935445758021	0.01819700858609988	0.47532712960836593
8.819965652373028	0.01819700858609988	0.3308097864815072
10.093738900052346	0.01819700858609988	0.20606127308199618
11.551469585940843	0.01819700858609988	0.09807483887312148
13.219724714121972	0.01819700858609988	0.03435962997399963
15.128908076758211	0.01819700858609988	0.011100083793250119
17.313814360331925	0.01819700858609988	0.004364087524326222
19.814263275520517	0.01819700858609988	0.0016931603958187265
22.675825267662994	0.01819700858609988	0.0005311764632287472
25.950652033822625	0.01819700858609988	0.00015574759787741462
29.698426982540767	0.01819700858609988	0.00004878300313377337
33.98745295832107	0.01819700858609988	0.000012666103677237828
38.895897054520105	0.01819700858609988	3.756357551122112e-6
44.51321520124173	0.01819700858609988	9.798849935922514e-7
50.941782491215115	0.01819700858609988	2.429741737951693e-7
58.29875895619149	0.01819700858609988	5.7372248488145947e-8
66.71822479745835	0.01819700858609988	1.2993068500558083e-8
76.35362398484546	0.01819700858609988	2.714474831729114e-9
87.38056075858388	0.01819700858609988	6.05551993852822e-10
100.00000000000031	0.01819700858609988	1.8386660480318156e-10
111.55639876771902	0.01819700858609988	8.000135065362646e-11
138.21730389017998	0.01819700858609988	1.4503977841503457e-11
171.24990861750976	0.01819700858609988	2.329468163803052e-12
212.17698780180757	0.01819700858609988	4.268694628678383e-13
262.885244821937	0.01819700858609988	6.186913152343027e-14
325.7122869971341	0.01819700858609988	3.3399571620016904e-15
403.5543872869759	0.01819700858609988	4.9380770442751515e-17
499.9999999999984	0.01819700858609988	3.9670978751868363e-20
1000	0.01819700858609988	0
2000	0.01819700858609988	0
1.	0.02089296130854045	0.7030177607119825
1.9999999999999998	0.02089296130854045	0.9563433769690534
2.288838595949997	0.02089296130854045	1.0368397186376919
2.6193910591551774	0.02089296130854045	1.1171699114710207
2.9976816770403563	0.02089296130854045	1.1828893334837474
3.4306047603910415	0.02089296130854045	1.2122584229622595
3.926050291516404	0.02089296130854045	1.1850782635029875
4.493047718431742	0.02089296130854045	1.1047385413660782
5.141930515695824	0.02089296130854045	1.0040782374840949
5.884524511008838	0.02089296130854045	0.9026056280138509
6.734363409805407	0.02089296130854045	0.765347658639675
7.706935445758021	0.02089296130854045	0.5751434581338868
8.819965652373028	0.02089296130854045	0.4005096818302609
10.093738900052346	0.02089296130854045	0.2546468438447294
11.551469585940843	0.02089296130854045	0.12503031746618046
13.219724714121972	0.02089296130854045	0.044114167976711846
15.128908076758211	0.02089296130854045	0.013829829156042639
17.313814360331925	0.02089296130854045	0.005263268697069952
19.814263275520517	0.02089296130854045	0.002059751789456392
22.675825267662994	0.02089296130854045	0.0006441918491689998
25.950652033822625	0.02089296130854045	0.0001868322528167427
29.698426982540767	0.02089296130854045	0.00005831179099968707
33.98745295832107	0.02089296130854045	0.000015036840613105111
38.895897054520105	0.02089296130854045	4.448616418536883e-6
44.51321520124173	0.02089296130854045	1.1733648666227374e-6
50.941782491215115	0.02089296130854045	2.878870926298387e-7
58.29875895619149	0.02089296130854045	6.755792000536952e-8
66.71822479745835	0.02089296130854045	1.5364390679687993e-8
76.35362398484546	0.02089296130854045	3.1945929862175385e-9
87.38056075858388	0.02089296130854045	7.108110629892784e-10
100.00000000000031	0.02089296130854045	2.1488256738304493e-10
111.55639876771902	0.02089296130854045	9.342896082031713e-11
138.21730389017998	0.02089296130854045	1.6930315646231093e-11
171.24990861750976	0.02089296130854045	2.7179696567791932e-12
212.17698780180757	0.02089296130854045	4.978046842489053e-13
262.885244821937	0.02089296130854045	7.215454660071704e-14
325.7122869971341	0.02089296130854045	3.896780258664991e-15
403.5543872869759	0.02089296130854045	5.764626822419915e-17
499.9999999999984	0.02089296130854045	4.6359854148350295e-20
1000	0.02089296130854045	0
2000	0.02089296130854045	0
1.	0.023988329190194974	0.6354658223555049
1.9999999999999998	0.023988329190194974	0.9012263417175725
2.288838595949997	0.023988329190194974	0.996373950708505
2.6193910591551774	0.023988329190194974	1.102349872874164
2.9976816770403563	0.023988329190194974	1.2071401072166277
3.4306047603910415	0.023988329190194974	1.279660358619533
3.926050291516404	0.023988329190194974	1.2931006684221902
4.493047718431742	0.023988329190194974	1.2359513054202473
5.141930515695824	0.023988329190194974	1.1347311113352048
5.884524511008838	0.023988329190194974	1.0296904219575005
6.734363409805407	0.023988329190194974	0.8979424627382258
7.706935445758021	0.023988329190194974	0.6935251473903611
8.819965652373028	0.023988329190194974	0.4873986777960782
10.093738900052346	0.023988329190194974	0.3154744985926102
11.551469585940843	0.023988329190194974	0.1602786199151018
13.219724714121972	0.023988329190194974	0.057508436029466675
15.128908076758211	0.023988329190194974	0.01748849992242838
17.313814360331925	0.023988329190194974	0.006384519530603536
19.814263275520517	0.023988329190194974	0.002518681523825344
22.675825267662994	0.023988329190194974	0.0007858231506506225
25.950652033822625	0.023988329190194974	0.00022567260511094887
29.698426982540767	0.023988329190194974	0.00006990298856523909
33.98745295832107	0.023988329190194974	0.000017889699808052897
38.895897054520105	0.023988329190194974	5.287476072209345e-6
44.51321520124173	0.023988329190194974	1.409092679963511e-6
50.941782491215115	0.023988329190194974	3.4195059344106344e-7
58.29875895619149	0.023988329190194974	7.982285703029621e-8
66.71822479745835	0.023988329190194974	1.822444191178805e-8
76.35362398484546	0.023988329190194974	3.768533176974166e-9
87.38056075858388	0.023988329190194974	8.359741527283808e-10
100.00000000000031	0.023988329190194974	2.5153912814584746e-10
111.55639876771902	0.023988329190194974	1.0925786387684522e-10
138.21730389017998	0.023988329190194974	1.9787931840974235e-11
171.24990861750976	0.023988329190194974	3.175148500217799e-12
212.17698780180757	0.023988329190194974	5.811923876287028e-13
262.885244821937	0.023988329190194974	8.42472267788e-14
325.7122869971341	0.023988329190194974	4.551955729526558e-15
403.5543872869759	0.023988329190194974	6.73825560825018e-17
499.9999999999984	0.023988329190194974	5.425520293501335e-20
1000	0.023988329190194974	0
2000	0.023988329190194974	0
1.	0.027542287033381744	0.49208552312314535
1.9999999999999998	0.027542287033381744	0.8210792924165784
2.288838595949997	0.027542287033381744	0.9249327558194119
2.6193910591551774	0.027542287033381744	1.0511505643324672
2.9976816770403563	0.027542287033381744	1.1859905482555584
3.4306047603910415	0.027542287033381744	1.307600575055056
3.926050291516404	0.027542287033381744	1.378059684284033
4.493047718431742	0.027542287033381744	1.3668895672189358
5.141930515695824	0.027542287033381744	1.2789193956568237
5.884524511008838	0.027542287033381744	1.1662088401555477
6.734363409805407	0.027542287033381744	1.0415387639976563
7.706935445758021	0.027542287033381744	0.8384304224039829
8.819965652373028	0.027542287033381744	0.5936445685248766
10.093738900052346	0.027542287033381744	0.39340073558277183
11.551469585940843	0.027542287033381744	0.20677772404854694
13.219724714121972	0.027542287033381744	0.07626823522683249
15.128908076758211	0.027542287033381744	0.02247662759459678
17.313814360331925	0.027542287033381744	0.007812967701061328
19.814263275520517	0.027542287033381744	0.003096487163599455
22.675825267662994	0.027542287033381744	0.000965116016864283
25.950652033822625	0.027542287033381744	0.0002744509381662465
29.698426982540767	0.027542287033381744	0.00008399985513053262
33.98745295832107	0.027542287033381744	0.000021460872893330582
38.895897054520105	0.027542287033381744	6.323595303040639e-6
44.51321520124173	0.027542287033381744	1.701260624813965e-6
50.941782491215115	0.027542287033381744	4.081285779328619e-7
58.29875895619149	0.027542287033381744	9.495708316870525e-8
66.71822479745835	0.027542287033381744	2.1734223030158677e-8
76.35362398484546	0.027542287033381744	4.468471129875314e-9
87.38056075858388	0.027542287033381744	9.876481444414522e-10
100.00000000000031	0.027542287033381744	2.9568832674232286e-10
111.55639876771902	0.027542287033381744	1.2826478939149163e-10
138.21730389017998	0.027542287033381744	2.3215864978504538e-11
171.24990861750976	0.027542287033381744	3.723072821617675e-12
212.17698780180757	0.027542287033381744	6.810211646032832e-13
262.885244821937	0.027542287033381744	9.87261684816794e-14
325.7122869971341	0.027542287033381744	5.337101975039896e-15
403.5543872869759	0.027542287033381744	7.9064215372148e-17
499.9999999999984	0.027542287033381744	6.374865340454668e-20
1000	0.027542287033381744	0
2000	0.027542287033381744	0
1.	0.03162277660168389	0.47777608205036276
1.9999999999999998	0.03162277660168389	0.7233555603668774
2.288838595949997	0.03162277660168389	0.8275770516340144
2.6193910591551774	0.03162277660168389	0.9597519660233191
2.9976816770403563	0.03162277660168389	1.1175910365440078
3.4306047603910415	0.03162277660168389	1.2839214760317172
3.926050291516404	0.03162277660168389	1.4234097699907498
4.493047718431742	0.03162277660168389	1.481829105837123
5.141930515695824	0.03162277660168389	1.429019058860994
5.884524511008838	0.03162277660168389	1.3131885088628679
6.734363409805407	0.03162277660168389	1.1910484824093006
7.706935445758021	0.03162277660168389	1.0027199398137663
8.819965652373028	0.03162277660168389	0.7295452877726432
10.093738900052346	0.03162277660168389	0.48772163972126226
11.551469585940843	0.03162277660168389	0.2696461894247822
13.219724714121972	0.03162277660168389	0.10269090139604911
15.128908076758211	0.03162277660168389	0.029527786152941868
17.313814360331925	0.03162277660168389	0.00966803585632663
19.814263275520517	0.03162277660168389	0.00383385145947084
22.675825267662994	0.03162277660168389	0.001196902030719457
25.950652033822625	0.03162277660168389	0.00033630025053726865
29.698426982540767	0.03162277660168389	0.00010128642674367267
33.98745295832107	0.03162277660168389	0.000025920601033942843
38.895897054520105	0.03162277660168389	7.56534389389348e-6
44.51321520124173	0.03162277660168389	2.0526558199625723e-6
50.941782491215115	0.03162277660168389	4.865559618017759e-7
58.29875895619149	0.03162277660168389	1.131543862923734e-7
66.71822479745835	0.03162277660168389	2.5897370881337943e-8
76.35362398484546	0.03162277660168389	5.295444940778352e-9
87.38056075858388	0.03162277660168389	1.1652671854889696e-9
100.00000000000031	0.03162277660168389	3.469808222086062e-10
111.55639876771902	0.03162277660168389	1.5026033269838776e-10
138.21730389017998	0.03162277660168389	2.7177876612566052e-11
171.24990861750976	0.03162277660168389	4.3556397056753436e-12
212.17698780180757	0.03162277660168389	7.961050007254961e-13
262.885244821937	0.03162277660168389	1.154203499031136e-13
325.7122869971341	0.03162277660168389	6.243378120987919e-15
403.5543872869759	0.03162277660168389	9.256909112938488e-17
499.9999999999984	0.03162277660168389	7.475570081167476e-20
1000	0.03162277660168389	0
2000	0.03162277660168389	0
1.	0.03630780547701025	0.39939592633410526
1.9999999999999998	0.03630780547701025	0.6142668876933403
2.288838595949997	0.03630780547701025	0.710357407051344
2.6193910591551774	0.03630780547701025	0.8389833257474442
2.9976816770403563	0.03630780547701025	1.0050406236266156
3.4306047603910415	0.03630780547701025	1.2038618473320624
3.926050291516404	0.03630780547701025	1.4099699807786448
4.493047718431742	0.03630780547701025	1.551909426816804
5.141930515695824	0.03630780547701025	1.5708900464474052
5.884524511008838	0.03630780547701025	1.4781195182713072
6.734363409805407	0.03630780547701025	1.3548095746067854
7.706935445758021	0.03630780547701025	1.1852309857075922
8.819965652373028	0.03630780547701025	0.893835345946529
10.093738900052346	0.03630780547701025	0.6081932884510071
11.551469585940843	0.03630780547701025	0.3511234743411134
13.219724714121972	0.03630780547701025	0.14048775106632092
15.128908076758211	0.03630780547701025	0.03977981341698582
17.313814360331925	0.03630780547701025	0.012161661128569066
19.814263275520517	0.03630780547701025	0.004777009682774223
22.675825267662994	0.03630780547701025	0.0015053120209203273
25.950652033822625	0.03630780547701025	0.00041726704436980994
29.698426982540767	0.03630780547701025	0.000122758452485927
33.98745295832107	0.03630780547701025	0.00003162450694399656
38.895897054520105	0.03630780547701025	9.12722545697104e-6
44.51321520124173	0.03630780547701025	2.4943849837702008e-6
50.941782491215115	0.03630780547701025	5.842065118145475e-7
58.29875895619149	0.03630780547701025	1.3622193824500746e-7
66.71822479745835	0.03630780547701025	3.1060610963936435e-8
76.35362398484546	0.03630780547701025	6.322929222545917e-9
87.38056075858388	0.03630780547701025	1.3837999253090511e-9
100.00000000000031	0.03630780547701025	4.096552970606347e-10
111.55639876771902	0.03630780547701025	1.770265768427152e-10
138.21730389017998	0.03630780547701025	3.1993795699235066e-11
171.24990861750976	0.03630780547701025	5.123681336590358e-12
212.17698780180757	0.03630780547701025	9.356420842526812e-13
262.885244821937	0.03630780547701025	1.356647132064076e-13
325.7122869971341	0.03630780547701025	7.343552943790719e-15
403.5543872869759	0.03630780547701025	1.089888681725347e-16
499.9999999999984	0.03630780547701025	8.817489080320759e-20
1000	0.03630780547701025	0
2000	0.03630780547701025	0
1.	0.04168693834703368	0.3270466170325873
1.9999999999999998	0.04168693834703368	0.5039673701092566
2.288838595949997	0.04168693834703368	0.5867558688947376
2.6193910591551774	0.04168693834703368	0.7022835954142191
2.9976816770403563	0.04168693834703368	0.8610998494806981
3.4306047603910415	0.04168693834703368	1.0732212936138112
3.926050291516404	0.04168693834703368	1.3194191330882472
4.493047718431742	0.04168693834703368	1.549918524108826
5.141930515695824	0.04168693834703368	1.6797802231968626
5.884524511008838	0.04168693834703368	1.647840250430811
6.734363409805407	0.04168693834703368	1.5209306415867156
7.706935445758021	0.04168693834703368	1.3734319185069355
8.819965652373028	0.04168693834703368	1.0978425190714278
10.093738900052346	0.04168693834703368	0.7539883199372728
11.551469585940843	0.04168693834703368	0.4599859741835583
13.219724714121972	0.04168693834703368	0.19423067881360637
15.128908076758211	0.04168693834703368	0.055013801233603235
17.313814360331925	0.04168693834703368	0.015637775508074218
19.814263275520517	0.04168693834703368	0.005978441467214381
22.675825267662994	0.04168693834703368	0.0019138526861816484
25.950652033822625	0.04168693834703368	0.0005231892063646308
29.698426982540767	0.04168693834703368	0.0001481125169371884
33.98745295832107	0.04168693834703368	0.00003888705701219132
38.895897054520105	0.04168693834703368	0.000011049431559249915
44.51321520124173	0.04168693834703368	3.0365538569051083e-6
50.941782491215115	0.04168693834703368	7.03424861165173e-7
58.29875895619149	0.04168693834703368	1.6480023059267677e-7
66.71822479745835	0.04168693834703368	3.728062589909182e-8
76.35362398484546	0.04168693834703368	7.56684722406345e-9
87.38056075858388	0.04168693834703368	1.6449374120026276e-9
100.00000000000031	0.04168693834703368	4.839162932157841e-10
111.55639876771902	0.04168693834703368	2.0857704805140064e-10
138.21730389017998	0.04168693834703368	3.766275708608739e-11
171.24990861750976	0.04168693834703368	6.02646417906713e-12
212.17698780180757	0.04168693834703368	1.099363311606207e-12
262.885244821937	0.04168693834703368	1.5942278402385338e-13
325.7122869971341	0.04168693834703368	8.636513488413578e-15
403.5543872869759	0.04168693834703368	1.2832258533536835e-16
499.9999999999984	0.04168693834703368	1.040316783790766e-19
1000	0.04168693834703368	0
2000	0.04168693834703368	0
1.	0.047863009232264	0.26536693860650556
1.9999999999999998	0.047863009232264	0.402518884876294
2.288838595949997	0.047863009232264	0.46939853786117336
2.6193910591551774	0.047863009232264	0.5655062230987163
2.9976816770403563	0.047863009232264	0.7045155562302019
3.4306047603910415	0.047863009232264	0.900579256188794
3.926050291516404	0.047863009232264	1.1607098882691578
4.493047718431742	0.047863009232264	1.4615985625829384
5.141930515695824	0.047863009232264	1.719299955029286
5.884524511008838	0.047863009232264	1.796669643639476
6.734363409805407	0.047863009232264	1.707549765151724
7.706935445758021	0.047863009232264	1.57118088625473
8.819965652373028	0.047863009232264	1.3301812571884988
10.093738900052346	0.047863009232264	0.9416980664101722
11.551469585940843	0.047863009232264	0.5952954537648509
13.219724714121972	0.047863009232264	0.2716926428141331
15.128908076758211	0.047863009232264	0.07865573357675655
17.313814360331925	0.047863009232264	0.02062773464380526
19.814263275520517	0.047863009232264	0.007524495076067746
22.675825267662994	0.047863009232264	0.0024640470404844275
25.950652033822625	0.047863009232264	0.0006580657065940958
29.698426982540767	0.047863009232264	0.00018098122131520453
33.98745295832107	0.047863009232264	0.000048395569662568446
38.895897054520105	0.047863009232264	0.00001344192491273061
44.51321520124173	0.047863009232264	3.7063714500556613e-6
50.941782491215115	0.047863009232264	8.513797290182693e-7
58.29875895619149	0.047863009232264	2.003573055171869e-7
66.71822479745835	0.047863009232264	4.47987730147223e-8
76.35362398484546	0.047863009232264	9.080982356442766e-9
87.38056075858388	0.047863009232264	1.9579492390844113e-9
100.00000000000031	0.047863009232264	5.721492077675938e-10
111.55639876771902	0.047863009232264	2.4584464141775117e-10
138.21730389017998	0.047863009232264	4.434906895913577e-11
171.24990861750976	0.047863009232264	7.0895537709061765e-12
212.17698780180757	0.047863009232264	1.2917596112564924e-12
262.885244821937	0.047863009232264	1.8734853875837523e-13
325.7122869971341	0.047863009232264	1.0158677124952812e-14
403.5543872869759	0.047863009232264	1.5113405890269816e-16
499.9999999999984	0.047863009232264	1.22815889544155e-19
1000	0.047863009232264	0
2000	0.047863009232264	0
1.	0.05495408738576265	0.21821208388322857
1.9999999999999998	0.05495408738576265	0.3140951572959518
2.288838595949997	0.05495408738576265	0.3641449439415717
2.6193910591551774	0.05495408738576265	0.4379245362306026
2.9976816770403563	0.05495408738576265	0.5483869183631495
3.4306047603910415	0.05495408738576265	0.7137636604911404
3.926050291516404	0.05495408738576265	0.9560715344342903
4.493047718431742	0.05495408738576265	1.287508975998658
5.141930515695824	0.05495408738576265	1.6434903034776942
5.884524511008838	0.05495408738576265	1.8862998835000708
6.734363409805407	0.05495408738576265	1.8943892014488695
7.706935445758021	0.05495408738576265	1.76142028423596
8.819965652373028	0.05495408738576265	1.5727503054640706
10.093738900052346	0.05495408738576265	1.1800186135136392
11.551469585940843	0.05495408738576265	0.7692112617006027
13.219724714121972	0.05495408738576265	0.38049637724288976
15.128908076758211	0.05495408738576265	0.11558861136512698
17.313814360331925	0.05495408738576265	0.028229379154701285
19.814263275520517	0.05495408738576265	0.009542130873499062
22.675825267662994	0.05495408738576265	0.0032128704640525807
25.950652033822625	0.05495408738576265	0.0008535502090815741
29.698426982540767	0.05495408738576265	0.0002235478971573366
33.98745295832107	0.05495408738576265	0.00006028126955200859
38.895897054520105	0.05495408738576265	0.000016466820910593813
44.51321520124173	0.05495408738576265	4.542947349678607e-6
50.941782491215115	0.05495408738576265	1.0389875523688152e-6
58.29875895619149	0.05495408738576265	2.446762580740071e-7
66.71822479745835	0.05495408738576265	5.395965066278594e-8
76.35362398484546	0.05495408738576265	1.0934999283249445e-8
87.38056075858388	0.05495408738576265	2.334584176408431e-9
100.00000000000031	0.05495408738576265	6.773384475494111e-10
111.55639876771902	0.05495408738576265	2.899881562933838e-10
138.21730389017998	0.05495408738576265	5.225721721906088e-11
171.24990861750976	0.05495408738576265	8.344594661132702e-12
212.17698780180757	0.05495408738576265	1.5183650734861974e-12
262.885244821937	0.05495408738576265	2.2024818944129787e-13
325.7122869971341	0.05495408738576265	1.1955172266264332e-14
403.5543872869759	0.05495408738576265	1.7812526182945799e-16
499.9999999999984	0.05495408738576265	1.4514157218095523e-19
1000	0.05495408738576265	0
2000	0.05495408738576265	0
1.	0.06309573444801955	0.18120489605047815
1.9999999999999998	0.06309573444801955	0.24264380893452886
2.288838595949997	0.06309573444801955	0.27689059601313515
2.6193910591551774	0.06309573444801955	0.3295039225123989
2.9976816770403563	0.06309573444801955	0.4111320943855571
3.4306047603910415	0.06309573444801955	0.5398003863208936
3.926050291516404	0.06309573444801955	0.7408194200352498
4.493047718431742	0.06309573444801955	1.0445378233989018
5.141930515695824	0.06309573444801955	1.4475592600103404
5.884524511008838	0.06309573444801955	1.8585702803893303
6.734363409805407	0.06309573444801955	2.042479895695196
7.706935445758021	0.06309573444801955	1.9675110932355038
8.819965652373028	0.06309573444801955	1.815241421354008
10.093738900052346	0.06309573444801955	1.4652183291901588
11.551469585940843	0.06309573444801955	0.9841140281474845
13.219724714121972	0.06309573444801955	0.5345591046579152
15.128908076758211	0.06309573444801955	0.17488084796740755
17.313814360331925	0.06309573444801955	0.04022911306928811
19.814263275520517	0.06309573444801955	0.01226062481961086
22.675825267662994	0.06309573444801955	0.00423304109756527
25.950652033822625	0.06309573444801955	0.0011105070418897017
29.698426982540767	0.06309573444801955	0.0002840389922612828
33.98745295832107	0.06309573444801955	0.00007750024382719133
38.895897054520105	0.06309573444801955	0.000020306752789273495
44.51321520124173	0.06309573444801955	5.588918042619689e-6
50.941782491215115	0.06309573444801955	1.2786689160417245e-6
58.29875895619149	0.06309573444801955	2.9915076010569174e-7
66.71822479745835	0.06309573444801955	6.509531486430317e-8
76.35362398484546	0.06309573444801955	1.3183020792210066e-8
87.38056075858388	0.06309573444801955	2.7823011154005977e-9
100.00000000000031	0.06309573444801955	8.009987121285588e-10
111.55639876771902	0.06309573444801955	3.4150704200547286e-10
138.21730389017998	0.06309573444801955	6.146975186712669e-11
171.24990861750976	0.06309573444801955	9.80343531923634e-12
212.17698780180757	0.06309573444801955	1.781027314921819e-12
262.885244821937	0.06309573444801955	2.5839442303544716e-13
325.7122869971341	0.06309573444801955	1.40426796851209e-14
403.5543872869759	0.06309573444801955	2.0958186209590278e-16
499.9999999999984	0.06309573444801955	1.7130310548755208e-19
1000	0.06309573444801955	0
2000	0.06309573444801955	0
1.	0.07244359600749928	0.1529970120476749
1.9999999999999998	0.07244359600749928	0.19079602214435085
2.288838595949997	0.07244359600749928	0.2124389223209798
2.6193910591551774	0.07244359600749928	0.2464581895504243
2.9976816770403563	0.07244359600749928	0.30149039694515445
3.4306047603910415	0.07244359600749928	0.391872496668767
3.926050291516404	0.07244359600749928	0.5410652110080566
4.493047718431742	0.07244359600749928	0.785536126882237
5.141930515695824	0.07244359600749928	1.1693004663855273
5.884524511008838	0.07244359600749928	1.6697522874741832
6.734363409805407	0.07244359600749928	2.0855002740561708
7.706935445758021	0.07244359600749928	2.168909523403105
8.819965652373028	0.07244359600749928	2.0395404095357437
10.093738900052346	0.07244359600749928	1.7820657429244782
11.551469585940843	0.07244359600749928	1.252870926321879
13.219724714121972	0.07244359600749928	0.740970798306035
15.128908076758211	0.07244359600749928	0.26869718929253317
17.313814360331925	0.07244359600749928	0.06022703786816924
19.814263275520517	0.07244359600749928	0.016071346893984734
22.675825267662994	0.07244359600749928	0.005641447174228762
25.950652033822625	0.07244359600749928	0.0014650110205890274
29.698426982540767	0.07244359600749928	0.0003631703030959901
33.98745295832107	0.07244359600749928	0.00009881019037837836
38.895897054520105	0.07244359600749928	0.000025318641959212636
44.51321520124173	0.07244359600749928	6.934950976654604e-6
50.941782491215115	0.07244359600749928	1.593441933510436e-6
58.29875895619149	0.07244359600749928	3.670741745585185e-7
66.71822479745835	0.07244359600749928	7.903082086340509e-8
76.35362398484546	0.07244359600749928	1.5957839788810187e-8
87.38056075858388	0.07244359600749928	3.3242303097097553e-9
100.00000000000031	0.07244359600749928	9.487154847331406e-10
111.55639876771902	0.07244359600749928	4.025967206512194e-10
138.21730389017998	0.07244359600749928	7.237328771091523e-11
171.24990861750976	0.07244359600749928	1.1525951690946127e-11
212.17698780180757	0.07244359600749928	2.090213845502499e-12
262.885244821937	0.07244359600749928	3.033108840500872e-13
325.7122869971341	0.07244359600749928	1.6506459920202873e-14
403.5543872869759	0.07244359600749928	2.468316561939571e-16
499.9999999999984	0.07244359600749928	2.024620224056336e-19
1000	0.07244359600749928	0
2000	0.07244359600749928	0
1.	0.08317637711026743	0.12716505509164167
1.9999999999999998	0.08317637711026743	0.15236708195713447
2.288838595949997	0.08317637711026743	0.16514903872155923
2.6193910591551774	0.08317637711026743	0.18554022554818855
2.9976816770403563	0.08317637711026743	0.21969539851515374
3.4306047603910415	0.08317637711026743	0.2775392168234877
3.926050291516404	0.08317637711026743	0.3788044373860254
4.493047718431742	0.08317637711026743	0.5564477737481844
5.141930515695824	0.08317637711026743	0.8636069882781356
5.884524511008838	0.08317637711026743	1.3479138521678906
6.734363409805407	0.08317637711026743	1.944321554008237
7.706935445758021	0.08317637711026743	2.3016880433891456
8.819965652373028	0.08317637711026743	2.26876963971375
10.093738900052346	0.08317637711026743	2.0893060582133276
11.551469585940843	0.08317637711026743	1.591409666097967
13.219724714121972	0.08317637711026743	1.0008918656738586
15.128908076758211	0.08317637711026743	0.4153335027231805
17.313814360331925	0.08317637711026743	0.09489460721564608
19.814263275520517	0.08317637711026743	0.021963858579150154
22.675825267662994	0.08317637711026743	0.0075734926702071634
25.950652033822625	0.08317637711026743	0.0019733309411630743
29.698426982540767	0.08317637711026743	0.00045549074270107264
33.98745295832107	0.08317637711026743	0.00012797752993406008
38.895897054520105	0.08317637711026743	0.00003189124364094538
44.51321520124173	0.08317637711026743	8.6834157831917e-6
50.941782491215115	0.08317637711026743	2.0077156073184287e-6
58.29875895619149	0.08317637711026743	4.520658195841971e-7
66.71822479745835	0.08317637711026743	9.663593467943105e-8
76.35362398484546	0.08317637711026743	1.937963523488872e-8
87.38056075858388	0.08317637711026743	3.979998564038803e-9
100.00000000000031	0.08317637711026743	1.1240947618274098e-9
111.55639876771902	0.08317637711026743	4.745728087987651e-10
138.21730389017998	0.08317637711026743	8.51894405824793e-11
171.24990861750976	0.08317637711026743	1.354489733100927e-11
212.17698780180757	0.08317637711026743	2.4512796327852408e-12
262.885244821937	0.08317637711026743	3.5578710503647726e-13
325.7122869971341	0.08317637711026743	1.9392847147365318e-14
403.5543872869759	0.08317637711026743	2.9063713043212385e-16
499.9999999999984	0.08317637711026743	2.3935714998579386e-19
1000	0.08317637711026743	0
2000	0.08317637711026743	0
1.	0.09549925860214398	0.1050230743843842
1.9999999999999998	0.09549925860214398	0.12375109613330043
2.288838595949997	0.09549925860214398	0.1325490667501435
2.6193910591551774	0.09549925860214398	0.14549319195713317
2.9976816770403563	0.09549925860214398	0.16600231221841144
3.4306047603910415	0.09549925860214398	0.20003684903966318
3.926050291516404	0.09549925860214398	0.26130445330212987
4.493047718431742	0.09549925860214398	0.3752221504162123
5.141930515695824	0.09549925860214398	0.5883751973404089
5.884524511008838	0.09549925860214398	0.9810875369554702
6.734363409805407	0.09549925860214398	1.6036534241530782
7.706935445758021	0.09549925860214398	2.2538871157453015
8.819965652373028	0.09549925860214398	2.4805784029656555
10.093738900052346	0.09549925860214398	2.359639330798252
11.551469585940843	0.09549925860214398	1.9938562796885628
13.219724714121972	0.09549925860214398	1.3184201070616925
15.128908076758211	0.09549925860214398	0.6365894875855129
17.313814360331925	0.09549925860214398	0.1580140625472291
19.814263275520517	0.09549925860214398	0.03170492240004785
22.675825267662994	0.09549925860214398	0.010206133521650722
25.950652033822625	0.09549925860214398	0.0027364368446577345
29.698426982540767	0.09549925860214398	0.000607746713137839
33.98745295832107	0.09549925860214398	0.00016658670890543252
38.895897054520105	0.09549925860214398	0.00003929875149638496
44.51321520124173	0.09549925860214398	0.000010638954293731438
50.941782491215115	0.09549925860214398	2.4765627603601357e-6
58.29875895619149	0.09549925860214398	5.433041820669659e-7
66.71822479745835	0.09549925860214398	1.1547835124081826e-7
76.35362398484546	0.09549925860214398	2.291207882041544e-8
87.38056075858388	0.09549925860214398	4.636208150297928e-9
100.00000000000031	0.09549925860214398	1.292228690286167e-9
111.55639876771902	0.09549925860214398	5.425469350537209e-10
138.21730389017998	0.09549925860214398	9.722629653310668e-11
171.24990861750976	0.09549925860214398	1.5429955704244615e-11
212.17698780180757	0.09549925860214398	2.7858357638275616e-12
262.885244821937	0.09549925860214398	4.0444719391771693e-13
325.7122869971341	0.09549925860214398	2.2085004458171582e-14
403.5543872869759	0.09549925860214398	3.318238336093853e-16
499.9999999999984	0.09549925860214398	2.7453511830132224e-19
1000	0.09549925860214398	0
2000	0.09549925860214398	0
1.	0.10964781961431896	0.08566214684000714
1.9999999999999998	0.10964781961431896	0.10067729417679393
2.288838595949997	0.10964781961431896	0.10734128898994115
2.6193910591551774	0.10964781961431896	0.11663940448990953
2.9976816770403563	0.10964781961431896	0.12971954172414363
3.4306047603910415	0.10964781961431896	0.15014997055565718
3.926050291516404	0.10964781961431896	0.18496700759640483
4.493047718431742	0.10964781961431896	0.25176230525754584
5.141930515695824	0.10964781961431896	0.3837077933585828
5.884524511008838	0.10964781961431896	0.6486329292749686
6.734363409805407	0.10964781961431896	1.1555384767201358
7.706935445758021	0.10964781961431896	1.9437702627695774
8.819965652373028	0.10964781961431896	2.5645665042896293
10.093738900052346	0.10964781961431896	2.599781513460047
11.551469585940843	0.10964781961431896	2.3964891081195416
13.219724714121972	0.10964781961431896	1.7174649671951463
15.128908076758211	0.10964781961431896	0.9491915121853929
17.313814360331925	0.10964781961431896	0.2722742619883973
19.814263275520517	0.10964781961431896	0.04917985384501198
22.675825267662994	0.10964781961431896	0.013816877399638617
25.950652033822625	0.10964781961431896	0.003893600592901038
29.698426982540767	0.10964781961431896	0.0008336062204594821
33.98745295832107	0.10964781961431896	0.00021368719874194033
38.895897054520105	0.10964781961431896	0.000050512054952957434
44.51321520124173	0.10964781961431896	0.000013607815931110171
50.941782491215115	0.10964781961431896	3.1925375345503316e-6
58.29875895619149	0.10964781961431896	6.828807079892458e-7
66.71822479745835	0.10964781961431896	1.4398335424576027e-7
76.35362398484546	0.10964781961431896	2.821831384454529e-8
87.38056075858388	0.10964781961431896	5.626022136687094e-9
100.00000000000031	0.10964781961431896	1.5413594756581427e-9
111.55639876771902	0.10964781961431896	6.433441093736909e-10
138.21730389017998	0.10964781961431896	1.1505160334724859e-10
171.24990861750976	0.10964781961431896	1.8220014363823322e-11
212.17698780180757	0.10964781961431896	3.2806676026578842e-12
262.885244821937	0.10964781961431896	4.764192796461993e-13
325.7122869971341	0.10964781961431896	2.606900610427722e-14
403.5543872869759	0.10964781961431896	3.9281647428925396e-16
499.9999999999984	0.10964781961431896	3.2670179821323784e-19
1000	0.10964781961431896	0
2000	0.10964781961431896	0