1.	0.001	0.0639852
1.9999999999999998	0.001	0.0691206
2.288838595949997	0.001	0.07400687624771662
2.6193910591551774	0.001	0.08019971720339705
2.9976816770403563	0.001	0.08634411263552211
3.4306047603910415	0.001	0.08960586515964486
3.926050291516404	0.001	0.08597979318103542
4.493047718431742	0.001	0.07271695336897997
5.141930515695824	0.001	0.053001988333631136
5.884524511008838	0.001	0.03620265202727034
6.734363409805407	0.001	0.027164976679550656
7.706935445758021	0.001	0.02051333114751627
8.819965652373028	0.001	0.012560331065359696
10.093738900052346	0.001	0.005868424190275794
11.551469585940843	0.001	0.002278074908963977
13.219724714121972	0.001	0.0008494766578607768
15.128908076758211	0.001	0.0003595432749881301
17.313814360331925	0.001	0.00016341545217616541
19.814263275520517	0.001	0.000068027300980512
22.675825267662994	0.001	0.000023783009329169997
25.950652033822625	0.001	8.960005553646353e-6
29.698426982540767	0.001	3.809635058357273e-6
33.98745295832107	0.001	1.388848770685797e-6
38.895897054520105	0.001	5.03972482102754e-7
44.51321520124173	0.001	1.3771891121771482e-7
50.941782491215115	0.001	4.6144914960618225e-8
58.29875895619149	0.001	1.5882071537399053e-8
66.71822479745835	0.001	5.4814743153366145e-9
76.35362398484546	0.001	1.8381607714889465e-9
87.38056075858388	0.001	6.250800561992489e-10
100.00000000000031	0.001	2.2680679872969243e-10
111.55639876771902	0.001	1.0220391481594407e-10
138.21730389017998	0.001	1.8633992081245094e-11
171.24990861750976	0.001	3.0010335180881133e-12
212.17698780180757	0.001	5.517484608292597e-13
262.885244821937	0.001	7.993675387884436e-14
325.7122869971341	0.001	4.304257075806881e-15
403.5543872869759	0.001	6.340695133039177e-17
499.9999999999984	0.001	5.0597801025671187e-20
1000	0.001	0
2000	0.001	0
1.	0.0011481536214968829	0.07301381829678966
1.9999999999999998	0.0011481536214968829	0.07849732420239917
2.288838595949997	0.0011481536214968829	0.08404811254809584
2.6193910591551774	0.0011481536214968829	0.09115818213421797
2.9976816770403563	0.0011481536214968829	0.09831620238067043
3.4306047603910415	0.0011481536214968829	0.10233027243126197
3.926050291516404	0.0011481536214968829	0.09856959875431473
4.493047718431742	0.0011481536214968829	0.08372403058897603
5.141930515695824	0.0011481536214968829	0.06124758983805074
5.884524511008838	0.0011481536214968829	0.04179418216635783
6.734363409805407	0.0011481536214968829	0.03127387389766888
7.706935445758021	0.0011481536214968829	0.02362551277934081
8.819965652373028	0.0011481536214968829	0.014501884253869892
10.093738900052346	0.0011481536214968829	0.006790851972921642
11.551469585940843	0.0011481536214968829	0.002633835596906988
13.219724714121972	0.0011481536214968829	0.000981061945073296
15.128908076758211	0.0011481536214968829	0.00041418051043421496
17.313814360331925	0.0011481536214968829	0.00018810397638198298
19.814263275520517	0.0011481536214968829	0.00007838546626677156
22.675825267662994	0.0011481536214968829	0.000027380938076583557
25.950652033822625	0.0011481536214968829	0.000010319204669350167
29.698426982540767	0.0011481536214968829	4.380547107735448e-6
33.98745295832107	0.0011481536214968829	1.5985211604296303e-6
38.895897054520105	0.0011481536214968829	5.794300395562578e-7
44.51321520124173	0.0011481536214968829	1.5864292523541986e-7
50.941782491215115	0.0011481536214968829	5.307449893406431e-8
58.29875895619149	0.0011481536214968829	1.825786007805807e-8
66.71822479745835	0.0011481536214968829	6.30061512113759e-9
76.35362398484546	0.0011481536214968829	2.1127898460367697e-9
87.38056075858388	0.0011481536214968829	7.183817293914609e-10
100.00000000000031	0.0011481536214968829	2.606707250934308e-10
111.55639876771902	0.0011481536214968829	1.174578827720592e-10
138.21730389017998	0.0011481536214968829	2.1414911140101663e-11
171.24990861750976	0.0011481536214968829	3.448821570629839e-12
212.17698780180757	0.0011481536214968829	6.340570953121118e-13
262.885244821937	0.0011481536214968829	9.186211284559195e-14
325.7122869971341	0.0011481536214968829	4.9464762992440485e-15
403.5543872869759	0.0011481536214968829	7.28701529437621e-17
499.9999999999984	0.0011481536214968829	5.815274663671945e-20
1000	0.0011481536214968829	0
2000	0.0011481536214968829	0
1.	0.0013182567385564075	0.08326730340652252
1.9999999999999998	0.0013182567385564075	0.08902819808805534
2.288838595949997	0.0013182567385564075	0.0952989538015498
2.6193910591551774	0.0013182567385564075	0.10346878725942711
2.9976816770403563	0.0013182567385564075	0.11178876119067593
3.4306047603910415	0.0013182567385564075	0.11682368499644269
3.926050291516404	0.0013182567385564075	0.11296071558344373
4.493047718431742	0.0013182567385564075	0.09644602253141833
5.141930515695824	0.0013182567385564075	0.07079890122872458
5.884524511008838	0.0013182567385564075	0.04827651057048643
6.734363409805407	0.0013182567385564075	0.036004378574769694
7.706935445758021	0.0013182567385564075	0.027240571725461866
8.819965652373028	0.0013182567385564075	0.016785397056699344
10.093738900052346	0.0013182567385564075	0.007866660845016483
11.551469585940843	0.0013182567385564075	0.00305024250599604
13.219724714121972	0.0013182567385564075	0.0011352785270861664
15.128908076758211	0.0013182567385564075	0.0004774098235330631
17.313814360331925	0.0013182567385564075	0.00021659172879938518
19.814263275520517	0.0013182567385564075	0.0000903544245866242
22.675825267662994	0.0013182567385564075	0.000031534900985227005
25.950652033822625	0.0013182567385564075	0.000011889607747500345
29.698426982540767	0.0013182567385564075	5.038075126378756e-6
33.98745295832107	0.0013182567385564075	1.840466258773362e-6
38.895897054520105	0.0013182567385564075	6.663066252508208e-7
44.51321520124173	0.0013182567385564075	1.8282190281048775e-7
50.941782491215115	0.0013182567385564075	6.105866389954775e-8
58.29875895619149	0.0013182567385564075	2.0992584460967547e-8
66.71822479745835	0.0013182567385564075	7.2431571595939985e-9
76.35362398484546	0.0013182567385564075	2.428774800532842e-9
87.38056075858388	0.0013182567385564075	8.257083181011872e-10
100.00000000000031	0.0013182567385564075	2.99627160782909e-10
111.55639876771902	0.0013182567385564075	1.3500399208534821e-10
138.21730389017998	0.0013182567385564075	2.4613575782759167e-11
171.24990861750976	0.0013182567385564075	3.963877470900512e-12
212.17698780180757	0.0013182567385564075	7.287247222054554e-13
262.885244821937	0.0013182567385564075	1.0557764723541025e-13
325.7122869971341	0.0013182567385564075	5.685158399457938e-15
403.5543872869759	0.0013182567385564075	8.375522489345409e-17
499.9999999999984	0.0013182567385564075	6.684368942387327e-20
1000	0.0013182567385564075	0
2000	0.0013182567385564075	0
1.	0.0015135612484362087	0.09486467269591041
1.9999999999999998	0.0015135612484362087	0.10079107294978436
2.288838595949997	0.0015135612484362087	0.10788504347095876
2.6193910591551774	0.0015135612484362087	0.11724311292920475
2.9976816770403563	0.0015135612484362087	0.12706011792317687
3.4306047603910415	0.0015135612484362087	0.13313506640283004
3.926050291516404	0.0015135612484362087	0.12940409487915233
4.493047718431742	0.0015135612484362087	0.11112416788612076
5.141930515695824	0.0015135612484362087	0.0819124540858144
5.884524511008838	0.0015135612484362087	0.05581577296614165
6.734363409805407	0.0015135612484362087	0.04149959978621817
7.706935445758021	0.0015135612484362087	0.0314376741632428
8.819965652373028	0.0015135612484362087	0.0194413639431641
10.093738900052346	0.0015135612484362087	0.009119379357991519
11.551469585940843	0.0015135612484362087	0.0035400795915521027
13.219724714121972	0.0015135612484362087	0.001313301279195531
15.128908076758211	0.0015135612484362087	0.0005503463591006283
17.313814360331925	0.0015135612484362087	0.0002496003784929059
19.814263275520517	0.0015135612484362087	0.00010415222522012552
22.675825267662994	0.0015135612484362087	0.000036319331759902044
25.950652033822625	0.0015135612484362087	0.000013699846622132221
29.698426982540767	0.0015135612484362087	5.793262892485614e-6
33.98745295832107	0.0015135612484362087	2.1189627163935944e-6
38.895897054520105	0.0015135612484362087	7.660526133433144e-7
44.51321520124173	0.0015135612484362087	2.1069545227888395e-7
50.941782491215115	0.0015135612484362087	7.023307568608905e-8
58.29875895619149	0.0015135612484362087	2.4131294534084698e-8
66.71822479745835	0.0015135612484362087	8.32453909126405e-9
76.35362398484546	0.0015135612484362087	2.791296522950915e-9
87.38056075858388	0.0015135612484362087	9.488037786358044e-10
100.00000000000031	0.0015135612484362087	3.443093802557085e-10
111.55639876771902	0.0015135612484362087	1.551263165446163e-10
138.21730389017998	0.0015135612484362087	2.828194124194167e-11
171.24990861750976	0.0015135612484362087	4.554492011772598e-12
212.17698780180757	0.0015135612484362087	8.372740234070641e-13
262.885244821937	0.0015135612484362087	1.2130474630643456e-13
325.7122869971341	0.0015135612484362087	6.5322419577278134e-15
403.5543872869759	0.0015135612484362087	9.62384544918686e-17
499.9999999999984	0.0015135612484362087	7.681217722318032e-20
1000	0.0015135612484362087	0
2000	0.0015135612484362087	0
1.	0.0017378008287493763	0.10792204726697678
1.9999999999999998	0.0017378008287493763	0.11389404671975625
2.288838595949997	0.0017378008287493763	0.12188701101714855
2.6193910591551774	0.0017378008287493763	0.13259008679768286
2.9976816770403563	0.0017378008287493763	0.14401408983468178
3.4306047603910415	0.0017378008287493763	0.15150103426198458
3.926050291516404	0.0017378008287493763	0.14813405830101792
4.493047718431742	0.0017378008287493763	0.12806714364961325
5.141930515695824	0.0017378008287493763	0.09488232769455733
5.884524511008838	0.0017378008287493763	0.06460934357450994
6.734363409805407	0.0017378008287493763	0.047797483325579135
7.706935445758021	0.0017378008287493763	0.036295672179258776
8.819965652373028	0.0017378008287493763	0.022509965574250362
10.093738900052346	0.0017378008287493763	0.010600032436647033
11.551469585940843	0.0017378008287493763	0.004112207521900777
13.219724714121972	0.0017378008287493763	0.001520859300647631
15.128908076758211	0.0017378008287493763	0.0006349180335182322
17.313814360331925	0.0017378008287493763	0.00028800517858194007
19.814263275520517	0.0017378008287493763	0.00012013852520132292
22.675825267662994	0.0017378008287493763	0.00004183612926771839
25.950652033822625	0.0017378008287493763	0.000015788985443351918
29.698426982540767	0.0017378008287493763	6.661257725092155e-6
33.98745295832107	0.0017378008287493763	2.4398413854898586e-6
38.895897054520105	0.0017378008287493763	8.806461757428499e-7
44.51321520124173	0.0017378008287493763	2.4286468384824816e-7
50.941782491215115	0.0017378008287493763	8.078380220529834e-8
58.29875895619149	0.0017378008287493763	2.7735958482980523e-8
66.71822479745835	0.0017378008287493763	9.565899192654036e-9
76.35362398484546	0.0017378008287493763	3.2074032097957397e-9
87.38056075858388	0.0017378008287493763	1.0900545706642129e-9
100.00000000000031	0.0017378008287493763	3.955834212077615e-10
111.55639876771902	0.0017378008287493763	1.7821480018842128e-10
138.21730389017998	0.0017378008287493763	3.249084052086311e-11
171.24990861750976	0.0017378008287493763	5.232110598616009e-12
212.17698780180757	0.0017378008287493763	9.618008045301042e-13
262.885244821937	0.0017378008287493763	1.3934693097670458e-13
325.7122869971341	0.0017378008287493763	7.504059671112445e-15
403.5543872869759	0.0017378008287493763	1.105613952994128e-16
499.9999999999984	0.0017378008287493763	8.825185622808183e-20
1000	0.0017378008287493763	0
2000	0.0017378008287493763	0
1.	0.0019952623149688807	0.12260612919062829
1.9999999999999998	0.0019952623149688807	0.12840812549432126
2.288838595949997	0.0019952623149688807	0.13738008999450887
2.6193910591551774	0.0019952623149688807	0.1496181840241572
2.9976816770403563	0.0019952623149688807	0.16291220042260854
3.4306047603910415	0.0019952623149688807	0.172195154981278
3.926050291516404	0.0019952623149688807	0.1694511782915473
4.493047718431742	0.0019952623149688807	0.14760826444823041
5.141930515695824	0.0019952623149688807	0.11001711417272136
5.884524511008838	0.0019952623149688807	0.07480318979713202
6.734363409805407	0.0019952623149688807	0.05514482060081536
7.706935445758021	0.0019952623149688807	0.041987012872631416
8.819965652373028	0.0019952623149688807	0.02615269515742272
10.093738900052346	0.0019952623149688807	0.012329314647030245
11.551469585940843	0.0019952623149688807	0.0047832836191570105
13.219724714121972	0.0019952623149688807	0.001759778943824297
15.128908076758211	0.0019952623149688807	0.0007330644164587493
17.313814360331925	0.0019952623149688807	0.0003323232887253994
19.814263275520517	0.0019952623149688807	0.00013869101205780317
22.675825267662994	0.0019952623149688807	0.000048256459013402774
25.950652033822625	0.0019952623149688807	0.000018222338953764835
29.698426982540767	0.0019952623149688807	7.667790058988761e-6
33.98745295832107	0.0019952623149688807	2.812897709801768e-6
38.895897054520105	0.0019952623149688807	1.0134592485549155e-6
44.51321520124173	0.0019952623149688807	2.8032510491937353e-7
50.941782491215115	0.0019952623149688807	9.302535000394932e-8
58.29875895619149	0.0019952623149688807	3.191238552219887e-8
66.71822479745835	0.0019952623149688807	1.1003282480367788e-8
76.35362398484546	0.0019952623149688807	3.689187044322938e-9
87.38056075858388	0.0019952623149688807	1.2535470092745984e-9
100.00000000000031	0.0019952623149688807	4.5493595030703035e-10
111.55639876771902	0.0019952623149688807	2.0493578347568592e-10
138.21730389017998	0.0019952623149688807	3.7361763986718825e-11
171.24990861750976	0.0019952623149688807	6.016246622379696e-12
212.17698780180757	0.0019952623149688807	1.105893173574395e-12
262.885244821937	0.0019952623149688807	1.6022469125363942e-13
325.7122869971341	0.0019952623149688807	8.628657297478328e-15
403.5543872869759	0.0019952623149688807	1.2713733471510948e-16
499.9999999999984	0.0019952623149688807	1.0149347893404499e-19
1000	0.0019952623149688807	0
2000	0.0019952623149688807	0
1.	0.0022908676527677745	0.13910286900886296
1.9999999999999998	0.0022908676527677745	0.1444328727566848
2.288838595949997	0.0022908676527677745	0.1544408158817283
2.6193910591551774	0.0022908676527677745	0.16836389468594143
2.9976816770403563	0.0022908676527677745	0.18391287755794566
3.4306047603910415	0.0022908676527677745	0.19535179979241343
3.926050291516404	0.0022908676527677745	0.1936517957550594
4.493047718431742	0.0022908676527677745	0.17015291554420162
5.141930515695824	0.0022908676527677745	0.12771883104183213
5.884524511008838	0.0022908676527677745	0.08682488161309342
6.734363409805407	0.0022908676527677745	0.06366597928055508
7.706935445758021	0.0022908676527677745	0.0485324188923582
8.819965652373028	0.0022908676527677745	0.03040573703407346
10.093738900052346	0.0022908676527677745	0.014374348876007637
11.551469585940843	0.0022908676527677745	0.005572317380324709
13.219724714121972	0.0022908676527677745	0.0020451122341040217
15.128908076758211	0.0022908676527677745	0.0008477133736092203
17.313814360331925	0.0022908676527677745	0.00038349931099676863
19.814263275520517	0.0022908676527677745	0.00016016310967915742
22.675825267662994	0.0022908676527677745	0.00005560351841357489
25.950652033822625	0.0022908676527677745	0.00002100924822813384
29.698426982540767	0.0022908676527677745	8.814502618879579e-6
33.98745295832107	0.0022908676527677745	3.239233676555895e-6
38.895897054520105	0.0022908676527677745	1.1646614640854299e-6
44.51321520124173	0.0022908676527677745	3.232146117994944e-7
50.941782491215115	0.0022908676527677745	1.0698110848821481e-7
58.29875895619149	0.0022908676527677745	3.666495517049381e-8
66.71822479745835	0.0022908676527677745	1.2637915714572904e-8
76.35362398484546	0.0022908676527677745	4.237044648821361e-9
87.38056075858388	0.0022908676527677745	1.4393822774551837e-9
100.00000000000031	0.0022908676527677745	5.224017486250095e-10
111.55639876771902	0.0022908676527677745	2.3530444208399566e-10
138.21730389017998	0.0022908676527677745	4.289749668856817e-11
171.24990861750976	0.0022908676527677745	6.907313335384335e-12
212.17698780180757	0.0022908676527677745	1.2696145448443511e-12
262.885244821937	0.0022908676527677745	1.839457895324182e-13
325.7122869971341	0.0022908676527677745	9.90659635994986e-15
403.5543872869759	0.0022908676527677745	1.4597583047259224e-16
499.9999999999984	0.0022908676527677745	1.165455533555147e-19
1000	0.0022908676527677745	0
2000	0.0022908676527677745	0
1.	0.0026302679918953843	0.15759289060148987
1.9999999999999998	0.0026302679918953843	0.1620358958495417
2.288838595949997	0.0026302679918953843	0.1730828360027721
2.6193910591551774	0.0026302679918953843	0.18889492922528328
2.9976816770403563	0.0026302679918953843	0.2070029181602887
3.4306047603910415	0.0026302679918953843	0.22114284572264112
3.926050291516404	0.0026302679918953843	0.22096782559417427
4.493047718431742	0.0026302679918953843	0.19609694657804924
5.141930515695824	0.0026302679918953843	0.14843584443020244
5.884524511008838	0.0026302679918953843	0.10092377137037553
6.734363409805407	0.0026302679918953843	0.07356708031284158
7.706935445758021	0.0026302679918953843	0.056137936616134886
8.819965652373028	0.0026302679918953843	0.035368351766582005
10.093738900052346	0.0026302679918953843	0.016796811270260174
11.551469585940843	0.0026302679918953843	0.0065141389652119755
13.219724714121972	0.0026302679918953843	0.0023784499355965316
15.128908076758211	0.0026302679918953843	0.000980822220643524
17.313814360331925	0.0026302679918953843	0.00044200717883154214
19.814263275520517	0.0026302679918953843	0.00018517762409673313
22.675825267662994	0.0026302679918953843	0.00006434838135348116
25.950652033822625	0.0026302679918953843	0.000024328125895696135
29.698426982540767	0.0026302679918953843	0.000010173225046905105
33.98745295832107	0.0026302679918953843	3.7458575296420167e-6
38.895897054520105	0.0026302679918953843	1.3436818726396823e-6
44.51321520124173	0.0026302679918953843	3.7425919341439044e-7
50.941782491215115	0.0026302679918953843	1.235273147124847e-7
58.29875895619149	0.0026302679918953843	4.2289681759618165e-8
66.71822479745835	0.0026302679918953843	1.4571166366569456e-8
76.35362398484546	0.0026302679918953843	4.88493036200622e-9
87.38056075858388	0.0026302679918953843	1.659065171645414e-9
100.00000000000031	0.0026302679918953843	6.021579340677595e-10
111.55639876771902	0.0026302679918953843	2.711980345133488e-10
138.21730389017998	0.0026302679918953843	4.9439988705173164e-11
171.24990861750976	0.0026302679918953843	7.960360817679809e-12
212.17698780180757	0.0026302679918953843	1.4630809365984202e-12
262.885244821937	0.0026302679918953843	2.1197755325738971e-13
325.7122869971341	0.0026302679918953843	1.1416839375765423e-14
403.5543872869759	0.0026302679918953843	1.6824199638514867e-16
499.9999999999984	0.0026302679918953843	1.343402872949548e-19
1000	0.0026302679918953843	0
2000	0.0026302679918953843	0
1.	0.003019951720402019	0.17820108799266865
1.9999999999999998	0.003019951720402019	0.1812780799947334
2.288838595949997	0.003019951720402019	0.1934080252720475
2.6193910591551774	0.003019951720402019	0.21125815158778738
2.9976816770403563	0.003019951720402019	0.23231017308601504
3.4306047603910415	0.003019951720402019	0.24976714161305677
3.926050291516404	0.003019951720402019	0.25192411900205663
4.493047718431742	0.003019951720402019	0.22590923654080614
5.141930515695824	0.003019951720402019	0.17271207112606007
5.884524511008838	0.003019951720402019	0.11747290292471457
6.734363409805407	0.003019951720402019	0.08501188166329257
7.706935445758021	0.003019951720402019	0.0650605332489274
8.819965652373028	0.003019951720402019	0.041256119760558506
10.093738900052346	0.003019951720402019	0.0196685916193862
11.551469585940843	0.003019951720402019	0.00762075644705669
13.219724714121972	0.003019951720402019	0.002771120615176469
15.128908076758211	0.003019951720402019	0.001135738389407459
17.313814360331925	0.003019951720402019	0.000510660610371491
19.814263275520517	0.003019951720402019	0.00021431748382643595
22.675825267662994	0.003019951720402019	0.00007414110668290319
25.950652033822625	0.003019951720402019	0.000028046565107561598
29.698426982540767	0.003019951720402019	0.000011684680485562562
33.98745295832107	0.003019951720402019	4.311687674445376e-6
38.895897054520105	0.003019951720402019	1.5425943142047052e-6
44.51321520124173	0.003019951720402019	4.313885365380097e-7
50.941782491215115	0.003019951720402019	1.419491261749885e-7
58.29875895619149	0.003019951720402019	4.853601605289159e-8
66.71822479745835	0.003019951720402019	1.671607684895244e-8
76.35362398484546	0.003019951720402019	5.603628629776982e-9
87.38056075858388	0.003019951720402019	1.902616492398373e-9
100.00000000000031	0.003019951720402019	6.905853786775387e-10
111.55639876771902	0.003019951720402019	3.1098487629587707e-10
138.21730389017998	0.003019951720402019	5.669165914463362e-11
171.24990861750976	0.003019951720402019	9.127393896564565e-12
212.17698780180757	0.003019951720402019	1.6774459994283007e-12
262.885244821937	0.003019951720402019	2.4303899189165663e-13
325.7122869971341	0.003019951720402019	1.309049523933192e-14
403.5543872869759	0.003019951720402019	1.9292129379021564e-16
499.9999999999984	0.003019951720402019	1.540706765396969e-19
1000	0.003019951720402019	0
2000	0.003019951720402019	0
1.	0.00346736850452532	0.2010849235115941
1.9999999999999998	0.00346736850452532	0.2020819304638701
2.288838595949997	0.00346736850452532	0.21531486245161996
2.6193910591551774	0.00346736850452532	0.23535198774154717
2.9976816770403563	0.00346736850452532	0.2597369914931928
3.4306047603910415	0.00346736850452532	0.2812059443511963
3.926050291516404	0.00346736850452532	0.2863508714850889
4.493047718431742	0.00346736850452532	0.2602009906067994
5.141930515695824	0.00346736850452532	0.2011858602794317
5.884524511008838	0.00346736850452532	0.13703772969524475
6.734363409805407	0.00346736850452532	0.09843437443821285
7.706935445758021	0.00346736850452532	0.07541717316549679
8.819965652373028	0.00346736850452532	0.04822008295829377
10.093738900052346	0.00346736850452532	0.023080611308699744
11.551469585940843	0.00346736850452532	0.008942270565044617
13.219724714121972	0.00346736850452532	0.0032353436260110003
15.128908076758211	0.00346736850452532	0.001317806707955087
17.313814360331925	0.00346736850452532	0.0005918787564019579
19.814263275520517	0.00346736850452532	0.000248487929222937
22.675825267662994	0.00346736850452532	0.00008569332393216174
25.950652033822625	0.00346736850452532	0.00003243210904753027
29.698426982540767	0.00346736850452532	0.00001345576566197185
33.98745295832107	0.00346736850452532	4.977038658568978e-6
38.895897054520105	0.00346736850452532	1.7753897536505539e-6
44.51321520124173	0.00346736850452532	4.986698770352372e-7
50.941782491215115	0.00346736850452532	1.6355151718385226e-7
58.29875895619149	0.00346736850452532	5.584289341955283e-8
66.71822479745835	0.00346736850452532	1.9222703376088837e-8
76.35362398484546	0.00346736850452532	6.443410317339578e-9
87.38056075858388	0.00346736850452532	2.1870766412099317e-9
100.00000000000031	0.00346736850452532	7.93862120875354e-10
111.55639876771902	0.00346736850452532	3.574398998710023e-10
138.21730389017998	0.00346736850452532	6.515832122905636e-11
171.24990861750976	0.00346736850452532	1.0489792783737578e-11
212.17698780180757	0.00346736850452532	1.9276719584282167e-12
262.885244821937	0.00346736850452532	2.792950267241896e-13
325.7122869971341	0.00346736850452532	1.504437304892466e-14
403.5543872869759	0.00346736850452532	2.2173721061942528e-16
499.9999999999984	0.00346736850452532	1.771133902328994e-19
1000	0.00346736850452532	0
2000	0.00346736850452532	0
1.	0.003981071705534978	0.226259079815833
1.9999999999999998	0.003981071705534978	0.22453306949546825
2.288838595949997	0.003981071705534978	0.23875100271250457
2.6193910591551774	0.003981071705534978	0.2610721570243311
2.9976816770403563	0.003981071705534978	0.28915419229519745
3.4306047603910415	0.003981071705534978	0.31544019697975667
3.926050291516404	0.003981071705534978	0.32483111026200623
4.493047718431742	0.003981071705534978	0.29946523071553127
5.141930515695824	0.003981071705534978	0.23471706221333596
5.884524511008838	0.003981071705534978	0.1603518340128674
6.734363409805407	0.003981071705534978	0.11401896035957236
7.706935445758021	0.003981071705534978	0.08750996517223403
8.819965652373028	0.003981071705534978	0.05645504925821588
10.093738900052346	0.003981071705534978	0.02718477026158191
11.551469585940843	0.003981071705534978	0.01054215277480214
13.219724714121972	0.003981071705534978	0.003779962827265149
15.128908076758211	0.003981071705534978	0.0015308475969211374
17.313814360331925	0.003981071705534978	0.0006846190427112304
19.814263275520517	0.003981071705534978	0.0002881629582141328
22.675825267662994	0.003981071705534978	0.00009922907826410545
25.950652033822625	0.003981071705534978	0.00003756598028183053
29.698426982540767	0.003981071705534978	0.00001551375333941312
33.98745295832107	0.003981071705534978	5.753077749577106e-6
38.895897054520105	0.003981071705534978	2.045439040795527e-6
44.51321520124173	0.003981071705534978	5.77269577158985e-7
50.941782491215115	0.003981071705534978	1.8867243662179246e-7
58.29875895619149	0.003981071705534978	6.431522147221462e-8
66.71822479745835	0.003981071705534978	2.2125909107267524e-8
76.35362398484546	0.003981071705534978	7.415852475550321e-9
87.38056075858388	0.003981071705534978	2.5162812592172205e-9
100.00000000000031	0.003981071705534978	9.133869920831996e-10
111.55639876771902	0.003981071705534978	4.111868443097707e-10
138.21730389017998	0.003981071705534978	7.495343261025281e-11
171.24990861750976	0.003981071705534978	1.206574092984147e-11
212.17698780180757	0.003981071705534978	2.2170531263521337e-12
262.885244821937	0.003981071705534978	3.2122735347484406e-13
325.7122869971341	0.003981071705534978	1.730431719394064e-14
403.5543872869759	0.003981071705534978	2.550746870219617e-16
499.9999999999984	0.003981071705534978	2.037836131844974e-19
1000	0.003981071705534978	0
2000	0.003981071705534978	0
1.	0.0045708818961487565	0.2538610839447418
1.9999999999999998	0.0045708818961487565	0.24856607165543324
2.288838595949997	0.0045708818961487565	0.2635900001134395
2.6193910591551774	0.0045708818961487565	0.28818416935948826
2.9976816770403563	0.0045708818961487565	0.3204402151435003
3.4306047603910415	0.0045708818961487565	0.3523562547497644
3.926050291516404	0.0045708818961487565	0.36747211726073115
4.493047718431742	0.0045708818961487565	0.3439532361016089
5.141930515695824	0.0045708818961487565	0.2740910690238264
5.884524511008838	0.0045708818961487565	0.1880007985314514
6.734363409805407	0.0045708818961487565	0.13245095261758966
7.706935445758021	0.0045708818961487565	0.10170219027097156
8.819965652373028	0.0045708818961487565	0.06612217163139474
10.093738900052346	0.0045708818961487565	0.03215609115742543
11.551469585940843	0.0045708818961487565	0.012459317489965874
13.219724714121972	0.0045708818961487565	0.004451487632252891
15.128908076758211	0.0045708818961487565	0.0017816071835854027
17.313814360331925	0.0045708818961487565	0.0007951427173871774
19.814263275520517	0.0045708818961487565	0.0003349889131829743
22.675825267662994	0.0045708818961487565	0.000115318114637092
25.950652033822625	0.0045708818961487565	0.000043655513046545366
29.698426982540767	0.0045708818961487565	0.00001793602770684408
33.98745295832107	0.0045708818961487565	6.669831518079856e-6
38.895897054520105	0.0045708818961487565	2.3626937362723135e-6
44.51321520124173	0.0045708818961487565	6.702460951023445e-7
50.941782491215115	0.0045708818961487565	2.1825992052393048e-7
58.29875895619149	0.0045708818961487565	7.426269948471622e-8
66.71822479745835	0.0045708818961487565	2.5530791901485097e-8
76.35362398484546	0.0045708818961487565	8.55598455076609e-9
87.38056075858388	0.0045708818961487565	2.9020207579644665e-9
100.00000000000031	0.0045708818961487565	1.0534346314169493e-9
111.55639876771902	0.0045708818961487565	4.741423946632901e-10
138.21730389017998	0.0045708818961487565	8.642593452081307e-11
171.24990861750976	0.0045708818961487565	1.3911232954639397e-11
212.17698780180757	0.0045708818961487565	2.555873327679098e-12
262.885244821937	0.0045708818961487565	3.7032334663995736e-13
325.7122869971341	0.0045708818961487565	1.9950910536761145e-14
403.5543872869759	0.0045708818961487565	2.941233756902778e-16
499.9999999999984	0.0045708818961487565	2.3503397433134303e-19
1000	0.0045708818961487565	0
2000	0.0045708818961487565	0
1.	0.005248074602497733	0.28384118984644624
1.9999999999999998	0.005248074602497733	0.2741571596043193
2.288838595949997	0.005248074602497733	0.2897130042648095
2.6193910591551774	0.005248074602497733	0.3164152747945476
2.9976816770403563	0.005248074602497733	0.3531213479743828
3.4306047603910415	0.005248074602497733	0.39146745824843776
3.926050291516404	0.005248074602497733	0.41366928747408843
4.493047718431742	0.005248074602497733	0.3944754136928735
5.141930515695824	0.005248074602497733	0.3200942534925618
5.884524511008838	0.005248074602497733	0.22135588265358042
6.734363409805407	0.005248074602497733	0.15403002751033618
7.706935445758021	0.005248074602497733	0.11823228266069
8.819965652373028	0.005248074602497733	0.07778344191879
10.093738900052346	0.005248074602497733	0.03814622022171264
11.551469585940843	0.005248074602497733	0.014794004286263289
13.219724714121972	0.005248074602497733	0.005234904839771326
15.128908076758211	0.005248074602497733	0.002078097804697786
17.313814360331925	0.005248074602497733	0.0009237478353765909
19.814263275520517	0.005248074602497733	0.0003902872190917151
22.675825267662994	0.005248074602497733	0.00013471086930064928
25.950652033822625	0.005248074602497733	0.00005096934008937583
29.698426982540767	0.005248074602497733	0.000020821921259463334
33.98745295832107	0.005248074602497733	7.765759635741098e-6
38.895897054520105	0.005248074602497733	2.7397745693913216e-6
44.51321520124173	0.005248074602497733	7.815195675328377e-7
50.941782491215115	0.005248074602497733	2.5352880865290415e-7
58.29875895619149	0.005248074602497733	8.607995015269897e-8
66.71822479745835	0.005248074602497733	2.9570534080761763e-8
76.35362398484546	0.005248074602497733	9.908264218101698e-9
87.38056075858388	0.005248074602497733	3.3592468746161483e-9
100.00000000000031	0.005248074602497733	1.2194311012777795e-9
111.55639876771902	0.005248074602497733	5.487349686210896e-10
138.21730389017998	0.005248074602497733	1.0001797007597292e-10
171.24990861750976	0.005248074602497733	1.609729757021719e-11
212.17698780180757	0.005248074602497733	2.957139753198554e-12
262.885244821937	0.005248074602497733	4.2846973907474407e-13
325.7122869971341	0.005248074602497733	2.308582244076549e-14
403.5543872869759	0.005248074602497733	3.4038788891105575e-16
499.9999999999984	0.005248074602497733	2.7207664558601633e-19
1000	0.005248074602497733	0
2000	0.005248074602497733	0
1.	0.006025595860743587	0.3159128292615955
1.9999999999999998	0.006025595860743587	0.3011198564598528
2.288838595949997	0.006025595860743587	0.3032079180079502
2.6193910591551774	0.006025595860743587	0.3454759610254682
2.9976816770403563	0.006025595860743587	0.38681199896074847
3.4306047603910415	0.006025595860743587	0.4328440781274629
3.926050291516404	0.006025595860743587	0.4639007261141106
4.493047718431742	0.006025595860743587	0.4513147480520672
5.141930515695824	0.006025595860743587	0.3745016321601598
5.884524511008838	0.006025595860743587	0.26190434873956925
6.734363409805407	0.006025595860743587	0.17987971438195358
7.706935445758021	0.006025595860743587	0.13766509422402481
8.819965652373028	0.006025595860743587	0.09196060305284706
10.093738900052346	0.006025595860743587	0.04547511918470137
11.551469585940843	0.006025595860743587	0.017677164627415302
13.219724714121972	0.006025595860743587	0.006198556061790683
15.128908076758211	0.006025595860743587	0.0024281131370256885
17.313814360331925	0.006025595860743587	0.0010756356280119139
19.814263275520517	0.006025595860743587	0.0004551717674322977
22.675825267662994	0.006025595860743587	0.00015599724500473918
25.950652033822625	0.006025595860743587	0.000058946144547127104
29.698426982540767	0.006025595860743587	0.000023930006177949543
33.98745295832107	0.006025595860743587	8.952064246709591e-6
38.895897054520105	0.006025595860743587	3.144298318100223e-6
44.51321520124173	0.006025595860743587	9.021946467926245e-7
50.941782491215115	0.006025595860743587	2.915348114424296e-7
58.29875895619149	0.006025595860743587	9.874560748924215e-8
66.71822479745835	0.006025595860743587	3.389200420254424e-8
76.35362398484546	0.006025595860743587	1.1354026190541716e-8
87.38056075858388	0.006025595860743587	3.8475786071484175e-9
100.00000000000031	0.006025595860743587	1.3966923290043507e-9
111.55639876771902	0.006025595860743587	6.283500649157437e-10
138.21730389017998	0.006025595860743587	1.1452324059456254e-10
171.24990861750976	0.006025595860743587	1.8429698656465935e-11
212.17698780180757	0.006025595860743587	3.3850927091880407e-12
262.885244821937	0.006025595860743587	4.904858687598467e-13
325.7122869971341	0.006025595860743587	2.6430289991344096e-14
403.5543872869759	0.006025595860743587	3.89764433962892e-16
499.9999999999984	0.006025595860743587	3.1163844789287005e-19
1000	0.006025595860743587	0
2000	0.006025595860743587	0
1.	0.006918309709189377	0.34985598894267456
1.9999999999999998	0.006918309709189377	0.32935799080114436
2.288838595949997	0.006918309709189377	0.34468891196317936
2.6193910591551774	0.006918309709189377	0.3750071184506597
2.9976816770403563	0.006918309709189377	0.4207491984390809
3.4306047603910415	0.006918309709189377	0.4748293919241313
3.926050291516404	0.006918309709189377	0.5170429812672981
4.493047718431742	0.006918309709189377	0.5142789906109028
5.141930515695824	0.006918309709189377	0.43767389133762624
5.884524511008838	0.006918309709189377	0.31083545495724174
6.734363409805407	0.006918309709189377	0.2111568121442387
7.706935445758021	0.006918309709189377	0.16048122986487376
8.819965652373028	0.006918309709189377	0.10874519661918895
10.093738900052346	0.006918309709189377	0.05444640959968659
11.551469585940843	0.006918309709189377	0.021189292731638863
13.219724714121972	0.006918309709189377	0.007361911182715484
15.128908076758211	0.006918309709189377	0.0028475239786397138
17.313814360331925	0.006918309709189377	0.001255605782941215
19.814263275520517	0.006918309709189377	0.0005315316097147328
22.675825267662994	0.006918309709189377	0.0001819729049803212
25.950652033822625	0.006918309709189377	0.00006859602460593656
29.698426982540767	0.006918309709189377	0.000027656649921361453
33.98745295832107	0.006918309709189377	0.000010377892740963639
38.895897054520105	0.006918309709189377	3.627538070072028e-6
44.51321520124173	0.006918309709189377	1.0473231671724953e-6
50.941782491215115	0.006918309709189377	3.3709037052466457e-7
58.29875895619149	0.006918309709189377	1.1386591737618278e-7
66.71822479745835	0.006918309709189377	3.904394321618798e-8
76.35362398484546	0.006918309709189377	1.307649603686009e-8
87.38056075858388	0.006918309709189377	4.4289666321887885e-9
100.00000000000031	0.006918309709189377	1.6077135986128979e-9
111.55639876771902	0.006918309709189377	7.230800736994372e-10
138.21730389017998	0.006918309709189377	1.3178121349977217e-10
171.24990861750976	0.006918309709189377	2.120384987649788e-11
212.17698780180757	0.006918309709189377	3.893986725634817e-12
262.885244821937	0.006918309709189377	5.642337220043869e-13
325.7122869971341	0.006918309709189377	3.0408339014666725e-14
403.5543872869759	0.006918309709189377	4.485129363680526e-16
499.9999999999984	0.006918309709189377	3.5873648307821946e-19
1000	0.006918309709189377	0
2000	0.006918309709189377	0
1.	0.00794328234724283	0.38497507057106445
1.9999999999999998	0.00794328234724283	0.35915506179904644
2.288838595949997	0.00794328234724283	0.3735549878934094
2.6193910591551774	0.00794328234724283	0.4044201582598048
2.9976816770403563	0.00794328234724283	0.4543573085412123
3.4306047603910415	0.00794328234724283	0.5173506157786238
3.926050291516404	0.00794328234724283	0.5728941164479683
4.493047718431742	0.00794328234724283	0.5829501059868325
5.141930515695824	0.00794328234724283	0.5101120673410967
5.884524511008838	0.00794328234724283	0.3695325012536669
6.734363409805407	0.00794328234724283	0.24872387545265573
7.706935445758021	0.00794328234724283	0.18712335058757756
8.819965652373028	0.00794328234724283	0.12910227539365152
10.093738900052346	0.00794328234724283	0.06549826205880444
11.551469585940843	0.00794328234724283	0.025577943762486843
13.219724714121972	0.00794328234724283	0.008793173163814514
15.128908076758211	0.00794328234724283	0.0033493342506176107
17.313814360331925	0.00794328234724283	0.0014683856431661822
19.814263275520517	0.00794328234724283	0.000622559640605636
22.675825267662994	0.00794328234724283	0.000212143447187663
25.950652033822625	0.00794328234724283	0.00007965485100375175
29.698426982540767	0.00794328234724283	0.000031875534169764325
33.98745295832107	0.00794328234724283	0.000011996505291557092
38.895897054520105	0.00794328234724283	4.171645106905333e-6
44.51321520124173	0.00794328234724283	1.2122567272370056e-6
50.941782491215115	0.00794328234724283	3.886146742882346e-7
58.29875895619149	0.00794328234724283	1.3087237608212627e-7
66.71822479745835	0.00794328234724283	4.482782412831405e-8
76.35362398484546	0.00794328234724283	1.5008481095737016e-8
87.38056075858388	0.00794328234724283	5.080374579965077e-9
100.00000000000031	0.00794328234724283	1.8440876734992953e-9
111.55639876771902	0.00794328234724283	8.2913170036577e-10
138.21730389017998	0.00794328234724283	1.5109866022317103e-10
171.24990861750976	0.00794328234724283	2.4308172455833667e-11
212.17698780180757	0.00794328234724283	4.4631913750286505e-12
262.885244821937	0.00794328234724283	6.467274860355718e-13
325.7122869971341	0.00794328234724283	3.4859477308682454e-14
403.5543872869759	0.00794328234724283	5.142781719884282e-16
499.9999999999984	0.00794328234724283	4.1150296250493896e-19
1000	0.00794328234724283	0
2000	0.00794328234724283	0
1.	0.009120108393559116	0.4203569517015275
1.9999999999999998	0.009120108393559116	0.3901389577050514
2.288838595949997	0.009120108393559116	0.40257989990353876
2.6193910591551774	0.009120108393559116	0.41366719187265194
2.9976816770403563	0.009120108393559116	0.4867052340081701
3.4306047603910415	0.009120108393559116	0.5585126180487034
3.926050291516404	0.009120108393559116	0.6286849380790551
4.493047718431742	0.009120108393559116	0.6563757883427251
5.141930515695824	0.009120108393559116	0.592820781654777
5.884524511008838	0.009120108393559116	0.4409851252234943
6.734363409805407	0.009120108393559116	0.2945596699772802
7.706935445758021	0.009120108393559116	0.2182743146968654
8.819965652373028	0.009120108393559116	0.15354721946245428
10.093738900052346	0.009120108393559116	0.07920859551212847
11.551469585940843	0.009120108393559116	0.03102589784612301
13.219724714121972	0.009120108393559116	0.010615011272286715
15.128908076758211	0.009120108393559116	0.00395287092012723
17.313814360331925	0.009120108393559116	0.0017194839847116169
19.814263275520517	0.009120108393559116	0.0007317733575778761
22.675825267662994	0.009120108393559116	0.00024779467786252834
25.950652033822625	0.009120108393559116	0.00009248768055948612
29.698426982540767	0.009120108393559116	0.00003671190966658047
33.98745295832107	0.009120108393559116	0.000013854392066487069
38.895897054520105	0.009120108393559116	4.791298016615048e-6
44.51321520124173	0.009120108393559116	1.4017339842022726e-6
50.941782491215115	0.009120108393559116	4.4754422179591706e-7
58.29875895619149	0.009120108393559116	1.50213834790072e-7
66.71822479745835	0.009120108393559116	5.139392421133635e-8
76.35362398484546	0.009120108393559116	1.719919472149847e-8
87.38056075858388	0.009120108393559116	5.818193492785438e-9
100.00000000000031	0.009120108393559116	2.111722954656658e-9
111.55639876771902	0.009120108393559116	9.49132190479946e-10
138.21730389017998	0.009120108393559116	1.7295424431447075e-10
171.24990861750976	0.009120108393559116	2.7818969547706346e-11
212.17698780180757	0.009120108393559116	5.106656450535061e-12
262.885244821937	0.009120108393559116	7.399879159176905e-13
325.7122869971341	0.009120108393559116	3.98933033065978e-14
403.5543872869759	0.009120108393559116	5.886879345930649e-16
499.9999999999984	0.009120108393559116	4.71259326767688e-19
1000	0.009120108393559116	0
2000	0.009120108393559116	0
1.	0.010471285480509017	0.45477163018651545
1.9999999999999998	0.010471285480509017	0.421558662369906
2.288838595949997	0.010471285480509017	0.4315756397247776
2.6193910591551774	0.010471285480509017	0.43926194076474656
2.9976816770403563	0.010471285480509017	0.5163379906810744
3.4306047603910415	0.010471285480509017	0.5961334291123681
3.926050291516404	0.010471285480509017	0.6828684432588686
4.493047718431742	0.010471285480509017	0.732473982652372
5.141930515695824	0.010471285480509017	0.6862198852541541
5.884524511008838	0.010471285480509017	0.526242153525606
6.734363409805407	0.010471285480509017	0.3509780600189621
7.706935445758021	0.010471285480509017	0.2557920425680881
8.819965652373028	0.010471285480509017	0.1828679697745784
10.093738900052346	0.010471285480509017	0.09633485745404419
11.551469585940843	0.010471285480509017	0.037931744314571
13.219724714121972	0.010471285480509017	0.012831370779866838
15.128908076758211	0.010471285480509017	0.004688912231553604
17.313814360331925	0.010471285480509017	0.002021870084418937
19.814263275520517	0.010471285480509017	0.0008611406576833484
22.675825267662994	0.010471285480509017	0.00029085750171847124
25.950652033822625	0.010471285480509017	0.00010763515223489808
29.698426982540767	0.010471285480509017	0.000042354169890171567
33.98745295832107	0.010471285480509017	0.00001602036746022373
38.895897054520105	0.010471285480509017	5.5086711322770435e-6
44.51321520124173	0.010471285480509017	1.622829369451626e-6
50.941782491215115	0.010471285480509017	5.160119037637245e-7
58.29875895619149	0.010471285480509017	1.725658006042042e-7
66.71822479745835	0.010471285480509017	5.8969378037680835e-8
76.35362398484546	0.010471285480509017	1.9722949647700284e-8
87.38056075858388	0.010471285480509017	6.66720709334634e-9
100.00000000000031	0.010471285480509017	2.4195595540844898e-9
111.55639876771902	0.010471285480509017	1.0870603253517053e-9
138.21730389017998	0.010471285480509017	1.9807061468248659e-10
171.24990861750976	0.010471285480509017	3.1852036096444895e-11
212.17698780180757	0.010471285480509017	5.84548102226478e-12
262.885244821937	0.010471285480509017	8.470734596263084e-13
325.7122869971341	0.010471285480509017	4.5675701398428436e-14
403.5543872869759	0.010471285480509017	6.742079305560665e-16
499.9999999999984	0.010471285480509017	5.400070365542603e-19
1000	0.010471285480509017	0
2000	0.010471285480509017	0
1.	0.012022644346174156	0.4864536709686692
1.9999999999999998	0.012022644346174156	0.45325878255611163
2.288838595949997	0.012022644346174156	0.460485680777295
2.6193910591551774	0.012022644346174156	0.4635704352177113
2.9976816770403563	0.012022644346174156	0.5424859077971779
3.4306047603910415	0.012022644346174156	0.6293306794254259
3.926050291516404	0.012022644346174156	0.732857125545696
4.493047718431742	0.012022644346174156	0.8091955137201946
5.141930515695824	0.012022644346174156	0.7884195596744709
5.884524511008838	0.012022644346174156	0.6286099412700691
6.734363409805407	0.012022644346174156	0.4215528175816845
7.706935445758021	0.012022644346174156	0.2998559036386885
8.819965652373028	0.012022644346174156	0.2179673652071509
10.093738900052346	0.012022644346174156	0.11788677693257384
11.551469585940843	0.012022644346174156	0.046772068659540915
13.219724714121972	0.012022644346174156	0.015682763672115217
15.128908076758211	0.012022644346174156	0.005595806132056139
17.313814360331925	0.012022644346174156	0.002392083113937322
19.814263275520517	0.012022644346174156	0.0010141949056553046
22.675825267662994	0.012022644346174156	0.00034274969790685746
25.950652033822625	0.012022644346174156	0.0001253604634893298
29.698426982540767	0.012022644346174156	0.00004887380172874929
33.98745295832107	0.012022644346174156	0.000018516884985978628
38.895897054520105	0.012022644346174156	6.329707675094238e-6
44.51321520124173	0.012022644346174156	1.8780072101551747e-6
50.941782491215115	0.012022644346174156	5.945978067725471e-7
58.29875895619149	0.012022644346174156	1.980798161194503e-7
66.71822479745835	0.012022644346174156	6.760128895053309e-8
76.35362398484546	0.012022644346174156	2.2593580640257285e-8
87.38056075858388	0.012022644346174156	7.63153908039923e-9
100.00000000000031	0.012022644346174156	2.7689850432062763e-9
111.55639876771902	0.012022644346174156	1.2435089954931737e-9
138.21730389017998	0.012022644346174156	2.265520131060484e-10
171.24990861750976	0.012022644346174156	3.642330529184774e-11
212.17698780180757	0.012022644346174156	6.682407866422508e-12
262.885244821937	0.012022644346174156	9.683889501232738e-13
325.7122869971341	0.012022644346174156	5.222935590168112e-14
403.5543872869759	0.012022644346174156	7.711974734380436e-16
499.9999999999984	0.012022644346174156	6.180650930583269e-19
1000	0.012022644346174156	0
2000	0.012022644346174156	0
1.	0.01380384264602888	0.51340339553561
1.9999999999999998	0.01380384264602888	0.4846906148234881
2.288838595949997	0.01380384264602888	0.4892405543995793
2.6193910591551774	0.01380384264602888	0.5123416374633716
2.9976816770403563	0.01380384264602888	0.5654351404560609
3.4306047603910415	0.01380384264602888	0.6568325528817902
3.926050291516404	0.01380384264602888	0.7764887494629421
4.493047718431742	0.01380384264602888	0.8823329331061401
5.141930515695824	0.01380384264602888	0.8956882044822664
5.884524511008838	0.01380384264602888	0.7507275923208684
6.734363409805407	0.01380384264602888	0.5116947930415154
7.706935445758021	0.01380384264602888	0.35342812202498025
8.819965652373028	0.01380384264602888	0.25995441830860266
10.093738900052346	0.01380384264602888	0.14498440745393207
11.551469585940843	0.01380384264602888	0.058216620794017425
13.219724714121972	0.01380384264602888	0.01946823510109884
15.128908076758211	0.01380384264602888	0.006719445068097364
17.313814360331925	0.01380384264602888	0.0028350020331847905
19.814263275520517	0.01380384264602888	0.0012017086713416517
22.675825267662994	0.01380384264602888	0.0004080856140066147
25.950652033822625	0.01380384264602888	0.00014698155668926909
29.698426982540767	0.01380384264602888	0.00005674571715703399
33.98745295832107	0.01380384264602888	0.000021515672357932842
38.895897054520105	0.01380384264602888	7.311316363938396e-6
44.51321520124173	0.01380384264602888	2.185042370785061e-6
50.941782491215115	0.01380384264602888	6.88591500770163e-7
58.29875895619149	0.01380384264602888	2.284789359277503e-7
66.71822479745835	0.01380384264602888	7.78718252896079e-8
76.35362398484546	0.01380384264602888	2.6002531907877055e-8
87.38056075858388	0.01380384264602888	8.775217980082938e-9
100.00000000000031	0.01380384264602888	3.1830571985288393e-9
111.55639876771902	0.01380384264602888	1.4287632308833102e-9
138.21730389017998	0.01380384264602888	2.602734228464562e-10
171.24990861750976	0.01380384264602888	4.18329233893065e-11
212.17698780180757	0.01380384264602888	7.67228649070837e-12
262.885244821937	0.01380384264602888	1.1118819933889876e-12
325.7122869971341	0.01380384264602888	5.998448650624251e-14
403.5543872869759	0.01380384264602888	8.860416246358248e-16
499.9999999999984	0.01380384264602888	7.105994604576517e-19
1000	0.01380384264602888	0
2000	0.01380384264602888	0
1.	0.015848931924611172	0.5323711229072378
1.9999999999999998	0.015848931924611172	0.5141743560095157
2.288838595949997	0.015848931924611172	0.516887343256702
2.6193910591551774	0.015848931924611172	0.5357823597366302
2.9976816770403563	0.015848931924611172	0.5551926634029222
3.4306047603910415	0.015848931924611172	0.6761674622882844
3.926050291516404	0.015848931924611172	0.8098193481599814
4.493047718431742	0.015848931924611172	0.9475041428094921
5.141930515695824	0.015848931924611172	1.006231311702823
5.884524511008838	0.015848931924611172	0.887932639105946
6.734363409805407	0.015848931924611172	0.6242891832264321
7.706935445758021	0.015848931924611172	0.4196500995016471
8.819965652373028	0.015848931924611172	0.3104602479591109
10.093738900052346	0.015848931924611172	0.17964975364430186
11.551469585940843	0.015848931924611172	0.07310579306152025
13.219724714121972	0.015848931924611172	0.02427007865600416
15.128908076758211	0.015848931924611172	0.008130636913679663
17.313814360331925	0.015848931924611172	0.003382327834992668
19.814263275520517	0.015848931924611172	0.0014262825153431823
22.675825267662994	0.015848931924611172	0.00048584796857104674
25.950652033822625	0.015848931924611172	0.000171650821255247
29.698426982540767	0.015848931924611172	0.00006559517409923902
33.98745295832107	0.015848931924611172	0.00002486180935287972
38.895897054520105	0.015848931924611172	8.399423727116686e-6
44.51321520124173	0.015848931924611172	2.528796645320451e-6
50.941782491215115	0.015848931924611172	7.926805934368046e-7
58.29875895619149	0.015848931924611172	2.6197119096524654e-7
66.71822479745835	0.015848931924611172	8.916215464408918e-8
76.35362398484546	0.015848931924611172	2.9739897983892204e-8
87.38056075858388	0.015848931924611172	1.0026414268745243e-8
100.00000000000031	0.015848931924611172	3.6354892961973126e-9
111.55639876771902	0.015848931924611172	1.630973789446675e-9
138.21730389017998	0.015848931924611172	2.9706785733478045e-10
171.24990861750976	0.015848931924611172	4.7731432553688044e-11
212.17698780180757	0.015848931924611172	8.75060816496961e-12
262.885244821937	0.015848931924611172	1.2682202242782443e-12
325.7122869971341	0.015848931924611172	6.843952816361507e-14
403.5543872869759	0.015848931924611172	1.0113712777347272e-15
499.9999999999984	0.015848931924611172	8.117577382411951e-19
1000	0.015848931924611172	0
2000	0.015848931924611172	0
1.	0.01819700858609988	0.5414109890953983
1.9999999999999998	0.01819700858609988	0.540359061379786
2.288838595949997	0.01819700858609988	0.5431040564568044
2.6193910591551774	0.01819700858609988	0.5582440946111307
2.9976816770403563	0.01819700858609988	0.5695186023803839
3.4306047603910415	0.01819700858609988	0.689268363071514
3.926050291516404	0.01819700858609988	0.8302201034642006
4.493047718431742	0.01819700858609988	0.9987574184145732
5.141930515695824	0.01819700858609988	1.1087502343795816
5.884524511008838	0.01819700858609988	1.037869049831787
6.734363409805407	0.01819700858609988	0.7640856296177969
7.706935445758021	0.01819700858609988	0.5035895630244198
8.819965652373028	0.01819700858609988	0.3708787470118088
10.093738900052346	0.01819700858609988	0.22354469274177657
11.551469585940843	0.01819700858609988	0.09297460746773116
13.219724714121972	0.01819700858609988	0.030711558578121956
15.128908076758211	0.01819700858609988	0.009930155734550129
17.313814360331925	0.01819700858609988	0.004049339130336794
19.814263275520517	0.01819700858609988	0.0017047955042425865
22.675825267662994	0.01819700858609988	0.0005794384385979346
25.950652033822625	0.01819700858609988	0.0002000520489591759
29.698426982540767	0.01819700858609988	0.0000756379076135936
33.98745295832107	0.01819700858609988	0.00002861866928459038
38.895897054520105	0.01819700858609988	9.615621805836479e-6
44.51321520124173	0.01819700858609988	2.9165347663043847e-6
50.941782491215115	0.01819700858609988	9.08392089088645e-7
58.29875895619149	0.01819700858609988	2.9906805341801184e-7
66.71822479745835	0.01819700858609988	1.016360693261855e-7
76.35362398484546	0.01819700858609988	3.3857213504785184e-8
87.38056075858388	0.01819700858609988	1.1401352858537655e-8
100.00000000000031	0.01819700858609988	4.1318574542955814e-9
111.55639876771902	0.01819700858609988	1.852568077609779e-9
138.21730389017998	0.01819700858609988	3.3737554377720044e-10
171.24990861750976	0.01819700858609988	5.4187670811540936e-11
212.17698780180757	0.01819700858609988	9.92978983873339e-12
262.885244821937	0.01819700858609988	1.4391911159412984e-12
325.7122869971341	0.01819700858609988	7.769368428596275e-14
403.5543872869759	0.01819700858609988	1.1486910355537117e-15
499.9999999999984	0.01819700858609988	9.22819619075472e-19
1000	0.01819700858609988	0
2000	0.01819700858609988	0
1.	0.02089296130854045	0.5379870491393017
1.9999999999999998	0.02089296130854045	0.5596317234048591
2.288838595949997	0.02089296130854045	0.5650206592639525
2.6193910591551774	0.02089296130854045	0.5780398137976561
2.9976816770403563	0.02089296130854045	0.6130056819668295
3.4306047603910415	0.02089296130854045	0.6920203390914664
3.926050291516404	0.02089296130854045	0.8354990237711513
4.493047718431742	0.02089296130854045	1.029088785697209
5.141930515695824	0.02089296130854045	1.1977987206431975
5.884524511008838	0.02089296130854045	1.1958363459953683
6.734363409805407	0.02089296130854045	0.9345534203670011
7.706935445758021	0.02089296130854045	0.6113529668617295
8.819965652373028	0.02089296130854045	0.44266662863055106
10.093738900052346	0.02089296130854045	0.2791359319988149
11.551469585940843	0.02089296130854045	0.11911696345404667
13.219724714121972	0.02089296130854045	0.03937492488272815
15.128908076758211	0.02089296130854045	0.012276838919388258
17.313814360331925	0.02089296130854045	0.004864232088679683
19.814263275520517	0.02089296130854045	0.0020406366507975974
22.675825267662994	0.02089296130854045	0.0006972934470149496
25.950652033822625	0.02089296130854045	0.00023451422089500946
29.698426982540767	0.02089296130854045	0.00008768326444635794
33.98745295832107	0.02089296130854045	0.00003306811265656167
38.895897054520105	0.02089296130854045	0.000011055604213760755
44.51321520124173	0.02089296130854045	3.378137706349246e-6
50.941782491215115	0.02089296130854045	1.043874278838178e-6
58.29875895619149	0.02089296130854045	3.4247300602376517e-7
66.71822479745835	0.02089296130854045	1.1619447687696146e-7
76.35362398484546	0.02089296130854045	3.865154074725195e-8
87.38056075858388	0.02089296130854045	1.2998569928616242e-8
100.00000000000031	0.02089296130854045	4.707313392587098e-9
111.55639876771902	0.02089296130854045	2.1092278798164344e-9
138.21730389017998	0.02089296130854045	3.8404533328782866e-10
171.24990861750976	0.02089296130854045	6.165729528341541e-11
212.17698780180757	0.02089296130854045	1.1292735225786481e-11
262.885244821937	0.02089296130854045	1.6368303961818892e-12
325.7122869971341	0.02089296130854045	8.839874820765534e-14
403.5543872869759	0.02089296130854045	1.307709381745301e-15
499.9999999999984	0.02089296130854045	1.0516768962014618e-18
1000	0.02089296130854045	0
2000	0.02089296130854045	0
1.	0.023988329190194974	0.5200907405735795
1.9999999999999998	0.023988329190194974	0.5686739606581221
2.288838595949997	0.023988329190194974	0.5795449626051336
2.6193910591551774	0.023988329190194974	0.5931141435111041
2.9976816770403563	0.023988329190194974	0.6220853056511667
3.4306047603910415	0.023988329190194974	0.6899762456092717
3.926050291516404	0.023988329190194974	0.8252449296128328
4.493047718431742	0.023988329190194974	1.0351890080950679
5.141930515695824	0.023988329190194974	1.2599803088292658
5.884524511008838	0.023988329190194974	1.3482199461146327
6.734363409805407	0.023988329190194974	1.1390504807581125
7.706935445758021	0.023988329190194974	0.7565243394442127
8.819965652373028	0.023988329190194974	0.5281637674100906
10.093738900052346	0.023988329190194974	0.34864854015342844
11.551469585940843	0.023988329190194974	0.15450744807246708
13.219724714121972	0.023988329190194974	0.05106347561271807
15.128908076758211	0.023988329190194974	0.015445900035435275
17.313814360331925	0.023988329190194974	0.0059157809883284874
19.814263275520517	0.023988329190194974	0.002448865060047247
22.675825267662994	0.023988329190194974	0.0008434983691033659
25.950652033822625	0.023988329190194974	0.0002758124224475376
29.698426982540767	0.023988329190194974	0.0001018986808378832
33.98745295832107	0.023988329190194974	0.000038240356598619706
38.895897054520105	0.023988329190194974	0.000012732320162049703
44.51321520124173	0.023988329190194974	3.918127987782673e-6
50.941782491215115	0.023988329190194974	1.1989201885266089e-6
58.29875895619149	0.023988329190194974	3.9212624807960956e-7
66.71822479745835	0.023988329190194974	1.3278585690681374e-7
76.35362398484546	0.023988329190194974	4.41025867161023e-8
87.38056075858388	0.023988329190194974	1.4808960862331164e-8
100.00000000000031	0.023988329190194974	5.3578161616314945e-9
111.55639876771902	0.023988329190194974	2.3990285387917975e-9
138.21730389017998	0.023988329190194974	4.367168994286203e-10
171.24990861750976	0.023988329190194974	7.00794339413199e-11
212.17698780180757	0.023988329190194974	1.2827598840756209e-11
262.885244821937	0.023988329190194974	1.859437069542681e-12
325.7122869971341	0.023988329190194974	1.0046726715275118e-13
403.5543872869759	0.023988329190194974	1.4872125246763476e-15
499.9999999999984	0.023988329190194974	1.1974742094739531e-18
1000	0.023988329190194974	0
2000	0.023988329190194974	0
1.	0.027542287033381744	0.4885051152401813
1.9999999999999998	0.027542287033381744	0.5638840174761118
2.288838595949997	0.027542287033381744	0.5814259078657827
2.6193910591551774	0.027542287033381744	0.6007110466691015
2.9976816770403563	0.027542287033381744	0.6272791984083297
3.4306047603910415	0.027542287033381744	0.6833901783988778
3.926050291516404	0.027542287033381744	0.8035331891108186
4.493047718431742	0.027542287033381744	1.0172792052409851
5.141930515695824	0.027542287033381744	1.2901200197039986
5.884524511008838	0.027542287033381744	1.4768389151568897
6.734363409805407	0.027542287033381744	1.3608677327516445
7.706935445758021	0.027542287033381744	0.945020259552986
8.819965652373028	0.027542287033381744	0.6347468230947062
10.093738900052346	0.027542287033381744	0.43641544851591396
11.551469585940843	0.027542287033381744	0.20290669533950165
13.219724714121972	0.027542287033381744	0.06770421838599155
15.128908076758211	0.027542287033381744	0.019739438139396024
17.313814360331925	0.027542287033381744	0.007242770522109178
19.814263275520517	0.027542287033381744	0.002953041164474885
22.675825267662994	0.027542287033381744	0.0010315123472123655
25.950652033822625	0.027542287033381744	0.00032786996764580376
29.698426982540767	0.027542287033381744	0.00011951952592996469
33.98745295832107	0.027542287033381744	0.0000445554150234932
38.895897054520105	0.027542287033381744	0.000014791703531220976
44.51321520124173	0.027542287033381744	4.580893262190254e-6
50.941782491215115	0.027542287033381744	1.385143985012195e-6
58.29875895619149	0.027542287033381744	4.51796925512122e-7
66.71822479745835	0.027542287033381744	1.526371878506205e-7
76.35362398484546	0.027542287033381744	5.061551892393807e-8
87.38056075858388	0.027542287033381744	1.6965399574088718e-8
100.00000000000031	0.027542287033381744	6.1303224295001255e-9
111.55639876771902	0.027542287033381744	2.742872934947826e-9
138.21730389017998	0.027542287033381744	4.991809271419996e-10
171.24990861750976	0.027542287033381744	8.005805440519764e-11
212.17698780180757	0.027542287033381744	1.4644133097959745e-11
262.885244821937	0.027542287033381744	2.122928750148673e-12
325.7122869971341	0.027542287033381744	1.1476459289040418e-13
403.5543872869759	0.027542287033381744	1.7001319515215886e-15
499.9999999999984	0.027542287033381744	1.3708023828013824e-18
1000	0.027542287033381744	0
2000	0.027542287033381744	0
1.	0.03162277660168389	0.44365025720658474
1.9999999999999998	0.03162277660168389	0.5406401332852493
2.288838595949997	0.03162277660168389	0.5677049471160821
2.6193910591551774	0.03162277660168389	0.594686121562086
2.9976816770403563	0.03162277660168389	0.6257641955512472
3.4306047603910415	0.03162277660168389	0.6740030103546825
3.926050291516404	0.03162277660168389	0.7735552735665013
4.493047718431742	0.03162277660168389	0.9712974679646631
5.141930515695824	0.03162277660168389	1.274780287777624
5.884524511008838	0.03162277660168389	1.5625096028608954
6.734363409805407	0.03162277660168389	1.5802373706748678
7.706935445758021	0.03162277660168389	1.1890704322768972
8.819965652373028	0.03162277660168389	0.769708864178961
10.093738900052346	0.03162277660168389	0.541327139465573
11.551469585940843	0.03162277660168389	0.2693072946662565
13.219724714121972	0.03162277660168389	0.09083622533142671
15.128908076758211	0.03162277660168389	0.02578950298373217
17.313814360331925	0.03162277660168389	0.008929859722170435
19.814263275520517	0.03162277660168389	0.0036010845486243426
22.675825267662994	0.03162277660168389	0.0012672580408483382
25.950652033822625	0.03162277660168389	0.0003922750396637652
29.698426982540767	0.03162277660168389	0.00014073022716997163
33.98745295832107	0.03162277660168389	0.00005202037309200337
38.895897054520105	0.03162277660168389	0.00001724658342736043
44.51321520124173	0.03162277660168389	5.367882468139367e-6
50.941782491215115	0.03162277660168389	1.600883985474221e-6
58.29875895619149	0.03162277660168389	5.207796766233274e-7
66.71822479745835	0.03162277660168389	1.7543441659067986e-7
76.35362398484546	0.03162277660168389	5.808314750501416e-8
87.38056075858388	0.03162277660168389	1.9427955630430697e-8
100.00000000000031	0.03162277660168389	7.008866236779249e-9
111.55639876771902	0.03162277660168389	3.1333996206101097e-9
138.21730389017998	0.03162277660168389	5.700833643194072e-10
171.24990861750976	0.03162277660168389	9.137010877725184e-11
212.17698780180757	0.03162277660168389	1.6700239670024785e-11
262.885244821937	0.03162277660168389	2.4212202077678348e-12
325.7122869971341	0.03162277660168389	1.3096990930954304e-13
403.5543872869759	0.03162277660168389	1.9418631481972988e-15
499.9999999999984	0.03162277660168389	1.5681821284800045e-18
1000	0.03162277660168389	0
2000	0.03162277660168389	0
1.	0.03630780547701025	0.38592593258688357
1.9999999999999998	0.03630780547701025	0.5003949414279314
2.288838595949997	0.03630780547701025	0.5359687744613587
2.6193910591551774	0.03630780547701025	0.5736830669601725
2.9976816770403563	0.03630780547701025	0.6126871516904944
3.4306047603910415	0.03630780547701025	0.6598797423704144
3.926050291516404	0.03630780547701025	0.7396180520307872
4.493047718431742	0.03630780547701025	0.9074222559819827
5.141930515695824	0.03630780547701025	1.2109101700775295
5.884524511008838	0.03630780547701025	1.589270945060002
6.734363409805407	0.03630780547701025	1.775989170571556
7.706935445758021	0.03630780547701025	1.5025615802441108
8.819965652373028	0.03630780547701025	0.9579473893498299
10.093738900052346	0.03630780547701025	0.6670179381195536
11.551469585940843	0.03630780547701025	0.3592435448741244
13.219724714121972	0.03630780547701025	0.12468988461119405
15.128908076758211	0.03630780547701025	0.034688726247606105
17.313814360331925	0.03630780547701025	0.011151564603153457
19.814263275520517	0.03630780547701025	0.004442139634178959
22.675825267662994	0.03630780547701025	0.0015827251704490341
25.950652033822625	0.03630780547701025	0.000478876493852944
29.698426982540767	0.03630780547701025	0.000168356479263706
33.98745295832107	0.03630780547701025	0.00006159146200225862
38.895897054520105	0.03630780547701025	0.00002042922544608593
44.51321520124173	0.03630780547701025	6.3767929528910375e-6
50.941782491215115	0.03630780547701025	1.8735417599078564e-6
58.29875895619149	0.03630780547701025	6.07541073706942e-7
66.71822479745835	0.03630780547701025	2.039305555751117e-7
76.35362398484546	0.03630780547701025	6.741012359453936e-8
87.38056075858388	0.03630780547701025	2.249412594722512e-8
100.00000000000031	0.03630780547701025	8.09847888678465e-9
111.55639876771902	0.03630780547701025	3.617337909852505e-9
138.21730389017998	0.03630780547701025	6.578907836585282e-10
171.24990861750976	0.03630780547701025	1.053661067291742e-10
212.17698780180757	0.03630780547701025	1.924104398618472e-11
262.885244821937	0.03630780547701025	2.7898827302294493e-12
325.7122869971341	0.03630780547701025	1.5101708188757912e-13
403.5543872869759	0.03630780547701025	2.2413042107872915e-15
499.9999999999984	0.03630780547701025	1.8132772825819103e-18
1000	0.03630780547701025	0
2000	0.03630780547701025	0
1.	0.04168693834703368	0.3197175965803393
1.9999999999999998	0.04168693834703368	0.4428695748987212
2.288838595949997	0.04168693834703368	0.48429538959577095
2.6193910591551774	0.04168693834703368	0.5321927618619187
2.9976816770403563	0.04168693834703368	0.5821218974117826
3.4306047603910415	0.04168693834703368	0.6365254156860749
3.926050291516404	0.04168693834703368	0.7059858324356214
4.493047718431742	0.04168693834703368	0.8398690491797433
5.141930515695824	0.04168693834703368	1.11988950588067
5.884524511008838	0.04168693834703368	1.5440311206782176
6.734363409805407	0.04168693834703368	1.9028797673775824
7.706935445758021	0.04168693834703368	1.7970722670593071
8.819965652373028	0.04168693834703368	1.2152844553539313
10.093738900052346	0.04168693834703368	0.81550221670236
11.551469585940843	0.04168693834703368	0.4805139797796886
13.219724714121972	0.04168693834703368	0.1734698237647746
15.128908076758211	0.04168693834703368	0.04770770042298399
17.313814360331925	0.04168693834703368	0.014231576332878752
19.814263275520517	0.04168693834703368	0.005514476801998589
22.675825267662994	0.04168693834703368	0.0019938422580113102
25.950652033822625	0.04168693834703368	0.0005924599532704447
29.698426982540767	0.04168693834703368	0.0002028443223389203
33.98745295832107	0.04168693834703368	0.00007329485908036984
38.895897054520105	0.04168693834703368	0.00002436560988434755
44.51321520124173	0.04168693834703368	7.606413378678529e-6
50.941782491215115	0.04168693834703368	2.2019045515251737e-6
58.29875895619149	0.04168693834703368	7.107453437734572e-7
66.71822479745835	0.04168693834703368	2.3754664163141377e-7
76.35362398484546	0.04168693834703368	7.838720353912917e-8
87.38056075858388	0.04168693834703368	2.608738445570777e-8
100.00000000000031	0.04168693834703368	9.368512934416934e-9
111.55639876771902	0.04168693834703368	4.1805809548469855e-9
138.21730389017998	0.04168693834703368	7.600019108783052e-10
171.24990861750976	0.04168693834703368	1.216169614333007e-10
212.17698780180757	0.04168693834703368	2.2185707774653555e-11
262.885244821937	0.04168693834703368	3.217237168860436e-12
325.7122869971341	0.04168693834703368	1.7428933632661926e-13
403.5543872869759	0.04168693834703368	2.5896118046582654e-15
499.9999999999984	0.04168693834703368	2.0994135331443308e-18
1000	0.04168693834703368	0
2000	0.04168693834703368	0
1.	0.047863009232264	0.2547439220873526
1.9999999999999998	0.047863009232264	0.37440390207897123
2.288838595949997	0.047863009232264	0.4184176864853536
2.6193910591551774	0.047863009232264	0.4713240723693692
2.9976816770403563	0.047863009232264	0.5316571569720078
3.4306047603910415	0.047863009232264	0.5959856124915449
3.926050291516404	0.047863009232264	0.6679119867929039
4.493047718431742	0.047863009232264	0.773500495249137
5.141930515695824	0.047863009232264	0.9928691465547982
5.884524511008838	0.047863009232264	1.4177424691335452
6.734363409805407	0.047863009232264	1.9251604334744739
7.706935445758021	0.047863009232264	2.082399506227417
8.819965652373028	0.047863009232264	1.5668425561779002
10.093738900052346	0.047863009232264	1.001680680987513
11.551469585940843	0.047863009232264	0.6400567996324406
13.219724714121972	0.047863009232264	0.24622582976821727
15.128908076758211	0.047863009232264	0.06770645790830564
17.313814360331925	0.047863009232264	0.018482841975119416
19.814263275520517	0.047863009232264	0.0069274121743877195
22.675825267662994	0.047863009232264	0.002532502120643125
25.950652033822625	0.047863009232264	0.0007424219809590877
29.698426982540767	0.047863009232264	0.00024561064229717595
33.98745295832107	0.047863009232264	0.00008746055944863102
38.895897054520105	0.047863009232264	0.00002917454277411805
44.51321520124173	0.047863009232264	9.0821008791512e-6
50.941782491215115	0.047863009232264	2.5948798752831685e-6
58.29875895619149	0.047863009232264	8.317204373012864e-7
66.71822479745835	0.047863009232264	2.765928226214657e-7
76.35362398484546	0.047863009232264	9.108354847336977e-8
87.38056075858388	0.047863009232264	3.0223784956797774e-8
100.00000000000031	0.047863009232264	1.082095729057119e-8
111.55639876771902	0.047863009232264	4.823567459145987e-9
138.21730389017998	0.047863009232264	8.764427651906025e-10
171.24990861750976	0.047863009232264	1.4011429914848135e-10
212.17698780180757	0.047863009232264	2.5529703703157085e-11
262.885244821937	0.047863009232264	3.702668774000865e-12
325.7122869971341	0.047863009232264	2.007709790049225e-13
403.5543872869759	0.047863009232264	2.9869455469387686e-15
499.9999999999984	0.047863009232264	2.427271518363883e-18
1000	0.047863009232264	0
2000	0.047863009232264	0
1.	0.05495408738576265	0.19490110645369627
1.9999999999999998	0.05495408738576265	0.2991931337915704
2.288838595949997	0.05495408738576265	0.34194592821258113
2.6193910591551774	0.05495408738576265	0.3971633101649642
2.9976816770403563	0.05495408738576265	0.4608244157280364
3.4306047603910415	0.05495408738576265	0.5356158804297172
3.926050291516404	0.05495408738576265	0.6160711416200596
4.493047718431742	0.05495408738576265	0.7121557224862053
5.141930515695824	0.05495408738576265	0.8788104575267996
5.884524511008838	0.05495408738576265	1.2454734340143787
6.734363409805407	0.05495408738576265	1.8346816825288026
7.706935445758021	0.05495408738576265	2.2686776363662315
8.819965652373028	0.05495408738576265	1.9834003733275507
10.093738900052346	0.05495408738576265	1.255948333274483
11.551469585940843	0.05495408738576265	0.8357024199714025
13.219724714121972	0.05495408738576265	0.3542814945055336
15.128908076758211	0.05495408738576265	0.09832957403765183
17.313814360331925	0.05495408738576265	0.024887896300171672
19.814263275520517	0.05495408738576265	0.008815412700625077
22.675825267662994	0.05495408738576265	0.003244349542512296
25.950652033822625	0.05495408738576265	0.0009415190497805189
29.698426982540767	0.05495408738576265	0.00029851592988101996
33.98745295832107	0.05495408738576265	0.00010450544657620481
38.895897054520105	0.05495408738576265	0.00003497684869471998
44.51321520124173	0.05495408738576265	0.00001083089566379185
50.941782491215115	0.05495408738576265	3.0644233052069674e-6
58.29875895619149	0.05495408738576265	9.721817197418353e-7
66.71822479745835	0.05495408738576265	3.214844650912961e-7
76.35362398484546	0.05495408738576265	1.0557908089601005e-7
87.38056075858388	0.05495408738576265	3.492241005660896e-8
100.00000000000031	0.05495408738576265	1.245859374851424e-8
111.55639876771902	0.05495408738576265	5.546899145333791e-9
138.21730389017998	0.05495408738576265	1.0072425078121786e-9
171.24990861750976	0.05495408738576265	1.608469014998736e-10
212.17698780180757	0.05495408738576265	2.926740517056476e-11
262.885244821937	0.05495408738576265	4.245420915641414e-12
325.7122869971341	0.05495408738576265	2.3044301951035877e-13
403.5543872869759	0.05495408738576265	3.433469897788816e-15
499.9999999999984	0.05495408738576265	2.7976919902588977e-18
1000	0.05495408738576265	0
2000	0.05495408738576265	0
1.	0.06309573444801955	0.14621388579850814
1.9999999999999998	0.06309573444801955	0.22843279016995974
2.288838595949997	0.06309573444801955	0.2655175755659508
2.6193910591551774	0.06309573444801955	0.3142509000611281
2.9976816770403563	0.06309573444801955	0.3785139812522734
3.4306047603910415	0.06309573444801955	0.4555365503700603
3.926050291516404	0.06309573444801955	0.5471937228413685
4.493047718431742	0.06309573444801955	0.6464533148855058
5.141930515695824	0.06309573444801955	0.7789468784830449
5.884524511008838	0.06309573444801955	1.0503324037168777
6.734363409805407	0.06309573444801955	1.6152114204066923
7.706935445758021	0.06309573444801955	2.302276174838238
8.819965652373028	0.06309573444801955	2.397130649609861
10.093738900052346	0.06309573444801955	1.626866868516473
11.551469585940843	0.06309573444801955	1.0675826801227521
13.219724714121972	0.06309573444801955	0.5166560791915836
15.128908076758211	0.06309573444801955	0.14671687372009856
17.313814360331925	0.06309573444801955	0.035025627073539393
19.814263275520517	0.06309573444801955	0.011347860841880187
22.675825267662994	0.06309573444801955	0.004158551028170612
25.950652033822625	0.06309573444801955	0.0011974434079346286
29.698426982540767	0.06309573444801955	0.00036149255756577473
33.98745295832107	0.06309573444801955	0.00012407168288746992
38.895897054520105	0.06309573444801955	0.0000415847545363079
44.51321520124173	0.06309573444801955	0.000012789120817784516
50.941782491215115	0.06309573444801955	3.5987253275310507e-6
58.29875895619149	0.06309573444801955	1.1262695927182436e-6
66.71822479745835	0.06309573444801955	3.700504775613797e-7
76.35362398484546	0.06309573444801955	1.210839744348853e-7
87.38056075858388	0.06309573444801955	3.991455014030169e-8
100.00000000000031	0.06309573444801955	1.4181662927062934e-8
111.55639876771902	0.06309573444801955	6.305196346161983e-9
138.21730389017998	0.06309573444801955	1.1440900060710139e-9
171.24990861750976	0.06309573444801955	1.8246923912932405e-10
212.17698780180757	0.06309573444801955	3.3150019822021805e-11
262.885244821937	0.06309573444801955	4.8094493989063795e-12
325.7122869971341	0.06309573444801955	2.6137339001782067e-13
403.5543872869759	0.06309573444801955	3.900907285156638e-15
499.9999999999984	0.06309573444801955	3.1884336777802637e-18
1000	0.06309573444801955	0
2000	0.06309573444801955	0
1.	0.07244359600749928	0.11522401323587086
1.9999999999999998	0.07244359600749928	0.17149302431915092
2.288838595949997	0.07244359600749928	0.1992608933183058
2.6193910591551774	0.07244359600749928	0.2383061840620896
2.9976816770403563	0.07244359600749928	0.2924613212598538
3.4306047603910415	0.07244359600749928	0.3659059244473595
3.926050291516404	0.07244359600749928	0.4581350949991107
4.493047718431742	0.07244359600749928	0.568925587297115
5.141930515695824	0.07244359600749928	0.6948301707342387
5.884524511008838	0.07244359600749928	0.8889525002335019
6.734363409805407	0.07244359600749928	1.346992885440193
7.706935445758021	0.07244359600749928	2.137326369572903
8.819965652373028	0.07244359600749928	2.6739477856692813
10.093738900052346	0.07244359600749928	2.1134692051357935
11.551469585940843	0.07244359600749928	1.341995978798586
13.219724714121972	0.07244359600749928	0.7522010682189655
15.128908076758211	0.07244359600749928	0.224489329658926
17.313814360331925	0.07244359600749928	0.05213687882644639
19.814263275520517	0.07244359600749928	0.014898245413266282
22.675825267662994	0.07244359600749928	0.00538174545038263
25.950652033822625	0.07244359600749928	0.001542261315975754
29.698426982540767	0.07244359600749928	0.00044201633526155706
33.98745295832107	0.07244359600749928	0.00014816277486830697
38.895897054520105	0.07244359600749928	0.00004954007503657256
44.51321520124173	0.07244359600749928	0.000015119151036336712
50.941782491215115	0.07244359600749928	4.249761235694206e-6
58.29875895619149	0.07244359600749928	1.308841525786265e-6
66.71822479745835	0.07244359600749928	4.267180943101261e-7
76.35362398484546	0.07244359600749928	1.3896370475776188e-7
87.38056075858388	0.07244359600749928	4.564017088748739e-8
100.00000000000031	0.07244359600749928	1.6142825037512576e-8
111.55639876771902	0.07244359600749928	7.165163165351305e-9
138.21730389017998	0.07244359600749928	1.2989742316004238e-9
171.24990861750976	0.07244359600749928	2.068728744544671e-10
212.17698780180757	0.07244359600749928	3.7515890471374355e-11
262.885244821937	0.07244359600749928	5.443965603454075e-12
325.7122869971341	0.07244359600749928	2.962662443899309e-13
403.5543872869759	0.07244359600749928	4.4302511898335436e-15
499.9999999999984	0.07244359600749928	3.633891156066479e-18
1000	0.07244359600749928	0
2000	0.07244359600749928	0
1.	0.08317637711026743	0.09855373555257796
1.9999999999999998	0.08317637711026743	0.1321900838211053
2.288838595949997	0.08317637711026743	0.1482770305340951
2.6193910591551774	0.08317637711026743	0.17541624533497838
2.9976816770403563	0.08317637711026743	0.21513639505597745
3.4306047603910415	0.08317637711026743	0.27454800495523674
3.926050291516404	0.08317637711026743	0.35886226881459354
4.493047718431742	0.08317637711026743	0.4699137642964158
5.141930515695824	0.08317637711026743	0.6026503069855365
5.884524511008838	0.08317637711026743	0.7616168673589709
6.734363409805407	0.08317637711026743	1.0622531632668073
7.706935445758021	0.08317637711026743	1.7912973240953547
8.819965652373028	0.08317637711026743	2.678686523643559
10.093738900052346	0.08317637711026743	2.622973944288077
11.551469585940843	0.08317637711026743	1.6872887857169616
13.219724714121972	0.08317637711026743	1.0615301795919818
15.128908076758211	0.08317637711026743	0.3538617168767563
17.313814360331925	0.08317637711026743	0.08139478550178234
19.814263275520517	0.08317637711026743	0.020086489380234773
22.675825267662994	0.08317637711026743	0.007048631326842053
25.950652033822625	0.08317637711026743	0.00202284190539151
29.698426982540767	0.08317637711026743	0.0005513866380852908
33.98745295832107	0.08317637711026743	0.0001793407237956594
38.895897054520105	0.08317637711026743	0.000059508857169136316
44.51321520124173	0.08317637711026743	0.000018008660754156303
50.941782491215115	0.08317637711026743	5.073930668447215e-6
58.29875895619149	0.08317637711026743	1.5361364309574882e-6
66.71822479745835	0.08317637711026743	4.959044850147383e-7
76.35362398484546	0.08317637711026743	1.605573608754781e-7
87.38056075858388	0.08317637711026743	5.2519768747653055e-8
100.00000000000031	0.08317637711026743	1.8485065353295266e-8
111.55639876771902	0.08317637711026743	8.188189155970797e-9
138.21730389017998	0.08317637711026743	1.4828659400672704e-9
171.24990861750976	0.08317637711026743	2.357714125585615e-10
212.17698780180757	0.08317637711026743	4.266857352817219e-11
262.885244821937	0.08317637711026743	6.193054503745869e-12
325.7122869971341	0.08317637711026743	3.3756486105637567e-13
403.5543872869759	0.08317637711026743	5.059019187083295e-15
499.9999999999984	0.08317637711026743	4.16639362656724e-18
1000	0.08317637711026743	0
2000	0.08317637711026743	0
1.	0.09549925860214398	0.09346221710451143
1.9999999999999998	0.09549925860214398	0.10885707838545913
2.288838595949997	0.09549925860214398	0.11689906631977283
2.6193910591551774	0.09549925860214398	0.13325521632002554
2.9976816770403563	0.09549925860214398	0.1599293509444641
3.4306047603910415	0.09549925860214398	0.20264786250311842
3.926050291516404	0.09549925860214398	0.26727535663694274
4.493047718431742	0.09549925860214398	0.36249697769246736
5.141930515695824	0.09549925860214398	0.498288461760584
5.884524511008838	0.09549925860214398	0.6583634709141446
6.734363409805407	0.09549925860214398	0.8701254693925182
7.706935445758021	0.09549925860214398	1.3903689107615105
8.819965652373028	0.09549925860214398	2.408376931620235
10.093738900052346	0.09549925860214398	2.9614480079786585
11.551469585940843	0.09549925860214398	2.179934650455898
13.219724714121972	0.09549925860214398	1.412587858939124
15.128908076758211	0.09549925860214398	0.565790681330183
17.313814360331925	0.09549925860214398	0.13115024197496628
19.814263275520517	0.09549925860214398	0.028266083598791895
22.675825267662994	0.09549925860214398	0.00944079574697022
25.950652033822625	0.09549925860214398	0.0027406961863611573
29.698426982540767	0.09549925860214398	0.0007150646691810083
33.98745295832107	0.09549925860214398	0.00022330583172114647
38.895897054520105	0.09549925860214398	0.00007312236119351471
44.51321520124173	0.09549925860214398	0.00002192048613796832
50.941782491215115	0.09549925860214398	6.200636488308916e-6
58.29875895619149	0.09549925860214398	1.8441442123980656e-6
66.71822479745835	0.09549925860214398	5.879889368134672e-7
76.35362398484546	0.09549925860214398	1.890826606164995e-7
87.38056075858388	0.09549925860214398	6.157191662997143e-8
100.00000000000031	0.09549925860214398	2.1556861132222443e-8
111.55639876771902	0.09549925860214398	9.525294308672832e-9
138.21730389017998	0.09549925860214398	1.7228486161717895e-9
171.24990861750976	0.09549925860214398	2.73415926927483e-10
212.17698780180757	0.09549925860214398	4.936461538148085e-11
262.885244821937	0.09549925860214398	7.166730128571307e-12
325.7122869971341	0.09549925860214398	3.913427098727245e-13
403.5543872869759	0.09549925860214398	5.879862867079256e-15
499.9999999999984	0.09549925860214398	4.864728710889174e-18
1000	0.09549925860214398	0
2000	0.09549925860214398	0
1.	0.10964781961431896	0.08932765271315646
1.9999999999999998	0.10964781961431896	0.10098210040054834
2.288838595949997	0.10964781961431896	0.10464613840591894
2.6193910591551774	0.10964781961431896	0.11424827961996441
2.9976816770403563	0.10964781961431896	0.12756851632015315
3.4306047603910415	0.10964781961431896	0.15434901211908955
3.926050291516404	0.10964781961431896	0.1955989521291788
4.493047718431742	0.10964781961431896	0.27009087837069506
5.141930515695824	0.10964781961431896	0.38432056183235364
5.884524511008838	0.10964781961431896	0.5410055035559055
6.734363409805407	0.10964781961431896	0.7307758436781002
7.706935445758021	0.10964781961431896	1.0351331038456573
8.819965652373028	0.10964781961431896	1.8829833866586332
10.093738900052346	0.10964781961431896	2.9331457837316615
11.551469585940843	0.10964781961431896	2.761616162536195
13.219724714121972	0.10964781961431896	1.77075418557618
15.128908076758211	0.10964781961431896	0.901838189609834
17.313814360331925	0.10964781961431896	0.21852187654788055
19.814263275520517	0.10964781961431896	0.04274409710285729
22.675825267662994	0.10964781961431896	0.012898792395983693
25.950652033822625	0.10964781961431896	0.0038258834334570888
29.698426982540767	0.10964781961431896	0.000964880130783806
33.98745295832107	0.10964781961431896	0.0002852439264898309
38.895897054520105	0.10964781961431896	0.000091693626025336
44.51321520124173	0.10964781961431896	0.000027240102732162983
50.941782491215115	0.10964781961431896	7.727584856428394e-6
58.29875895619149	0.10964781961431896	2.251687927572554e-6
66.71822479745835	0.10964781961431896	7.077211065098198e-7
76.35362398484546	0.10964781961431896	2.2585199932950167e-7
87.38056075858388	0.10964781961431896	7.31673419532941e-8
100.00000000000031	0.10964781961431896	2.5470640336361016e-8
111.55639876771902	0.10964781961431896	1.1220998533485588e-8
138.21730389017998	0.10964781961431896	2.0265769912567168e-9
171.24990861750976	0.10964781961431896	3.2093378814951697e-10
212.17698780180757	0.10964781961431896	5.7786851909354873e-11
262.885244821937	0.10964781961431896	8.391853960777716e-12
325.7122869971341	0.10964781961431896	4.591894037333557e-13
403.5543872869759	0.10964781961431896	6.919228786507053e-15
499.9999999999984	0.10964781961431896	5.754676609912703e-18
1000	0.10964781961431896	0
2000	0.10964781961431896	0