1.	0.001	0.00481407
1.9999999999999998	0.001	0.00861643
2.288838595949997	0.001	0.010434491162369516
2.6193910591551774	0.001	0.013169111894041897
2.9976816770403563	0.001	0.01741722581337457
3.4306047603910415	0.001	0.02408089497241951
3.926050291516404	0.001	0.03396530647747392
4.493047718431742	0.001	0.04656394930371427
5.141930515695824	0.001	0.05805550258893068
5.884524511008838	0.001	0.061783460917223275
6.734363409805407	0.001	0.05442054887710987
7.706935445758021	0.001	0.039838868281319474
8.819965652373028	0.001	0.023505263800975625
10.093738900052346	0.001	0.01019821573014784
11.551469585940843	0.001	0.0032929340716360664
13.219724714121972	0.001	0.0010918128852402636
15.128908076758211	0.001	0.0005421940966887668
17.313814360331925	0.001	0.00029783315734916127
19.814263275520517	0.001	0.00015110915495808878
22.675825267662994	0.001	0.00007162083609261178
25.950652033822625	0.001	0.00003741700098137675
29.698426982540767	0.001	0.00001602554391128034
33.98745295832107	0.001	7.109927785733537e-6
38.895897054520105	0.001	2.7747826014185084e-6
44.51321520124173	0.001	9.424208075111433e-7
50.941782491215115	0.001	3.016656144481263e-7
58.29875895619149	0.001	9.082820271137644e-8
66.71822479745835	0.001	2.319762706237953e-8
76.35362398484546	0.001	4.235429455274305e-9
87.38056075858388	0.001	4.475619502746745e-10
100.00000000000031	0.001	2.4641029536028422e-11
111.55639876771902	0.001	1.5156300764986583e-12
138.21730389017998	0.001	5.47224127967641e-16
171.24990861750976	0.001	1.3821544966397464e-19
212.17698780180757	0.001	2.407242246256416e-20
262.885244821937	0.001	3.487596269549313e-21
325.7122869971341	0.001	1.87792347611211e-22
403.5543872869759	0.001	2.7664102150542567e-24
499.9999999999984	0.001	0
1000	0.001	0
2000	0.001	0
1.	0.0011481536214968829	0.00546025532286392
1.9999999999999998	0.0011481536214968829	0.009765177353361177
2.288838595949997	0.0011481536214968829	0.011829822995958864
2.6193910591551774	0.0011481536214968829	0.014922455222153814
2.9976816770403563	0.0011481536214968829	0.019743284460403094
3.4306047603910415	0.0011481536214968829	0.027296085355365138
3.926050291516404	0.0011481536214968829	0.038585017614029354
4.493047718431742	0.0011481536214968829	0.05304029745211363
5.141930515695824	0.0011481536214968829	0.06634440399390842
5.884524511008838	0.0011481536214968829	0.07084037632911169
6.734363409805407	0.0011481536214968829	0.06258704110664823
7.706935445758021	0.0011481536214968829	0.04587072702439506
8.819965652373028	0.0011481536214968829	0.02714396330208942
10.093738900052346	0.0011481536214968829	0.011787026543160046
11.551469585940843	0.0011481536214968829	0.0038071392150041223
13.219724714121972	0.0011481536214968829	0.0012581058949985935
15.128908076758211	0.0011481536214968829	0.0006237989602477945
17.313814360331925	0.0011481536214968829	0.00034276213089570035
19.814263275520517	0.0011481536214968829	0.00017386603774000131
22.675825267662994	0.0011481536214968829	0.00008240905992375089
25.950652033822625	0.0011481536214968829	0.000043039914661272936
29.698426982540767	0.0011481536214968829	0.000018445594832016
33.98745295832107	0.0011481536214968829	8.177258830895945e-6
38.895897054520105	0.0011481536214968829	3.192123254960341e-6
44.51321520124173	0.0011481536214968829	1.0843012725362645e-6
50.941782491215115	0.0011481536214968829	3.471046606350577e-7
58.29875895619149	0.0011481536214968829	1.0447286189938903e-7
66.71822479745835	0.0011481536214968829	2.6681606362518303e-8
76.35362398484546	0.0011481536214968829	4.870296525092843e-9
87.38056075858388	0.0011481536214968829	5.146909524502597e-10
100.00000000000031	0.0011481536214968829	2.8368737635863627e-11
111.55639876771902	0.0011481536214968829	1.744680976930288e-12
138.21730389017998	0.0011481536214968829	6.305025714799395e-16
171.24990861750976	0.0011481536214968829	1.5891313563084467e-19
212.17698780180757	0.0011481536214968829	2.76705514550184e-20
262.885244821937	0.0011481536214968829	4.0088949218678514e-21
325.7122869971341	0.0011481536214968829	2.158660484721716e-22
403.5543872869759	0.0011481536214968829	3.180085078112601e-24
499.9999999999984	0.0011481536214968829	0
1000	0.0011481536214968829	0
2000	0.0011481536214968829	0
1.	0.0013182567385564075	0.0061799762005524325
1.9999999999999998	0.0013182567385564075	0.011049975366140732
2.288838595949997	0.0013182567385564075	0.013381358918960725
2.6193910591551774	0.0013182567385564075	0.016882277693773234
2.9976816770403563	0.0013182567385564075	0.022336183488885428
3.4306047603910415	0.0013182567385564075	0.03090755424955715
3.926050291516404	0.0013182567385564075	0.04376030930176099
4.493047718431742	0.0013182567385564075	0.060349793097223284
5.141930515695824	0.0013182567385564075	0.075779422850003
5.884524511008838	0.0013182567385564075	0.0811803528465524
6.734363409805407	0.0013182567385564075	0.07196765314252604
7.706935445758021	0.0013182567385564075	0.05285745552825538
8.819965652373028	0.0013182567385564075	0.031378502709285994
10.093738900052346	0.0013182567385564075	0.013641817942742121
11.551469585940843	0.0013182567385564075	0.004404761263832672
13.219724714121972	0.0013182567385564075	0.0014509668101111673
15.128908076758211	0.0013182567385564075	0.0007176990047665064
17.313814360331925	0.0013182567385564075	0.00039447089190489863
19.814263275520517	0.0013182567385564075	0.00020003535395897733
22.675825267662994	0.0013182567385564075	0.00009479441322915303
25.950652033822625	0.0013182567385564075	0.00004952303878547894
29.698426982540767	0.0013182567385564075	0.000021237072062357045
33.98745295832107	0.0013182567385564075	9.408306133966534e-6
38.895897054520105	0.0013182567385564075	3.674204197809758e-6
44.51321520124173	0.0013182567385564075	1.2482254744990685e-6
50.941782491215115	0.0013182567385564075	3.9961496838457587e-7
58.29875895619149	0.0013182567385564075	1.2023164891558296e-7
66.71822479745835	0.0013182567385564075	3.070516346801831e-8
76.35362398484546	0.0013182567385564075	5.603172028106265e-9
87.38056075858388	0.0013182567385564075	5.922005971709905e-10
100.00000000000031	0.0013182567385564075	3.268186438133912e-11
111.55639876771902	0.0013182567385564075	2.0096583485518927e-12
138.21730389017998	0.0013182567385564075	7.270234315794592e-16
171.24990861750976	0.0013182567385564075	1.827978497099205e-19
212.17698780180757	0.0013182567385564075	3.182043811701204e-20
262.885244821937	0.0013182567385564075	4.6101454541875705e-21
325.7122869971341	0.0013182567385564075	2.4824835460274433e-22
403.5543872869759	0.0013182567385564075	3.657253072654281e-24
499.9999999999984	0.0013182567385564075	0
1000	0.0013182567385564075	0
2000	0.0013182567385564075	0
1.	0.0015135612484362087	0.0069834649153556905
1.9999999999999998	0.0015135612484362087	0.012488008856080436
2.288838595949997	0.0015135612484362087	0.015106097940577497
2.6193910591551774	0.0015135612484362087	0.01906173067003658
2.9976816770403563	0.0015135612484362087	0.025216955173305133
3.4306047603910415	0.0015135612484362087	0.03490256523194819
3.926050291516404	0.0015135612484362087	0.04953244542645913
4.493047718431742	0.0015135612484362087	0.06855447456016163
5.141930515695824	0.0015135612484362087	0.08645887174558321
5.884524511008838	0.0015135612484362087	0.09306722094370493
6.734363409805407	0.0015135612484362087	0.08277689285397442
7.706935445758021	0.0015135612484362087	0.06095525429356567
8.819965652373028	0.0015135612484362087	0.03629522794785358
10.093738900052346	0.0015135612484362087	0.015807528395846954
11.551469585940843	0.0015135612484362087	0.005099077980124736
13.219724714121972	0.0015135612484362087	0.001671930524833315
15.128908076758211	0.0015135612484362087	0.0008260223193415608
17.313814360331925	0.0015135612484362087	0.0004538091024192764
19.814263275520517	0.0015135612484362087	0.0002303444770747401
22.675825267662994	0.0015135612484362087	0.00010918769003993891
25.950652033822625	0.0015135612484362087	0.00005700181244280181
29.698426982540767	0.0015135612484362087	0.000024459235082641973
33.98745295832107	0.0015135612484362087	0.000010842058516014305
38.895897054520105	0.0015135612484362087	4.22900753348322e-6
44.51321520124173	0.0015135612484362087	1.4369425310412198e-6
50.941782491215115	0.0015135612484362087	4.60076520238758e-7
58.29875895619149	0.0015135612484362087	1.383638225078093e-7
66.71822479745835	0.0015135612484362087	3.533462298179099e-8
76.35362398484546	0.0015135612484362087	6.446006565699028e-9
87.38056075858388	0.0015135612484362087	6.813720977779878e-10
100.00000000000031	0.0015135612484362087	3.765501967830942e-11
111.55639876771902	0.0015135612484362087	2.3151527434093826e-12
138.21730389017998	0.0015135612484362087	8.385447560118203e-16
171.24990861750976	0.0015135612484362087	2.1025310417042385e-19
212.17698780180757	0.0015135612484362087	3.6588023675360776e-20
262.885244821937	0.0015135612484362087	5.3009022909666236e-21
325.7122869971341	0.0015135612484362087	2.8545185359241253e-22
403.5543872869759	0.0015135612484362087	4.2055206221533966e-24
499.9999999999984	0.0015135612484362087	0
1000	0.0015135612484362087	0
2000	0.0015135612484362087	0
1.	0.0017378008287493763	0.007866343121184872
1.9999999999999998	0.0017378008287493763	0.014078705661479073
2.288838595949997	0.0017378008287493763	0.017022092453210277
2.6193910591551774	0.0017378008287493763	0.021475127844172825
2.9976816770403563	0.0017378008287493763	0.028387853644069736
3.4306047603910415	0.0017378008287493763	0.03933257518933386
3.926050291516404	0.0017378008287493763	0.05593513400401136
4.493047718431742	0.0017378008287493763	0.07773354518869283
5.141930515695824	0.0017378008287493763	0.09852124951493546
5.884524511008838	0.0017378008287493763	0.10663998932343655
6.734363409805407	0.0017378008287493763	0.09523505870370558
7.706935445758021	0.0017378008287493763	0.07031505162468112
8.819965652373028	0.0017378008287493763	0.041975232143273464
10.093738900052346	0.0017378008287493763	0.018349877837238085
11.551469585940843	0.0017378008287493763	0.005918032486588837
13.219724714121972	0.0017378008287493763	0.0019368682189678877
15.128908076758211	0.0017378008287493763	0.0009509048823487848
17.313814360331925	0.0017378008287493763	0.0005231047758481469
19.814263275520517	0.0017378008287493763	0.000265372915003508
22.675825267662994	0.0017378008287493763	0.00012583659814085203
25.950652033822625	0.0017378008287493763	0.00006563781381545228
29.698426982540767	0.0017378008287493763	0.000028186115112418127
33.98745295832107	0.0017378008287493763	0.000012488078250837176
38.895897054520105	0.0017378008287493763	4.869366947196686e-6
44.51321520124173	0.0017378008287493763	1.6548286246429976e-6
50.941782491215115	0.0017378008287493763	5.299015555086179e-7
58.29875895619149	0.0017378008287493763	1.5928978742773818e-7
66.71822479745835	0.0017378008287493763	4.0677029501651405e-8
76.35362398484546	0.0017378008287493763	7.418206759786232e-9
87.38056075858388	0.0017378008287493763	7.842669835249421e-10
100.00000000000031	0.0017378008287493763	4.340787490592116e-11
111.55639876771902	0.0017378008287493763	2.668492897505695e-12
138.21730389017998	0.0017378008287493763	9.678522395899339e-16
171.24990861750976	0.0017378008287493763	2.4190357007606677e-19
212.17698780180757	0.0017378008287493763	4.2080452331082323e-20
262.885244821937	0.0017378008287493763	6.0966766224791096e-21
325.7122869971341	0.0017378008287493763	3.2831573229209586e-22
403.5543872869759	0.0017378008287493763	4.837247912692689e-24
499.9999999999984	0.0017378008287493763	0
1000	0.0017378008287493763	0
2000	0.0017378008287493763	0
1.	0.0019952623149688807	0.008835978569010685
1.9999999999999998	0.0019952623149688807	0.01583751504130689
2.288838595949997	0.0019952623149688807	0.019122502172493578
2.6193910591551774	0.0019952623149688807	0.024112544321510443
2.9976816770403563	0.0019952623149688807	0.03188187765942506
3.4306047603910415	0.0019952623149688807	0.04419972259239523
3.926050291516404	0.0019952623149688807	0.0630171737216936
4.493047718431742	0.0019952623149688807	0.08795568868037074
5.141930515695824	0.0019952623149688807	0.11215212732552762
5.884524511008838	0.0019952623149688807	0.12213007126933881
6.734363409805407	0.0019952623149688807	0.10954803009570895
7.706935445758021	0.0019952623149688807	0.0811672320907383
8.819965652373028	0.0019952623149688807	0.04863728814021519
10.093738900052346	0.0019952623149688807	0.021327641869645145
11.551469585940843	0.0019952623149688807	0.006883880224269464
13.219724714121972	0.0019952623149688807	0.00224198787240105
15.128908076758211	0.0019952623149688807	0.0010949794864096988
17.313814360331925	0.0019952623149688807	0.0006026430177970767
19.814263275520517	0.0019952623149688807	0.0003056527276495591
22.675825267662994	0.0019952623149688807	0.00014528963411987678
25.950652033822625	0.0019952623149688807	0.00007560641078781867
29.698426982540767	0.0019952623149688807	0.0000324949250946266
33.98745295832107	0.0019952623149688807	0.000014375715860634666
38.895897054520105	0.0019952623149688807	5.607311939654516e-6
44.51321520124173	0.0019952623149688807	1.9060154552965275e-6
50.941782491215115	0.0019952623149688807	6.104178490663478e-7
58.29875895619149	0.0019952623149688807	1.8340093903097799e-7
66.71822479745835	0.0019952623149688807	4.6832289143600885e-8
76.35362398484546	0.0019952623149688807	8.537801040541635e-9
87.38056075858388	0.0019952623149688807	9.028210707057815e-10
100.00000000000031	0.0019952623149688807	5.005412261125704e-11
111.55639876771902	0.0019952623149688807	3.076717044139265e-12
138.21730389017998	0.0019952623149688807	1.1176658178230597e-15
171.24990861750976	0.0019952623149688807	2.7832737074451687e-19
212.17698780180757	0.0019952623149688807	4.8396266265687065e-20
262.885244821937	0.0019952623149688807	7.011756322962713e-21
325.7122869971341	0.0019952623149688807	3.776091149984368e-22
403.5543872869759	0.0019952623149688807	5.563810786712929e-24
499.9999999999984	0.0019952623149688807	0
1000	0.0019952623149688807	0
2000	0.0019952623149688807	0
1.	0.0022908676527677745	0.009930181311564408
1.9999999999999998	0.0022908676527677745	0.01775818474906486
2.288838595949997	0.0022908676527677745	0.021438963713956177
2.6193910591551774	0.0022908676527677745	0.026994401506318634
2.9976816770403563	0.0022908676527677745	0.0357054232150725
3.4306047603910415	0.0022908676527677745	0.04953586188025631
3.926050291516404	0.0022908676527677745	0.07079365292027243
4.493047718431742	0.0022908676527677745	0.09932439492129082
5.141930515695824	0.0022908676527677745	0.12752588642108398
5.884524511008838	0.0022908676527677745	0.13975878750165802
6.734363409805407	0.0022908676527677745	0.1260967554818866
7.706935445758021	0.0022908676527677745	0.09383345050365646
8.819965652373028	0.0022908676527677745	0.056436084152912146
10.093738900052346	0.0022908676527677745	0.024814424056138047
11.551469585940843	0.0022908676527677745	0.008016561476633188
13.219724714121972	0.0022908676527677745	0.002589350056730956
15.128908076758211	0.0022908676527677745	0.0012617965802423441
17.313814360331925	0.0022908676527677745	0.0006950212984885371
19.814263275520517	0.0022908676527677745	0.00035235166203779334
22.675825267662994	0.0022908676527677745	0.0001672242077449496
25.950652033822625	0.0022908676527677745	0.00008711708192551166
29.698426982540767	0.0022908676527677745	0.000037485628747267424
33.98745295832107	0.0022908676527677745	0.000016563212105912163
38.895897054520105	0.0022908676527677745	6.4600392916632364e-6
44.51321520124173	0.0022908676527677745	2.196397737628148e-6
50.941782491215115	0.0022908676527677745	7.035201252036329e-7
58.29875895619149	0.0022908676527677745	2.112591554084296e-7
66.71822479745835	0.0022908676527677745	5.3943517149406e-8
76.35362398484546	0.0022908676527677745	9.83074086586633e-9
87.38056075858388	0.0022908676527677745	1.0398129654131048e-9
100.00000000000031	0.0022908676527677745	5.775618832191284e-11
111.55639876771902	0.0022908676527677745	3.549816575887421e-12
138.21730389017998	0.0022908676527677745	1.2918514998868833e-15
171.24990861750976	0.0022908676527677745	3.203535378089528e-19
212.17698780180757	0.0022908676527677745	5.567720016668251e-20
262.885244821937	0.0022908676527677745	8.066709030704474e-21
325.7122869971341	0.0022908676527677745	4.3443974118059105e-22
403.5543872869759	0.0022908676527677745	6.4015882558157984e-24
499.9999999999984	0.0022908676527677745	0
1000	0.0022908676527677745	0
2000	0.0022908676527677745	0
1.	0.0026302679918953843	0.01111069301535775
1.9999999999999998	0.0026302679918953843	0.019850087622999273
2.288838595949997	0.0026302679918953843	0.023960965095201292
2.6193910591551774	0.0026302679918953843	0.03013830844803639
2.9976816770403563	0.0026302679918953843	0.0397993356732162
3.4306047603910415	0.0026302679918953843	0.05526119662071379
3.926050291516404	0.0026302679918953843	0.07925036675636324
4.493047718431742	0.0026302679918953843	0.11190979411698727
5.141930515695824	0.0026302679918953843	0.14473890870718598
5.884524511008838	0.0026302679918953843	0.15993080197356302
6.734363409805407	0.0026302679918953843	0.1451087587364838
7.706935445758021	0.0026302679918953843	0.10837808594289129
8.819965652373028	0.0026302679918953843	0.06548321402407767
10.093738900052346	0.0026302679918953843	0.02894295237614168
11.551469585940843	0.0026302679918953843	0.009336821250727758
13.219724714121972	0.0026302679918953843	0.003003527493514001
15.128908076758211	0.0026302679918953843	0.0014541964518632704
17.313814360331925	0.0026302679918953843	0.0008023110916279328
19.814263275520517	0.0026302679918953843	0.000406431494379303
22.675825267662994	0.0026302679918953843	0.00019284913544668692
25.950652033822625	0.0026302679918953843	0.00010044827451486727
29.698426982540767	0.0026302679918953843	0.00004327191363932899
33.98745295832107	0.0026302679918953843	0.000019090750262696417
38.895897054520105	0.0026302679918953843	7.4501811269365726e-6
44.51321520124173	0.0026302679918953843	2.5337324210527974e-6
50.941782491215115	0.0026302679918953843	8.117035897295585e-7
58.29875895619149	0.0026302679918953843	2.4360501037265315e-7
66.71822479745835	0.0026302679918953843	6.219910775364528e-8
76.35362398484546	0.0026302679918953843	1.133125255777448e-8
87.38056075858388	0.0026302679918953843	1.1989198671190568e-9
100.00000000000031	0.0026302679918953843	6.672838265800881e-11
111.55639876771902	0.0026302679918953843	4.101041473757878e-12
138.21730389017998	0.0026302679918953843	1.4955298791849924e-15
171.24990861750976	0.0026302679918953843	3.6907342777084354e-19
212.17698780180757	0.0026302679918953843	6.410968296721808e-20
262.885244821937	0.0026302679918953843	9.288505729349208e-21
325.7122869971341	0.0026302679918953843	5.002661851351171e-22
403.5543872869759	0.0026302679918953843	7.372085023551023e-24
499.9999999999984	0.0026302679918953843	0
1000	0.0026302679918953843	0
2000	0.0026302679918953843	0
1.	0.003019951720402019	0.012390605348234697
1.9999999999999998	0.003019951720402019	0.022089509262608786
2.288838595949997	0.003019951720402019	0.026647988854453193
2.6193910591551774	0.003019951720402019	0.03351194372594314
2.9976816770403563	0.003019951720402019	0.04425618431044552
3.4306047603910415	0.003019951720402019	0.06143148426381896
3.926050291516404	0.003019951720402019	0.08839265672360117
4.493047718431742	0.003019951720402019	0.12557090754343125
5.141930515695824	0.003019951720402019	0.16389609471392433
5.884524511008838	0.003019951720402019	0.18272701684635817
6.734363409805407	0.003019951720402019	0.16706195174500776
7.706935445758021	0.003019951720402019	0.12544527133471184
8.819965652373028	0.003019951720402019	0.0761338412356476
10.093738900052346	0.003019951720402019	0.03383251085819577
11.551469585940843	0.003019951720402019	0.01091498535578259
13.219724714121972	0.003019951720402019	0.0034892387489310174
15.128908076758211	0.003019951720402019	0.0016768382264306931
17.313814360331925	0.003019951720402019	0.000928014908036015
19.814263275520517	0.003019951720402019	0.0004685560271023146
22.675825267662994	0.003019951720402019	0.00022266530940973295
25.950652033822625	0.003019951720402019	0.00011587963293440318
29.698426982540767	0.003019951720402019	0.00004998995408174796
33.98745295832107	0.003019951720402019	0.000022019619829460267
38.895897054520105	0.003019951720402019	8.59954314179423e-6
44.51321520124173	0.003019951720402019	2.9255360824761524e-6
50.941782491215115	0.003019951720402019	9.373781149490646e-7
58.29875895619149	0.003019951720402019	2.811517917160622e-7
66.71822479745835	0.003019951720402019	7.178026000241878e-8
76.35362398484546	0.003019951720402019	1.3072280774296712e-8
87.38056075858388	0.003019951720402019	1.3836954501748156e-9
100.00000000000031	0.003019951720402019	7.718199131814224e-11
111.55639876771902	0.003019951720402019	4.743532463975576e-12
138.21730389017998	0.003019951720402019	1.7339179010547413e-15
171.24990861750976	0.003019951720402019	4.255280380397975e-19
212.17698780180757	0.003019951720402019	7.38697882761617e-20
262.885244821937	0.003019951720402019	1.0702666891254474e-20
325.7122869971341	0.003019951720402019	5.764668164072282e-22
403.5543872869759	0.003019951720402019	8.495678435400326e-24
499.9999999999984	0.003019951720402019	0
1000	0.003019951720402019	0
2000	0.003019951720402019	0
1.	0.00346736850452532	0.01378149535099966
1.9999999999999998	0.00346736850452532	0.02449839194839534
2.288838595949997	0.00346736850452532	0.0295121660545293
2.6193910591551774	0.00346736850452532	0.03706022123227333
2.9976816770403563	0.00346736850452532	0.04887955856959127
3.4306047603910415	0.00346736850452532	0.06798846810946227
3.926050291516404	0.00346736850452532	0.09817338903552827
4.493047718431742	0.00346736850452532	0.1404327802750509
5.141930515695824	0.00346736850452532	0.18512694542995714
5.884524511008838	0.00346736850452532	0.20873282668769302
6.734363409805407	0.00346736850452532	0.19245774988408543
7.706935445758021	0.00346736850452532	0.145329154226968
8.819965652373028	0.00346736850452532	0.08877807863237913
10.093738900052346	0.00346736850452532	0.03966316336058143
11.551469585940843	0.00346736850452532	0.012788854441892003
13.219724714121972	0.00346736850452532	0.004064050524640814
15.128908076758211	0.00346736850452532	0.001935485936862661
17.313814360331925	0.00346736850452532	0.0010702064860421256
19.814263275520517	0.00346736850452532	0.0005411045285148195
22.675825267662994	0.00346736850452532	0.00025734193076867146
25.950652033822625	0.00346736850452532	0.0001337857498697108
29.698426982540767	0.00346736850452532	0.0000578035701204493
33.98745295832107	0.00346736850452532	0.000025414343895747522
38.895897054520105	0.00346736850452532	9.92294487260112e-6
44.51321520124173	0.00346736850452532	3.376964951050272e-6
50.941782491215115	0.00346736850452532	1.0822103000331589e-6
58.29875895619149	0.00346736850452532	3.2438554161751437e-7
66.71822479745835	0.00346736850452532	8.280985290773348e-8
76.35362398484546	0.00346736850452532	1.5076252931149612e-8
87.38056075858388	0.00346736850452532	1.5966180299045948e-9
100.00000000000031	0.00346736850452532	8.927127482002675e-11
111.55639876771902	0.00346736850452532	5.4869752196039654e-12
138.21730389017998	0.00346736850452532	2.0111179192986173e-15
171.24990861750976	0.00346736850452532	4.904019308694738e-19
212.17698780180757	0.00346736850452532	8.507065101962543e-20
262.885244821937	0.00346736850452532	1.232566421778524e-20
325.7122869971341	0.00346736850452532	6.639294431967696e-22
403.5543872869759	0.00346736850452532	9.785567106646703e-24
499.9999999999984	0.00346736850452532	0
1000	0.00346736850452532	0
2000	0.00346736850452532	0
1.	0.003981071705534978	0.015270904641127889
1.9999999999999998	0.003981071705534978	0.027044907699934787
2.288838595949997	0.003981071705534978	0.03254518233451174
2.6193910591551774	0.003981071705534978	0.040841647304522846
2.9976816770403563	0.003981071705534978	0.05375709611195879
3.4306047603910415	0.003981071705534978	0.07483844312038651
3.926050291516404	0.003981071705534978	0.10844405543976107
4.493047718431742	0.003981071705534978	0.15636985565391084
5.141930515695824	0.003981071705534978	0.20847209413653509
5.884524511008838	0.003981071705534978	0.23792100848200598
6.734363409805407	0.003981071705534978	0.22164391062185917
7.706935445758021	0.003981071705534978	0.16858232664947712
8.819965652373028	0.003981071705534978	0.10367530440765747
10.093738900052346	0.003981071705534978	0.04663428106263367
11.551469585940843	0.003981071705534978	0.015040766981656016
13.219724714121972	0.003981071705534978	0.004742949834240575
15.128908076758211	0.003981071705534978	0.002235489722651798
17.313814360331925	0.003981071705534978	0.00123714704932913
19.814263275520517	0.003981071705534978	0.00062502127214135
22.675825267662994	0.003981071705534978	0.0002979120295286303
25.950652033822625	0.003981071705534978	0.00015454016965631108
29.698426982540767	0.003981071705534978	0.00006688879445541542
33.98745295832107	0.003981071705534978	0.000029348624930105166
38.895897054520105	0.003981071705534978	0.00001145301590238097
44.51321520124173	0.003981071705534978	3.899250289992681e-6
50.941782491215115	0.003981071705534978	1.249782459931914e-6
58.29875895619149	0.003981071705534978	3.743734784712373e-7
66.71822479745835	0.003981071705534978	9.555784558388085e-8
76.35362398484546	0.003981071705534978	1.739286019604312e-8
87.38056075858388	0.003981071705534978	1.8430995004901906e-9
100.00000000000031	0.003981071705534978	1.0331571847040807e-10
111.55639876771902	0.003981071705534978	6.351458599895122e-12
138.21730389017998	0.003981071705534978	2.3352154524459048e-15
171.24990861750976	0.003981071705534978	5.652416737167192e-19
212.17698780180757	0.003981071705534978	9.797262741637828e-20
262.885244821937	0.003981071705534978	1.419514883093803e-20
325.7122869971341	0.003981071705534978	7.646844003183612e-22
403.5543872869759	0.003981071705534978	1.1271862570176683e-23
499.9999999999984	0.003981071705534978	0
1000	0.003981071705534978	0
2000	0.003981071705534978	0
1.	0.0045708818961487565	0.016875904677441333
1.9999999999999998	0.0045708818961487565	0.029707707622227353
2.288838595949997	0.0045708818961487565	0.03568227996992787
2.6193910591551774	0.0045708818961487565	0.04469525023111402
2.9976816770403563	0.0045708818961487565	0.05875360372381579
3.4306047603910415	0.0045708818961487565	0.08183357786305066
3.926050291516404	0.0045708818961487565	0.11909505808773718
4.493047718431742	0.0045708818961487565	0.17314383149137005
5.141930515695824	0.0045708818961487565	0.2339541023712815
5.884524511008838	0.0045708818961487565	0.2707330197525533
6.734363409805407	0.0045708818961487565	0.2550688995961501
7.706935445758021	0.0045708818961487565	0.19561836627489965
8.819965652373028	0.0045708818961487565	0.12126834841133285
10.093738900052346	0.0045708818961487565	0.05498453443962405
11.551469585940843	0.0045708818961487565	0.01774358626403929
13.219724714121972	0.0045708818961487565	0.005535945271313358
15.128908076758211	0.0045708818961487565	0.0034158214812050215
17.313814360331925	0.0045708818961487565	0.0014324765602870128
19.814263275520517	0.0045708818961487565	0.000722459747466634
22.675825267662994	0.0045708818961487565	0.0003448558732913005
25.950652033822625	0.0045708818961487565	0.00017864351303406266
29.698426982540767	0.0045708818961487565	0.00007747886055334215
33.98745295832107	0.0045708818961487565	0.00003391099273226946
38.895897054520105	0.0045708818961487565	0.000013238718270989862
44.51321520124173	0.0045708818961487565	4.509267896608304e-6
50.941782491215115	0.0045708818961487565	1.44549650025536e-6
58.29875895619149	0.0045708818961487565	4.3272044502445474e-7
66.71822479745835	0.0045708818961487565	1.1042997291128733e-7
76.35362398484546	0.0045708818961487565	2.0096709000091057e-8
87.38056075858388	0.0045708818961487565	2.1312489000008186e-9
100.00000000000031	0.0045708818961487565	1.19794218753695e-10
111.55639876771902	0.0045708818961487565	7.366986597942543e-12
138.21730389017998	0.0045708818961487565	2.718261701215561e-15
171.24990861750976	0.0045708818961487565	6.523805642332037e-19
212.17698780180757	0.0045708818961487565	1.1296939984333588e-19
262.885244821937	0.0045708818961487565	1.6368273485233617e-20
325.7122869971341	0.0045708818961487565	8.818260527350426e-22
403.5543872869759	0.0045708818961487565	1.3000218045397676e-23
499.9999999999984	0.0045708818961487565	0
1000	0.0045708818961487565	0
2000	0.0045708818961487565	0
1.	0.005248074602497733	0.018546410712307112
1.9999999999999998	0.005248074602497733	0.032429916399650136
2.288838595949997	0.005248074602497733	0.038900987955428096
2.6193910591551774	0.005248074602497733	0.048577366129475844
2.9976816770403563	0.005248074602497733	0.06386712749856432
3.4306047603910415	0.005248074602497733	0.08892053507826
3.926050291516404	0.005248074602497733	0.12991609406510035
4.493047718431742	0.005248074602497733	0.19063686209919936
5.141930515695824	0.005248074602497733	0.261393204911987
5.884524511008838	0.005248074602497733	0.307482168385697
6.734363409805407	0.005248074602497733	0.29365002891616865
7.706935445758021	0.005248074602497733	0.22700653240132354
8.819965652373028	0.005248074602497733	0.1419794790626566
10.093738900052346	0.005248074602497733	0.06506549795460036
11.551469585940843	0.005248074602497733	0.0210543419128376
13.219724714121972	0.005248074602497733	0.006505941037911174
15.128908076758211	0.005248074602497733	0.002991867900447641
17.313814360331925	0.005248074602497733	0.0016603268363123472
19.814263275520517	0.005248074602497733	0.0008365108875062637
22.675825267662994	0.005248074602497733	0.000400476885583687
25.950652033822625	0.005248074602497733	0.00020669103171376066
29.698426982540767	0.005248074602497733	0.00008985076722085121
33.98745295832107	0.005248074602497733	0.00003922659173472663
38.895897054520105	0.005248074602497733	0.000015333728641131227
44.51321520124173	0.005248074602497733	5.225568523032731e-6
50.941782491215115	0.005248074602497733	1.6752586893430653e-6
58.29875895619149	0.005248074602497733	5.011852251489739e-7
66.71822479745835	0.005248074602497733	1.2786906921927576e-7
76.35362398484546	0.005248074602497733	2.32701400392614e-8
87.38056075858388	0.005248074602497733	2.4700982614720925e-9
100.00000000000031	0.005248074602497733	1.3924037013045995e-10
111.55639876771902	0.005248074602497733	8.5674630341433e-12
138.21730389017998	0.005248074602497733	3.1741648499792804e-15
171.24990861750976	0.005248074602497733	7.543535156596899e-19
212.17698780180757	0.005248074602497733	1.3048631674858093e-19
262.885244821937	0.005248074602497733	1.8906592162145932e-20
325.7122869971341	0.005248074602497733	1.0186791898896357e-21
403.5543872869759	0.005248074602497733	1.501990182724087e-23
499.9999999999984	0.005248074602497733	0
1000	0.005248074602497733	0
2000	0.005248074602497733	0
1.	0.006025595860743587	0.020356090365886422
1.9999999999999998	0.006025595860743587	0.03520038525097438
2.288838595949997	0.006025595860743587	0.042180248613077356
2.6193910591551774	0.006025595860743587	0.05251702520676925
2.9976816770403563	0.006025595860743587	0.06901087669041071
3.4306047603910415	0.006025595860743587	0.09587739202861242
3.926050291516404	0.006025595860743587	0.14053297848445467
4.493047718431742	0.006025595860743587	0.20861763030729144
5.141930515695824	0.006025595860743587	0.2906028845879176
5.884524511008838	0.006025595860743587	0.34833172772515536
6.734363409805407	0.006025595860743587	0.33800650519672204
7.706935445758021	0.006025595860743587	0.26422814732538696
8.819965652373028	0.006025595860743587	0.16680224840958466
10.093738900052346	0.006025595860743587	0.07729744070217669
11.551469585940843	0.006025595860743587	0.025052368756758422
13.219724714121972	0.006025595860743587	0.007608610539136706
15.128908076758211	0.006025595860743587	0.0034687117554458805
17.313814360331925	0.006025595860743587	0.0019251431026096465
19.814263275520517	0.006025595860743587	0.000969632325051833
22.675825267662994	0.006025595860743587	0.0004648039180350531
25.950652033822625	0.006025595860743587	0.00023935412826394493
29.698426982540767	0.006025595860743587	0.00010432855214885655
33.98745295832107	0.006025595860743587	0.00004539161359544717
38.895897054520105	0.006025595860743587	0.000017750103723065304
44.51321520124173	0.006025595860743587	6.052559589717621e-6
50.941782491215115	0.006025595860743587	1.9403937819249615e-6
58.29875895619149	0.006025595860743587	5.801659777081357e-7
66.71822479745835	0.006025595860743587	1.4796749315884926e-7
76.35362398484546	0.006025595860743587	2.6932511831409875e-8
87.38056075858388	0.006025595860743587	2.8621074649160477e-9
100.00000000000031	0.006025595860743587	1.618254944272807e-10
111.55639876771902	0.006025595860743587	9.964946727653938e-12
138.21730389017998	0.006025595860743587	3.70927121516731e-15
171.24990861750976	0.006025595860743587	8.715992179150352e-19
212.17698780180757	0.006025595860743587	1.5057934948046383e-19
262.885244821937	0.006025595860743587	2.1818311044515262e-20
325.7122869971341	0.006025595860743587	1.1756998506777571e-21
403.5543872869759	0.006025595860743587	1.733794842453042e-23
499.9999999999984	0.006025595860743587	0
1000	0.006025595860743587	0
2000	0.006025595860743587	0
1.	0.006918309709189377	0.022228899389913705
1.9999999999999998	0.006918309709189377	0.03797899909483885
2.288838595949997	0.006918309709189377	0.04533996318890225
2.6193910591551774	0.006918309709189377	0.056285847050078996
2.9976816770403563	0.006918309709189377	0.07352891015218638
3.4306047603910415	0.006918309709189377	0.10234446287333468
3.926050291516404	0.006918309709189377	0.15073803553005977
4.493047718431742	0.006918309709189377	0.22630969014020486
5.141930515695824	0.006918309709189377	0.3210010402427499
5.884524511008838	0.006918309709189377	0.39320896177580705
6.734363409805407	0.006918309709189377	0.38876169927813187
7.706935445758021	0.006918309709189377	0.3077033654076171
8.819965652373028	0.006918309709189377	0.19628542560745416
10.093738900052346	0.006918309709189377	0.09225103406605836
11.551469585940843	0.006918309709189377	0.03000479709080533
13.219724714121972	0.006918309709189377	0.00897237547105818
15.128908076758211	0.006918309709189377	0.004021803221199488
17.313814360331925	0.006918309709189377	0.0022367635132643747
19.814263275520517	0.006918309709189377	0.0011249562786869892
22.675825267662994	0.006918309709189377	0.0005391909564378238
25.950652033822625	0.006918309709189377	0.00027747482092140127
29.698426982540767	0.006918309709189377	0.00012129756226082484
33.98745295832107	0.006918309709189377	0.00005259515117571965
38.895897054520105	0.006918309709189377	0.000020525518340094453
44.51321520124173	0.006918309709189377	7.003386808009534e-6
50.941782491215115	0.006918309709189377	2.2450007390191285e-6
58.29875895619149	0.006918309709189377	6.708860728600327e-7
66.71822479745835	0.006918309709189377	1.7102638554201475e-7
76.35362398484546	0.006918309709189377	3.1142916288688366e-8
87.38056075858388	0.006918309709189377	3.314108587892524e-9
100.00000000000031	0.006918309709189377	1.879697088340385e-10
111.55639876771902	0.006918309709189377	1.1587547206553867e-11
138.21730389017998	0.006918309709189377	4.336427471987791e-15
171.24990861750976	0.006918309709189377	1.0057701503805982e-18
212.17698780180757	0.006918309709189377	1.735105131637442e-19
262.885244821937	0.006918309709189377	2.5141497056520517e-20
325.7122869971341	0.006918309709189377	1.3549542760123903e-21
403.5543872869759	0.006918309709189377	1.9985131441212557e-23
499.9999999999984	0.006918309709189377	0
1000	0.006918309709189377	0
2000	0.006918309709189377	0
1.	0.00794328234724283	0.024263404486135273
1.9999999999999998	0.00794328234724283	0.040758605307290294
2.288838595949997	0.00794328234724283	0.048436668600590586
2.6193910591551774	0.00794328234724283	0.0599052572599196
2.9976816770403563	0.00794328234724283	0.07798282562327222
3.4306047603910415	0.00794328234724283	0.10836250753397653
3.926050291516404	0.00794328234724283	0.16012605842222666
4.493047718431742	0.00794328234724283	0.24291969702417582
5.141930515695824	0.00794328234724283	0.35180812126504707
5.884524511008838	0.00794328234724283	0.44151612827696346
6.734363409805407	0.00794328234724283	0.4465208209314753
7.706935445758021	0.00794328234724283	0.3584885329588143
8.819965652373028	0.00794328234724283	0.23164458081847975
10.093738900052346	0.00794328234724283	0.11058105944182567
11.551469585940843	0.00794328234724283	0.036168067971167235
13.219724714121972	0.00794328234724283	0.010642326830060177
15.128908076758211	0.00794328234724283	0.004672663886270592
17.313814360331925	0.00794328234724283	0.002604523411962173
19.814263275520517	0.00794328234724283	0.0013081794656988864
22.675825267662994	0.00794328234724283	0.0006272928567378848
25.950652033822625	0.00794328234724283	0.0003220325751752866
29.698426982540767	0.00794328234724283	0.00014127351856244122
33.98745295832107	0.00794328234724283	0.00005894092169757961
38.895897054520105	0.00794328234724283	0.000023094127103669813
44.51321520124173	0.00794328234724283	7.885155195244336e-6
50.941782491215115	0.00794328234724283	2.5270272072339745e-6
58.29875895619149	0.00794328234724283	7.548319712005726e-7
66.71822479745835	0.00794328234724283	1.923107854177876e-7
76.35362398484546	0.00794328234724283	3.504504745153593e-8
87.38056075858388	0.00794328234724283	3.735518254199895e-9
100.00000000000031	0.00794328234724283	2.1255594388591763e-10
111.55639876771902	0.00794328234724283	1.3122605699837374e-11
138.21730389017998	0.00794328234724283	4.9411179499831615e-15
171.24990861750976	0.00794328234724283	1.1289434583217688e-18
212.17698780180757	0.00794328234724283	1.9443737750403632e-19
262.885244821937	0.00794328234724283	2.817445613403538e-20
325.7122869971341	0.00794328234724283	1.5186410109826505e-21
403.5543872869759	0.00794328234724283	2.2404328642125417e-23
499.9999999999984	0.00794328234724283	0
1000	0.00794328234724283	0
2000	0.00794328234724283	0
1.	0.009120108393559116	0.02651259692971216
1.9999999999999998	0.009120108393559116	0.043419496367717886
2.288838595949997	0.009120108393559116	0.05140665712003561
2.6193910591551774	0.009120108393559116	0.06323714788342877
2.9976816770403563	0.009120108393559116	0.08196381658731365
3.4306047603910415	0.009120108393559116	0.11346351776074212
3.926050291516404	0.009120108393559116	0.16807503540977098
4.493047718431742	0.009120108393559116	0.2580516172828446
5.141930515695824	0.009120108393559116	0.3813720368238255
5.884524511008838	0.009120108393559116	0.49251003110012653
6.734363409805407	0.009120108393559116	0.5114825871500683
7.706935445758021	0.009120108393559116	0.4190193503472843
8.819965652373028	0.009120108393559116	0.27443650634467287
10.093738900052346	0.009120108393559116	0.13323158522361284
11.551469585940843	0.009120108393559116	0.04389955326790464
13.219724714121972	0.009120108393559116	0.012701303198425287
15.128908076758211	0.009120108393559116	0.005440460056830068
17.313814360331925	0.009120108393559116	0.0030341907277306474
19.814263275520517	0.009120108393559116	0.001521811920923883
22.675825267662994	0.009120108393559116	0.0007336030818177508
25.950652033822625	0.009120108393559116	0.0003741991929560825
29.698426982540767	0.009120108393559116	0.00015958440077104433
33.98745295832107	0.009120108393559116	0.00006830678834037714
38.895897054520105	0.009120108393559116	0.000025898221620596832
44.51321520124173	0.009120108393559116	8.84875674966754e-6
50.941782491215115	0.009120108393559116	2.834586407706746e-6
58.29875895619149	0.009120108393559116	8.464135320386973e-7
66.71822479745835	0.009120108393559116	2.154794295671857e-7
76.35362398484546	0.009120108393559116	3.931196196189119e-8
87.38056075858388	0.009120108393559116	4.1986011322542366e-9
100.00000000000031	0.009120108393559116	2.396949313726187e-10
111.55639876771902	0.009120108393559116	1.4826908031193137e-11
138.21730389017998	0.009120108393559116	5.622043310193524e-15
171.24990861750976	0.009120108393559116	1.2625534039943248e-18
212.17698780180757	0.009120108393559116	2.1703358854368043e-19
262.885244821937	0.009120108393559116	3.144948466056507e-20
325.7122869971341	0.009120108393559116	1.6954711248428083e-21
403.5543872869759	0.009120108393559116	2.5019342746714353e-23
499.9999999999984	0.009120108393559116	0
1000	0.009120108393559116	0
2000	0.009120108393559116	0
1.	0.010471285480509017	0.028950273805191596
1.9999999999999998	0.010471285480509017	0.04606157160876921
2.288838595949997	0.010471285480509017	0.05412733155634154
2.6193910591551774	0.010471285480509017	0.06619982165453464
2.9976816770403563	0.010471285480509017	0.08530478853742723
3.4306047603910415	0.010471285480509017	0.1174285008146023
3.926050291516404	0.010471285480509017	0.17398598591906173
4.493047718431742	0.010471285480509017	0.2701404831744426
5.141930515695824	0.010471285480509017	0.40949679231654235
5.884524511008838	0.010471285480509017	0.5456316367109123
6.734363409805407	0.010471285480509017	0.5847308772538928
7.706935445758021	0.010471285480509017	0.4889986962984761
8.819965652373028	0.010471285480509017	0.32637107716520697
10.093738900052346	0.010471285480509017	0.16137382337984943
11.551469585940843	0.010471285480509017	0.05366664224895942
13.219724714121972	0.010471285480509017	0.015309255998604509
15.128908076758211	0.010471285480509017	0.006350009827875148
17.313814360331925	0.010471285480509017	0.003537104455972124
19.814263275520517	0.010471285480509017	0.0017715432475449585
22.675825267662994	0.010471285480509017	0.0008559674403049145
25.950652033822625	0.010471285480509017	0.0004354255017341546
29.698426982540767	0.010471285480509017	0.00018643603712284001
33.98745295832107	0.010471285480509017	0.00007924695808177035
38.895897054520105	0.010471285480509017	0.000030119784115945382
44.51321520124173	0.010471285480509017	0.000010298087933875456
50.941782491215115	0.010471285480509017	3.2965941699287863e-6
58.29875895619149	0.010471285480509017	9.841532170803754e-7
66.71822479745835	0.010471285480509017	2.503106335973436e-7
76.35362398484546	0.010471285480509017	4.573954193950595e-8
87.38056075858388	0.010471285480509017	4.896466433724531e-9
100.00000000000031	0.010471285480509017	2.8047611694974733e-10
111.55639876771902	0.010471285480509017	1.739263518945032e-11
138.21730389017998	0.010471285480509017	6.647653035309548e-15
171.24990861750976	0.010471285480509017	1.4636430590239256e-18
212.17698780180757	0.010471285480509017	2.510450028344195e-19
262.885244821937	0.010471285480509017	3.6379091271657294e-20
325.7122869971341	0.010471285480509017	1.961627492202423e-21
403.5543872869759	0.010471285480509017	2.8955143354359963e-23
499.9999999999984	0.010471285480509017	0
1000	0.010471285480509017	0
2000	0.010471285480509017	0
1.	0.012022644346174156	0.03165667366713155
1.9999999999999998	0.012022644346174156	0.04855685762363579
2.288838595949997	0.012022644346174156	0.05661771508605322
2.6193910591551774	0.012022644346174156	0.0686664007101318
2.9976816770403563	0.012022644346174156	0.08768156822711613
3.4306047603910415	0.012022644346174156	0.12015357853815062
3.926050291516404	0.012022644346174156	0.17761407884438313
4.493047718431742	0.012022644346174156	0.2787646885788882
5.141930515695824	0.012022644346174156	0.4332045502043631
5.884524511008838	0.012022644346174156	0.598706600027354
6.734363409805407	0.012022644346174156	0.6655408256248114
7.706935445758021	0.012022644346174156	0.5712978149702926
8.819965652373028	0.012022644346174156	0.38859556794619027
10.093738900052346	0.012022644346174156	0.19645763176896067
11.551469585940843	0.012022644346174156	0.06621422599663851
13.219724714121972	0.012022644346174156	0.018512359740113473
15.128908076758211	0.012022644346174156	0.007437540016295015
17.313814360331925	0.012022644346174156	0.004130185979878029
19.814263275520517	0.012022644346174156	0.0020707489750904536
22.675825267662994	0.012022644346174156	0.001002710511260099
25.950652033822625	0.012022644346174156	0.000491027538216307
29.698426982540767	0.012022644346174156	0.0002182263566745078
33.98745295832107	0.012022644346174156	0.00009211365053638402
38.895897054520105	0.012022644346174156	0.000037512889591951165
44.51321520124173	0.012022644346174156	0.000012833332539845152
50.941782491215115	0.012022644346174156	4.104149107307508e-6
58.29875895619149	0.012022644346174156	1.2251053404538115e-6
66.71822479745835	0.012022644346174156	3.1124722747286825e-7
76.35362398484546	0.012022644346174156	5.699484717093159e-8
87.38056075858388	0.012022644346174156	6.118001472128906e-9
100.00000000000031	0.012022644346174156	3.5165007449465385e-10
111.55639876771902	0.012022644346174156	2.1873832655365754e-11
138.21730389017998	0.012022644346174156	8.43634151883752e-15
171.24990861750976	0.012022644346174156	1.81594251698263e-18
212.17698780180757	0.012022644346174156	3.106715242007076e-19
262.885244821937	0.012022644346174156	4.5021318023473375e-20
325.7122869971341	0.012022644346174156	2.4281912480150564e-21
403.5543872869759	0.012022644346174156	3.585379980990624e-23
499.9999999999984	0.012022644346174156	0
1000	0.012022644346174156	0
2000	0.012022644346174156	0
1.	0.01380384264602888	0.03461557160429024
1.9999999999999998	0.01380384264602888	0.05087134673525985
2.288838595949997	0.01380384264602888	0.058797499051707856
2.6193910591551774	0.01380384264602888	0.07057308462625064
2.9976816770403563	0.01380384264602888	0.08938613931365486
3.4306047603910415	0.01380384264602888	0.12121554614131455
3.926050291516404	0.01380384264602888	0.1786920160991699
4.493047718431742	0.01380384264602888	0.28260454966465204
5.141930515695824	0.01380384264602888	0.4506873202182643
5.884524511008838	0.01380384264602888	0.6487234471157843
6.734363409805407	0.01380384264602888	0.752139627927065
7.706935445758021	0.01380384264602888	0.6666377205421037
8.819965652373028	0.01380384264602888	0.4630746854685971
10.093738900052346	0.01380384264602888	0.24093494305633684
11.551469585940843	0.01380384264602888	0.08262665657396243
13.219724714121972	0.01380384264602888	0.02265353246213933
15.128908076758211	0.01380384264602888	0.008732578537204503
17.313814360331925	0.01380384264602888	0.004845433545789218
19.814263275520517	0.01380384264602888	0.002421314369297695
22.675825267662994	0.01380384264602888	0.0011818196716311645
25.950652033822625	0.01380384264602888	0.0005731134236248291
29.698426982540767	0.01380384264602888	0.00026441900526389246
33.98745295832107	0.01380384264602888	0.00011088506676283457
38.895897054520105	0.01380384264602888	0.00004381199500989069
44.51321520124173	0.01380384264602888	0.000014994228159305399
50.941782491215115	0.01380384264602888	4.788906851666777e-6
58.29875895619149	0.01380384264602888	1.4294816306290766e-6
66.71822479745835	0.01380384264602888	3.627137468151797e-7
76.35362398484546	0.01380384264602888	6.659480756826024e-8
87.38056075858388	0.01380384264602888	7.170968174567588e-9
100.00000000000031	0.01380384264602888	4.1363164407877897e-10
111.55639876771902	0.01380384264602888	2.582690813275728e-11
138.21730389017998	0.01380384264602888	1.0063271519446906e-14
171.24990861750976	0.01380384264602888	2.1110897850441973e-18
212.17698780180757	0.01380384264602888	3.6008399119415923e-19
262.885244821937	0.01380384264602888	5.2183959419105835e-20
325.7122869971341	0.01380384264602888	2.8152623630742105e-21
403.5543872869759	0.01380384264602888	4.1584834559747714e-23
499.9999999999984	0.01380384264602888	0
1000	0.01380384264602888	0
2000	0.01380384264602888	0
1.	0.015848931924611172	0.0380493520425138
1.9999999999999998	0.015848931924611172	0.05311252343802956
2.288838595949997	0.015848931924611172	0.06059968130396684
2.6193910591551774	0.015848931924611172	0.07210535962521847
2.9976816770403563	0.015848931924611172	0.09015411717370664
3.4306047603910415	0.015848931924611172	0.1209225128374993
3.926050291516404	0.015848931924611172	0.17690199033101617
4.493047718431742	0.015848931924611172	0.28106047379008986
5.141930515695824	0.015848931924611172	0.4594481337817504
5.884524511008838	0.015848931924611172	0.6917952298581364
6.734363409805407	0.015848931924611172	0.8445820087375102
7.706935445758021	0.015848931924611172	0.7779010475624478
8.819965652373028	0.015848931924611172	0.5537253819251623
10.093738900052346	0.015848931924611172	0.2969248297382005
11.551469585940843	0.015848931924611172	0.10438141256393269
13.219724714121972	0.015848931924611172	0.028056466039031842
15.128908076758211	0.015848931924611172	0.010310608811745559
17.313814360331925	0.015848931924611172	0.005683097346365814
19.814263275520517	0.015848931924611172	0.002841688581432826
22.675825267662994	0.015848931924611172	0.0013912980473716149
25.950652033822625	0.015848931924611172	0.0006933828527161842
29.698426982540767	0.015848931924611172	0.0003109906115843585
33.98745295832107	0.015848931924611172	0.00012924328507666263
38.895897054520105	0.015848931924611172	0.00005123356867336347
44.51321520124173	0.015848931924611172	0.00001753532415343206
50.941782491215115	0.015848931924611172	5.591124373666421e-6
58.29875895619149	0.015848931924611172	1.6689496806477606e-6
66.71822479745835	0.015848931924611172	4.229017276016419e-7
76.35362398484546	0.015848931924611172	7.789118697254079e-8
87.38056075858388	0.015848931924611172	8.417499418979893e-9
100.00000000000031	0.015848931924611172	4.873428795199345e-10
111.55639876771902	0.015848931924611172	3.0567072796439014e-11
138.21730389017998	0.015848931924611172	1.2048029616407622e-14
171.24990861750976	0.015848931924611172	2.454778929241416e-18
212.17698780180757	0.015848931924611172	4.1724038093969897e-19
262.885244821937	0.015848931924611172	6.046993414994032e-20
325.7122869971341	0.015848931924611172	3.2632641093019394e-21
403.5543872869759	0.015848931924611172	4.8223300942244363e-23
499.9999999999984	0.015848931924611172	0
1000	0.015848931924611172	0
2000	0.015848931924611172	0
1.	0.01819700858609988	0.041877113173421195
1.9999999999999998	0.01819700858609988	0.05483640582364326
2.288838595949997	0.01819700858609988	0.06190146927287936
2.6193910591551774	0.01819700858609988	0.07277404890918757
2.9976816770403563	0.01819700858609988	0.09000590914319467
3.4306047603910415	0.01819700858609988	0.11908150066166787
3.926050291516404	0.01819700858609988	0.17225202751420945
4.493047718431742	0.01819700858609988	0.27318455247322737
5.141930515695824	0.01819700858609988	0.4574201401591112
5.884524511008838	0.01819700858609988	0.7226021734261008
6.734363409805407	0.01819700858609988	0.9359701578833647
7.706935445758021	0.01819700858609988	0.9055345905385863
8.819965652373028	0.01819700858609988	0.6645123662980652
10.093738900052346	0.01819700858609988	0.36810802537165765
11.551469585940843	0.01819700858609988	0.13346002002018742
13.219724714121972	0.01819700858609988	0.03509943430256599
15.128908076758211	0.01819700858609988	0.012216887253522133
17.313814360331925	0.01819700858609988	0.006688154619309357
19.814263275520517	0.01819700858609988	0.003345461025956396
22.675825267662994	0.01819700858609988	0.0016437445602184224
25.950652033822625	0.01819700858609988	0.0008133016183930911
29.698426982540767	0.01819700858609988	0.00036651885505885936
33.98745295832107	0.01819700858609988	0.00015069744780332278
38.895897054520105	0.01819700858609988	0.00006019658777933392
44.51321520124173	0.01819700858609988	0.000020594268253567783
50.941782491215115	0.01819700858609988	6.5531324564049554e-6
58.29875895619149	0.01819700858609988	1.9559491447951803e-6
66.71822479745835	0.01819700858609988	4.949648596131333e-7
76.35362398484546	0.01819700858609988	9.149134183929361e-8
87.38056075858388	0.01819700858609988	9.927234011628758e-9
100.00000000000031	0.01819700858609988	5.770920632635312e-10
111.55639876771902	0.01819700858609988	3.638686411411356e-11
138.21730389017998	0.01819700858609988	1.4528014105936428e-14
171.24990861750976	0.01819700858609988	2.8642693085161687e-18
212.17698780180757	0.01819700858609988	4.848375722450983e-19
262.885244821937	0.01819700858609988	7.027083206915956e-20
325.7122869971341	0.01819700858609988	3.793522927683898e-21
403.5543872869759	0.01819700858609988	5.608668766401846e-23
499.9999999999984	0.01819700858609988	0
1000	0.01819700858609988	0
2000	0.01819700858609988	0
1.	0.02089296130854045	0.0460134406367384
1.9999999999999998	0.02089296130854045	0.05666497375697221
2.288838595949997	0.02089296130854045	0.06303695272963637
2.6193910591551774	0.02089296130854045	0.07298214161092684
2.9976816770403563	0.02089296130854045	0.08891072016443036
3.4306047603910415	0.02089296130854045	0.11587351419076383
3.926050291516404	0.02089296130854045	0.1645971590092969
4.493047718431742	0.02089296130854045	0.2601918018002627
5.141930515695824	0.02089296130854045	0.4436054009221996
5.884524511008838	0.02089296130854045	0.7354283214134667
6.734363409805407	0.02089296130854045	1.0190489029014487
7.706935445758021	0.02089296130854045	1.0462078539213797
8.819965652373028	0.02089296130854045	0.7979060554769436
10.093738900052346	0.02089296130854045	0.458233081631145
11.551469585940843	0.02089296130854045	0.17249940127532987
13.219724714121972	0.02089296130854045	0.044680773509600896
15.128908076758211	0.02089296130854045	0.014631840406542678
17.313814360331925	0.02089296130854045	0.007886570203339865
19.814263275520517	0.02089296130854045	0.003951879086421118
22.675825267662994	0.02089296130854045	0.0019475879896813405
25.950652033822625	0.02089296130854045	0.0009561534713470284
29.698426982540767	0.02089296130854045	0.00043333742232769723
33.98745295832107	0.02089296130854045	0.00017603445845521036
38.895897054520105	0.02089296130854045	0.00007070651236957051
44.51321520124173	0.02089296130854045	0.000024163142402346915
50.941782491215115	0.02089296130854045	7.670722766382884e-6
58.29875895619149	0.02089296130854045	2.288742560680827e-6
66.71822479745835	0.02089296130854045	5.785112333357122e-7
76.35362398484546	0.02089296130854045	1.073488237118186e-7
87.38056075858388	0.02089296130854045	1.1700282103036043e-8
100.00000000000031	0.02089296130854045	6.833139678217209e-10
111.55639876771902	0.02089296130854045	4.33420202509989e-11
138.21730389017998	0.02089296130854045	1.755582689552802e-14
171.24990861750976	0.02089296130854045	3.335862435287536e-18
212.17698780180757	0.02089296130854045	5.61926026410042e-19
262.885244821937	0.02089296130854045	8.144866675493245e-20
325.7122869971341	0.02089296130854045	4.3987120993067145e-21
403.5543872869759	0.02089296130854045	6.50715596302334e-23
499.9999999999984	0.02089296130854045	0
1000	0.02089296130854045	0
2000	0.02089296130854045	0
1.	0.023988329190194974	0.05059973555963678
1.9999999999999998	0.023988329190194974	0.058570115564271094
2.288838595949997	0.023988329190194974	0.06394228123344883
2.6193910591551774	0.023988329190194974	0.07264373733706692
2.9976816770403563	0.023988329190194974	0.08710827306513516
3.4306047603910415	0.023988329190194974	0.1111643781896399
3.926050291516404	0.023988329190194974	0.15493595902845284
4.493047718431742	0.023988329190194974	0.24194447294235938
5.141930515695824	0.023988329190194974	0.41697991403364876
5.884524511008838	0.023988329190194974	0.725587622858985
6.734363409805407	0.023988329190194974	1.0826206947622063
7.706935445758021	0.023988329190194974	1.1957707219493114
8.819965652373028	0.023988329190194974	0.953350503946314
10.093738900052346	0.023988329190194974	0.5726269200608858
11.551469585940843	0.023988329190194974	0.22579983963413192
13.219724714121972	0.023988329190194974	0.05796183407150987
15.128908076758211	0.023988329190194974	0.017695101947274892
17.313814360331925	0.023988329190194974	0.00931582759531758
19.814263275520517	0.023988329190194974	0.004682275397158207
22.675825267662994	0.023988329190194974	0.0023148044662166705
25.950652033822625	0.023988329190194974	0.001127899091504368
29.698426982540767	0.023988329190194974	0.0005134388574177782
33.98745295832107	0.023988329190194974	0.0002060626662830003
38.895897054520105	0.023988329190194974	0.00008344820044744276
44.51321520124173	0.023988329190194974	0.0000284617431499378
50.941782491215115	0.023988329190194974	9.012082644319637e-6
58.29875895619149	0.023988329190194974	2.686777288222159e-6
66.71822479745835	0.023988329190194974	6.786043851365044e-7
76.35362398484546	0.023988329190194974	1.2641668736490395e-7
87.38056075858388	0.023988329190194974	1.3846791041585302e-8
100.00000000000031	0.023988329190194974	8.131128366465403e-10
111.55639876771902	0.023988329190194974	5.191691612800173e-11
138.21730389017998	0.023988329190194974	2.136850346458357e-14
171.24990861750976	0.023988329190194974	3.896704566432188e-18
212.17698780180757	0.023988329190194974	6.526235776272916e-19
262.885244821937	0.023988329190194974	9.460192003968336e-20
325.7122869971341	0.023988329190194974	5.111423843086567e-21
403.5543872869759	0.023988329190194974	7.566428299969174e-23
499.9999999999984	0.023988329190194974	0
1000	0.023988329190194974	0
2000	0.023988329190194974	0
1.	0.027542287033381744	0.05492918420400288
1.9999999999999998	0.027542287033381744	0.06046509308617288
2.288838595949997	0.027542287033381744	0.06483687548477103
2.6193910591551774	0.027542287033381744	0.0722588361210499
2.9976816770403563	0.027542287033381744	0.08465839162711379
3.4306047603910415	0.027542287033381744	0.10600438871375036
3.926050291516404	0.027542287033381744	0.1445010770952852
4.493047718431742	0.027542287033381744	0.2204017731782547
5.141930515695824	0.027542287033381744	0.38042035006609803
5.884524511008838	0.027542287033381744	0.6924343847340073
6.734363409805407	0.027542287033381744	1.1189106714024477
7.706935445758021	0.027542287033381744	1.348178370351698
8.819965652373028	0.027542287033381744	1.1429201101249928
10.093738900052346	0.027542287033381744	0.7157153649828432
11.551469585940843	0.027542287033381744	0.29927142062095113
13.219724714121972	0.027542287033381744	0.07687221684991465
15.128908076758211	0.027542287033381744	0.02170344597691313
17.313814360331925	0.027542287033381744	0.011045462279839893
19.814263275520517	0.027542287033381744	0.005576367063396859
22.675825267662994	0.027542287033381744	0.002756037431453259
25.950652033822625	0.027542287033381744	0.0013357300448921573
29.698426982540767	0.027542287033381744	0.0006097613348354047
33.98745295832107	0.027542287033381744	0.0002419809027397835
38.895897054520105	0.027542287033381744	0.00009889482950510362
44.51321520124173	0.027542287033381744	0.00003363181404694684
50.941782491215115	0.027542287033381744	0.000010620699591715987
58.29875895619149	0.027542287033381744	3.161468786953366e-6
66.71822479745835	0.027542287033381744	7.983936168874465e-7
76.35362398484546	0.027542287033381744	1.4928582302904e-7
87.38056075858388	0.027542287033381744	1.6440317691312738e-8
100.00000000000031	0.027542287033381744	9.718622941664217e-10
111.55639876771902	0.027542287033381744	6.249789478807132e-11
138.21730389017998	0.027542287033381744	2.618423293377728e-14
171.24990861750976	0.027542287033381744	4.562056242647622e-18
212.17698780180757	0.027542287033381744	7.58825920938312e-19
262.885244821937	0.027542287033381744	1.100051469279308e-19
325.7122869971341	0.027542287033381744	5.9468234506745586e-21
403.5543872869759	0.027542287033381744	8.809679850983592e-23
499.9999999999984	0.027542287033381744	0
1000	0.027542287033381744	0
2000	0.027542287033381744	0
1.	0.03162277660168389	0.058835377601151234
1.9999999999999998	0.03162277660168389	0.06205629087577488
2.288838595949997	0.03162277660168389	0.06559547844599281
2.6193910591551774	0.03162277660168389	0.07163863400360862
2.9976816770403563	0.03162277660168389	0.08251328236101643
3.4306047603910415	0.03162277660168389	0.10059934713270319
3.926050291516404	0.03162277660168389	0.13350209596534768
4.493047718431742	0.03162277660168389	0.1974828739663067
5.141930515695824	0.03162277660168389	0.3352264648635769
5.884524511008838	0.03162277660168389	0.631450893753178
6.734363409805407	0.03162277660168389	1.1107313779320087
7.706935445758021	0.03162277660168389	1.4903774068395659
8.819965652373028	0.03162277660168389	1.3648892173649436
10.093738900052346	0.03162277660168389	0.8956937333055133
11.551469585940843	0.03162277660168389	0.3997417714230104
13.219724714121972	0.03162277660168389	0.10475583479444224
15.128908076758211	0.03162277660168389	0.027094917344789846
17.313814360331925	0.03162277660168389	0.01309855135470377
19.814263275520517	0.03162277660168389	0.006678247977668032
22.675825267662994	0.03162277660168389	0.0033026836350262302
25.950652033822625	0.03162277660168389	0.0015879536692651635
29.698426982540767	0.03162277660168389	0.000726769551274092
33.98745295832107	0.03162277660168389	0.00028522659483173646
38.895897054520105	0.03162277660168389	0.00011794099116919449
44.51321520124173	0.03162277660168389	0.00003995350489101644
50.941782491215115	0.03162277660168389	0.00001258474019665727
58.29875895619149	0.03162277660168389	3.7367397025960935e-6
66.71822479745835	0.03162277660168389	9.443086692867296e-7
76.35362398484546	0.03162277660168389	1.7715061768307046e-7
87.38056075858388	0.03162277660168389	1.9624711727525528e-8
100.00000000000031	0.03162277660168389	1.1696286397211623e-9
111.55639876771902	0.03162277660168389	7.57871454647221e-11
138.21730389017998	0.03162277660168389	3.238286446999393e-14
171.24990861750976	0.03162277660168389	5.3650159655455264e-18
212.17698780180757	0.03162277660168389	8.850859224300054e-19
262.885244821937	0.03162277660168389	1.2832086233075723e-19
325.7122869971341	0.03162277660168389	6.941198652097555e-21
403.5543872869759	0.03162277660168389	1.0291560527088706e-22
499.9999999999984	0.03162277660168389	0
1000	0.03162277660168389	0
2000	0.03162277660168389	0
1.	0.03630780547701025	0.06140600149777511
1.9999999999999998	0.03630780547701025	0.06355380219880716
2.288838595949997	0.03630780547701025	0.06619988788387199
2.6193910591551774	0.03630780547701025	0.07101672387855232
2.9976816770403563	0.03630780547701025	0.0796086564899981
3.4306047603910415	0.03630780547701025	0.09465136465458462
3.926050291516404	0.03630780547701025	0.12274801514064568
4.493047718431742	0.03630780547701025	0.17509776678802974
5.141930515695824	0.03630780547701025	0.2888851352767162
5.884524511008838	0.03630780547701025	0.552102548804344
6.734363409805407	0.03630780547701025	1.050311768043251
7.706935445758021	0.03630780547701025	1.5879175111258121
8.819965652373028	0.03630780547701025	1.6049701868506385
10.093738900052346	0.03630780547701025	1.1178948193932228
11.551469585940843	0.03630780547701025	0.5387322736578766
13.219724714121972	0.03630780547701025	0.14680261423455263
15.128908076758211	0.03630780547701025	0.03472124078260712
17.313814360331925	0.03630780547701025	0.01563475969835616
19.814263275520517	0.03630780547701025	0.008060363013627357
22.675825267662994	0.03630780547701025	0.003959694921126319
25.950652033822625	0.03630780547701025	0.0018992305721789783
29.698426982540767	0.03630780547701025	0.0008692828453092487
33.98745295832107	0.03630780547701025	0.0003392568655389065
38.895897054520105	0.03630780547701025	0.00014121114902330463
44.51321520124173	0.03630780547701025	0.00004761388449557877
50.941782491215115	0.03630780547701025	0.000014964127833784962
58.29875895619149	0.03630780547701025	4.427208468791043e-6
66.71822479745835	0.03630780547701025	1.1205320376950746e-6
76.35362398484546	0.03630780547701025	2.1078663229983493e-7
87.38056075858388	0.03630780547701025	2.3504442717969354e-8
100.00000000000031	0.03630780547701025	1.4148076613134037e-9
111.55639876771902	0.03630780547701025	9.240280577085815e-11
138.21730389017998	0.03630780547701025	4.035350342429469e-14
171.24990861750976	0.03630780547701025	6.325172478119605e-18
212.17698780180757	0.03630780547701025	1.0332548307924716e-18
262.885244821937	0.03630780547701025	1.498183756383162e-19
325.7122869971341	0.03630780547701025	8.109700963775381e-21
403.5543872869759	0.03630780547701025	1.2035931543694544e-22
499.9999999999984	0.03630780547701025	0
1000	0.03630780547701025	0
2000	0.03630780547701025	0
1.	0.04168693834703368	0.06287700046939586
1.9999999999999998	0.04168693834703368	0.06571330321188461
2.288838595949997	0.04168693834703368	0.06693310114127941
2.6193910591551774	0.04168693834703368	0.07084242185390745
2.9976816770403563	0.04168693834703368	0.07785903331297671
3.4306047603910415	0.04168693834703368	0.089439686980079
3.926050291516404	0.04168693834703368	0.11118396888584098
4.493047718431742	0.04168693834703368	0.15294171459519584
5.141930515695824	0.04168693834703368	0.24221989568823438
5.884524511008838	0.04168693834703368	0.45808497620356076
6.734363409805407	0.04168693834703368	0.9356144305426523
7.706935445758021	0.04168693834703368	1.6159663503230108
8.819965652373028	0.04168693834703368	1.8538905209330123
10.093738900052346	0.04168693834703368	1.3875343625779397
11.551469585940843	0.04168693834703368	0.7253623610022741
13.219724714121972	0.04168693834703368	0.21075648858685958
15.128908076758211	0.04168693834703368	0.04585690728899638
17.313814360331925	0.04168693834703368	0.0187764734331445
19.814263275520517	0.04168693834703368	0.009796095222139305
22.675825267662994	0.04168693834703368	0.00476415691986664
25.950652033822625	0.04168693834703368	0.0022849092967142806
29.698426982540767	0.04168693834703368	0.0010458069903352578
33.98745295832107	0.04168693834703368	0.00039058271912869967
38.895897054520105	0.04168693834703368	0.00017085331560046815
44.51321520124173	0.04168693834703368	0.00005731548482999473
50.941782491215115	0.04168693834703368	0.00001798325960606926
58.29875895619149	0.04168693834703368	5.295646026813092e-6
66.71822479745835	0.04168693834703368	1.3433075194696537e-6
76.35362398484546	0.04168693834703368	2.5328563600616726e-7
87.38056075858388	0.04168693834703368	2.8453656627129738e-8
100.00000000000031	0.04168693834703368	1.7327398074088267e-9
111.55639876771902	0.04168693834703368	1.1410688996248693e-10
138.21730389017998	0.04168693834703368	5.105468929246716e-14
171.24990861750976	0.04168693834703368	7.530019006086932e-18
212.17698780180757	0.04168693834703368	1.2155769793826667e-18
262.885244821937	0.04168693834703368	1.7627562507877432e-19
325.7122869971341	0.04168693834703368	9.549481683362742e-21
403.5543872869759	0.04168693834703368	1.418876513453388e-22
499.9999999999984	0.04168693834703368	1.1502894583910367e-25
1000	0.04168693834703368	0
2000	0.04168693834703368	0
1.	0.047863009232264	0.06295259932584982
1.9999999999999998	0.047863009232264	0.06623060141131477
2.288838595949997	0.047863009232264	0.06807189182463325
2.6193910591551774	0.047863009232264	0.07119811321802934
2.9976816770403563	0.047863009232264	0.07599923695304826
3.4306047603910415	0.047863009232264	0.08590515634402013
3.926050291516404	0.047863009232264	0.10271500487528216
4.493047718431742	0.047863009232264	0.1340378528968234
5.141930515695824	0.047863009232264	0.2012760735609052
5.884524511008838	0.047863009232264	0.3681250919871781
6.734363409805407	0.047863009232264	0.7818454382951157
7.706935445758021	0.047863009232264	1.541266198185725
8.819965652373028	0.047863009232264	2.087468014104801
10.093738900052346	0.047863009232264	1.714940709020709
11.551469585940843	0.047863009232264	0.9742718697837308
13.219724714121972	0.047863009232264	0.3111259940632264
15.128908076758211	0.047863009232264	0.06315368764173801
17.313814360331925	0.047863009232264	0.02280424442050471
19.814263275520517	0.047863009232264	0.011942363130022664
22.675825267662994	0.047863009232264	0.00573839868463458
25.950652033822625	0.047863009232264	0.002765404334955668
29.698426982540767	0.047863009232264	0.001224965703750884
33.98745295832107	0.047863009232264	0.0004763765048818211
38.895897054520105	0.047863009232264	0.00020044723567319697
44.51321520124173	0.047863009232264	0.00006690373579161276
50.941782491215115	0.047863009232264	0.00002097298301962813
58.29875895619149	0.047863009232264	6.142596934643829e-6
66.71822479745835	0.047863009232264	1.5618417351762935e-6
76.35362398484546	0.047863009232264	2.9519506516875653e-7
87.38056075858388	0.047863009232264	3.344887373170721e-8
100.00000000000031	0.047863009232264	2.0635948040081957e-9
111.55639876771902	0.047863009232264	1.3708667658908193e-10
138.21730389017998	0.047863009232264	6.301543968911929e-14
171.24990861750976	0.047863009232264	8.693909931866929e-18
212.17698780180757	0.047863009232264	1.3835139987539997e-18
262.885244821937	0.047863009232264	2.0065614315174512e-19
325.7122869971341	0.047863009232264	1.0880246203106002e-20
403.5543872869759	0.047863009232264	1.6186921247595242e-22
499.9999999999984	0.047863009232264	1.3153956315604753e-25
1000	0.047863009232264	0
2000	0.047863009232264	0
1.	0.05495408738576265	0.06243480092110562
1.9999999999999998	0.05495408738576265	0.06731459807169081
2.288838595949997	0.05495408738576265	0.06866729236537991
2.6193910591551774	0.05495408738576265	0.07102581117776288
2.9976816770403563	0.05495408738576265	0.07490862915498078
3.4306047603910415	0.05495408738576265	0.08193412386342976
3.926050291516404	0.05495408738576265	0.09409022756399534
4.493047718431742	0.05495408738576265	0.11786093312490342
5.141930515695824	0.05495408738576265	0.1687811407305062
5.884524511008838	0.05495408738576265	0.28819384841957985
6.734363409805407	0.05495408738576265	0.6096359109977207
7.706935445758021	0.05495408738576265	1.3525568568332136
8.819965652373028	0.05495408738576265	2.200856484734309
10.093738900052346	0.05495408738576265	2.079028407993908
11.551469585940843	0.05495408738576265	1.2941658063010806
13.219724714121972	0.05495408738576265	0.46784484839805046
15.128908076758211	0.05495408738576265	0.09141791539233608
17.313814360331925	0.05495408738576265	0.02802821420427378
19.814263275520517	0.05495408738576265	0.01470739072638066
22.675825267662994	0.05495408738576265	0.006985319902180041
25.950652033822625	0.05495408738576265	0.003371961845641958
29.698426982540767	0.05495408738576265	0.0015423141522267203
33.98745295832107	0.05495408738576265	0.0007025128086015546
38.895897054520105	0.05495408738576265	0.00025428617319750283
44.51321520124173	0.05495408738576265	0.00008448968304555975
50.941782491215115	0.05495408738576265	0.000026484733632845617
58.29875895619149	0.05495408738576265	7.712945586033666e-6
66.71822479745835	0.05495408738576265	1.9644884047805466e-6
76.35362398484546	0.05495408738576265	3.724895152249058e-7
87.38056075858388	0.05495408738576265	4.2641399314795615e-8
100.00000000000031	0.05495408738576265	2.6669197120385315e-9
111.55639876771902	0.05495408738576265	1.7885089346223238e-10
138.21730389017998	0.05495408738576265	8.472626428569378e-14
171.24990861750976	0.05495408738576265	1.086594480430327e-17
212.17698780180757	0.05495408738576265	1.6993655513930978e-18
262.885244821937	0.05495408738576265	2.4650340961466824e-19
325.7122869971341	0.05495408738576265	1.3380317930267539e-20
403.5543872869759	0.05495408738576265	1.9935840251850992e-22
499.9999999999984	0.05495408738576265	1.6244361855898327e-25
1000	0.05495408738576265	0
2000	0.05495408738576265	0
1.	0.06309573444801955	0.0629184064927915
1.9999999999999998	0.06309573444801955	0.0697800058541623
2.288838595949997	0.06309573444801955	0.07069220558411363
2.6193910591551774	0.06309573444801955	0.07313261832690858
2.9976816770403563	0.06309573444801955	0.0766891253026855
3.4306047603910415	0.06309573444801955	0.08157788298858612
3.926050291516404	0.06309573444801955	0.0901107009779312
4.493047718431742	0.06309573444801955	0.10733690632407973
5.141930515695824	0.06309573444801955	0.14319898994858304
5.884524511008838	0.06309573444801955	0.22649895991375885
6.734363409805407	0.06309573444801955	0.6280804743447685
7.706935445758021	0.06309573444801955	1.080126774724786
8.819965652373028	0.06309573444801955	2.1405848676761394
10.093738900052346	0.06309573444801955	2.447160702736705
11.551469585940843	0.06309573444801955	1.6859375553284213
13.219724714121972	0.06309573444801955	0.7056189473202199
15.128908076758211	0.06309573444801955	0.14042993711343033
17.313814360331925	0.06309573444801955	0.035403443180985095
19.814263275520517	0.06309573444801955	0.018171169173406918
22.675825267662994	0.06309573444801955	0.00854190360708957
25.950652033822625	0.06309573444801955	0.00414821801761753
29.698426982540767	0.06309573444801955	0.0018965845423380057
33.98745295832107	0.06309573444801955	0.0007621941748447087
38.895897054520105	0.06309573444801955	0.0003143665463212097
44.51321520124173	0.06309573444801955	0.00010407338104800828
50.941782491215115	0.06309573444801955	0.00003264314474922601
58.29875895619149	0.06309573444801955	9.455226702258764e-6
66.71822479745835	0.06309573444801955	2.4087853708307197e-6
76.35362398484546	0.06309573444801955	4.589684980965001e-7
87.38056075858388	0.06309573444801955	5.3185320340719465e-8
100.00000000000031	0.06309573444801955	3.3714843634678563e-9
111.55639876771902	0.06309573444801955	2.2849299907570598e-10
138.21730389017998	0.06309573444801955	1.1192799291139236e-13
171.24990861750976	0.06309573444801955	1.3258615496953022e-17
212.17698780180757	0.06309573444801955	2.029901801393865e-18
262.885244821937	0.06309573444801955	2.9450268631357076e-19
325.7122869971341	0.06309573444801955	1.6005023329175648e-20
403.5543872869759	0.06309573444801955	2.388691314803781e-22
499.9999999999984	0.06309573444801955	1.9524114286305256e-25
1000	0.06309573444801955	0
2000	0.06309573444801955	0
1.	0.07244359600749928	0.06468029924749012
1.9999999999999998	0.07244359600749928	0.0713685993215068
2.288838595949997	0.07244359600749928	0.07341078891175916
2.6193910591551774	0.07244359600749928	0.07540370746483825
2.9976816770403563	0.07244359600749928	0.07841631256335187
3.4306047603910415	0.07244359600749928	0.08184995871298578
3.926050291516404	0.07244359600749928	0.08797270747061751
4.493047718431742	0.07244359600749928	0.10072695150072301
5.141930515695824	0.07244359600749928	0.12477404615260757
5.884524511008838	0.07244359600749928	0.17990179926954908
6.734363409805407	0.07244359600749928	0.3267297154954899
7.706935445758021	0.07244359600749928	0.7793260091100926
8.819965652373028	0.07244359600749928	1.8719258469123183
10.093738900052346	0.07244359600749928	2.722934325664221
11.551469585940843	0.07244359600749928	2.139971968991966
13.219724714121972	0.07244359600749928	1.0485192413084576
15.128908076758211	0.07244359600749928	0.22871928995195817
17.313814360331925	0.07244359600749928	0.046840655524434865
19.814263275520517	0.07244359600749928	0.02253485511934581
22.675825267662994	0.07244359600749928	0.01057915718127225
25.950652033822625	0.07244359600749928	0.005142389207384354
29.698426982540767	0.07244359600749928	0.0023521610541039698
33.98745295832107	0.07244359600749928	0.0009610901722014331
38.895897054520105	0.07244359600749928	0.00038969431070708506
44.51321520124173	0.07244359600749928	0.0001286955773311435
50.941782491215115	0.07244359600749928	0.00004038834076269145
58.29875895619149	0.07244359600749928	0.000011640820702034901
66.71822479745835	0.07244359600749928	2.960650033162049e-6
76.35362398484546	0.07244359600749928	5.68138755646929e-7
87.38056075858388	0.07244359600749928	6.677508954919919e-8
100.00000000000031	0.07244359600749928	4.287143266120362e-9
111.55639876771902	0.07244359600749928	2.940181299707531e-10
138.21730389017998	0.07244359600749928	1.494460063802844e-13
171.24990861750976	0.07244359600749928	1.6255181742601077e-17
212.17698780180757	0.07244359600749928	2.4239559342553117e-18
262.885244821937	0.07244359600749928	3.517420502673929e-19
325.7122869971341	0.07244359600749928	1.9142198710426207e-20
403.5543872869759	0.07244359600749928	2.8624407437409655e-22
499.9999999999984	0.07244359600749928	2.347915588578897e-25
1000	0.07244359600749928	0
2000	0.07244359600749928	0
1.	0.08317637711026743	0.06955728959887209
1.9999999999999998	0.08317637711026743	0.07379219483121312
2.288838595949997	0.08317637711026743	0.07615358267170658
2.6193910591551774	0.08317637711026743	0.07960919592595819
2.9976816770403563	0.08317637711026743	0.08135750816261457
3.4306047603910415	0.08317637711026743	0.08508393607854751
3.926050291516404	0.08317637711026743	0.08955670080403091
4.493047718431742	0.08317637711026743	0.09769107374233772
5.141930515695824	0.08317637711026743	0.11381904919808755
5.884524511008838	0.08317637711026743	0.15102055158262262
6.734363409805407	0.08317637711026743	0.24333116241494268
7.706935445758021	0.08317637711026743	0.5241532292075731
8.819965652373028	0.08317637711026743	1.4281074155696227
10.093738900052346	0.08317637711026743	2.7448469811943856
11.551469585940843	0.08317637711026743	2.6334712712365054
13.219724714121972	0.08317637711026743	1.5030946125608255
15.128908076758211	0.08317637711026743	0.389300462226612
17.313814360331925	0.08317637711026743	0.0659520411652264
19.814263275520517	0.08317637711026743	0.02798024608469793
22.675825267662994	0.08317637711026743	0.013310840992086232
25.950652033822625	0.08317637711026743	0.006418158235902819
29.698426982540767	0.08317637711026743	0.0029479378623297496
33.98745295832107	0.08317637711026743	0.001220558392395507
38.895897054520105	0.08317637711026743	0.0004844642395963487
44.51321520124173	0.08317637711026743	0.0001598482573253833
50.941782491215115	0.08317637711026743	0.00005012613107025113
58.29875895619149	0.08317637711026743	0.000014374562546466867
66.71822479745835	0.08317637711026743	3.6448881118834323e-6
76.35362398484546	0.08317637711026743	7.057998747133079e-7
87.38056075858388	0.08317637711026743	8.426209366924512e-8
100.00000000000031	0.08317637711026743	5.477007981315236e-9
111.55639876771902	0.08317637711026743	3.8065853127569337e-10
138.21730389017998	0.08317637711026743	2.0143381283232467e-13
171.24990861750976	0.08317637711026743	2.0025599508232077e-17
212.17698780180757	0.08317637711026743	2.889017959751982e-18
262.885244821937	0.08317637711026743	4.1932135153276465e-19
325.7122869971341	0.08317637711026743	2.28558903688976e-20
403.5543872869759	0.08317637711026743	3.425376220299681e-22
499.9999999999984	0.08317637711026743	2.821008728480249e-25
1000	0.08317637711026743	0
2000	0.08317637711026743	0
1.	0.09549925860214398	0.07637617709241816
1.9999999999999998	0.09549925860214398	0.09934851414519573
2.288838595949997	0.09549925860214398	0.08014517993863494
2.6193910591551774	0.09549925860214398	0.08204430456379455
2.9976816770403563	0.09549925860214398	0.08659609354427979
3.4306047603910415	0.09549925860214398	0.08947262999906982
3.926050291516404	0.09549925860214398	0.09412928784111049
4.493047718431742	0.09549925860214398	0.100357965976872
5.141930515695824	0.09549925860214398	0.10931803199746247
5.884524511008838	0.09549925860214398	0.13362036125868973
6.734363409805407	0.09549925860214398	0.19066673351792804
7.706935445758021	0.09549925860214398	0.34942384358382134
8.819965652373028	0.09549925860214398	0.933204382274225
10.093738900052346	0.09549925860214398	2.383479762628174
11.551469585940843	0.09549925860214398	3.078564002464993
13.219724714121972	0.09549925860214398	2.0404404957743227
15.128908076758211	0.09549925860214398	0.6731809324072566
17.313814360331925	0.09549925860214398	0.10133349995642706
19.814263275520517	0.09549925860214398	0.03496145136505797
22.675825267662994	0.09549925860214398	0.017040915833098132
25.950652033822625	0.09549925860214398	0.007756511492088843
29.698426982540767	0.09549925860214398	0.003597824933752365
33.98745295832107	0.09549925860214398	0.0015500013536291983
38.895897054520105	0.09549925860214398	0.0006001171814749381
44.51321520124173	0.09549925860214398	0.00019826312823794452
50.941782491215115	0.09549925860214398	0.00006194187651188465
58.29875895619149	0.09549925860214398	0.000017651205824721457
66.71822479745835	0.09549925860214398	4.462738581141511e-6
76.35362398484546	0.09549925860214398	8.725638693946962e-7
87.38056075858388	0.09549925860214398	1.0585703728615282e-7
100.00000000000031	0.09549925860214398	6.975547181300757e-9
111.55639876771902	0.09549925860214398	4.919661905608067e-10
138.21730389017998	0.09549925860214398	2.718493058960441e-13
171.24990861750976	0.09549925860214398	2.4636130575616742e-17
212.17698780180757	0.09549925860214398	3.4080725920510303e-18
262.885244821937	0.09549925860214398	4.947836516959878e-19
325.7122869971341	0.09549925860214398	2.7017965830256082e-20
403.5543872869759	0.09549925860214398	4.059394193443551e-22
499.9999999999984	0.09549925860214398	3.3585450998822867e-25
1000	0.09549925860214398	0
2000	0.09549925860214398	0
1.	0.10964781961431896	0.08509768880591463
1.9999999999999998	0.10964781961431896	0.08555827581889038
2.288838595949997	0.10964781961431896	0.08716020277428123
2.6193910591551774	0.10964781961431896	0.08931751989801508
2.9976816770403563	0.10964781961431896	0.09382752315344259
3.4306047603910415	0.10964781961431896	0.09779002396358537
3.926050291516404	0.10964781961431896	0.10091291713997669
4.493047718431742	0.10964781961431896	0.10796787458922669
5.141930515695824	0.10964781961431896	0.11450694488384289
5.884524511008838	0.10964781961431896	0.13040423419021802
6.734363409805407	0.10964781961431896	0.1667996213039712
7.706935445758021	0.10964781961431896	0.25722175210374226
8.819965652373028	0.10964781961431896	0.565488484034357
10.093738900052346	0.10964781961431896	1.6928503034036055
11.551469585940843	0.10964781961431896	3.247935395140923
13.219724714121972	0.10964781961431896	2.603673740491529
15.128908076758211	0.10964781961431896	1.129840646259657
17.313814360331925	0.10964781961431896	0.17449131788415145
19.814263275520517	0.10964781961431896	0.044005801162863956
22.675825267662994	0.10964781961431896	0.022101442900051498
25.950652033822625	0.10964781961431896	0.010102445839758018
29.698426982540767	0.10964781961431896	0.004744437851229679
33.98745295832107	0.10964781961431896	0.0019579353613145885
38.895897054520105	0.10964781961431896	0.0007470568532263586
44.51321520124173	0.10964781961431896	0.00024785449473032836
50.941782491215115	0.10964781961431896	0.00007684754458715794
58.29875895619149	0.10964781961431896	0.0000217136558284139
66.71822479745835	0.10964781961431896	5.482888582209745e-6
76.35362398484546	0.10964781961431896	1.0809694186001242e-6
87.38056075858388	0.10964781961431896	1.3316679594935399e-7
100.00000000000031	0.10964781961431896	8.93187923837039e-9
111.55639876771902	0.10964781961431896	6.39986468575263e-10
138.21730389017998	0.10964781961431896	3.703150196054997e-13
171.24990861750976	0.10964781961431896	3.057073810034799e-17
212.17698780180757	0.10964781961431896	4.009441540266433e-18
262.885244821937	0.10964781961431896	5.822557036893903e-19
325.7122869971341	0.10964781961431896	3.186013184651788e-20
403.5543872869759	0.10964781961431896	4.800801641047762e-22
499.9999999999984	0.10964781961431896	3.992792973630946e-25
1000	0.10964781961431896	0
2000	0.10964781961431896	0