1.	0.001	0.0100515
1.9999999999999998	0.001	0.0101646
2.288838595949997	0.001	0.010193499859517223
2.6193910591551774	0.001	0.010208600032478258
2.9976816770403563	0.001	0.010220199883011599
3.4306047603910415	0.001	0.010189999010353664
3.926050291516404	0.001	0.010086999917773865
4.493047718431742	0.001	0.00992707064354711
5.141930515695824	0.001	0.009665599769989344
5.884524511008838	0.001	0.009334388116166529
6.734363409805407	0.001	0.00897948871886005
7.706935445758021	0.001	0.008614071711130296
8.819965652373028	0.001	0.008101062003877805
10.093738900052346	0.001	0.007288783371956211
11.551469585940843	0.001	0.006290930819172475
13.219724714121972	0.001	0.005378775875850814
15.128908076758211	0.001	0.004287675465681547
17.313814360331925	0.001	0.0030610646897496845
19.814263275520517	0.001	0.002136433580199941
22.675825267662994	0.001	0.0012895557100370575
25.950652033822625	0.001	0.0007335531437338893
29.698426982540767	0.001	0.0003763367484016575
33.98745295832107	0.001	0.0001773881820512708
38.895897054520105	0.001	0.00007931625885066903
44.51321520124173	0.001	0.000033218652522544305
50.941782491215115	0.001	0.0000131405546845168
58.29875895619149	0.001	5.122024734348158e-6
66.71822479745835	0.001	1.9571406787015566e-6
76.35362398484546	0.001	3.612621674204476e-7
87.38056075858388	0.001	3.824265801089335e-8
100.00000000000031	0.001	2.0969363571543683e-9
111.55639876771902	0.001	1.2867425467796203e-10
138.21730389017998	0.001	4.631761101351846e-14
171.24990861750976	0.001	6.101942585116638e-19
212.17698780180757	0.001	0
262.885244821937	0.001	0
325.7122869971341	0.001	0
403.5543872869759	0.001	0
499.9999999999984	0.001	0
1000	0.001	0
2000	0.001	0
1.	0.0011481536214968829	0.011535336191550767
1.9999999999999998	0.0011481536214968829	0.011664136508759065
2.288838595949997	0.0011481536214968829	0.011693836581535742
2.6193910591551774	0.0011481536214968829	0.011712636769364168
2.9976816770403563	0.0011481536214968829	0.011726636620130187
3.4306047603910415	0.0011481536214968829	0.011691635617547085
3.926050291516404	0.0011481536214968829	0.011584036018426839
4.493047718431742	0.0011481536214968829	0.011392236516269926
5.141930515695824	0.0011481536214968829	0.011091334621477635
5.884524511008838	0.0011481536214968829	0.010721931562635767
6.734363409805407	0.0011481536214968829	0.010318331021324503
7.706935445758021	0.0011481536214968829	0.009884423227051355
8.819965652373028	0.0011481536214968829	0.009301751626907105
10.093738900052346	0.0011481536214968829	0.008370135943384597
11.551469585940843	0.0011481536214968829	0.007225396711526934
13.219724714121972	0.0011481536214968829	0.00617750330585018
15.128908076758211	0.0011481536214968829	0.004926460414068955
17.313814360331925	0.0011481536214968829	0.0035178050397255533
19.814263275520517	0.0011481536214968829	0.002455173400991935
22.675825267662994	0.0011481536214968829	0.0014820497895473858
25.950652033822625	0.0011481536214968829	0.0008431720426524897
29.698426982540767	0.0011481536214968829	0.0004325489392044897
33.98745295832107	0.0011481536214968829	0.00020391815694362575
38.895897054520105	0.0011481536214968829	0.00009117275801004669
44.51321520124173	0.0011481536214968829	0.0000381707668402621
50.941782491215115	0.0011481536214968829	0.000015091610916291721
58.29875895619149	0.0011481536214968829	5.886550057431709e-6
66.71822479745835	0.0011481536214968829	2.248996430156165e-6
76.35362398484546	0.0011481536214968829	4.1515803732700003e-7
87.38056075858388	0.0011481536214968829	4.395943838869504e-8
100.00000000000031	0.0011481536214968829	2.4115186649646994e-9
111.55639876771902	0.0011481536214968829	1.4802059953686331e-10
138.21730389017998	0.0011481536214968829	5.333558133091518e-14
171.24990861750976	0.0011481536214968829	7.036577540779991e-19
212.17698780180757	0.0011481536214968829	0
262.885244821937	0.0011481536214968829	0
325.7122869971341	0.0011481536214968829	0
403.5543872869759	0.0011481536214968829	0
499.9999999999984	0.0011481536214968829	0
1000	0.0011481536214968829	0
2000	0.0011481536214968829	0
1.	0.0013182567385564075	0.013235267406653888
1.9999999999999998	0.0013182567385564075	0.013378967120982795
2.288838595949997	0.0013182567385564075	0.01341886673146994
2.6193910591551774	0.0013182567385564075	0.013437866964145858
2.9976816770403563	0.0013182567385564075	0.01345306674401736
3.4306047603910415	0.0013182567385564075	0.013413165717520914
3.926050291516404	0.0013182567385564075	0.013280467366148869
4.493047718431742	0.0013182567385564075	0.013071168651484754
5.141930515695824	0.0013182567385564075	0.012729568294804936
5.884524511008838	0.0013182567385564075	0.012305067213857114
6.734363409805407	0.0013182567385564075	0.011846868949681844
7.706935445758021	0.0013182567385564075	0.011349674234464093
8.819965652373028	0.0013182567385564075	0.010680376181538317
10.093738900052346	0.0013182567385564075	0.009614431003252408
11.551469585940843	0.0013182567385564075	0.008297626915612689
13.219724714121972	0.0013182567385564075	0.007093443885170542
15.128908076758211	0.0013182567385564075	0.00566019994681966
17.313814360331925	0.0013182567385564075	0.004041172959196841
19.814263275520517	0.0013182567385564075	0.0028212608979639453
22.675825267662994	0.0013182567385564075	0.0017037000837151494
25.950652033822625	0.0013182567385564075	0.0009692913387373854
29.698426982540767	0.0013182567385564075	0.0004972521059160133
33.98745295832107	0.0013182567385564075	0.00023441829795712178
38.895897054520105	0.0013182567385564075	0.00010481081628759165
44.51321520124173	0.0013182567385564075	0.000043873627935651845
50.941782491215115	0.0013182567385564075	0.00001734892896228937
58.29875895619149	0.0013182567385564075	6.765072201926874e-6
66.71822479745835	0.0013182567385564075	2.584531254011111e-6
76.35362398484546	0.0013182567385564075	4.771187116319933e-7
87.38056075858388	0.0013182567385564075	5.0534703494483895e-8
100.00000000000031	0.0013182567385564075	2.7737852850777593e-9
111.55639876771902	0.0013182567385564075	1.703154294998168e-10
138.21730389017998	0.0013182567385564075	6.14399881125286e-14
171.24990861750976	0.0013182567385564075	8.118832601643741e-19
212.17698780180757	0.0013182567385564075	0
262.885244821937	0.0013182567385564075	0
325.7122869971341	0.0013182567385564075	0
403.5543872869759	0.0013182567385564075	0
499.9999999999984	0.0013182567385564075	0
1000	0.0013182567385564075	0
2000	0.0013182567385564075	0
1.	0.0015135612484362087	0.015191212031174845
1.9999999999999998	0.0015135612484362087	0.015349412407531817
2.288838595949997	0.0015135612484362087	0.01538911222011767
2.6193910591551774	0.0015135612484362087	0.01540721260473507
2.9976816770403563	0.0015135612484362087	0.015431513430710189
3.4306047603910415	0.0015135612484362087	0.015388510992026764
3.926050291516404	0.0015135612484362087	0.015236612384506167
4.493047718431742	0.0015135612484362087	0.014996913274638923
5.141930515695824	0.0015135612484362087	0.014613211663470923
5.884524511008838	0.0015135612484362087	0.014123808825819189
6.734363409805407	0.0015135612484362087	0.013598609170416399
7.706935445758021	0.0015135612484362087	0.013026713475996907
8.819965652373028	0.0015135612484362087	0.01298070613348953
10.093738900052346	0.0015135612484362087	0.011040268843162978
11.551469585940843	0.0015135612484362087	0.009530549387717137
13.219724714121972	0.0015135612484362087	0.008144605518661674
15.128908076758211	0.0015135612484362087	0.006504608529581824
17.313814360331925	0.0015135612484362087	0.0046442358171998425
19.814263275520517	0.0015135612484362087	0.0032433332781942924
22.675825267662994	0.0015135612484362087	0.0019588351304047824
25.950652033822625	0.0015135612484362087	0.0011144932977803553
29.698426982540767	0.0015135612484362087	0.0005718065765970857
33.98745295832107	0.0015135612484362087	0.000269538540469063
38.895897054520105	0.0015135612484362087	0.00012051919009295257
44.51321520124173	0.0015135612484362087	0.00005044296996044748
50.941782491215115	0.0015135612484362087	0.000019944899672954958
58.29875895619149	0.0015135612484362087	7.77699437322173e-6
66.71822479745835	0.0015135612484362087	2.9708383164366744e-6
76.35362398484546	0.0015135612484362087	5.484491695088714e-7
87.38056075858388	0.0015135612484362087	5.810814601190734e-8
100.00000000000031	0.0015135612484362087	3.1916686431236434e-9
111.55639876771902	0.0015135612484362087	1.9605394113998435e-10
138.21730389017998	0.0015135612484362087	7.081833036625856e-14
171.24990861750976	0.0015135612484362087	9.37508033248099e-19
212.17698780180757	0.0015135612484362087	0
262.885244821937	0.0015135612484362087	0
325.7122869971341	0.0015135612484362087	0
403.5543872869759	0.0015135612484362087	0
499.9999999999984	0.0015135612484362087	0
1000	0.0015135612484362087	0
2000	0.0015135612484362087	0
1.	0.0017378008287493763	0.017352208399834916
1.9999999999999998	0.0017378008287493763	0.017578008318395625
2.288838595949997	0.0017378008287493763	0.017618708035573385
2.6193910591551774	0.0017378008287493763	0.01765900887151757
2.9976816770403563	0.0017378008287493763	0.017873806724008526
3.4306047603910415	0.0017378008287493763	0.017625006985885268
3.926050291516404	0.0017378008287493763	0.017483208062632215
4.493047718431742	0.0017378008287493763	0.017208009240048346
5.141930515695824	0.0017378008287493763	0.01676920758420234
5.884524511008838	0.0017378008287493763	0.01620980449674579
6.734363409805407	0.0017378008287493763	0.015605905193011365
7.706935445758021	0.0017378008287493763	0.014966210125447644
8.819965652373028	0.0017378008287493763	0.014050110376484645
10.093738900052346	0.0017378008287493763	0.012680259826294457
11.551469585940843	0.0017378008287493763	0.010947541391838327
13.219724714121972	0.0017378008287493763	0.009356690134610237
15.128908076758211	0.0017378008287493763	0.007475735695151187
17.313814360331925	0.0017378008287493763	0.005338043328553973
19.814263275520517	0.0017378008287493763	0.003728825429264515
22.675825267662994	0.0017378008287493763	0.002254323596607189
25.950652033822625	0.0017378008287493763	0.0012816748668071803
29.698426982540767	0.0017378008287493763	0.0006576961309820407
33.98745295832107	0.0017378008287493763	0.0003099919636188387
38.895897054520105	0.0017378008287493763	0.00013860116980808702
44.51321520124173	0.0017378008287493763	0.00005800074513763562
50.941782491215115	0.0017378008287493763	0.000022928106704829927
58.29875895619149	0.0017378008287493763	8.942722340424344e-6
66.71822479745835	0.0017378008287493763	3.414785367269177e-6
76.35362398484546	0.0017378008287493763	6.304231897777774e-7
87.38056075858388	0.0017378008287493763	6.681650118695174e-8
100.00000000000031	0.0017378008287493763	3.673002858366806e-9
111.55639876771902	0.0017378008287493763	2.257264781336215e-10
138.21730389017998	0.0017378008287493763	8.165961182403914e-14
171.24990861750976	0.0017378008287493763	1.0832240094798888e-18
212.17698780180757	0.0017378008287493763	0
262.885244821937	0.0017378008287493763	0
325.7122869971341	0.0017378008287493763	0
403.5543872869759	0.0017378008287493763	0
499.9999999999984	0.0017378008287493763	0
1000	0.0017378008287493763	0
2000	0.0017378008287493763	0
1.	0.0019952623149688807	0.019961723396370312
1.9999999999999998	0.0019952623149688807	0.020162223477814364
2.288838595949997	0.0019952623149688807	0.020176523641669525
2.6193910591551774	0.0019952623149688807	0.020228223395745443
2.9976816770403563	0.0019952623149688807	0.02026212326192937
3.4306047603910415	0.0019952623149688807	0.020218521410831636
3.926050291516404	0.0019952623149688807	0.020031923165153707
4.493047718431742	0.0019952623149688807	0.019734523950934304
5.141930515695824	0.0019952623149688807	0.01924602140212012
5.884524511008838	0.0019952623149688807	0.018602617587567153
6.734363409805407	0.0019952623149688807	0.017915918016999818
7.706935445758021	0.0019952623149688807	0.017181223237508994
8.819965652373028	0.0019952623149688807	0.016162022446993753
10.093738900052346	0.0019952623149688807	0.014564263874135036
11.551469585940843	0.0019952623149688807	0.012575556137402254
13.219724714121972	0.0019952623149688807	0.010749484621608333
15.128908076758211	0.0019952623149688807	0.008593310986700355
17.313814360331925	0.0019952623149688807	0.006136586573930682
19.814263275520517	0.0019952623149688807	0.004286292206608923
22.675825267662994	0.0019952623149688807	0.0025964543889172224
25.950652033822625	0.0019952623149688807	0.0014744381728516844
29.698426982540767	0.0019952623149688807	0.0007566143763582255
33.98745295832107	0.0019952623149688807	0.0003566008021398133
38.895897054520105	0.0019952623149688807	0.0001594033060934744
44.51321520124173	0.0019952623149688807	0.0000667215831106724
50.941782491215115	0.0019952623149688807	0.00002640174047764355
58.29875895619149	0.0019952623149688807	0.000010284102019724152
66.71822479745835	0.0019952623149688807	3.92684589565396e-6
76.35362398484546	0.0019952623149688807	7.249634521175244e-7
87.38056075858388	0.0019952623149688807	7.686625203910751e-8
100.00000000000031	0.0019952623149688807	4.229560896986985e-9
111.55639876771902	0.0019952623149688807	2.60074253134402e-10
138.21730389017998	0.0019952623149688807	9.424761807157701e-14
171.24990861750976	0.0019952623149688807	1.253055895822348e-18
212.17698780180757	0.0019952623149688807	0
262.885244821937	0.0019952623149688807	0
325.7122869971341	0.0019952623149688807	0
403.5543872869759	0.0019952623149688807	0
499.9999999999984	0.0019952623149688807	0
1000	0.0019952623149688807	0
2000	0.0019952623149688807	0
1.	0.0022908676527677745	0.02294927627755828
1.9999999999999998	0.0022908676527677745	0.023160176194979155
2.288838595949997	0.0022908676527677745	0.02320427574398944
2.6193910591551774	0.0022908676527677745	0.023203576515821993
2.9976816770403563	0.0022908676527677745	0.023254075961384832
3.4306047603910415	0.0022908676527677745	0.02318147482027526
3.926050291516404	0.0022908676527677745	0.023009476167038898
4.493047718431742	0.0022908676527677745	0.022640078415100327
5.141930515695824	0.0022908676527677745	0.022035977345095662
5.884524511008838	0.0022908676527677745	0.021313874392746998
6.734363409805407	0.0022908676527677745	0.020545476188172537
7.706935445758021	0.0022908676527677745	0.019709183843008408
8.819965652373028	0.0022908676527677745	0.018519985921922198
10.093738900052346	0.0022908676527677745	0.016727821919351467
11.551469585940843	0.0022908676527677745	0.014445632766385524
13.219724714121972	0.0022908676527677745	0.012349855306926966
15.128908076758211	0.0022908676527677745	0.009878959356051147
17.313814360331925	0.0022908676527677745	0.007056020482023404
19.814263275520517	0.0022908676527677745	0.004928726142733941
22.675825267662994	0.0022908676527677745	0.0029854169662786433
25.950652033822625	0.0022908676527677745	0.0016964671161807784
29.698426982540767	0.0022908676527677745	0.0008706271941562034
33.98745295832107	0.0022908676527677745	0.00040957163621322144
38.895897054520105	0.0022908676527677745	0.00018337894535628852
44.51321520124173	0.0022908676527677745	0.00007673941068228313
50.941782491215115	0.0022908676527677745	0.00003031719534485877
58.29875895619149	0.0022908676527677745	0.000011829390870937054
66.71822479745835	0.0022908676527677745	4.5166837788388935e-6
76.35362398484546	0.0022908676527677745	8.338569815860688e-7
87.38056075858388	0.0022908676527677745	8.84498599336562e-8
100.00000000000031	0.0022908676527677745	4.872539701782888e-9
111.55639876771902	0.0022908676527677745	2.9980627173856904e-10
138.21730389017998	0.0022908676527677745	1.0885921306736135e-13
171.24990861750976	0.0022908676527677745	1.4510314000726355e-18
212.17698780180757	0.0022908676527677745	0
262.885244821937	0.0022908676527677745	0
325.7122869971341	0.0022908676527677745	0
403.5543872869759	0.0022908676527677745	0
499.9999999999984	0.0022908676527677745	0
1000	0.0022908676527677745	0
2000	0.0022908676527677745	0
1.	0.0026302679918953843	0.026292280220702034
1.9999999999999998	0.0026302679918953843	0.026568279835529344
2.288838595949997	0.0026302679918953843	0.0266259794745841
2.6193910591551774	0.0026302679918953843	0.026640979761286984
2.9976816770403563	0.0026302679918953843	0.0266763789829565
3.4306047603910415	0.0026302679918953843	0.026477979178536868
3.926050291516404	0.0026302679918953843	0.026340880042394675
4.493047718431742	0.0026302679918953843	0.025860582878180247
5.141930515695824	0.0026302679918953843	0.025293780182776608
5.884524511008838	0.0026302679918953843	0.024513276167803175
6.734363409805407	0.0026302679918953843	0.023589678662159563
7.706935445758021	0.0026302679918953843	0.02264088709709811
8.819965652373028	0.0026302679918953843	0.021270689077281926
10.093738900052346	0.0026302679918953843	0.01921561530165797
11.551469585940843	0.0026302679918953843	0.016593242006578413
13.219724714121972	0.0026302679918953843	0.014150553214552893
15.128908076758211	0.0026302679918953843	0.011359379269830184
17.313814360331925	0.0026302679918953843	0.008120999610573023
19.814263275520517	0.0026302679918953843	0.0056679116554263255
22.675825267662994	0.0026302679918953843	0.00343644588185941
25.950652033822625	0.0026302679918953843	0.001952520220010482
29.698426982540767	0.0026302679918953843	0.0010020658904283989
33.98745295832107	0.0026302679918953843	0.0004724424368872332
38.895897054520105	0.0026302679918953843	0.0002110179933449347
44.51321520124173	0.0026302679918953843	0.00008829710534565352
50.941782491215115	0.0026302679918953843	0.00003489711834211897
58.29875895619149	0.0026302679918953843	0.000013609208232093272
66.71822479745835	0.0026302679918953843	5.195891202245395e-6
76.35362398484546	0.0026302679918953843	9.592422477904432e-7
87.38056075858388	0.0026302679918953843	1.0179763834614498e-7
100.00000000000031	0.0026302679918953843	5.615472068703475e-9
111.55639876771902	0.0026302679918953843	3.4578035631382286e-10
138.21730389017998	0.0026302679918953843	1.2583285582821184e-13
171.24990861750976	0.0026302679918953843	1.6821056552070674e-18
212.17698780180757	0.0026302679918953843	0
262.885244821937	0.0026302679918953843	0
325.7122869971341	0.0026302679918953843	0
403.5543872869759	0.0026302679918953843	0
499.9999999999984	0.0026302679918953843	0
1000	0.0026302679918953843	0
2000	0.0026302679918953843	0
1.	0.003019951720402019	0.029222752010081267
1.9999999999999998	0.003019951720402019	0.03043680799332108
2.288838595949997	0.003019951720402019	0.030497907730920527
2.6193910591551774	0.003019951720402019	0.030610812169160985
2.9976816770403563	0.003019951720402019	0.030536512151249726
3.4306047603910415	0.003019951720402019	0.030434510180447894
3.926050291516404	0.003019951720402019	0.03019711637997367
4.493047718431742	0.003019951720402019	0.029682518694115267
5.141930515695824	0.003019951720402019	0.029023315676116986
5.884524511008838	0.003019951720402019	0.02811881049239184
6.734363409805407	0.003019951720402019	0.027117710731857467
7.706935445758021	0.003019951720402019	0.025938820216571113
8.819965652373028	0.003019951720402019	0.024406419897532096
10.093738900052346	0.003019951720402019	0.022073932367063714
11.551469585940843	0.003019951720402019	0.01906637366835452
13.219724714121972	0.003019951720402019	0.016297667348223153
15.128908076758211	0.003019951720402019	0.013054493836691383
17.313814360331925	0.003019951720402019	0.00934023918987401
19.814263275520517	0.003019951720402019	0.006521525177028167
22.675825267662994	0.003019951720402019	0.003958819107592181
25.950652033822625	0.003019951720402019	0.0022481063683994873
29.698426982540767	0.003019951720402019	0.0011537968372575794
33.98745295832107	0.003019951720402019	0.0005439100072403561
38.895897054520105	0.003019951720402019	0.00024290132229940059
44.51321520124173	0.003019951720402019	0.00010162691384254431
50.941782491215115	0.003019951720402019	0.00004015719075309987
58.29875895619149	0.003019951720402019	0.000015659845764804512
66.71822479745835	0.003019951720402019	5.9796649638605065e-6
76.35362398484546	0.003019951720402019	1.1039251169908022e-6
87.38056075858388	0.003019951720402019	1.1721353221634981e-7
100.00000000000031	0.003019951720402019	6.476122061596803e-9
111.55639876771902	0.003019951720402019	3.991289067949156e-10
138.21730389017998	0.003019951720402019	1.4561571161354957e-13
171.24990861750976	0.003019951720402019	1.9528590767140273e-18
212.17698780180757	0.003019951720402019	0
262.885244821937	0.003019951720402019	0
325.7122869971341	0.003019951720402019	0
403.5543872869759	0.003019951720402019	0
499.9999999999984	0.003019951720402019	0
1000	0.003019951720402019	0
2000	0.003019951720402019	0
1.	0.00346736850452532	0.016742241715661545
1.9999999999999998	0.00346736850452532	0.0325155930517349
2.288838595949997	0.00346736850452532	0.0325856926808973
2.6193910591551774	0.00346736850452532	0.033829689156182764
2.9976816770403563	0.00346736850452532	0.03379938861321443
3.4306047603910415	0.00346736850452532	0.033675297339572675
3.926050291516404	0.00346736850452532	0.03452578526417497
4.493047718431742	0.00346736850452532	0.03400568764280757
5.141930515695824	0.00346736850452532	0.03326348510931741
5.884524511008838	0.00346736850452532	0.032229479646912224
6.734363409805407	0.00346736850452532	0.03098358279139893
7.706935445758021	0.00346736850452532	0.02976079295112429
8.819965652373028	0.00346736850452532	0.028024394689632005
10.093738900052346	0.00346736850452532	0.02535719692837009
11.551469585940843	0.00346736850452532	0.021905962515280864
13.219724714121972	0.00346736850452532	0.018724243969073746
15.128908076758211	0.00346736850452532	0.01502237758792099
17.313814360331925	0.00346736850452532	0.01073887674741138
19.814263275520517	0.00346736850452532	0.0075040942255689465
22.675825267662994	0.00346736850452532	0.004558782798167597
25.950652033822625	0.00346736850452532	0.002589237707593792
29.698426982540767	0.00346736850452532	0.0013291049946922324
33.98745295832107	0.00346736850452532	0.0006266254282672962
38.895897054520105	0.00346736850452532	0.00027974508500592106
44.51321520124173	0.00346736850452532	0.00011702178113611836
50.941782491215115	0.00346736850452532	0.000046225772535403655
58.29875895619149	0.00346736850452532	0.000018025749416422573
66.71822479745835	0.00346736850452532	6.883174162636691e-6
76.35362398484546	0.00346736850452532	1.2707128653256852e-6
87.38056075858388	0.00346736850452532	1.3500232356699082e-7
100.00000000000031	0.00346736850452532	7.472741129464791e-9
111.55639876771902	0.00346736850452532	4.6102438070592606e-10
138.21730389017998	0.00346736850452532	1.6868308783949573e-13
171.24990861750976	0.00346736850452532	2.270422607173391e-18
212.17698780180757	0.00346736850452532	0
262.885244821937	0.00346736850452532	0
325.7122869971341	0.00346736850452532	0
403.5543872869759	0.00346736850452532	0
499.9999999999984	0.00346736850452532	0
1000	0.00346736850452532	0
2000	0.00346736850452532	0
1.	0.003981071705534978	0.006540132355466383
1.9999999999999998	0.003981071705534978	0.02895697938818717
2.288838595949997	0.003981071705534978	0.035994448426257715
2.6193910591551774	0.003981071705534978	0.036068095183421474
2.9976816770403563	0.003981071705534978	0.037415815724689314
3.4306047603910415	0.003981071705534978	0.038690204578176526
3.926050291516404	0.003981071705534978	0.03841541130825431
4.493047718431742	0.003981071705534978	0.03776261885311143
5.141930515695824	0.003981071705534978	0.03689971555245016
5.884524511008838	0.003981071705534978	0.0369158044159557
6.734363409805407	0.003981071705534978	0.03556550546930115
7.706935445758021	0.003981071705534978	0.03409582115244276
8.819965652373028	0.003981071705534978	0.03219702117838985
10.093738900052346	0.003981071705534978	0.029136506766766
11.551469585940843	0.003981071705534978	0.025172093579447215
13.219724714121972	0.003981071705534978	0.02149295492071186
15.128908076758211	0.003981071705534978	0.017289689369293863
17.313814360331925	0.003981071705534978	0.012370283984218858
19.814263275520517	0.003981071705534978	0.008639178588216683
22.675825267662994	0.003981071705534978	0.005253634810830084
25.950652033822625	0.003981071705534978	0.0029836145672391605
29.698426982540767	0.003981071705534978	0.0015318555834137916
33.98745295832107	0.003981071705534978	0.0007221192014600865
38.895897054520105	0.003981071705534978	0.00032227838231511176
44.51321520124173	0.003981071705534978	0.00013478486645663706
50.941782491215115	0.003981071705534978	0.00005323334576824199
58.29875895619149	0.003981071705534978	0.000020755490330342427
66.71822479745835	0.003981071705534978	7.92490569173085e-6
76.35362398484546	0.003981071705534978	1.4630361747919779e-6
87.38056075858388	0.003981071705534978	1.5553795662572582e-7
100.00000000000031	0.003981071705534978	8.627757278118242e-9
111.55639876771902	0.003981071705534978	5.329201956561783e-10
138.21730389017998	0.003981071705534978	1.9562680144145844e-13
171.24990861750976	0.003981071705534978	2.643822464386412e-18
212.17698780180757	0.003981071705534978	0
262.885244821937	0.003981071705534978	0
325.7122869971341	0.003981071705534978	0
403.5543872869759	0.003981071705534978	0
499.9999999999984	0.003981071705534978	0
1000	0.003981071705534978	0
2000	0.003981071705534978	0
1.	0.0045708818961487565	0.007354702490874011
1.9999999999999998	0.0045708818961487565	0.021828997985102194
2.288838595949997	0.0045708818961487565	0.029989445985417612
2.6193910591551774	0.0045708818961487565	0.033097525833545006
2.9976816770403563	0.0045708818961487565	0.041146490915489047
3.4306047603910415	0.0045708818961487565	0.041186518098188914
3.926050291516404	0.0045708818961487565	0.04244211260211285
4.493047718431742	0.0045708818961487565	0.04337400886532922
5.141930515695824	0.0045708818961487565	0.042274216416352164
5.884524511008838	0.0045708818961487565	0.0409216077193267
6.734363409805407	0.0045708818961487565	0.03923881536139428
7.706935445758021	0.0045708818961487565	0.03903081913101989
8.819965652373028	0.0045708818961487565	0.03695601897721901
10.093738900052346	0.0045708818961487565	0.033479492559096276
11.551469585940843	0.0045708818961487565	0.028929807021760234
13.219724714121972	0.0045708818961487565	0.02471994790327704
15.128908076758211	0.0045708818961487565	0.019902187502742974
17.313814360331925	0.0045708818961487565	0.01424198138338876
19.814263275520517	0.0045708818961487565	0.009949467214615546
22.675825267662994	0.0045708818961487565	0.006057902403830425
25.950652033822625	0.0045708818961487565	0.003439549830207102
29.698426982540767	0.0045708818961487565	0.001766154889043386
33.98745295832107	0.0045708818961487565	0.0008329005948715785
38.895897054520105	0.0045708818961487565	0.0003715164363356774
44.51321520124173	0.0045708818961487565	0.00015529084447064837
50.941782491215115	0.0045708818961487565	0.00006141388177835563
58.29875895619149	0.0045708818961487565	0.000023916519406616502
66.71822479745835	0.0045708818961487565	9.128600342640927e-6
76.35362398484546	0.0045708818961487565	1.685307145011041e-6
87.38056075858388	0.0045708818961487565	1.7930268197810215e-7
100.00000000000031	0.0045708818961487565	9.970238496078786e-9
111.55639876771902	0.0045708818961487565	6.166935188891318e-10
138.21730389017998	0.0045708818961487565	2.2721897713591194e-13
171.24990861750976	0.0045708818961487565	3.0848684185139256e-18
212.17698780180757	0.0045708818961487565	0
262.885244821937	0.0045708818961487565	0
325.7122869971341	0.0045708818961487565	0
403.5543872869759	0.0045708818961487565	0
499.9999999999984	0.0045708818961487565	0
1000	0.0045708818961487565	0
2000	0.0045708818961487565	0
1.	0.005248074602497733	0.008244295711198137
1.9999999999999998	0.005248074602497733	0.02110932568126063
2.288838595949997	0.005248074602497733	0.024865763121650106
2.6193910591551774	0.005248074602497733	0.03427514839140204
2.9976816770403563	0.005248074602497733	0.037846689354289705
3.4306047603910415	0.005248074602497733	0.04334153134568769
3.926050291516404	0.005248074602497733	0.046771701258535144
4.493047718431742	0.005248074602497733	0.04787941180791032
5.141930515695824	0.005248074602497733	0.04847262867125113
5.884524511008838	0.005248074602497733	0.04686863053503475
6.734363409805407	0.005248074602497733	0.044985440693983525
7.706935445758021	0.005248074602497733	0.04551542191263703
8.819965652373028	0.005248074602497733	0.04083915425420803
10.093738900052346	0.005248074602497733	0.038468385295461024
11.551469585940843	0.005248074602497733	0.03325023824623609
13.219724714121972	0.005248074602497733	0.028387254283430117
15.128908076758211	0.005248074602497733	0.02291159649474659
17.313814360331925	0.005248074602497733	0.016397586062073366
19.814263275520517	0.005248074602497733	0.01143868319760369
22.675825267662994	0.005248074602497733	0.0069887230728235775
25.950652033822625	0.005248074602497733	0.003967897870566856
29.698426982540767	0.005248074602497733	0.0020376550921824645
33.98745295832107	0.005248074602497733	0.0009611216874282912
38.895897054520105	0.005248074602497733	0.00042846970994429444
44.51321520124173	0.005248074602497733	0.00017902490661315072
50.941782491215115	0.005248074602497733	0.00007073385917406036
58.29875895619149	0.005248074602497733	0.000027564259081186252
66.71822479745835	0.005248074602497733	0.00001052015677962892
76.35362398484546	0.005248074602497733	1.942368381337913e-6
87.38056075858388	0.005248074602497733	2.068303084793378e-7
100.00000000000031	0.005248074602497733	1.15327493947284e-8
111.55639876771902	0.005248074602497733	7.14475024495197e-10
138.21730389017998	0.005248074602497733	2.6435377335341595e-13
171.24990861750976	0.005248074602497733	3.607558581430449e-18
212.17698780180757	0.005248074602497733	0
262.885244821937	0.005248074602497733	0
325.7122869971341	0.005248074602497733	0
403.5543872869759	0.005248074602497733	0
499.9999999999984	0.005248074602497733	0
1000	0.005248074602497733	0
2000	0.005248074602497733	0
1.	0.006025595860743587	0.00920911486363386
1.9999999999999998	0.006025595860743587	0.008554316838559473
2.288838595949997	0.006025595860743587	0.02172045274346844
2.6193910591551774	0.006025595860743587	0.02386737944410144
2.9976816770403563	0.006025595860743587	0.032452369844740085
3.4306047603910415	0.006025595860743587	0.04306913814390812
3.926050291516404	0.006025595860743587	0.04688810130274054
4.493047718431742	0.006025595860743587	0.05062717032600008
5.141930515695824	0.006025595860743587	0.05350437335952559
5.884524511008838	0.006025595860743587	0.05371575203188921
6.734363409805407	0.006025595860743587	0.05154615837769978
7.706935445758021	0.006025595860743587	0.049636487003300936
8.819965652373028	0.006025595860743587	0.04691877824982575
10.093738900052346	0.006025595860743587	0.04261466045799507
11.551469585940843	0.006025595860743587	0.03821266542477174
13.219724714121972	0.006025595860743587	0.03263849644760685
15.128908076758211	0.006025595860743587	0.026387353648838232
17.313814360331925	0.006025595860743587	0.018854154390939213
19.814263275520517	0.006025595860743587	0.013189773871480922
22.675825267662994	0.006025595860743587	0.008066637361511714
25.950652033822625	0.006025595860743587	0.0045802478050193315
29.698426982540767	0.006025595860743587	0.0023526705039993235
33.98745295832107	0.006025595860743587	0.0011098028401510705
38.895897054520105	0.006025595860743587	0.0004944070182573443
44.51321520124173	0.006025595860743587	0.0002065075582952449
50.941782491215115	0.006025595860743587	0.00008158518246891672
58.29875895619149	0.006025595860743587	0.000030646267774372904
66.71822479745835	0.006025595860743587	0.00001169903792018784
76.35362398484546	0.006025595860743587	2.160356677970061e-6
87.38056075858388	0.006025595860743587	2.3027105808244795e-7
100.00000000000031	0.006025595860743587	1.2879830494329663e-8
111.55639876771902	0.006025595860743587	7.99386167217777e-10
138.21730389017998	0.006025595860743587	2.971812023141582e-13
171.24990861750976	0.006025595860743587	4.079101008810128e-18
212.17698780180757	0.006025595860743587	0
262.885244821937	0.006025595860743587	0
325.7122869971341	0.006025595860743587	0
403.5543872869759	0.006025595860743587	0
499.9999999999984	0.006025595860743587	0
1000	0.006025595860743587	0
2000	0.006025595860743587	0
1.	0.006918309709189377	0.010246699661996294
1.9999999999999998	0.006918309709189377	0.00952138968494294
2.288838595949997	0.006918309709189377	0.009297345136073169
2.6193910591551774	0.006918309709189377	0.021939821505546415
2.9976816770403563	0.006918309709189377	0.029396538377131524
3.4306047603910415	0.006918309709189377	0.039046517211452796
3.926050291516404	0.006918309709189377	0.05110909955837872
4.493047718431742	0.006918309709189377	0.05292459194614807
5.141930515695824	0.006918309709189377	0.05644440103159801
5.884524511008838	0.006918309709189377	0.05930899765244796
6.734363409805407	0.006918309709189377	0.059209988932812374
7.706935445758021	0.006918309709189377	0.05676540912485909
8.819965652373028	0.006918309709189377	0.053589310233229444
10.093738900052346	0.006918309709189377	0.04894162113287774
11.551469585940843	0.006918309709189377	0.04231603689933798
13.219724714121972	0.006918309709189377	0.03614622448324697
15.128908076758211	0.006918309709189377	0.030400766851701455
17.313814360331925	0.006918309709189377	0.021787261314827267
19.814263275520517	0.006918309709189377	0.01521769582761125
22.675825267662994	0.006918309709189377	0.009319408514731588
25.950652033822625	0.006918309709189377	0.00529163876274467
29.698426982540767	0.006918309709189377	0.002718270847403228
33.98745295832107	0.006918309709189377	0.0012823456929003435
38.895897054520105	0.006918309709189377	0.0005709074019967778
44.51321520124173	0.006918309709189377	0.00022961066399933508
50.941782491215115	0.006918309709189377	0.0000906995753678344
58.29875895619149	0.006918309709189377	0.00003535010725524766
66.71822479745835	0.006918309709189377	0.000013494735046021586
76.35362398484546	0.006918309709189377	2.4925718317528552e-6
87.38056075858388	0.006918309709189377	2.659916173794029e-7
100.00000000000031	0.006918309709189377	1.4929520617918232e-8
111.55639876771902	0.006918309709189377	9.285197041679393e-10
138.21730389017998	0.006918309709189377	3.470548349457983e-13
171.24990861750976	0.006918309709189377	4.794855285680851e-18
212.17698780180757	0.006918309709189377	0
262.885244821937	0.006918309709189377	0
325.7122869971341	0.006918309709189377	0
403.5543872869759	0.006918309709189377	0
499.9999999999984	0.006918309709189377	0
1000	0.006918309709189377	0
2000	0.006918309709189377	0
1.	0.00794328234724283	0.011338902265007654
1.9999999999999998	0.00794328234724283	0.010557402159496113
2.288838595949997	0.00794328234724283	0.010311503321506186
2.6193910591551774	0.00794328234724283	0.010053751141766324
2.9976816770403563	0.00794328234724283	0.027574935353390437
3.4306047603910415	0.00794328234724283	0.04181848280956271
3.926050291516404	0.00794328234724283	0.049954512584205996
4.493047718431742	0.00794328234724283	0.0604862745705961
5.141930515695824	0.00794328234724283	0.05891692118006674
5.884524511008838	0.00794328234724283	0.06507352611127137
6.734363409805407	0.00794328234724283	0.0676695104916344
7.706935445758021	0.00794328234724283	0.06504253117470073
8.819965652373028	0.00794328234724283	0.061554131760927215
10.093738900052346	0.00794328234724283	0.056244414183149564
11.551469585940843	0.00794328234724283	0.04865487289683774
13.219724714121972	0.00794328234724283	0.04154081153012697
15.128908076758211	0.00794328234724283	0.03375107495827257
17.313814360331925	0.00794328234724283	0.024197265689703668
19.814263275520517	0.00794328234724283	0.016921812744202624
22.675825267662994	0.00794328234724283	0.010775866491717485
25.950652033822625	0.00794328234724283	0.006117609614222822
29.698426982540767	0.00794328234724283	0.0030262808906961055
33.98745295832107	0.00794328234724283	0.001427487984020741
38.895897054520105	0.00794328234724283	0.0006353426737973961
44.51321520124173	0.00794328234724283	0.0002651207027815175
50.941782491215115	0.00794328234724283	0.00010467346940794172
58.29875895619149	0.00794328234724283	0.00004080636894059713
66.71822479745835	0.00794328234724283	0.000015572230480436483
76.35362398484546	0.00794328234724283	2.8774379220787723e-6
87.38056075858388	0.00794328234724283	3.074871424793231e-7
100.00000000000031	0.00794328234724283	1.7324388246522945e-8
111.55639876771902	0.00794328234724283	1.0800034317205034e-9
138.21730389017998	0.00794328234724283	4.0615048569071823e-13
171.24990861750976	0.00794328234724283	5.6527512172902454e-18
212.17698780180757	0.00794328234724283	0
262.885244821937	0.00794328234724283	0
325.7122869971341	0.00794328234724283	0
403.5543872869759	0.00794328234724283	0
499.9999999999984	0.00794328234724283	0
1000	0.00794328234724283	0
2000	0.00794328234724283	0
1.	0.009120108393559116	0.012474498449840445
1.9999999999999998	0.009120108393559116	0.011640098522051999
2.288838595949997	0.009120108393559116	0.011377499821345827
2.6193910591551774	0.009120108393559116	0.011099116876188687
2.9976816770403563	0.009120108393559116	0.017636416247262893
3.4306047603910415	0.009120108393559116	0.04414288720385255
3.926050291516404	0.009120108393559116	0.05354900302922654
4.493047718431742	0.009120108393559116	0.06898432628866216
5.141930515695824	0.009120108393559116	0.06739229111382966
5.884524511008838	0.009120108393559116	0.07125612495448716
6.734363409805407	0.009120108393559116	0.07754727585011889
7.706935445758021	0.009120108393559116	0.07450500132913418
8.819965652373028	0.009120108393559116	0.07064630266115925
10.093738900052346	0.009120108393559116	0.06462355708288751
11.551469585940843	0.009120108393559116	0.055949171025048566
13.219724714121972	0.009120108393559116	0.047741277121191875
15.128908076758211	0.009120108393559116	0.03890265245829935
17.313814360331925	0.009120108393559116	0.02794414853824056
19.814263275520517	0.009120108393559116	0.0198741144957767
22.675825267662994	0.009120108393559116	0.011995958336688487
25.950652033822625	0.009120108393559116	0.006812024980829281
29.698426982540767	0.009120108393559116	0.003501977714828467
33.98745295832107	0.009120108393559116	0.0016523999789991011
38.895897054520105	0.009120108393559116	0.0007348384147895441
44.51321520124173	0.009120108393559116	0.0003063235053561086
50.941782491215115	0.009120108393559116	0.00012092548276337735
58.29875895619149	0.009120108393559116	0.000047140802988415194
66.71822479745835	0.009120108393559116	0.000017979110826670322
76.35362398484546	0.009120108393559116	3.324104620986341e-6
87.38056075858388	0.009120108393559116	3.558029983942469e-7
100.00000000000031	0.009120108393559116	2.0129866872478385e-8
111.55639876771902	0.009120108393559116	1.2582185763258762e-9
138.21730389017998	0.009120108393559116	4.764607748840596e-13
171.24990861750976	0.009120108393559116	6.686679594318374e-18
212.17698780180757	0.009120108393559116	0
262.885244821937	0.009120108393559116	0
325.7122869971341	0.009120108393559116	0
403.5543872869759	0.009120108393559116	0
499.9999999999984	0.009120108393559116	0
1000	0.009120108393559116	0
2000	0.009120108393559116	0
1.	0.010471285480509017	0.013653287332961337
1.9999999999999998	0.010471285480509017	0.012792687614498845
2.288838595949997	0.010471285480509017	0.012514989126656731
2.6193910591551774	0.010471285480509017	0.012220240623953518
2.9976816770403563	0.010471285480509017	0.031032343408953198
3.4306047603910415	0.010471285480509017	0.053583803598185084
3.926050291516404	0.010471285480509017	0.06451688746080665
4.493047718431742	0.010471285480509017	0.07486369518667599
5.141930515695824	0.010471285480509017	0.07695899778738337
5.884524511008838	0.010471285480509017	0.07780776871616567
6.734363409805407	0.010471285480509017	0.0851774181275479
7.706935445758021	0.010471285480509017	0.085211484790497
8.819965652373028	0.010471285480509017	0.08100980504812083
10.093738900052346	0.010471285480509017	0.07424083238880609
11.551469585940843	0.010471285480509017	0.06433781647378695
13.219724714121972	0.010471285480509017	0.05485499417455105
15.128908076758211	0.010471285480509017	0.044860089495228274
17.313814360331925	0.010471285480509017	0.03228449758472371
19.814263275520517	0.010471285480509017	0.022572913635021362
22.675825267662994	0.010471285480509017	0.013897533205978408
25.950652033822625	0.010471285480509017	0.007889026433087159
29.698426982540767	0.010471285480509017	0.004056990556242843
33.98745295832107	0.010471285480509017	0.0019143206861088901
38.895897054520105	0.010471285480509017	0.0008507673924638338
44.51321520124173	0.010471285480509017	0.0003543039773450962
50.941782491215115	0.010471285480509017	0.00013986738049231098
58.29875895619149	0.010471285480509017	0.00005450129715262677
66.71822479745835	0.010471285480509017	0.00002077597061662786
76.35362398484546	0.010471285480509017	3.844319770647747e-6
87.38056075858388	0.010471285480509017	4.123020118057655e-7
100.00000000000031	0.010471285480509017	2.3430197770134468e-8
111.55639876771902	0.010471285480509017	1.4688142869436205e-9
138.21730389017998	0.010471285480509017	5.606032516209296e-13
171.24990861750976	0.010471285480509017	7.941860670236928e-18
212.17698780180757	0.010471285480509017	0
262.885244821937	0.010471285480509017	0
325.7122869971341	0.010471285480509017	0
403.5543872869759	0.010471285480509017	0
499.9999999999984	0.010471285480509017	0
1000	0.010471285480509017	0
2000	0.010471285480509017	0
1.	0.012022644346174156	0.014840506619812281
1.9999999999999998	0.012022644346174156	0.05278790537484947
2.288838595949997	0.012022644346174156	0.07380729708512279
2.6193910591551774	0.012022644346174156	0.08251708150909806
2.9976816770403563	0.012022644346174156	0.0824880409358467
3.4306047603910415	0.012022644346174156	0.09924671252161017
3.926050291516404	0.012022644346174156	0.10312447205672325
4.493047718431742	0.012022644346174156	0.10223059213230201
5.141930515695824	0.012022644346174156	0.10447747974444627
5.884524511008838	0.012022644346174156	0.1053853520589908
6.734363409805407	0.012022644346174156	0.10147234599057056
7.706935445758021	0.012022644346174156	0.09742456501494998
8.819965652373028	0.012022644346174156	0.09276465208563929
10.093738900052346	0.012022644346174156	0.08529111554181501
11.551469585940843	0.012022644346174156	0.07404581263430779
13.219724714121972	0.012022644346174156	0.06307368859643862
15.128908076758211	0.012022644346174156	0.051761145430422505
17.313814360331925	0.012022644346174156	0.037347082070280854
19.814263275520517	0.012022644346174156	0.026090267033995602
22.675825267662994	0.012022644346174156	0.016117511100460058
25.950652033822625	0.012022644346174156	0.009147898772379655
29.698426982540767	0.012022644346174156	0.004705863289949954
33.98745295832107	0.012022644346174156	0.0022215262093547273
38.895897054520105	0.012022644346174156	0.000985756690138707
44.51321520124173	0.012022644346174156	0.0004101830359928306
50.941782491215115	0.012022644346174156	0.00016194031740320096
58.29875895619149	0.012022644346174156	0.00006307830061847852
66.71822479745835	0.012022644346174156	0.000024025379182332957
76.35362398484546	0.012022644346174156	4.450428629550678e-6
87.38056075858388	0.012022644346174156	4.78452677845245e-7
100.00000000000031	0.012022644346174156	2.7317054342287056e-8
111.55639876771902	0.012022644346174156	1.7180543355853385e-9
138.21730389017998	0.012022644346174156	6.616185324492336e-13
171.24990861750976	0.012022644346174156	9.473362815549009e-18
212.17698780180757	0.012022644346174156	0
262.885244821937	0.012022644346174156	0
325.7122869971341	0.012022644346174156	0
403.5543872869759	0.012022644346174156	0
499.9999999999984	0.012022644346174156	0
1000	0.012022644346174156	0
2000	0.012022644346174156	0
1.	0.01380384264602888	0.05527323412236562
1.9999999999999998	0.01380384264602888	0.1132517901119917
2.288838595949997	0.01380384264602888	0.11795966146161677
2.6193910591551774	0.01380384264602888	0.1179266775910006
2.9976816770403563	0.01380384264602888	0.11767369625760027
3.4306047603910415	0.01380384264602888	0.12235257372824705
3.926050291516404	0.01380384264602888	0.1221035751792304
4.493047718431742	0.01380384264602888	0.12586945920541187
5.141930515695824	0.01380384264602888	0.12372147142033164
5.884524511008838	0.01380384264602888	0.12036044140407393
6.734363409805407	0.01380384264602888	0.11593943494880143
7.706935445758021	0.01380384264602888	0.11132435121005893
8.819965652373028	0.01380384264602888	0.10617533966070737
10.093738900052346	0.01380384264602888	0.09796846272744453
11.551469585940843	0.01380384264602888	0.08521243505688411
13.219724714121972	0.01380384264602888	0.07251406144133195
15.128908076758211	0.01380384264602888	0.05974263140525744
17.313814360331925	0.01380384264602888	0.04324016852390404
19.814263275520517	0.01380384264602888	0.030175290969964075
22.675825267662994	0.01380384264602888	0.018723301217345098
25.950652033822625	0.01380384264602888	0.010621554724395056
29.698426982540767	0.01380384264602888	0.005465760473778232
33.98745295832107	0.01380384264602888	0.0025814704564225154
38.895897054520105	0.01380384264602888	0.0011443547276518372
44.51321520124173	0.01380384264602888	0.00047537191384706837
50.941782491215115	0.01380384264602888	0.00018769841248734778
58.29875895619149	0.01380384264602888	0.00007308288343415122
66.71822479745835	0.01380384264602888	0.00002780905869629143
76.35362398484546	0.01380384264602888	5.158628138597471e-6
87.38056075858388	0.01380384264602888	5.561987655940075e-7
100.00000000000031	0.01380384264602888	3.191138342357687e-8
111.55639876771902	0.01380384264602888	2.0141439175048137e-9
138.21730389017998	0.01380384264602888	7.835648406423463e-13
171.24990861750976	0.01380384264602888	1.1355922739290863e-17
212.17698780180757	0.01380384264602888	0
262.885244821937	0.01380384264602888	0
325.7122869971341	0.01380384264602888	0
403.5543872869759	0.01380384264602888	0
499.9999999999984	0.01380384264602888	0
1000	0.01380384264602888	0
2000	0.01380384264602888	0
1.	0.015848931924611172	0.15281667199681306
1.9999999999999998	0.015848931924611172	0.1511407427649404
2.288838595949997	0.015848931924611172	0.15077687497309367
2.6193910591551774	0.015848931924611172	0.15045414235302534
2.9976816770403563	0.015848931924611172	0.1501932076957106
3.4306047603910415	0.015848931924611172	0.14998020408186902
3.926050291516404	0.015848931924611172	0.1495932076247498
4.493047718431742	0.015848931924611172	0.14861721311438233
5.141930515695824	0.015848931924611172	0.1464402738569952
5.884524511008838	0.015848931924611172	0.14265324597332998
6.734363409805407	0.015848931924611172	0.1375732278014021
7.706935445758021	0.015848931924611172	0.12713037112415962
8.819965652373028	0.015848931924611172	0.1214993318739146
10.093738900052346	0.015848931924611172	0.1125049115890587
11.551469585940843	0.015848931924611172	0.09810836486722346
13.219724714121972	0.015848931924611172	0.08338863674128565
15.128908076758211	0.015848931924611172	0.06896961884279726
17.313814360331925	0.015848931924611172	0.05012445461570149
19.814263275520517	0.015848931924611172	0.03492692130045965
22.675825267662994	0.015848931924611172	0.021779390139378206
25.950652033822625	0.015848931924611172	0.012350773781505975
29.698426982540767	0.015848931924611172	0.006358637287293106
33.98745295832107	0.015848931924611172	0.0030045255092733406
38.895897054520105	0.015848931924611172	0.0013297148258801924
44.51321520124173	0.015848931924611172	0.000551816782577275
50.941782491215115	0.015848931924611172	0.00021786153128579194
58.29875895619149	0.015848931924611172	0.00008478448232678618
66.71822479745835	0.015848931924611172	0.00003222273549525148
76.35362398484546	0.015848931924611172	5.988045136259114e-6
87.38056075858388	0.015848931924611172	6.478900282765455e-7
100.00000000000031	0.015848931924611172	3.735881549981564e-8
111.55639876771902	0.015848931924611172	2.3670543386416974e-9
138.21730389017998	0.015848931924611172	9.315619761043058e-13
171.24990861750976	0.015848931924611172	1.3687554214015379e-17
212.17698780180757	0.015848931924611172	0
262.885244821937	0.015848931924611172	0
325.7122869971341	0.015848931924611172	0
403.5543872869759	0.015848931924611172	0
499.9999999999984	0.015848931924611172	0
1000	0.015848931924611172	0
2000	0.015848931924611172	0
1.	0.01819700858609988	0.05514151393871786
1.9999999999999998	0.01819700858609988	0.13222075044226808
2.288838595949997	0.01819700858609988	0.1414506711316812
2.6193910591551774	0.01819700858609988	0.16097768119052797
2.9976816770403563	0.01819700858609988	0.16552976705386027
3.4306047603910415	0.01819700858609988	0.1652637823176542
3.926050291516404	0.01819700858609988	0.16490088125652738
4.493047718431742	0.01819700858609988	0.1640029432398527
5.141930515695824	0.01819700858609988	0.16677597792112595
5.884524511008838	0.01819700858609988	0.16272802398781241
6.734363409805407	0.01819700858609988	0.15702103105656687
7.706935445758021	0.01819700858609988	0.1508300794494954
8.819965652373028	0.01819700858609988	0.14429107455549567
10.093738900052346	0.01819700858609988	0.1342586021602327
11.551469585940843	0.01819700858609988	0.11756239137221122
13.219724714121972	0.01819700858609988	0.09981931594949797
15.128908076758211	0.01819700858609988	0.08283435883514464
17.313814360331925	0.01819700858609988	0.06056102579051538
19.814263275520517	0.01819700858609988	0.042141692173742015
22.675825267662994	0.01819700858609988	0.02640482602583901
25.950652033822625	0.01819700858609988	0.014975175431119663
29.698426982540767	0.01819700858609988	0.007711098558652457
33.98745295832107	0.01819700858609988	0.0036460165498371625
38.895897054520105	0.01819700858609988	0.0016107420801858296
44.51321520124173	0.01819700858609988	0.0006674573155545389
50.941782491215115	0.01819700858609988	0.0002635902073426444
58.29875895619149	0.01819700858609988	0.00010242994063754372
66.71822479745835	0.01819700858609988	0.00003886442842490545
76.35362398484546	0.01819700858609988	7.2380148523616975e-6
87.38056075858388	0.01819700858609988	7.864224045196823e-7
100.00000000000031	0.01819700858609988	4.557913944886661e-8
111.55639876771902	0.01819700858609988	2.8998685391232423e-9
138.21730389017998	0.01819700858609988	1.1563395259205695e-12
171.24990861750976	0.01819700858609988	1.725737057060572e-17
212.17698780180757	0.01819700858609988	0
262.885244821937	0.01819700858609988	0
325.7122869971341	0.01819700858609988	0
403.5543872869759	0.01819700858609988	0
499.9999999999984	0.01819700858609988	0
1000	0.01819700858609988	0
2000	0.01819700858609988	0
1.	0.02089296130854045	0.05951813718808939
1.9999999999999998	0.02089296130854045	0.053862024579613955
2.288838595949997	0.02089296130854045	0.05227698749811272
2.6193910591551774	0.02089296130854045	0.05687279442193711
2.9976816770403563	0.02089296130854045	0.09271046560326625
3.4306047603910415	0.02089296130854045	0.09800875110098564
3.926050291516404	0.02089296130854045	0.12776154189891498
4.493047718431742	0.02089296130854045	0.1450462025075101
5.141930515695824	0.02089296130854045	0.1607261000525333
5.884524511008838	0.02089296130854045	0.17977172256914153
6.734363409805407	0.02089296130854045	0.1735877379998124
7.706935445758021	0.02089296130854045	0.16667380499164214
8.819965652373028	0.02089296130854045	0.15968080644692853
10.093738900052346	0.02089296130854045	0.1492373002607814
11.551469585940843	0.02089296130854045	0.13107118514391441
13.219724714121972	0.02089296130854045	0.11106564048981614
15.128908076758211	0.02089296130854045	0.09576172099548917
17.313814360331925	0.02089296130854045	0.07047513402806008
19.814263275520517	0.02089296130854045	0.048938418769253776
22.675825267662994	0.02089296130854045	0.03086783275899829
25.950652033822625	0.02089296130854045	0.01749395973787357
29.698426982540767	0.02089296130854045	0.009008611522318216
33.98745295832107	0.02089296130854045	0.004262813199556903
38.895897054520105	0.02089296130854045	0.0018804175593264481
44.51321520124173	0.02089296130854045	0.0007524087046462292
50.941782491215115	0.02089296130854045	0.0002973047556582823
58.29875895619149	0.02089296130854045	0.00011547482719138249
66.71822479745835	0.02089296130854045	0.000043775118351154194
76.35362398484546	0.02089296130854045	8.173474165600609e-6
87.38056075858388	0.02089296130854045	8.924852825982025e-7
100.00000000000031	0.02089296130854045	5.199692661648674e-8
111.55639876771902	0.02089296130854045	3.3228533758505603e-9
138.21730389017998	0.02089296130854045	1.3448890270301096e-12
171.24990861750976	0.02089296130854045	2.042962526232073e-17
212.17698780180757	0.02089296130854045	0
262.885244821937	0.02089296130854045	0
325.7122869971341	0.02089296130854045	0
403.5543872869759	0.02089296130854045	0
499.9999999999984	0.02089296130854045	0
1000	0.02089296130854045	0
2000	0.02089296130854045	0
1.	0.023988329190194974	0.06417547862036388
1.9999999999999998	0.023988329190194974	0.05874067714853412
2.288838595949997	0.023988329190194974	0.0571813842297377
2.6193910591551774	0.023988329190194974	0.05560175391055375
2.9976816770403563	0.023988329190194974	0.08232593122145661
3.4306047603910415	0.023988329190194974	0.10254737113102008
3.926050291516404	0.023988329190194974	0.12276003223133619
4.493047718431742	0.023988329190194974	0.1629605166897139
5.141930515695824	0.023988329190194974	0.16852263693918262
5.884524511008838	0.023988329190194974	0.19080937837346787
6.734363409805407	0.023988329190194974	0.1976472545619989
7.706935445758021	0.023988329190194974	0.18993925226909
8.819965652373028	0.023988329190194974	0.18213123695762923
10.093738900052346	0.023988329190194974	0.17116667340868713
11.551469585940843	0.023988329190194974	0.15120360697620835
13.219724714121972	0.023988329190194974	0.12800188993188408
15.128908076758211	0.023988329190194974	0.1070580353808096
17.313814360331925	0.023988329190194974	0.07933096918761684
19.814263275520517	0.023988329190194974	0.05496883185533816
22.675825267662994	0.023988329190194974	0.03490603340548685
25.950652033822625	0.023988329190194974	0.019780549675949027
29.698426982540767	0.023988329190194974	0.01019548085567571
33.98745295832107	0.023988329190194974	0.004831235800157766
38.895897054520105	0.023988329190194974	0.002127344662216072
44.51321520124173	0.023988329190194974	0.0008789489763238098
50.941782491215115	0.023988329190194974	0.00034701993561057426
58.29875895619149	0.023988329190194974	0.00013471937191622443
66.71822479745835	0.023988329190194974	0.00005094182306708445
76.35362398484546	0.023988329190194974	9.539532085555788e-6
87.38056075858388	0.023988329190194974	1.0476922352949399e-6
100.00000000000031	0.023988329190194974	6.13713281623794e-8
111.55639876771902	0.023988329190194974	3.9405388126715895e-9
138.21730389017998	0.023988329190194974	1.6219666847803858e-12
171.24990861750976	0.023988329190194974	2.5136333236720122e-17
212.17698780180757	0.023988329190194974	0
262.885244821937	0.023988329190194974	0
325.7122869971341	0.023988329190194974	0
403.5543872869759	0.023988329190194974	0
499.9999999999984	0.023988329190194974	0
1000	0.023988329190194974	0
2000	0.023988329190194974	0
1.	0.027542287033381744	0.2563752987587905
1.9999999999999998	0.027542287033381744	0.2507612994125941
2.288838595949997	0.027542287033381744	0.2491413075088675
2.6193910591551774	0.027542287033381744	0.24785829626716205
2.9976816770403563	0.027542287033381744	0.24704239437167508
3.4306047603910415	0.027542287033381744	0.245839477967282
3.926050291516404	0.027542287033381744	0.24591955046935832
4.493047718431742	0.027542287033381744	0.24556370005473335
5.141930515695824	0.027542287033381744	0.2441867157942727
5.884524511008838	0.027542287033381744	0.23245784524818067
6.734363409805407	0.027542287033381744	0.23193081997131804
7.706935445758021	0.027542287033381744	0.2162589773587939
8.819965652373028	0.027542287033381744	0.20726794340861546
10.093738900052346	0.027542287033381744	0.19626332482732414
11.551469585940843	0.027542287033381744	0.17439337168646277
13.219724714121972	0.027542287033381744	0.14760962082912754
15.128908076758211	0.027542287033381744	0.12384482330591057
17.313814360331925	0.027542287033381744	0.09261428710899755
19.814263275520517	0.027542287033381744	0.06398398760605675
22.675825267662994	0.027542287033381744	0.04100694039319871
25.950652033822625	0.027542287033381744	0.023205948232562616
29.698426982540767	0.027542287033381744	0.011973353917205859
33.98745295832107	0.027542287033381744	0.005679315938299323
38.895897054520105	0.027542287033381744	0.002497430559118442
44.51321520124173	0.027542287033381744	0.0010292079788158494
50.941782491215115	0.027542287033381744	0.00040629548029259995
58.29875895619149	0.027542287033381744	0.0001575503044194347
66.71822479745835	0.027542287033381744	0.00005944138003626434
76.35362398484546	0.027542287033381744	0.000011167507231393045
87.38056075858388	0.027542287033381744	1.2346005806041323e-6
100.00000000000031	0.027542287033381744	7.274357529701556e-8
111.55639876771902	0.027542287033381744	4.694651392160097e-9
138.21730389017998	0.027542287033381744	1.9692891276099546e-12
171.24990861750976	0.027542287033381744	3.1212283338484227e-17
212.17698780180757	0.027542287033381744	0
262.885244821937	0.027542287033381744	0
325.7122869971341	0.027542287033381744	0
403.5543872869759	0.027542287033381744	0
499.9999999999984	0.027542287033381744	0
1000	0.027542287033381744	0
2000	0.027542287033381744	0
1.	0.03162277660168389	0.29172879727958106
1.9999999999999998	0.03162277660168389	0.2837178110244074
2.288838595949997	0.03162277660168389	0.2817628224485945
2.6193910591551774	0.03162277660168389	0.2797428137444373
2.9976816770403563	0.03162277660168389	0.2785188157534122
3.4306047603910415	0.03162277660168389	0.2775488137167455
3.926050291516404	0.03162277660168389	0.2770848213452197
4.493047718431742	0.03162277660168389	0.2771838182869115
5.141930515695824	0.03162277660168389	0.2764008126617329
5.884524511008838	0.03162277660168389	0.2726317288693581
6.734363409805407	0.03162277660168389	0.2649517751083727
7.706935445758021	0.03162277660168389	0.25481382639149347
8.819965652373028	0.03162277660168389	0.2451698203337509
10.093738900052346	0.03162277660168389	0.23250515056351664
11.551469585940843	0.03162277660168389	0.20846130629820872
13.219724714121972	0.03162277660168389	0.1766064703024069
15.128908076758211	0.03162277660168389	0.1485317242048576
17.313814360331925	0.03162277660168389	0.11221868783546687
19.814263275520517	0.03162277660168389	0.07743803368120043
22.675825267662994	0.03162277660168389	0.0500101810695997
25.950652033822625	0.03162277660168389	0.028326688233718558
29.698426982540767	0.03162277660168389	0.014631736396721832
33.98745295832107	0.03162277660168389	0.006944717054614197
38.895897054520105	0.03162277660168389	0.0030461791927923632
44.51321520124173	0.03162277660168389	0.0012532869207702115
50.941782491215115	0.03162277660168389	0.0004944755610515447
58.29875895619149	0.03162277660168389	0.00019125049841184336
66.71822479745835	0.03162277660168389	0.00007193487694802366
76.35362398484546	0.03162277660168389	0.000013562779288088061
87.38056075858388	0.03162277660168389	1.5104449518143018e-6
100.00000000000031	0.03162277660168389	8.958493991093268e-8
111.55639876771902	0.03162277660168389	5.814135351065538e-9
138.21730389017998	0.03162277660168389	2.4909360165593816e-12
171.24990861750976	0.03162277660168389	4.048074140688301e-17
212.17698780180757	0.03162277660168389	1.2151313826142116e-25
262.885244821937	0.03162277660168389	0
325.7122869971341	0.03162277660168389	0
403.5543872869759	0.03162277660168389	0
499.9999999999984	0.03162277660168389	0
1000	0.03162277660168389	0
2000	0.03162277660168389	0
1.	0.03630780547701025	0.33049667234357144
1.9999999999999998	0.03630780547701025	0.3209028740596158
2.288838595949997	0.03630780547701025	0.31824099306415243
2.6193910591551774	0.03630780547701025	0.3157059734140232
2.9976816770403563	0.03630780547701025	0.31323899177135295
3.4306047603910415	0.03630780547701025	0.3123010217852723
3.926050291516404	0.03630780547701025	0.31204402382499835
4.493047718431742	0.03630780547701025	0.3122640234823425
5.141930515695824	0.03630780547701025	0.31213702290191647
5.884524511008838	0.03630780547701025	0.3091129833226163
6.734363409805407	0.03630780547701025	0.30101998733553936
7.706935445758021	0.03630780547701025	0.28977607865750393
8.819965652373028	0.03630780547701025	0.27835006976257354
10.093738900052346	0.03630780547701025	0.2659883627471449
11.551469585940843	0.03630780547701025	0.24067356583062569
13.219724714121972	0.03630780547701025	0.2041926147115409
15.128908076758211	0.03630780547701025	0.1718918788960353
17.313814360331925	0.03630780547701025	0.13167878818290543
19.814263275520517	0.03630780547701025	0.09069851797634314
22.675825267662994	0.03630780547701025	0.05907951352882911
25.950652033822625	0.03630780547701025	0.03347078142012572
29.698426982540767	0.03630780547701025	0.01730504620949465
33.98745295832107	0.03630780547701025	0.008229431123057932
38.895897054520105	0.03630780547701025	0.0036036534648607316
44.51321520124173	0.03630780547701025	0.0014791481622980374
50.941782491215115	0.03630780547701025	0.0005833725495441352
58.29875895619149	0.03630780547701025	0.0002251390401078463
66.71822479745835	0.03630780547701025	0.0000843938006805548
76.35362398484546	0.03630780547701025	0.000015972429414945336
87.38056075858388	0.03630780547701025	1.7930119595241358e-6
100.00000000000031	0.03630780547701025	1.071750256593864e-7
111.55639876771902	0.03630780547701025	7.000093823984493e-9
138.21730389017998	0.03630780547701025	3.0699077987959895e-12
171.24990861750976	0.03630780547701025	5.128381916740622e-17
212.17698780180757	0.03630780547701025	1.6045443846547792e-25
262.885244821937	0.03630780547701025	0
325.7122869971341	0.03630780547701025	0
403.5543872869759	0.03630780547701025	0
499.9999999999984	0.03630780547701025	0
1000	0.03630780547701025	0
2000	0.03630780547701025	0
1.	0.04168693834703368	0.008700494454923768
1.9999999999999998	0.04168693834703368	0.19721530210162094
2.288838595949997	0.04168693834703368	0.29872115753574935
2.6193910591551774	0.04168693834703368	0.2963796785420972
2.9976816770403563	0.04168693834703368	0.30872665467300675
3.4306047603910415	0.04168693834703368	0.33612235649552397
3.926050291516404	0.04168693834703368	0.3353323633691678
4.493047718431742	0.04168693834703368	0.33619635475433957
5.141930515695824	0.04168693834703368	0.3366923601759661
5.884524511008838	0.04168693834703368	0.33492431991241556
6.734363409805407	0.04168693834703368	0.3272983255211252
7.706935445758021	0.04168693834703368	0.31531742135602725
8.819965652373028	0.04168693834703368	0.30303239628963213
10.093738900052346	0.04168693834703368	0.3035855707453423
11.551469585940843	0.04168693834703368	0.27766380451859657
13.219724714121972	0.04168693834703368	0.23644575157374795
15.128908076758211	0.04168693834703368	0.19894803343852918
17.313814360331925	0.04168693834703368	0.15479489361024895
19.814263275520517	0.04168693834703368	0.10650382771870891
22.675825267662994	0.04168693834703368	0.06999954790974294
25.950652033822625	0.04168693834703368	0.03968839135653937
29.698426982540767	0.04168693834703368	0.020550757101610573
33.98745295832107	0.04168693834703368	0.009783639981037045
38.895897054520105	0.04168693834703368	0.004280378468219219
44.51321520124173	0.04168693834703368	0.0017546195889910814
50.941782491215115	0.04168693834703368	0.0006912287151507965
58.29875895619149	0.04168693834703368	0.00026596568006010123
66.71822479745835	0.04168693834703368	0.0000993290210503908
76.35362398484546	0.04168693834703368	0.000018876258687497892
87.38056075858388	0.04168693834703368	2.136927340491248e-6
100.00000000000031	0.04168693834703368	1.2894400587264387e-7
111.55639876771902	0.04168693834703368	8.484563302922455e-9
138.21730389017998	0.04168693834703368	3.8173500739960795e-12
171.24990861750976	0.04168693834703368	6.570803839761309e-17
212.17698780180757	0.04168693834703368	2.1495800664652994e-25
262.885244821937	0.04168693834703368	0
325.7122869971341	0.04168693834703368	0
403.5543872869759	0.04168693834703368	0
499.9999999999984	0.04168693834703368	0
1000	0.04168693834703368	0
2000	0.04168693834703368	0
1.	0.047863009232264	0.41850306534751935
1.9999999999999998	0.047863009232264	0.4069280675946866
2.288838595949997	0.047863009232264	0.40356308282054737
2.6193910591551774	0.047863009232264	0.4000960571949339
2.9976816770403563	0.047863009232264	0.3970740560749749
3.4306047603910415	0.047863009232264	0.3947610545567803
3.926050291516404	0.047863009232264	0.39378406315588066
4.493047718431742	0.047863009232264	0.3938920657110186
5.141930515695824	0.047863009232264	0.39489905975826217
5.884524511008838	0.047863009232264	0.3929680303162144
6.734363409805407	0.047863009232264	0.3864910269563222
7.706935445758021	0.047863009232264	0.3741441237590867
8.819965652373028	0.047863009232264	0.35912912178197776
10.093738900052346	0.047863009232264	0.34585937600731576
11.551469585940843	0.047863009232264	0.32013260041262365
13.219724714121972	0.047863009232264	0.2746124896311535
15.128908076758211	0.047863009232264	0.23062087006111484
17.313814360331925	0.047863009232264	0.18232771674613957
19.814263275520517	0.047863009232264	0.12558286379753938
22.675825267662994	0.047863009232264	0.08317114425717911
25.950652033822625	0.047863009232264	0.04732113733863924
29.698426982540767	0.047863009232264	0.024551125606633577
33.98745295832107	0.047863009232264	0.011698344064665031
38.895897054520105	0.047863009232264	0.005112375308565867
44.51321520124173	0.047863009232264	0.002093407550913114
50.941782491215115	0.047863009232264	0.000823120675318313
58.29875895619149	0.047863009232264	0.0003155029121136244
66.71822479745835	0.047863009232264	0.00011734044550582819
76.35362398484546	0.047863009232264	0.000022399837030544838
87.38056075858388	0.047863009232264	2.5582369504400712e-6
100.00000000000031	0.047863009232264	1.5614561665920856e-7
111.55639876771902	0.047863009232264	1.0365674535421573e-8
138.21730389017998	0.047863009232264	4.794972494495983e-12
171.24990861750976	0.047863009232264	8.522345267380136e-17
212.17698780180757	0.047863009232264	2.9264785977179024e-25
262.885244821937	0.047863009232264	0
325.7122869971341	0.047863009232264	0
403.5543872869759	0.047863009232264	0
499.9999999999984	0.047863009232264	0
1000	0.047863009232264	0
2000	0.047863009232264	0
1.	0.05495408738576265	0.4686949107143037
1.9999999999999998	0.05495408738576265	0.4588459076439516
2.288838595949997	0.05495408738576265	0.45461192977124937
2.6193910591551774	0.05495408738576265	0.4505249004960364
2.9976816770403563	0.05495408738576265	0.44702589893493494
3.4306047603910415	0.05495408738576265	0.4438748970185983
3.926050291516404	0.05495408738576265	0.44224991504275
4.493047718431742	0.05495408738576265	0.4446968997773087
5.141930515695824	0.05495408738576265	0.4418279170965827
5.884524511008838	0.05495408738576265	0.4426598998410254
6.734363409805407	0.05495408738576265	0.440443849152506
7.706935445758021	0.05495408738576265	0.42479298318932474
8.819965652373028	0.05495408738576265	0.40761898082562514
10.093738900052346	0.05495408738576265	0.39389125087020377
11.551469585940843	0.05495408738576265	0.3690204319381555
13.219724714121972	0.05495408738576265	0.3200032452475202
15.128908076758211	0.05495408738576265	0.26793573822105504
17.313814360331925	0.05495408738576265	0.21507656177039447
19.814263275520517	0.05495408738576265	0.14891493022120456
22.675825267662994	0.05495408738576265	0.09919774379783386
25.950652033822625	0.05495408738576265	0.056727005334361494
29.698426982540767	0.05495408738576265	0.029516194036589442
33.98745295832107	0.05495408738576265	0.014076665108747171
38.895897054520105	0.05495408738576265	0.006154252900675931
44.51321520124173	0.05495408738576265	0.002519445622465759
50.941782491215115	0.05495408738576265	0.0009887008745744243
58.29875895619149	0.05495408738576265	0.00037708730256280116
66.71822479745835	0.05495408738576265	0.00013972126109037768
76.35362398484546	0.05495408738576265	0.00002680870162996312
87.38056075858388	0.05495408738576265	3.0901573771284423e-6
100.00000000000031	0.05495408738576265	1.9117899227882108e-7
111.55639876771902	0.05495408738576265	1.2827103212496498e-8
138.21730389017998	0.05495408738576265	6.1135664011223865e-12
171.24990861750976	0.05495408738576265	1.1240599669851167e-16
212.17698780180757	0.05495408738576265	4.0713655523065674e-25
262.885244821937	0.05495408738576265	0
325.7122869971341	0.05495408738576265	0
403.5543872869759	0.05495408738576265	0
499.9999999999984	0.05495408738576265	0
1000	0.05495408738576265	0
2000	0.05495408738576265	0
1.	0.06309573444801955	0.1253987138112088
1.9999999999999998	0.06309573444801955	0.17738974191715773
2.288838595949997	0.06309573444801955	0.23773427329906896
2.6193910591551774	0.06309573444801955	0.28315869758170314
2.9976816770403563	0.06309573444801955	0.3737552409101509
3.4306047603910415	0.06309573444801955	0.4030379505480108
3.926050291516404	0.06309573444801955	0.46534050457934784
4.493047718431742	0.06309573444801955	0.47976456895169733
5.141930515695824	0.06309573444801955	0.480350748006531
5.884524511008838	0.06309573444801955	0.4806290232992949
6.734363409805407	0.06309573444801955	0.4939879864029195
7.706935445758021	0.06309573444801955	0.4820562205195543
8.819965652373028	0.06309573444801955	0.4635312316828165
10.093738900052346	0.06309573444801955	0.4466365309936171
11.551469585940843	0.06309573444801955	0.42346564184862323
13.219724714121972	0.06309573444801955	0.3727903750163765
15.128908076758211	0.06309573444801955	0.31147092508042373
17.313814360331925	0.06309573444801955	0.25345068960537587
19.814263275520517	0.06309573444801955	0.1775942139306073
22.675825267662994	0.06309573444801955	0.11845568024626757
25.950652033822625	0.06309573444801955	0.06834857557605747
29.698426982540767	0.06309573444801955	0.03568650509390303
33.98745295832107	0.06309573444801955	0.017024415413064972
38.895897054520105	0.06309573444801955	0.0074539305175655305
44.51321520124173	0.06309573444801955	0.003051547576693451
50.941782491215115	0.06309573444801955	0.0011925758106756936
58.29875895619149	0.06309573444801955	0.00045239140176730444
66.71822479745835	0.06309573444801955	0.00016700625827431085
76.35362398484546	0.06309573444801955	0.000032234641556893456
87.38056075858388	0.06309573444801955	3.752864442919642e-6
100.00000000000031	0.06309573444801955	2.357312429935605e-7
111.55639876771902	0.06309573444801955	1.6016990944253987e-8
138.21730389017998	0.06309573444801955	7.882446286315697e-12
171.24990861750976	0.06309573444801955	1.5018823392667568e-16
212.17698780180757	0.06309573444801955	5.772053151253732e-25
262.885244821937	0.06309573444801955	0
325.7122869971341	0.06309573444801955	0
403.5543872869759	0.06309573444801955	0
499.9999999999984	0.06309573444801955	0
1000	0.06309573444801955	0
2000	0.06309573444801955	0
1.	0.07244359600749928	0.047738133169075304
1.9999999999999998	0.07244359600749928	0.107356029911616
2.288838595949997	0.07244359600749928	0.12013598810306776
2.6193910591551774	0.07244359600749928	0.13226107767813258
2.9976816770403563	0.07244359600749928	0.1369864504977636
3.4306047603910415	0.07244359600749928	0.22717605241094063
3.926050291516404	0.07244359600749928	0.32889008380793494
4.493047718431742	0.07244359600749928	0.3785448434230197
5.141930515695824	0.07244359600749928	0.41191706797330724
5.884524511008838	0.07244359600749928	0.46770918567925185
6.734363409805407	0.07244359600749928	0.5016500846739547
7.706935445758021	0.07244359600749928	0.5267348634535891
8.819965652373028	0.07244359600749928	0.5067650595398824
10.093738900052346	0.07244359600749928	0.4871554302270525
11.551469585940843	0.07244359600749928	0.46645241358745226
13.219724714121972	0.07244359600749928	0.4185930839875025
15.128908076758211	0.07244359600749928	0.349341755000403
17.313814360331925	0.07244359600749928	0.2874405101819859
19.814263275520517	0.07244359600749928	0.2046802039449352
22.675825267662994	0.07244359600749928	0.13659855288049655
25.950652033822625	0.07244359600749928	0.07965372923875214
29.698426982540767	0.07244359600749928	0.04179165989606981
33.98745295832107	0.07244359600749928	0.019935838469362373
38.895897054520105	0.07244359600749928	0.008749556159266758
44.51321520124173	0.07244359600749928	0.003586804589617194
50.941782491215115	0.07244359600749928	0.0013954458817177374
58.29875895619149	0.07244359600749928	0.0005263038172637433
66.71822479745835	0.07244359600749928	0.0001938160092981539
76.35362398484546	0.07244359600749928	0.0000376694347134586
87.38056075858388	0.07244359600749928	4.435612978424219e-6
100.00000000000031	0.07244359600749928	2.831435284848619e-7
111.55639876771902	0.07244359600749928	1.9517401927707417e-8
138.21730389017998	0.07244359600749928	9.94089088766659e-12
171.24990861750976	0.07244359600749928	1.9666554782890644e-16
212.17698780180757	0.07244359600749928	8.073909998598341e-25
262.885244821937	0.07244359600749928	0
325.7122869971341	0.07244359600749928	0
403.5543872869759	0.07244359600749928	0
499.9999999999984	0.07244359600749928	0
1000	0.07244359600749928	0
2000	0.07244359600749928	0
1.	0.08317637711026743	0.6363767446137177
1.9999999999999998	0.08317637711026743	0.6313728824321817
2.288838595949997	0.08317637711026743	0.6316299078904498
2.6193910591551774	0.08317637711026743	0.6314539321598795
2.9976816770403563	0.08317637711026743	0.6303059401680394
3.4306047603910415	0.08317637711026743	0.6283101095584378
3.926050291516404	0.08317637711026743	0.6246733669732448
4.493047718431742	0.08317637711026743	0.6203725015623621
5.141930515695824	0.08317637711026743	0.6183055595565125
5.884524511008838	0.08317637711026743	0.6179026846143647
6.734363409805407	0.08317637711026743	0.6188317305172316
7.706935445758021	0.08317637711026743	0.6132498416285361
8.819965652373028	0.08317637711026743	0.5936268914000672
10.093738900052346	0.08317637711026743	0.5710462505008724
11.551469585940843	0.08317637711026743	0.5496642686477929
13.219724714121972	0.08317637711026743	0.5049457787931637
15.128908076758211	0.08317637711026743	0.4248335663396394
17.313814360331925	0.08317637711026743	0.35107432066342725
19.814263275520517	0.08317637711026743	0.2564172799036104
22.675825267662994	0.08317637711026743	0.17062339037897428
25.950652033822625	0.08317637711026743	0.10101797394306825
29.698426982540767	0.08317637711026743	0.05330109974307502
33.98745295832107	0.08317637711026743	0.025370894744988468
38.895897054520105	0.08317637711026743	0.011149903414488734
44.51321520124173	0.08317637711026743	0.0045742912579747625
50.941782491215115	0.08317637711026743	0.0017679368489546402
58.29875895619149	0.08317637711026743	0.0006617198826435626
66.71822479745835	0.08317637711026743	0.0002432546620881076
76.35362398484546	0.08317637711026743	0.000047652331567424474
87.38056075858388	0.08317637711026743	5.686938002957067e-6
100.00000000000031	0.08317637711026743	3.690175328558409e-7
111.55639876771902	0.08317637711026743	2.5834219762346853e-8
138.21730389017998	0.08317637711026743	1.365505174308149e-11
171.24990861750976	0.08317637711026743	2.8120354308197786e-16
212.17698780180757	0.08317637711026743	1.2416486363702013e-24
262.885244821937	0.08317637711026743	0
325.7122869971341	0.08317637711026743	0
403.5543872869759	0.08317637711026743	0
499.9999999999984	0.08317637711026743	0
1000	0.08317637711026743	0
2000	0.08317637711026743	0
1.	0.09549925860214398	0.6829958433903341
1.9999999999999998	0.09549925860214398	0.695081785977764
2.288838595949997	0.09549925860214398	0.698144761662034
2.6193910591551774	0.09549925860214398	0.700492771020251
2.9976816770403563	0.09549925860214398	0.7015457571837647
3.4306047603910415	0.09549925860214398	0.7006437280051067
3.926050291516404	0.09549925860214398	0.6976257523628336
4.493047718431742	0.09549925860214398	0.6926457772434523
5.141930515695824	0.09549925860214398	0.6875097663192101
5.884524511008838	0.09549925860214398	0.6857887838905256
6.734363409805407	0.09549925860214398	0.6880397637810738
7.706935445758021	0.09549925860214398	0.6869787572813202
8.819965652373028	0.09549925860214398	0.6716487977718089
10.093738900052346	0.09549925860214398	0.64432112155907
11.551469585940843	0.09549925860214398	0.6206272559533985
13.219724714121972	0.09549925860214398	0.5835136333063891
15.128908076758211	0.09549925860214398	0.49832543170986193
17.313814360331925	0.09549925860214398	0.41138121354856005
19.814263275520517	0.09549925860214398	0.309719314059961
22.675825267662994	0.09549925860214398	0.2055652521312012
25.950652033822625	0.09549925860214398	0.12385112015589768
29.698426982540767	0.09549925860214398	0.06572364140864667
33.98745295832107	0.09549925860214398	0.03125275831430386
38.895897054520105	0.09549925860214398	0.013761501722627106
44.51321520124173	0.09549925860214398	0.005647878173845721
50.941782491215115	0.09549925860214398	0.002171868110255569
58.29875895619149	0.09549925860214398	0.0008070491259303466
66.71822479745835	0.09549925860214398	0.00029671531735462757
76.35362398484546	0.09549925860214398	0.00005862411028387366
87.38056075858388	0.09549925860214398	7.108480768605271e-6
100.00000000000031	0.09549925860214398	4.690607709221082e-7
111.55639876771902	0.09549925860214398	3.335418549920029e-8
138.21730389017998	0.09549925860214398	1.835639204360076e-11
171.24990861750976	0.09549925860214398	3.9477038702645383e-16
212.17698780180757	0.09549925860214398	1.8857597420004353e-24
262.885244821937	0.09549925860214398	0
325.7122869971341	0.09549925860214398	0
403.5543872869759	0.09549925860214398	0
499.9999999999984	0.09549925860214398	0
1000	0.09549925860214398	0
2000	0.09549925860214398	0
1.	0.10964781961431896	0.7361963217257687
1.9999999999999998	0.10964781961431896	0.7549262370195791
2.288838595949997	0.10964781961431896	0.7596361931263338
2.6193910591551774	0.10964781961431896	0.7642082109476236
2.9976816770403563	0.10964781961431896	0.7725230798038195
3.4306047603910415	0.10964781961431896	0.7685791306749301
3.926050291516404	0.10964781961431896	0.7682470985666292
4.493047718431742	0.10964781961431896	0.76619707051446
5.141930515695824	0.10964781961431896	0.7583770934620623
5.884524511008838	0.10964781961431896	0.7540251331436038
6.734363409805407	0.10964781961431896	0.754612162597992
7.706935445758021	0.10964781961431896	0.7578510812537494
8.819965652373028	0.10964781961431896	0.7514060083186221
10.093738900052346	0.10964781961431896	0.7243482109610108
11.551469585940843	0.10964781961431896	0.6955406459411065
13.219724714121972	0.10964781961431896	0.6664568712547477
15.128908076758211	0.10964781961431896	0.5837005281673948
17.313814360331925	0.10964781961431896	0.47999751095967413
19.814263275520517	0.10964781961431896	0.3730477633885656
22.675825267662994	0.10964781961431896	0.24817871624989435
25.950652033822625	0.10964781961431896	0.1522120440354702
29.698426982540767	0.10964781961431896	0.08137193186600528
33.98745295832107	0.10964781961431896	0.038672173735405116
38.895897054520105	0.10964781961431896	0.017020271445468024
44.51321520124173	0.10964781961431896	0.006982262793956829
50.941782491215115	0.10964781961431896	0.002671495370844502
58.29875895619149	0.10964781961431896	0.0009866141104108964
66.71822479745835	0.10964781961431896	0.00036277932038642543
76.35362398484546	0.10964781961431896	0.00007230806692146467
87.38056075858388	0.10964781961431896	8.926079618801009e-6
100.00000000000031	0.10964781961431896	6.000572632209544e-7
111.55639876771902	0.10964781961431896	4.3306635595163927e-8
138.21730389017998	0.10964781961431896	2.4920524056925802e-11
171.24990861750976	0.10964781961431896	5.617243477974363e-16
212.17698780180757	0.10964781961431896	2.9148737940342245e-24
262.885244821937	0.10964781961431896	0
325.7122869971341	0.10964781961431896	0
403.5543872869759	0.10964781961431896	0
499.9999999999984	0.10964781961431896	0
1000	0.10964781961431896	0
2000	0.10964781961431896	0