1.	0.001	0.00847775
1.9999999999999998	0.001	0.0101447
2.288838595949997	0.001	0.010521398168862913
2.6193910591551774	0.001	0.010815500379099662
2.9976816770403563	0.001	0.01095089958240564
3.4306047603910415	0.001	0.010843096199950233
3.926050291516404	0.001	0.010447599674416793
4.493047718431742	0.001	0.009814342548193853
5.141930515695824	0.001	0.0091240496324524
5.884524511008838	0.001	0.008594788377748139
6.734363409805407	0.001	0.00828916854016238
7.706935445758021	0.001	0.007872781949804454
8.819965652373028	0.001	0.006964253548825757
10.093738900052346	0.001	0.005826578654336759
11.551469585940843	0.001	0.005026676689136015
13.219724714121972	0.001	0.004109873796794073
15.128908076758211	0.001	0.0028581672224661002
17.313814360331925	0.001	0.002106795644980242
19.814263275520517	0.001	0.0013484911373354454
22.675825267662994	0.001	0.0008111721580533795
25.950652033822625	0.001	0.0004428403949316849
29.698426982540767	0.001	0.00022577221960057712
33.98745295832107	0.001	0.00010172336055753244
38.895897054520105	0.001	0.000047961532261118024
44.51321520124173	0.001	0.00002081937030224635
50.941782491215115	0.001	8.260264205862221e-6
58.29875895619149	0.001	3.349357397314014e-6
66.71822479745835	0.001	1.2969539552035064e-6
76.35362398484546	0.001	2.3511993768789125e-7
87.38056075858388	0.001	2.5966104163305205e-8
100.00000000000031	0.001	1.8538992090118852e-9
111.55639876771902	0.001	3.071624930643654e-10
138.21730389017998	0.001	4.02716142771274e-11
171.24990861750976	0.001	6.476428699311623e-12
212.17698780180757	0.001	1.190709643826874e-12
262.885244821937	0.001	1.7250882974746943e-13
325.7122869971341	0.001	9.28885003045208e-15
403.5543872869759	0.001	1.3683661774565847e-16
499.9999999999984	0.001	1.0919375545865552e-19
1000	0.001	0
2000	0.001	0
1.	0.0011481536214968829	0.009708190039838704
1.9999999999999998	0.0011481536214968829	0.011643436610946974
2.288838595949997	0.0011481536214968829	0.012084136016419663
2.6193910591551774	0.0011481536214968829	0.012427439905394298
2.9976816770403563	0.0011481536214968829	0.012588239472224745
3.4306047603910415	0.0011481536214968829	0.01246623543173766
3.926050291516404	0.0011481536214968829	0.012012037997059978
4.493047718431742	0.0011481536214968829	0.011283639018273681
5.141930515695824	0.0011481536214968829	0.010486632971951055
5.884524511008838	0.0011481536214968829	0.009875599494797688
6.734363409805407	0.0011481536214968829	0.00952228854325262
7.706935445758021	0.0011481536214968829	0.009049271075834349
8.819965652373028	0.0011481536214968829	0.00800859964560692
10.093738900052346	0.0011481536214968829	0.006698706808911741
11.551469585940843	0.0011481536214968829	0.005778117620773786
13.219724714121972	0.0011481536214968829	0.00472883650639493
15.128908076758211	0.0011481536214968829	0.0032879173293919703
17.313814360331925	0.0011481536214968829	0.0024228927556707194
19.814263275520517	0.0011481536214968829	0.0015521777961712854
22.675825267662994	0.0011481536214968829	0.0009336457427023817
25.950652033822625	0.0011481536214968829	0.000509751853035182
29.698426982540767	0.0011481536214968829	0.00025979493767188907
33.98745295832107	0.0011481536214968829	0.00011698993940819037
38.895897054520105	0.0011481536214968829	0.000055207715161930586
44.51321520124173	0.0011481536214968829	0.000023960843077165596
50.941782491215115	0.0011481536214968829	9.50661983321985e-6
58.29875895619149	0.0011481536214968829	3.855033951471447e-6
66.71822479745835	0.0011481536214968829	1.4931778664254457e-6
76.35362398484546	0.0011481536214968829	2.708585799626058e-7
87.38056075858388	0.0011481536214968829	2.9921361869828384e-8
100.00000000000031	0.0011481536214968829	2.1357645519670312e-9
111.55639876771902	0.0011481536214968829	3.5366637311471157e-10
138.21730389017998	0.0011481536214968829	4.634808506916426e-11
171.24990861750976	0.0011481536214968829	7.453523629133814e-12
212.17698780180757	0.0011481536214968829	1.3703146060423462e-12
262.885244821937	0.0011481536214968829	1.985306194051272e-13
325.7122869971341	0.0011481536214968829	1.0690260408274537e-14
403.5543872869759	0.0011481536214968829	1.5748546124108338e-16
499.9999999999984	0.0011481536214968829	1.256786966550787e-19
1000	0.0011481536214968829	0
2000	0.0011481536214968829	0
1.	0.0013182567385564075	0.011119172946755825
1.9999999999999998	0.0013182567385564075	0.013363067028954524
2.288838595949997	0.0013182567385564075	0.013876463139481238
2.6193910591551774	0.0013182567385564075	0.01428066498211213
2.9976816770403563	0.0013182567385564075	0.014464463526814022
3.4306047603910415	0.0013182567385564075	0.014335459153910586
3.926050291516404	0.0013182567385564075	0.013814365013719796
4.493047718431742	0.0013182567385564075	0.01297867086338936
5.141930515695824	0.0013182567385564075	0.012055269433587246
5.884524511008838	0.0013182567385564075	0.011349069581914839
6.734363409805407	0.0013182567385564075	0.010940870921865735
7.706935445758021	0.0013182567385564075	0.010404876518421374
8.819965652373028	0.0013182567385564075	0.009210131629462945
10.093738900052346	0.0013182567385564075	0.007702702471870186
11.551469585940843	0.0013182567385564075	0.006643015526364483
13.219724714121972	0.0013182567385564075	0.005440854879362661
15.128908076758211	0.0013182567385564075	0.0037823768407921426
17.313814360331925	0.0013182567385564075	0.0027872072728688264
19.814263275520517	0.0013182567385564075	0.0017874001743608302
22.675825267662994	0.0013182567385564075	0.0010751835194392676
25.950652033822625	0.0013182567385564075	0.0005869856697909813
29.698426982540767	0.0013182567385564075	0.0002990652118685375
33.98745295832107	0.0013182567385564075	0.00013451646871948266
38.895897054520105	0.0013182567385564075	0.00006357258218936252
44.51321520124173	0.0013182567385564075	0.000027589591048802413
50.941782491215115	0.0013182567385564075	0.000010937617916269022
58.29875895619149	0.0013182567385564075	4.438505070714623e-6
66.71822479745835	0.0013182567385564075	1.7196976493323786e-6
76.35362398484546	0.0013182567385564075	3.1217216825271514e-7
87.38056075858388	0.0013182567385564075	3.4496201504749e-8
100.00000000000031	0.0013182567385564075	2.4616129507399133e-9
111.55639876771902	0.0013182567385564075	4.0736218099913065e-10
138.21730389017998	0.0013182567385564075	5.335807109993341e-11
171.24990861750976	0.0013182567385564075	8.58072612039949e-12
212.17698780180757	0.0013182567385564075	1.5774950528176293e-12
262.885244821937	0.0013182567385564075	2.2854793825209796e-13
325.7122869971341	0.0013182567385564075	1.2306882679321499e-14
403.5543872869759	0.0013182567385564075	1.813083971824174e-16
499.9999999999984	0.0013182567385564075	1.4469911419358776e-19
1000	0.0013182567385564075	0
2000	0.0013182567385564075	0
1.	0.0015135612484362087	0.012725010210631497
1.9999999999999998	0.0015135612484362087	0.015335412585688966
2.288838595949997	0.0015135612484362087	0.01593481022930325
2.6193910591551774	0.0015135612484362087	0.01640991423884914
2.9976816770403563	0.0015135612484362087	0.016628913343446072
3.4306047603910415	0.0015135612484362087	0.016489508054330863
3.926050291516404	0.0015135612484362087	0.01589071284219147
4.493047718431742	0.0015135612484362087	0.01492991638507518
5.141930515695824	0.0015135612484362087	0.013859411008669985
5.884524511008838	0.0015135612484362087	0.01304120834034507
6.734363409805407	0.0015135612484362087	0.012571808283363049
7.706935445758021	0.0015135612484362087	0.011961912823836624
8.819965652373028	0.0015135612484362087	0.010590314189777015
10.093738900052346	0.0015135612484362087	0.008860534848375545
11.551469585940843	0.0015135612484362087	0.007639581855579556
13.219724714121972	0.0015135612484362087	0.00626395056180514
15.128908076758211	0.0015135612484362087	0.004353749435457381
17.313814360331925	0.0015135612484362087	0.0032068961092534894
19.814263275520517	0.0015135612484362087	0.002059588592113178
22.675825267662994	0.0015135612484362087	0.001237616720613815
25.950652033822625	0.0015135612484362087	0.0006762647964642326
29.698426982540767	0.0015135612484362087	0.0003444250996756049
33.98745295832107	0.0015135612484362087	0.00015487020943324702
38.895897054520105	0.0015135612484362087	0.00007322681112833994
44.51321520124173	0.0015135612484362087	0.000031776981500577924
50.941782491215115	0.0015135612484362087	0.00001258236284578381
58.29875895619149	0.0015135612484362087	5.112446008262045e-6
66.71822479745835	0.0015135612484362087	1.981382463502584e-6
76.35362398484546	0.0015135612484362087	3.5997027846280357e-7
87.38056075858388	0.0015135612484362087	3.9793107460188615e-8
100.00000000000031	0.0015135612484362087	2.838657190066801e-9
111.55639876771902	0.0015135612484362087	4.694088789525605e-10
138.21730389017998	0.0015135612484362087	6.144985335104623e-11
171.24990861750976	0.0015135612484362087	9.881801675758216e-12
212.17698780180757	0.0015135612484362087	1.8166225011464243e-12
262.885244821937	0.0015135612484362087	2.631934013752717e-13
325.7122869971341	0.0015135612484362087	1.4172904988173973e-14
403.5543872869759	0.0015135612484362087	2.088069270183994e-16
499.9999999999984	0.0015135612484362087	1.6665858401245004e-19
1000	0.0015135612484362087	0
2000	0.0015135612484362087	0
1.	0.0017378008287493763	0.01455900671825846
1.9999999999999998	0.0017378008287493763	0.017596008363460845
2.288838595949997	0.0017378008287493763	0.01829550534624684
2.6193910591551774	0.0017378008287493763	0.01885730979157471
2.9976816770403563	0.0017378008287493763	0.01912260863312638
3.4306047603910415	0.0017378008287493763	0.018969602649261702
3.926050291516404	0.0017378008287493763	0.018286108320620276
4.493047718431742	0.0017378008287493763	0.01717851279558196
5.141930515695824	0.0017378008287493763	0.01593880702603855
5.884524511008838	0.0017378008287493763	0.01498680431764291
6.734363409805407	0.0017378008287493763	0.01444370450283939
7.706935445758021	0.0017378008287493763	0.013752309890492448
8.819965652373028	0.0017378008287493763	0.012176712066395992
10.093738900052346	0.0017378008287493763	0.010195067343877528
11.551469585940843	0.0017378008287493763	0.00878583365734124
13.219724714121972	0.0017378008287493763	0.007213965031842131
15.128908076758211	0.0017378008287493763	0.005013827558591036
17.313814360331925	0.0017378008287493763	0.0036915642213492432
19.814263275520517	0.0017378008287493763	0.002372380542082706
22.675825267662994	0.0017378008287493763	0.001426545708535227
25.950652033822625	0.0017378008287493763	0.000779433862689229
29.698426982540767	0.0017378008287493763	0.0003969048193030334
33.98745295832107	0.0017378008287493763	0.00017829448496547857
38.895897054520105	0.0017378008287493763	0.00008438749803298978
44.51321520124173	0.0017378008287493763	0.00003660666567857416
50.941782491215115	0.0017378008287493763	0.000014480467334724335
58.29875895619149	0.0017378008287493763	5.891010818767752e-6
66.71822479745835	0.0017378008287493763	2.284070505910443e-6
76.35362398484546	0.0017378008287493763	4.1534698325999103e-7
87.38056075858388	0.0017378008287493763	4.593543948046868e-8
100.00000000000031	0.0017378008287493763	3.2755786108043382e-9
111.55639876771902	0.0017378008287493763	5.41189143658478e-10
138.21730389017998	0.0017378008287493763	7.08007203004663e-11
171.24990861750976	0.0017378008287493763	1.1385284106493383e-11
212.17698780180757	0.0017378008287493763	2.0929222948428702e-12
262.885244821937	0.0017378008287493763	3.0322595111712195e-13
325.7122869971341	0.0017378008287493763	1.63291871453969e-14
403.5543872869759	0.0017378008287493763	2.4058724537849165e-16
499.9999999999984	0.0017378008287493763	1.9204010764946154e-19
1000	0.0017378008287493763	0
2000	0.0017378008287493763	0
1.	0.0019952623149688807	0.016646118686711352
1.9999999999999998	0.0019952623149688807	0.020194223302396404
2.288838595949997	0.0019952623149688807	0.021012720422377663
2.6193910591551774	0.0019952623149688807	0.02166842624155625
2.9976816770403563	0.0019952623149688807	0.021988725353235008
3.4306047603910415	0.0019952623149688807	0.021832818237111362
3.926050291516404	0.0019952623149688807	0.021047924280793266
4.493047718431742	0.0019952623149688807	0.0197690285504116
5.141930515695824	0.0019952623149688807	0.01832692087528317
5.884524511008838	0.0019952623149688807	0.01722371692833834
6.734363409805407	0.0019952623149688807	0.01659561670595828
7.706935445758021	0.0019952623149688807	0.015819122271099353
8.819965652373028	0.0019952623149688807	0.014013323891450378
10.093738900052346	0.0019952623149688807	0.011732770506197882
11.551469585940843	0.0019952623149688807	0.01010774583524755
13.219724714121972	0.0019952623149688807	0.008305127196776965
15.128908076758211	0.0019952623149688807	0.005773861248092011
17.313814360331925	0.0019952623149688807	0.004249996349323034
19.814263275520517	0.0019952623149688807	0.002734935549084846
22.675825267662994	0.0019952623149688807	0.001644466204190153
25.950652033822625	0.0019952623149688807	0.0008988800036181452
29.698426982540767	0.0019952623149688807	0.00045735796434255615
33.98745295832107	0.0019952623149688807	0.00020540500860040587
38.895897054520105	0.0019952623149688807	0.00009733648181302172
44.51321520124173	0.0019952623149688807	0.0000421982904414965
50.941782491215115	0.0019952623149688807	0.000016677489458088737
58.29875895619149	0.0019952623149688807	6.791723316095214e-6
66.71822479745835	0.0019952623149688807	2.6348609354448497e-6
76.35362398484546	0.0019952623149688807	4.796486177090757e-7
87.38056075858388	0.0019952623149688807	5.3074066299749836e-8
100.00000000000031	0.0019952623149688807	3.7829947343751685e-9
111.55639876771902	0.0019952623149688807	6.243989124542505e-10
138.21730389017998	0.0019952623149688807	8.162633962287591e-11
171.24990861750976	0.0019952623149688807	1.3125802095809137e-11
212.17698780180757	0.0019952623149688807	2.4127599617577244e-12
262.885244821937	0.0019952623149688807	3.495659937682321e-13
325.7122869971341	0.0019952623149688807	1.882541857363595e-14
403.5543872869759	0.0019952623149688807	2.7737973491779116e-16
499.9999999999984	0.0019952623149688807	2.21430403037789e-19
1000	0.0019952623149688807	0
2000	0.0019952623149688807	0
1.	0.0022908676527677745	0.01903228105285499
1.9999999999999998	0.0022908676527677745	0.02316977637284189
2.288838595949997	0.0022908676527677745	0.024128570598100453
2.6193910591551774	0.0022908676527677745	0.024904775417749925
2.9976816770403563	0.0022908676527677745	0.025303272988834787
3.4306047603910415	0.0022908676527677745	0.02512456528967598
3.926050291516404	0.0022908676527677745	0.024232373955862783
4.493047718431742	0.0022908676527677745	0.02275758220410355
5.141930515695824	0.0022908676527677745	0.021090377168563473
5.884524511008838	0.0022908676527677745	0.019811075555963988
6.734363409805407	0.0022908676527677745	0.019076477223398773
7.706935445758021	0.0022908676527677745	0.01819868521567857
8.819965652373028	0.0022908676527677745	0.016163390877675612
10.093738900052346	0.0022908676527677745	0.013503935962246576
11.551469585940843	0.0022908676527677745	0.011631226975109007
13.219724714121972	0.0022908676527677745	0.00957742203520055
15.128908076758211	0.0022908676527677745	0.006652546525527055
17.313814360331925	0.0022908676527677745	0.004894904892217005
19.814263275520517	0.0022908676527677745	0.0031559621970152813
22.675825267662994	0.0022908676527677745	0.0018943514021106719
25.950652033822625	0.0022908676527677745	0.0010371814567537159
29.698426982540767	0.0022908676527677745	0.0005275116135337702
33.98745295832107	0.0022908676527677745	0.0002367159408039193
38.895897054520105	0.0022908676527677745	0.0001122719560817285
44.51321520124173	0.0022908676527677745	0.0000486836788439421
50.941782491215115	0.0022908676527677745	0.000019224960005571688
58.29875895619149	0.0022908676527677745	7.834305268506889e-6
66.71822479745835	0.0022908676527677745	3.0407126591242164e-6
76.35362398484546	0.0022908676527677745	5.541905905073482e-7
87.38056075858388	0.0022908676527677745	6.135873898153564e-8
100.00000000000031	0.0022908676527677745	4.371408183369311e-9
111.55639876771902	0.0022908676527677745	7.206848501039053e-10
138.21730389017998	0.0022908676527677745	9.413471741497447e-11
171.24990861750976	0.0022908676527677745	1.5136754352348292e-11
212.17698780180757	0.0022908676527677745	2.7822592166524623e-12
262.885244821937	0.0022908676527677745	4.031021291923506e-13
325.7122869971341	0.0022908676527677745	2.1709432454439175e-14
403.5543872869759	0.0022908676527677745	3.1989525050920217e-16
499.9999999999984	0.0022908676527677745	2.554009764007294e-19
1000	0.0022908676527677745	0
2000	0.0022908676527677745	0
1.	0.0026302679918953843	0.02175628388309672
1.9999999999999998	0.0026302679918953843	0.026580679818962775
2.288838595949997	0.0026302679918953843	0.02770317339394727
2.6193910591551774	0.0026302679918953843	0.028615079425327938
2.9976816770403563	0.0026302679918953843	0.029107176780949838
3.4306047603910415	0.0026302679918953843	0.02892316765937546
3.926050291516404	0.0026302679918953843	0.027896377451439296
4.493047718431742	0.0026302679918953843	0.02620418641702806
5.141930515695824	0.0026302679918953843	0.024049781609960266
5.884524511008838	0.0026302679918953843	0.02278207788435574
6.734363409805407	0.0026302679918953843	0.021927279653577162
7.706935445758021	0.0026302679918953843	0.02093488845796255
8.819965652373028	0.0026302679918953843	0.01862909441808412
10.093738900052346	0.0026302679918953843	0.015550030344469699
11.551469585940843	0.0026302679918953843	0.01339343456887672
13.219724714121972	0.0026302679918953843	0.01104614765068574
15.128908076758211	0.0026302679918953843	0.007673436442132928
17.313814360331925	0.0026302679918953843	0.005639784125524893
19.814263275520517	0.0026302679918953843	0.0036430764439039634
22.675825267662994	0.0026302679918953843	0.002184050676031227
25.950652033822625	0.0026302679918953843	0.0011977634959923677
29.698426982540767	0.0026302679918953843	0.0006086834080578674
33.98745295832107	0.0026302679918953843	0.0002730204667257473
38.895897054520105	0.0026302679918953843	0.00012969398292702952
44.51321520124173	0.0026302679918953843	0.00005617157530291036
50.941782491215115	0.0026302679918953843	0.00002217317515430813
58.29875895619149	0.0026302679918953843	9.04506607645521e-6
66.71822479745835	0.0026302679918953843	3.5123209144586955e-6
76.35362398484546	0.0026302679918953843	6.409969140361128e-7
87.38056075858388	0.0026302679918953843	7.101840139282897e-8
100.00000000000031	0.0026302679918953843	5.056935949087402e-9
111.55639876771902	0.0026302679918953843	8.325831299834748e-10
138.21730389017998	0.0026302679918953843	1.0864783443104777e-10
171.24990861750976	0.0026302679918953843	1.746990181867382e-11
212.17698780180757	0.0026302679918953843	3.2108888698888284e-12
262.885244821937	0.0026302679918953843	4.652086593799978e-13
325.7122869971341	0.0026302679918953843	2.5055519539772797e-14
403.5543872869759	0.0026302679918953843	3.6922593056214285e-16
499.9999999999984	0.0026302679918953843	2.9482487104807067e-19
1000	0.0026302679918953843	0
2000	0.0026302679918953843	0
1.	0.003019951720402019	0.024845913561883516
1.9999999999999998	0.003019951720402019	0.030487917260159543
2.288838595949997	0.003019951720402019	0.031809111722194784
2.6193910591551774	0.003019951720402019	0.03288192060207633
2.9976816770403563	0.003019951720402019	0.03347811863747486
3.4306047603910415	0.003019951720402019	0.03328930828404724
3.926050291516404	0.003019951720402019	0.032132517794758
4.493047718431742	0.003019951720402019	0.030165825559312315
5.141930515695824	0.003019951720402019	0.02792141500080636
5.884524511008838	0.003019951720402019	0.02618400987648021
6.734363409805407	0.003019951720402019	0.02520741058617357
7.706935445758021	0.003019951720402019	0.024094119192268965
8.819965652373028	0.003019951720402019	0.021442523054190823
10.093738900052346	0.003019951720402019	0.017917444023661744
11.551469585940843	0.003019951720402019	0.015425261002600662
13.219724714121972	0.003019951720402019	0.012743557139057369
15.128908076758211	0.003019951720402019	0.008850236570133225
17.313814360331925	0.003019951720402019	0.006499780668583676
19.814263275520517	0.003019951720402019	0.004207826193597494
22.675825267662994	0.003019951720402019	0.002517312769808639
25.950652033822625	0.003019951720402019	0.0013844174276530564
29.698426982540767	0.003019951720402019	0.0007029749802039788
33.98745295832107	0.003019951720402019	0.00031501344278516335
38.895897054520105	0.003019951720402019	0.0001497771895884125
44.51321520124173	0.003019951720402019	0.00006490204588294104
50.941782491215115	0.003019951720402019	0.000025589122266460254
58.29875895619149	0.003019951720402019	0.000010448890731074967
66.71822479745835	0.003019951720402019	4.05850362337199e-6
76.35362398484546	0.003019951720402019	7.417661501792815e-7
87.38056075858388	0.003019951720402019	8.224716062119215e-8
100.00000000000031	0.003019951720402019	5.853189700135535e-9
111.55639876771902	0.003019951720402019	9.621809730952522e-10
138.21730389017998	0.003019951720402019	1.254253046962333e-10
171.24990861750976	0.003019951720402019	2.016681602145162e-11
212.17698780180757	0.003019951720402019	3.70630266803558e-12
262.885244821937	0.003019951720402019	5.36990826957226e-13
325.7122869971341	0.003019951720402019	2.892333961392132e-14
403.5543872869759	0.003019951720402019	4.262576878886381e-16
499.9999999999984	0.003019951720402019	3.404157078766813e-19
1000	0.003019951720402019	0
2000	0.003019951720402019	0
1.	0.00346736850452532	0.02837288821121274
1.9999999999999998	0.00346736850452532	0.03497668499645357
2.288838595949997	0.00346736850452532	0.036527876687319466
2.6193910591551774	0.00346736850452532	0.03780568552926435
2.9976816770403563	0.00346736850452532	0.03851528246230351
3.4306047603910415	0.00346736850452532	0.038334270541020884
3.926050291516404	0.00346736850452532	0.037023282486470376
4.493047718431742	0.00346736850452532	0.034754793789821985
5.141930515695824	0.00346736850452532	0.03213638449791107
5.884524511008838	0.00346736850452532	0.030100680936558617
6.734363409805407	0.00346736850452532	0.028975583036618634
7.706935445758021	0.00346736850452532	0.02772959368312528
8.819965652373028	0.00346736850452532	0.02474450062341153
10.093738900052346	0.00346736850452532	0.020655513776469986
11.551469585940843	0.00346736850452532	0.017767352430201576
13.219724714121972	0.00346736850452532	0.014703835377678855
15.128908076758211	0.00346736850452532	0.010217885367723362
17.313814360331925	0.00346736850452532	0.007496221564579371
19.814263275520517	0.00346736850452532	0.004866136428104756
22.675825267662994	0.00346736850452532	0.0029102485876621436
25.950652033822625	0.00346736850452532	0.0016013684459409536
29.698426982540767	0.00346736850452532	0.0008124348118478363
33.98745295832107	0.00346736850452532	0.00036381675728426084
38.895897054520105	0.00346736850452532	0.0001732960357157678
44.51321520124173	0.00346736850452532	0.00007500395873025548
50.941782491215115	0.00346736850452532	0.000029540610615890426
58.29875895619149	0.00346736850452532	0.000012078391972940764
66.71822479745835	0.00346736850452532	4.694236127049532e-6
76.35362398484546	0.00346736850452532	8.593350464795619e-7
87.38056075858388	0.00346736850452532	9.536795489440553e-8
100.00000000000031	0.00346736850452532	6.782921879302316e-9
111.55639876771902	0.00346736850452532	1.1130080088094895e-9
138.21730389017998	0.00346736850452532	1.4491068331420774e-10
171.24990861750976	0.00346736850452532	2.3298860349678465e-11
212.17698780180757	0.00346736850452532	4.281538860843394e-12
262.885244821937	0.00346736850452532	6.203407752326568e-13
325.7122869971341	0.00346736850452532	3.341495121347694e-14
403.5543872869759	0.00346736850452532	4.924994074083246e-16
499.9999999999984	0.00346736850452532	3.933861701731516e-19
1000	0.00346736850452532	0
2000	0.00346736850452532	0
1.	0.003981071705534978	0.032401513288662434
1.9999999999999998	0.003981071705534978	0.040132917022963094
2.288838595949997	0.003981071705534978	0.04196220907342296
2.6193910591551774	0.003981071705534978	0.04347572118694129
2.9976816770403563	0.003981071705534978	0.04433261859640954
3.4306047603910415	0.003981071705534978	0.04413130538506445
3.926050291516404	0.003981071705534978	0.04266991752859373
4.493047718431742	0.003981071705534978	0.040062828198791686
5.141930515695824	0.003981071705534978	0.03702431466635758
5.884524511008838	0.003981071705534978	0.03463810815310898
6.734363409805407	0.003981071705534978	0.033325009606674075
7.706935445758021	0.003981071705534978	0.03193062064313042
8.819965652373028	0.003981071705534978	0.02853842593204168
10.093738900052346	0.003981071705534978	0.023830421070622266
11.551469585940843	0.003981071705534978	0.020473979097288816
13.219724714121972	0.003981071705534978	0.01698944069355374
15.128908076758211	0.003981071705534978	0.011813093678566517
17.313814360331925	0.003981071705534978	0.008654236524849517
19.814263275520517	0.003981071705534978	0.005635196920960894
22.675825267662994	0.003981071705534978	0.00336437986601434
25.950652033822625	0.003981071705534978	0.0018537829796988008
29.698426982540767	0.003981071705534978	0.0009395341647544297
33.98745295832107	0.003981071705534978	0.0004205648834517815
38.895897054520105	0.003981071705534978	0.0002006412244866094
44.51321520124173	0.003981071705534978	0.00008674271540582478
50.941782491215115	0.003981071705534978	0.000034155658753579125
58.29875895619149	0.003981071705534978	0.000013974718985522342
66.71822479745835	0.003981071705534978	5.435397348146534e-6
76.35362398484546	0.003981071705534978	9.967290131658088e-7
87.38056075858388	0.003981071705534978	1.1072690398386542e-7
100.00000000000031	0.003981071705534978	7.870616143637339e-9
111.55639876771902	0.003981071705534978	1.288793361553451e-9
138.21730389017998	0.003981071705534978	1.6756691110479066e-10
171.24990861750976	0.003981071705534978	2.6940138081319704e-11
212.17698780180757	0.003981071705534978	4.950218941075322e-12
262.885244821937	0.003981071705534978	7.172322933901223e-13
325.7122869971341	0.003981071705534978	3.863694432062384e-14
403.5543872869759	0.003981071705534978	5.695286622308347e-16
499.9999999999984	0.003981071705534978	4.550051654075096e-19
1000	0.003981071705534978	0
2000	0.003981071705534978	0
1.	0.0045708818961487565	0.036997014560968676
1.9999999999999998	0.0045708818961487565	0.04601981902924816
2.288838595949997	0.0045708818961487565	0.04817510965554848
2.6193910591551774	0.0045708818961487565	0.04997292392826762
2.9976816770403563	0.0045708818961487565	0.05103332084920155
3.4306047603910415	0.0045708818961487565	0.05084940583483365
3.926050291516404	0.0045708818961487565	0.04919521955218942
4.493047718431742	0.0045708818961487565	0.04618663201765626
5.141930515695824	0.0045708818961487565	0.04266931634102203
5.884524511008838	0.0045708818961487565	0.03986800880961944
6.734363409805407	0.0045708818961487565	0.03833781083799703
7.706935445758021	0.0045708818961487565	0.03681142279160245
8.819965652373028	0.0045708818961487565	0.03292402978761782
10.093738900052346	0.0045708818961487565	0.027509407892806554
11.551469585940843	0.0045708818961487565	0.023610091516256065
13.219724714121972	0.0045708818961487565	0.019652531142150275
15.128908076758211	0.0045708818961487565	0.013665192477987172
17.313814360331925	0.0045708818961487565	0.009990314468174685
19.814263275520517	0.0045708818961487565	0.00652737379080257
22.675825267662994	0.0045708818961487565	0.0038904982863913647
25.950652033822625	0.0045708818961487565	0.002149146472512756
29.698426982540767	0.0045708818961487565	0.001088106702922891
33.98745295832107	0.0045708818961487565	0.00048676981256034276
38.895897054520105	0.0045708818961487565	0.00023263525718696763
44.51321520124173	0.0045708818961487565	0.00010049090077662234
50.941782491215115	0.0045708818961487565	0.00003952558338259332
58.29875895619149	0.0045708818961487565	0.000016187537413064705
66.71822479745835	0.0045708818961487565	6.299393706356032e-6
76.35362398484546	0.0045708818961487565	1.1572811615654596e-6
87.38056075858388	0.0045708818961487565	1.2870757252681344e-7
100.00000000000031	0.0045708818961487565	9.143439979765064e-9
111.55639876771902	0.0045708818961487565	1.4936026043219208e-9
138.21730389017998	0.0045708818961487565	1.938953788522431e-10
171.24990861750976	0.0045708818961487565	3.117103118144033e-11
212.17698780180757	0.0045708818961487565	5.72699120242857e-12
262.885244821937	0.0045708818961487565	8.297891926094419e-13
325.7122869971341	0.0045708818961487565	4.4704316166876204e-14
403.5543872869759	0.0045708818961487565	6.590463838081426e-16
499.9999999999984	0.0045708818961487565	5.266447876493697e-19
1000	0.0045708818961487565	0
2000	0.0045708818961487565	0
1.	0.005248074602497733	0.042197336204721214
1.9999999999999998	0.005248074602497733	0.05281594582016669
2.288838595949997	0.005248074602497733	0.05536523591593483
2.6193910591551774	0.005248074602497733	0.05745835447020995
2.9976816770403563	0.005248074602497733	0.05873385198295953
3.4306047603910415	0.005248074602497733	0.05860963493372265
3.926050291516404	0.005248074602497733	0.056730549521189444
4.493047718431742	0.005248074602497733	0.05329776223509357
5.141930515695824	0.005248074602497733	0.049200142090996664
5.884524511008838	0.005248074602497733	0.04591513172443247
6.734363409805407	0.005248074602497733	0.04411973366391563
7.706935445758021	0.005248074602497733	0.04239854649135888
8.819965652373028	0.005248074602497733	0.038139350987134044
10.093738900052346	0.005248074602497733	0.03177630815610939
11.551469585940843	0.005248074602497733	0.02723901955925642
13.219724714121972	0.005248074602497733	0.022740931802781948
15.128908076758211	0.005248074602497733	0.015830399154550215
17.313814360331925	0.005248074602497733	0.011546087908080593
19.814263275520517	0.005248074602497733	0.007573825607450045
22.675825267662994	0.005248074602497733	0.004505558720605027
25.950652033822625	0.005248074602497733	0.0024945218521084172
29.698426982540767	0.005248074602497733	0.001261666812351321
33.98745295832107	0.005248074602497733	0.0005643231831282514
38.895897054520105	0.005248074602497733	0.00027002343653367833
44.51321520124173	0.005248074602497733	0.00011653994285057622
50.941782491215115	0.005248074602497733	0.00004571773582989424
58.29875895619149	0.005248074602497733	0.000018763668277585752
66.71822479745835	0.005248074602497733	7.309813285039214e-6
76.35362398484546	0.005248074602497733	1.3454663172727454e-6
87.38056075858388	0.005248074602497733	1.4982479187171868e-7
100.00000000000031	0.005248074602497733	1.0638126808761986e-8
111.55639876771902	0.005248074602497733	1.7329136057698932e-9
138.21730389017998	0.005248074602497733	2.2456677189073133e-10
171.24990861750976	0.005248074602497733	3.609937041983339e-11
212.17698780180757	0.005248074602497733	6.63160323744617e-12
262.885244821937	0.005248074602497733	9.608749980175974e-13
325.7122869971341	0.005248074602497733	5.1771587091663404e-14
403.5543872869759	0.005248074602497733	7.633444409124322e-16
499.9999999999984	0.005248074602497733	6.101516926776277e-19
1000	0.005248074602497733	0
2000	0.005248074602497733	0
1.	0.006025595860743587	0.048313567439283375
1.9999999999999998	0.006025595860743587	0.06055655879163233
2.288838595949997	0.006025595860743587	0.06352614211892249
2.6193910591551774	0.006025595860743587	0.06605695853547082
2.9976816770403563	0.006025595860743587	0.06759685267851832
3.4306047603910415	0.006025595860743587	0.06756123152664756
3.926050291516404	0.006025595860743587	0.06539455186209873
4.493047718431742	0.006025595860743587	0.06147787221242734
5.141930515695824	0.006025595860743587	0.056696157446729505
5.884524511008838	0.006025595860743587	0.052884451972133005
6.734363409805407	0.006025595860743587	0.05082615751260873
7.706935445758021	0.006025595860743587	0.04889097449838569
8.819965652373028	0.006025595860743587	0.04394228843736016
10.093738900052346	0.006025595860743587	0.03671513305560317
11.551469585940843	0.006025595860743587	0.03144438758085609
13.219724714121972	0.006025595860743587	0.026332277720288337
15.128908076758211	0.006025595860743587	0.01836306801236938
17.313814360331925	0.006025595860743587	0.013357264192825551
19.814263275520517	0.006025595860743587	0.008801350378534896
22.675825267662994	0.006025595860743587	0.005221368273531082
25.950652033822625	0.006025595860743587	0.002899391854474786
29.698426982540767	0.006025595860743587	0.001464283827920358
33.98745295832107	0.006025595860743587	0.0006546573990132824
38.895897054520105	0.006025595860743587	0.000313934970688993
44.51321520124173	0.006025595860743587	0.0001351767063989126
50.941782491215115	0.006025595860743587	0.000052971685275442706
58.29875895619149	0.006025595860743587	0.00002178835786542972
66.71822479745835	0.006025595860743587	8.495604537023203e-6
76.35362398484546	0.006025595860743587	1.5667628399492448e-6
87.38056075858388	0.006025595860743587	1.7470872889749658e-7
100.00000000000031	0.006025595860743587	1.2400088406527244e-8
111.55639876771902	0.006025595860743587	2.0134259174173955e-9
138.21730389017998	0.006025595860743587	2.60399036681633e-10
171.24990861750976	0.006025595860743587	4.185588809613071e-11
212.17698780180757	0.006025595860743587	7.687944685126631e-12
262.885244821937	0.006025595860743587	1.1139530199138854e-12
325.7122869971341	0.006025595860743587	6.00263824466421e-14
403.5543872869759	0.006025595860743587	8.852023449345957e-16
499.9999999999984	0.006025595860743587	7.077682958596831e-19
1000	0.006025595860743587	0
2000	0.006025595860743587	0
1.	0.006918309709189377	0.0552782977311683
1.9999999999999998	0.006918309709189377	0.06935589713352609
2.288838595949997	0.006918309709189377	0.07277278037827738
2.6193910591551774	0.006918309709189377	0.0757743019769608
2.9976816770403563	0.006918309709189377	0.0776109975989337
3.4306047603910415	0.006918309709189377	0.07783327438577409
3.926050291516404	0.006918309709189377	0.07551569439368246
4.493047718431742	0.006918309709189377	0.07102421496366262
5.141930515695824	0.006918309709189377	0.06551219401338298
5.884524511008838	0.006918309709189377	0.06102708410594709
6.734363409805407	0.006918309709189377	0.05853249005944881
7.706935445758021	0.006918309709189377	0.056413207473474815
8.819965652373028	0.006918309709189377	0.05081141964360437
10.093738900052346	0.006918309709189377	0.0424962330250109
11.551469585940843	0.006918309709189377	0.036309627492298824
13.219724714121972	0.006918309709189377	0.030512979714650064
15.128908076758211	0.006918309709189377	0.021326077361081386
17.313814360331925	0.006918309709189377	0.015462969277089272
19.814263275520517	0.006918309709189377	0.010232876348851807
22.675825267662994	0.006918309709189377	0.006062028985583641
25.950652033822625	0.006918309709189377	0.0033739392176913336
29.698426982540767	0.006918309709189377	0.001701864007030871
33.98745295832107	0.006918309709189377	0.0007615502784615116
38.895897054520105	0.006918309709189377	0.0003652762210689769
44.51321520124173	0.006918309709189377	0.00015701076703943356
50.941782491215115	0.006918309709189377	0.00006150025735326045
58.29875895619149	0.006918309709189377	0.000025327800648412007
66.71822479745835	0.006918309709189377	9.88254405837009e-6
76.35362398484546	0.006918309709189377	1.8260719379232438e-6
87.38056075858388	0.006918309709189377	2.0393297644435692e-7
100.00000000000031	0.006918309709189377	1.4471138175160344e-8
111.55639876771902	0.006918309709189377	2.340972969888029e-9
138.21730389017998	0.006918309709189377	3.0207711229919225e-10
171.24990861750976	0.006918309709189377	4.8550588730359316e-11
212.17698780180757	0.006918309709189377	8.916067421550585e-12
262.885244821937	0.006918309709189377	1.2919289232150754e-12
325.7122869971341	0.006918309709189377	6.962607550022535e-14
403.5543872869759	0.006918309709189377	1.0269633578786515e-15
499.9999999999984	0.006918309709189377	8.214016587655188e-19
1000	0.006918309709189377	0
2000	0.006918309709189377	0
1.	0.00794328234724283	0.06334321886801639
1.9999999999999998	0.00794328234724283	0.07954962322410718
2.288838595949997	0.00794328234724283	0.08358430488336424
2.6193910591551774	0.00794328234724283	0.0871593318400666
2.9976816770403563	0.00794328234724283	0.08940762747164183
3.4306047603910415	0.00794328234724283	0.08965370231510843
3.926050291516404	0.00794328234724283	0.08709612389319285
4.493047718431742	0.00794328234724283	0.0819922457984801
5.141930515695824	0.00794328234724283	0.07560671983751485
5.884524511008838	0.00794328234724283	0.07040870530597185
6.734363409805407	0.00794328234724283	0.06743761179688462
7.706935445758021	0.00794328234724283	0.06500503115874914
8.819965652373028	0.00794328234724283	0.058781142829069155
10.093738900052346	0.00794328234724283	0.04921082213889808
11.551469585940843	0.00794328234724283	0.041960364325101016
13.219724714121972	0.00794328234724283	0.0353805744475804
15.128908076758211	0.00794328234724283	0.02480668264353584
17.313814360331925	0.00794328234724283	0.017906171361541726
19.814263275520517	0.00794328234724283	0.011925491795947141
22.675825267662994	0.00794328234724283	0.007039658322806288
25.950652033822625	0.00794328234724283	0.003932536823158516
29.698426982540767	0.00794328234724283	0.0019809537734005833
33.98745295832107	0.00794328234724283	0.000887023294346382
38.895897054520105	0.00794328234724283	0.00042588641951202657
44.51321520124173	0.00794328234724283	0.00018258779719609598
50.941782491215115	0.00794328234724283	0.00007147062586497216
58.29875895619149	0.00794328234724283	0.00002947194400144967
66.71822479745835	0.00794328234724283	0.000011504350886518666
76.35362398484546	0.00794328234724283	2.1297210678786853e-6
87.38056075858388	0.00794328234724283	2.3823568094538795e-7
100.00000000000031	0.00794328234724283	1.69060451725756e-8
111.55639876771902	0.00794328234724283	2.7231971737961054e-9
138.21730389017998	0.00794328234724283	3.5049614762531355e-10
171.24990861750976	0.00794328234724283	5.632598761805095e-11
212.17698780180757	0.00794328234724283	1.034192637631189e-11
262.885244821937	0.00794328234724283	1.4985709864275316e-12
325.7122869971341	0.00794328234724283	8.077520158662044e-14
403.5543872869759	0.00794328234724283	1.1916669478917592e-15
499.9999999999984	0.00794328234724283	9.53520575321951e-19
1000	0.00794328234724283	0
2000	0.00794328234724283	0
1.	0.009120108393559116	0.07280298708682692
1.9999999999999998	0.009120108393559116	0.09119338410554083
2.288838595949997	0.009120108393559116	0.09586576052253136
2.6193910591551774	0.009120108393559116	0.09996679017797028
2.9976816770403563	0.009120108393559116	0.10270298352448698
3.4306047603910415	0.009120108393559116	0.10313495523230266
3.926050291516404	0.009120108393559116	0.10039097890367699
4.493047718431742	0.009120108393559116	0.09465710578448862
5.141930515695824	0.009120108393559116	0.08736237951765098
5.884524511008838	0.009120108393559116	0.08097586780481338
6.734363409805407	0.009120108393559116	0.0776280765805749
7.706935445758021	0.009120108393559116	0.0749158991713037
8.819965652373028	0.009120108393559116	0.06806531408578247
10.093738900052346	0.009120108393559116	0.057042061470518594
11.551469585940843	0.009120108393559116	0.04850406920394401
13.219724714121972	0.009120108393559116	0.04105873477603999
15.128908076758211	0.009120108393559116	0.02889386438454676
17.313814360331925	0.009120108393559116	0.020768556699240014
19.814263275520517	0.009120108393559116	0.01390929803499009
22.675825267662994	0.009120108393559116	0.00819104065145354
25.950652033822625	0.009120108393559116	0.004591011830541431
29.698426982540767	0.009120108393559116	0.002309541536590143
33.98745295832107	0.009120108393559116	0.0010355337704874876
38.895897054520105	0.009120108393559116	0.0004974792251441785
44.51321520124173	0.009120108393559116	0.00021264365268575689
50.941782491215115	0.009120108393559116	0.00008311603688354237
58.29875895619149	0.009120108393559116	0.00003433336551605093
66.71822479745835	0.009120108393559116	0.000013412135777926106
76.35362398484546	0.009120108393559116	2.487263190755091e-6
87.38056075858388	0.009120108393559116	2.787238747287625e-7
100.00000000000031	0.009120108393559116	1.9787252009616168e-8
111.55639876771902	0.009120108393559116	3.1717003102803795e-9
138.21730389017998	0.009120108393559116	4.0702634280436595e-10
171.24990861750976	0.009120108393559116	6.54015029497838e-11
212.17698780180757	0.009120108393559116	1.2005601913530683e-11
262.885244821937	0.009120108393559116	1.7396853314533477e-12
325.7122869971341	0.009120108393559116	9.37876524587894e-14
403.5543872869759	0.009120108393559116	1.383986903230233e-15
499.9999999999984	0.009120108393559116	1.107915173758186e-18
1000	0.009120108393559116	0
2000	0.009120108393559116	0
1.	0.010471285480509017	0.08396148009296096
1.9999999999999998	0.010471285480509017	0.10453785660284685
2.288838595949997	0.010471285480509017	0.10984982390831723
2.6193910591551774	0.010471285480509017	0.11456885216054469
2.9976816770403563	0.010471285480509017	0.11780883984080194
3.4306047603910415	0.010471285480509017	0.11836780967668072
3.926050291516404	0.010471285480509017	0.11559583334367528
4.493047718431742	0.010471285480509017	0.10923986887251025
5.141930515695824	0.010471285480509017	0.10096784872286467
5.884524511008838	0.010471285480509017	0.09365944134768023
6.734363409805407	0.010471285480509017	0.08944756233446331
7.706935445758021	0.010471285480509017	0.08640829073690079
8.819965652373028	0.010471285480509017	0.07877501473217477
10.093738900052346	0.010471285480509017	0.06619213259815124
11.551469585940843	0.010471285480509017	0.05610882865887132
13.219724714121972	0.010471285480509017	0.04766464854742917
15.128908076758211	0.010471285480509017	0.033723512564746067
17.313814360331925	0.010471285480509017	0.02411021905005746
19.814263275520517	0.010471285480509017	0.016267589844307342
22.675825267662994	0.010471285480509017	0.009548723167539887
25.950652033822625	0.010471285480509017	0.005369852838459452
29.698426982540767	0.010471285480509017	0.0026965065013766693
33.98745295832107	0.010471285480509017	0.001211804389943179
38.895897054520105	0.010471285480509017	0.0005822094673093868
44.51321520124173	0.010471285480509017	0.0002479142637850953
50.941782491215115	0.010471285480509017	0.00009685396380188595
58.29875895619149	0.010471285480509017	0.00004005475539486596
66.71822479745835	0.010471285480509017	0.000015648304087856515
76.35362398484546	0.010471285480509017	2.906586278350177e-6
87.38056075858388	0.010471285480509017	3.263296292900373e-7
100.00000000000031	0.010471285480509017	2.318696756891043e-8
111.55639876771902	0.010471285480509017	3.6958945403638297e-9
138.21730389017998	0.010471285480509017	4.727043367140084e-10
171.24990861750976	0.010471285480509017	7.594240025956341e-11
212.17698780180757	0.010471285480509017	1.3936961969976024e-11
262.885244821937	0.010471285480509017	2.019617414121336e-12
325.7122869971341	0.010471285480509017	1.0890095222248428e-13
403.5543872869759	0.010471285480509017	1.6074658820194425e-15
499.9999999999984	0.010471285480509017	1.2875005573456573e-18
1000	0.010471285480509017	0
2000	0.010471285480509017	0
1.	0.012022644346174156	0.04528558231794466
1.9999999999999998	0.012022644346174156	0.11699577574757557
2.288838595949997	0.012022644346174156	0.12580156249402677
2.6193910591551774	0.012022644346174156	0.1311605300335655
2.9976816770403563	0.012022644346174156	0.1349050049072705
3.4306047603910415	0.012022644346174156	0.1358842168758757
3.926050291516404	0.012022644346174156	0.11929648891968998
4.493047718431742	0.012022644346174156	0.10435501169946046
5.141930515695824	0.012022644346174156	0.11242541827455238
5.884524511008838	0.012022644346174156	0.10817084519175822
6.734363409805407	0.012022644346174156	0.10310995962997525
7.706935445758021	0.012022644346174156	0.09959842197439978
8.819965652373028	0.012022644346174156	0.09122452354890119
10.093738900052346	0.012022644346174156	0.07691473225695648
11.551469585940843	0.012022644346174156	0.06497165288323088
13.219724714121972	0.012022644346174156	0.05536267422955689
15.128908076758211	0.012022644346174156	0.03948649272980055
17.313814360331925	0.012022644346174156	0.028021938509664127
19.814263275520517	0.012022644346174156	0.019033897932968204
22.675825267662994	0.012022644346174156	0.011162009598377716
25.950652033822625	0.012022644346174156	0.006292268583050025
29.698426982540767	0.012022644346174156	0.003154542623010556
33.98745295832107	0.012022644346174156	0.001423163966237279
38.895897054520105	0.012022644346174156	0.0006828468044120425
44.51321520124173	0.012022644346174156	0.0002894645396657549
50.941782491215115	0.012022644346174156	0.0001128978560153794
58.29875895619149	0.012022644346174156	0.00004679492952525847
66.71822479745835	0.012022644346174156	0.000017691835618754113
76.35362398484546	0.012022644346174156	3.2907439532616254e-6
87.38056075858388	0.012022644346174156	3.702042562313693e-7
100.00000000000031	0.012022644346174156	2.634226713293269e-8
111.55639876771902	0.012022644346174156	4.172234589409894e-9
138.21730389017998	0.012022644346174156	5.315670228386342e-10
171.24990861750976	0.012022644346174156	8.538237508750189e-11
212.17698780180757	0.012022644346174156	1.5664679705255018e-11
262.885244821937	0.012022644346174156	2.270066198993362e-12
325.7122869971341	0.012022644346174156	1.224347812879613e-13
403.5543872869759	0.012022644346174156	1.8078220525437438e-15
499.9999999999984	0.012022644346174156	1.448849635568049e-18
1000	0.012022644346174156	0
2000	0.012022644346174156	0
1.	0.01380384264602888	0.02047885151633748
1.9999999999999998	0.01380384264602888	0.027659538461066082
2.288838595949997	0.01380384264602888	0.029619239486903846
2.6193910591551774	0.01380384264602888	0.03153392170704401
2.9976816770403563	0.01380384264602888	0.054620766034947
3.4306047603910415	0.01380384264602888	0.07066868631043471
3.926050291516404	0.01380384264602888	0.09907860676329869
4.493047718431742	0.01380384264602888	0.10241100164159016
5.141930515695824	0.01380384264602888	0.08918026128408638
5.884524511008838	0.01380384264602888	0.10303252517798049
6.734363409805407	0.01380384264602888	0.10198376922198411
7.706935445758021	0.01380384264602888	0.11187028839179683
8.819965652373028	0.01380384264602888	0.10290637251674599
10.093738900052346	0.01380384264602888	0.08699482725492855
11.551469585940843	0.01380384264602888	0.07315363086445643
13.219724714121972	0.01380384264602888	0.06258228095619427
15.128908076758211	0.01380384264602888	0.04491331504420277
17.313814360331925	0.01380384264602888	0.03164205169481589
19.814263275520517	0.01380384264602888	0.021681824889874322
22.675825267662994	0.01380384264602888	0.013056693332885429
25.950652033822625	0.01380384264602888	0.00738704470547718
29.698426982540767	0.01380384264602888	0.003697387592064991
33.98745295832107	0.01380384264602888	0.0016230589120189113
38.895897054520105	0.01380384264602888	0.0007776453755275896
44.51321520124173	0.01380384264602888	0.0003279106875326799
50.941782491215115	0.01380384264602888	0.00012796489587731604
58.29875895619149	0.01380384264602888	0.000049235105565525816
66.71822479745835	0.01380384264602888	0.00001854879280990535
76.35362398484546	0.01380384264602888	3.4543037518270204e-6
87.38056075858388	0.01380384264602888	3.8943570611674e-7
100.00000000000031	0.01380384264602888	2.7768930025132867e-8
111.55639876771902	0.01380384264602888	4.366803216718563e-9
138.21730389017998	0.01380384264602888	5.538694405038358e-10
171.24990861750976	0.01380384264602888	8.894400754639482e-11
212.17698780180757	0.01380384264602888	1.6312573490695154e-11
262.885244821937	0.01380384264602888	2.364047385996093e-12
325.7122869971341	0.01380384264602888	1.2753747256715298e-13
403.5543872869759	0.01380384264602888	1.883875377160517e-15
499.9999999999984	0.01380384264602888	1.5108550757298155e-18
1000	0.01380384264602888	0
2000	0.01380384264602888	0
1.	0.015848931924611172	0.13324433471828392
1.9999999999999998	0.015848931924611172	0.048687400324553064
2.288838595949997	0.015848931924611172	0.04635783510920688
2.6193910591551774	0.015848931924611172	0.039068133358559
2.9976816770403563	0.015848931924611172	0.08358058487861111
3.4306047603910415	0.015848931924611172	0.13844494156927523
3.926050291516404	0.015848931924611172	0.14727570901633216
4.493047718431742	0.015848931924611172	0.15108753914434425
5.141930515695824	0.015848931924611172	0.13961254298896347
5.884524511008838	0.015848931924611172	0.12848458035985197
6.734363409805407	0.015848931924611172	0.1372092550826603
7.706935445758021	0.015848931924611172	0.12792037621651334
8.819965652373028	0.015848931924611172	0.11909134185048442
10.093738900052346	0.015848931924611172	0.10121883671201988
11.551469585940843	0.015848931924611172	0.08476277051071453
13.219724714121972	0.015848931924611172	0.0726374365111826
15.128908076758211	0.015848931924611172	0.052782895274123984
17.313814360331925	0.015848931924611172	0.03686423800198978
19.814263275520517	0.015848931924611172	0.02545124131168519
22.675825267662994	0.015848931924611172	0.014834793372404448
25.950652033822625	0.015848931924611172	0.00842588858999121
29.698426982540767	0.015848931924611172	0.004207717960009457
33.98745295832107	0.015848931924611172	0.0019185110666558236
38.895897054520105	0.015848931924611172	0.0009151913076850025
44.51321520124173	0.015848931924611172	0.00038355453195886713
50.941782491215115	0.015848931924611172	0.00014481215548854803
58.29875895619149	0.015848931924611172	0.00006200753974577519
66.71822479745835	0.015848931924611172	0.00002253807553257809
76.35362398484546	0.015848931924611172	4.201750996649552e-6
87.38056075858388	0.015848931924611172	4.7478592637074994e-7
100.00000000000031	0.015848931924611172	3.395038357470367e-8
111.55639876771902	0.015848931924611172	5.2962881847521215e-9
138.21730389017998	0.015848931924611172	6.682713782475324e-10
171.24990861750976	0.015848931924611172	1.0728540081722078e-10
212.17698780180757	0.015848931924611172	1.966863955099956e-11
262.885244821937	0.015848931924611172	2.85055831241518e-12
325.7122869971341	0.015848931924611172	1.5383109323206534e-13
403.5543872869759	0.015848931924611172	2.2732444438161105e-15
499.9999999999984	0.015848931924611172	1.824585498680377e-18
1000	0.015848931924611172	0
2000	0.015848931924611172	0
1.	0.01819700858609988	0.15786309589616226
1.9999999999999998	0.01819700858609988	0.18110208836421635
2.288838595949997	0.01819700858609988	0.18785305423233678
2.6193910591551774	0.01819700858609988	0.19416609985268907
2.9976816770403563	0.01819700858609988	0.19922709316832155
3.4306047603910415	0.01819700858609988	0.20145706435793528
3.926050291516404	0.01819700858609988	0.19928008350029916
4.493047718431742	0.01819700858609988	0.19187011981849028
5.141930515695824	0.01819700858609988	0.18011808116709183
5.884524511008838	0.01819700858609988	0.16776403537063536
6.734363409805407	0.01819700858609988	0.15836605804698606
7.706935445758021	0.01819700858609988	0.15239210100692413
8.819965652373028	0.01819700858609988	0.14169811286214223
10.093738900052346	0.01819700858609988	0.12150753044626075
11.551469585940843	0.01819700858609988	0.10147147097206413
13.219724714121972	0.01819700858609988	0.0868713501436681
15.128908076758211	0.01819700858609988	0.06411846459134647
17.313814360331925	0.01819700858609988	0.044480246246870844
19.814263275520517	0.01819700858609988	0.03087101755591671
22.675825267662994	0.01819700858609988	0.017984350625001196
25.950652033822625	0.01819700858609988	0.010244019327309183
29.698426982540767	0.01819700858609988	0.005116915594455515
33.98745295832107	0.01819700858609988	0.0023567917360120152
38.895897054520105	0.01819700858609988	0.0011141913923820774
44.51321520124173	0.01819700858609988	0.0004642025919177694
50.941782491215115	0.01819700858609988	0.00018197387294434516
58.29875895619149	0.01819700858609988	0.00007508423810443646
66.71822479745835	0.01819700858609988	0.000029288481207517943
76.35362398484546	0.01819700858609988	5.466099882243391e-6
87.38056075858388	0.01819700858609988	6.191915509543058e-7
100.00000000000031	0.01819700858609988	4.44327578356781e-8
111.55639876771902	0.01819700858609988	6.870391874008861e-9
138.21730389017998	0.01819700858609988	8.616166458820467e-10
171.24990861750976	0.01819700858609988	1.382794567344905e-10
212.17698780180757	0.01819700858609988	2.533940382726195e-11
262.885244821937	0.01819700858609988	3.672615408721802e-12
325.7122869971341	0.01819700858609988	1.9826305041330154e-13
403.5543872869759	0.01819700858609988	2.9312979457535473e-15
499.9999999999984	0.01819700858609988	2.35491115386964e-18
1000	0.01819700858609988	0
2000	0.01819700858609988	0
1.	0.02089296130854045	0.18797356786404362
1.9999999999999998	0.02089296130854045	0.2088476018051793
2.288838595949997	0.02089296130854045	0.21518557692330087
2.6193910591551774	0.02089296130854045	0.2210696270455934
2.9976816770403563	0.02089296130854045	0.22576862862930386
3.4306047603910415	0.02089296130854045	0.22823260094854228
3.926050291516404	0.02089296130854045	0.22669460318017914
4.493047718431742	0.02089296130854045	0.2201296208456921
5.141930515695824	0.02089296130854045	0.20829758601818443
5.884524511008838	0.02089296130854045	0.19453355548612916
6.734363409805407	0.02089296130854045	0.18316861653745115
7.706935445758021	0.02089296130854045	0.17532370762815577
8.819965652373028	0.02089296130854045	0.1640197238020725
10.093738900052346	0.02089296130854045	0.14195306988993656
11.551469585940843	0.02089296130854045	0.1180942592258241
13.219724714121972	0.02089296130854045	0.10089947369350159
15.128908076758211	0.02089296130854045	0.07579464499751562
17.313814360331925	0.02089296130854045	0.05214349972247326
19.814263275520517	0.02089296130854045	0.03642085127195646
22.675825267662994	0.02089296130854045	0.021233283009598605
25.950652033822625	0.02089296130854045	0.012113906735176845
29.698426982540767	0.02089296130854045	0.006045876349884933
33.98745295832107	0.02089296130854045	0.002816228828882727
38.895897054520105	0.02089296130854045	0.001317257985150916
44.51321520124173	0.02089296130854045	0.0005456160491129213
50.941782491215115	0.02089296130854045	0.00021471343137736054
58.29875895619149	0.02089296130854045	0.00008820321750614509
66.71822479745835	0.02089296130854045	0.000034339468868413554
76.35362398484546	0.02089296130854045	6.4170891483195855e-6
87.38056075858388	0.02089296130854045	7.289356979888568e-7
100.00000000000031	0.02089296130854045	5.2524730566252155e-8
111.55639876771902	0.02089296130854045	8.043240346269759e-9
138.21730389017998	0.02089296130854045	1.0015131197335472e-9
171.24990861750976	0.02089296130854045	1.6066625494049497e-10
212.17698780180757	0.02089296130854045	2.942651353567001e-11
262.885244821937	0.02089296130854045	4.265245191355234e-12
325.7122869971341	0.02089296130854045	2.3034857171837373e-13
403.5543872869759	0.02089296130854045	3.407615218197493e-15
499.9999999999984	0.02089296130854045	2.7404457903184987e-18
1000	0.02089296130854045	0
2000	0.02089296130854045	0
1.	0.023988329190194974	0.22630638512330958
1.9999999999999998	0.023988329190194974	0.2406933042383799
2.288838595949997	0.023988329190194974	0.24534726081924105
2.6193910591551774	0.023988329190194974	0.25019227691778706
2.9976816770403563	0.023988329190194974	0.2540692692599501
3.4306047603910415	0.023988329190194974	0.25732225117592294
3.926050291516404	0.023988329190194974	0.2569952600165975
4.493047718431742	0.023988329190194974	0.2510503026417463
5.141930515695824	0.023988329190194974	0.24027228076357024
5.884524511008838	0.023988329190194974	0.22546322128336832
6.734363409805407	0.023988329190194974	0.2119952317706758
7.706935445758021	0.023988329190194974	0.20157929390148946
8.819965652373028	0.023988329190194974	0.18926428312027455
10.093738900052346	0.023988329190194974	0.16585847211713156
11.551469585940843	0.023988329190194974	0.13752677912325115
13.219724714121972	0.023988329190194974	0.11716279778583122
15.128908076758211	0.023988329190194974	0.08976683035050179
17.313814360331925	0.023988329190194974	0.06126958529405947
19.814263275520517	0.023988329190194974	0.043004931930491555
22.675825267662994	0.023988329190194974	0.025112355171021908
25.950652033822625	0.023988329190194974	0.014344079710981521
29.698426982540767	0.023988329190194974	0.007160507278147785
33.98745295832107	0.023988329190194974	0.003379257137994887
38.895897054520105	0.023988329190194974	0.0015608234949137396
44.51321520124173	0.023988329190194974	0.0006421610228280364
50.941782491215115	0.023988329190194974	0.00025382244081096034
58.29875895619149	0.023988329190194974	0.00010365998780269705
66.71822479745835	0.023988329190194974	0.00004023866967640205
76.35362398484546	0.023988329190194974	7.5331425083636825e-6
87.38056075858388	0.023988329190194974	8.584493370559806e-7
100.00000000000031	0.023988329190194974	6.213771370270792e-8
111.55639876771902	0.023988329190194974	9.416099212365563e-9
138.21730389017998	0.023988329190194974	1.1626128011403622e-9
171.24990861750976	0.023988329190194974	1.8642023761040554e-10
212.17698780180757	0.023988329190194974	3.412314234867762e-11
262.885244821937	0.023988329190194974	4.946354389938506e-12
325.7122869971341	0.023988329190194974	2.672556635616235e-13
403.5543872869759	0.023988329190194974	3.956179731464802e-15
499.9999999999984	0.023988329190194974	3.185445283874917e-18
1000	0.023988329190194974	0
2000	0.023988329190194974	0
1.	0.027542287033381744	0.2731958289238239
1.9999999999999998	0.027542287033381744	0.2777348648538342
2.288838595949997	0.027542287033381744	0.279856863776651
2.6193910591551774	0.027542287033381744	0.28258588946106633
2.9976816770403563	0.027542287033381744	0.2853178974867562
3.4306047603910415	0.027542287033381744	0.28828589412959427
3.926050291516404	0.027542287033381744	0.28902488106278135
4.493047718431742	0.027542287033381744	0.28498489244629666
5.141930515695824	0.027542287033381744	0.27570786057489843
5.884524511008838	0.027542287033381744	0.26110878263472176
6.734363409805407	0.027542287033381744	0.24465983441857062
7.706935445758021	0.027542287033381744	0.23142395309115782
8.819965652373028	0.027542287033381744	0.21787794851529707
10.093738900052346	0.027542287033381744	0.19363701217813906
11.551469585940843	0.027542287033381744	0.16041760957200152
13.219724714121972	0.027542287033381744	0.13572055128911234
15.128908076758211	0.027542287033381744	0.1062878138992688
17.313814360331925	0.027542287033381744	0.07225033650103803
19.814263275520517	0.027542287033381744	0.0507574873837629
22.675825267662994	0.027542287033381744	0.029770084639919203
25.950652033822625	0.027542287033381744	0.01702127696331683
29.698426982540767	0.027542287033381744	0.008507837159591379
33.98745295832107	0.027542287033381744	0.004069056167473404
38.895897054520105	0.027542287033381744	0.0018534802617580903
44.51321520124173	0.027542287033381744	0.0007567425030291439
50.941782491215115	0.027542287033381744	0.0003004700725060139
58.29875895619149	0.027542287033381744	0.00012193092938582745
66.71822479745835	0.027542287033381744	0.000047113554562604105
76.35362398484546	0.027542287033381744	8.84394043705346e-6
87.38056075858388	0.027542287033381744	1.0116519173725553e-6
100.00000000000031	0.027542287033381744	7.356226279954142e-8
111.55639876771902	0.027542287033381744	1.1023372242860403e-8
138.21730389017998	0.027542287033381744	1.3476074046082803e-9
171.24990861750976	0.027542287033381744	2.1595909493722182e-10
212.17698780180757	0.027542287033381744	3.95030463283786e-11
262.885244821937	0.027542287033381744	5.726662509079964e-12
325.7122869971341	0.027542287033381744	3.095809397098051e-13
403.5543872869759	0.027542287033381744	4.5861704892166785e-15
499.9999999999984	0.027542287033381744	3.697780979384702e-18
1000	0.027542287033381744	0
2000	0.027542287033381744	0
1.	0.03162277660168389	0.32953967691343633
1.9999999999999998	0.03162277660168389	0.3204077553053931
2.288838595949997	0.03162277660168389	0.3190757815859963
2.6193910591551774	0.03162277660168389	0.31855479547486826
2.9976816770403563	0.03162277660168389	0.3191718141495448
3.4306047603910415	0.03162277660168389	0.32130782813284664
3.926050291516404	0.03162277660168389	0.32312780398457075
4.493047718431742	0.03162277660168389	0.3222277900635927
5.141930515695824	0.03162277660168389	0.31549676220927275
5.884524511008838	0.03162277660168389	0.3016246653239281
6.734363409805407	0.03162277660168389	0.28234272385528925
7.706935445758021	0.03162277660168389	0.26521088648218816
8.819965652373028	0.03162277660168389	0.2504768706242312
10.093738900052346	0.03162277660168389	0.2257887921408865
11.551469585940843	0.03162277660168389	0.187434645299723
13.219724714121972	0.03162277660168389	0.15711947309453844
15.128908076758211	0.03162277660168389	0.1258947383225136
17.313814360331925	0.03162277660168389	0.08552077698080379
19.814263275520517	0.03162277660168389	0.05993812309318881
22.675825267662994	0.03162277660168389	0.035448249995698435
25.950652033822625	0.03162277660168389	0.020226804566624113
29.698426982540767	0.03162277660168389	0.01014065776319386
33.98745295832107	0.03162277660168389	0.004915172460940734
38.895897054520105	0.03162277660168389	0.0022014596330579873
44.51321520124173	0.03162277660168389	0.0008940659427418046
50.941782491215115	0.03162277660168389	0.00035706313806137035
58.29875895619149	0.03162277660168389	0.0001435360673531219
66.71822479745835	0.03162277660168389	0.0000551433936185566
76.35362398484546	0.03162277660168389	0.000010391602713676455
87.38056075858388	0.03162277660168389	1.1941913838795746e-6
100.00000000000031	0.03162277660168389	8.719904224170181e-8
111.55639876771902	0.03162277660168389	1.2913336911332523e-8
138.21730389017998	0.03162277660168389	1.5603036485753824e-9
171.24990861750976	0.03162277660168389	2.49871178340966e-10
212.17698780180757	0.03162277660168389	4.567037939463558e-11
262.885244821937	0.03162277660168389	6.621348137273993e-12
325.7122869971341	0.03162277660168389	3.5816487411358444e-13
403.5543872869759	0.03162277660168389	5.310428861637676e-15
499.9999999999984	0.03162277660168389	4.288532236050701e-18
1000	0.03162277660168389	0
2000	0.03162277660168389	0
1.	0.03630780547701025	0.3962880750058485
1.9999999999999998	0.03630780547701025	0.3693700568299251
2.288838595949997	0.03630780547701025	0.3631480817569974
2.6193910591551774	0.03630780547701025	0.35858603807903894
2.9976816770403563	0.03630780547701025	0.3557270426748726
3.4306047603910415	0.03630780547701025	0.35594707173817064
3.926050291516404	0.03630780547701025	0.3592480414786372
4.493047718431742	0.03630780547701025	0.3621060315644486
5.141930515695824	0.03630780547701025	0.3600210395122302
5.884524511008838	0.03630780547701025	0.3476769369468218
6.734363409805407	0.03630780547701025	0.3260659805036866
7.706935445758021	0.03630780547701025	0.3061891354646194
8.819965652373028	0.03630780547701025	0.286922116939284
10.093738900052346	0.03630780547701025	0.2625288900276849
11.551469585940843	0.03630780547701025	0.219317940428218
13.219724714121972	0.03630780547701025	0.18174260441401252
15.128908076758211	0.03630780547701025	0.1488888527413427
17.313814360331925	0.03630780547701025	0.101684843095813
19.814263275520517	0.03630780547701025	0.07080206674413488
22.675825267662994	0.03630780547701025	0.04237466773885084
25.950652033822625	0.03630780547701025	0.02409687254536647
29.698426982540767	0.03630780547701025	0.012131763607595082
33.98745295832107	0.03630780547701025	0.005946249130425478
38.895897054520105	0.03630780547701025	0.002620832514312933
44.51321520124173	0.03630780547701025	0.0010602487094671586
50.941782491215115	0.03630780547701025	0.0004262308152756734
58.29875895619149	0.03630780547701025	0.00016922246554998332
66.71822479745835	0.03630780547701025	0.00006456350319589475
76.35362398484546	0.03630780547701025	0.000012231607413393409
87.38056075858388	0.03630780547701025	1.4136173869235013e-6
100.00000000000031	0.03630780547701025	1.0356941047663434e-7
111.55639876771902	0.03630780547701025	1.5148475863236767e-8
138.21730389017998	0.03630780547701025	1.8054117948298203e-9
171.24990861750976	0.03630780547701025	2.8888435363919654e-10
212.17698780180757	0.03630780547701025	5.275347820408154e-11
262.885244821937	0.03630780547701025	7.6490888916114e-12
325.7122869971341	0.03630780547701025	4.140467349351958e-13
403.5543872869759	0.03630780547701025	6.1450291634744256e-15
499.9999999999984	0.03630780547701025	4.971510413687263e-18
1000	0.03630780547701025	0
2000	0.03630780547701025	0
1.	0.04168693834703368	0.4699502401392558
1.9999999999999998	0.04168693834703368	0.4251815215190984
2.288838595949997	0.04168693834703368	0.4137366502556556
2.6193910591551774	0.04168693834703368	0.40384363919968796
2.9976816770403563	0.04168693834703368	0.3967997005633985
3.4306047603910415	0.04168693834703368	0.3952511576532205
3.926050291516404	0.04168693834703368	0.3985412802545523
4.493047718431742	0.04168693834703368	0.4044003965951586
5.141930515695824	0.04168693834703368	0.4072458573253235
5.884524511008838	0.04168693834703368	0.39841309749169873
6.734363409805407	0.04168693834703368	0.3753601303795907
7.706935445758021	0.04168693834703368	0.347819322373222
8.819965652373028	0.04168693834703368	0.3278572713886223
10.093738900052346	0.04168693834703368	0.30488494939888344
11.551469585940843	0.04168693834703368	0.25749919862913234
13.219724714121972	0.04168693834703368	0.21091269623899028
15.128908076758211	0.04168693834703368	0.17563899367724983
17.313814360331925	0.04168693834703368	0.12177793359894609
19.814263275520517	0.04168693834703368	0.08373095440090846
22.675825267662994	0.04168693834703368	0.050983294914189445
25.950652033822625	0.04168693834703368	0.0288422600642932
29.698426982540767	0.04168693834703368	0.014607772420869641
33.98745295832107	0.04168693834703368	0.00721146061255731
38.895897054520105	0.04168693834703368	0.003130366298207414
44.51321520124173	0.04168693834703368	0.0012652097921941562
50.941782491215115	0.04168693834703368	0.0005131207056921232
58.29875895619149	0.04168693834703368	0.00020038897895388832
66.71822479745835	0.04168693834703368	0.0000757993173087071
76.35362398484546	0.04168693834703368	0.000014456483091347634
87.38056075858388	0.04168693834703368	1.6822556415734857e-6
100.00000000000031	0.04168693834703368	1.2354051923677134e-7
111.55639876771902	0.04168693834703368	1.7834800160396362e-8
138.21730389017998	0.04168693834703368	2.091706496971537e-9
171.24990861750976	0.04168693834703368	3.343661753169073e-10
212.17698780180757	0.04168693834703368	6.099609735977369e-11
262.885244821937	0.04168693834703368	8.845260953915949e-12
325.7122869971341	0.04168693834703368	4.791804426172358e-13
403.5543872869759	0.04168693834703368	7.119735543990256e-15
499.9999999999984	0.04168693834703368	5.7719842092885944e-18
1000	0.04168693834703368	0
2000	0.04168693834703368	0
1.	0.047863009232264	0.02545526517056823
1.9999999999999998	0.047863009232264	0.026005160827586526
2.288838595949997	0.047863009232264	0.026333959763348853
2.6193910591551774	0.047863009232264	0.026796939049413274
2.9976816770403563	0.047863009232264	0.027426097625918827
3.4306047603910415	0.047863009232264	0.09343900556772025
3.926050291516404	0.047863009232264	0.2821362621611583
4.493047718431742	0.047863009232264	0.3110150817860071
5.141930515695824	0.047863009232264	0.3852551485343261
5.884524511008838	0.047863009232264	0.4338229609616147
6.734363409805407	0.047863009232264	0.41190996590233603
7.706935445758021	0.047863009232264	0.3789692319682152
8.819965652373028	0.047863009232264	0.35900814180083035
10.093738900052346	0.047863009232264	0.3393357787461488
11.551469585940843	0.047863009232264	0.291317063950086
13.219724714121972	0.047863009232264	0.23553067508900916
15.128908076758211	0.047863009232264	0.2066878101929363
17.313814360331925	0.047863009232264	0.14627576002984755
19.814263275520517	0.047863009232264	0.09912801059946068
22.675825267662994	0.047863009232264	0.06157250516865443
25.950652033822625	0.047863009232264	0.034602702170990735
29.698426982540767	0.047863009232264	0.017660047754754098
33.98745295832107	0.047863009232264	0.008739979691821005
38.895897054520105	0.047863009232264	0.0037503137584089592
44.51321520124173	0.047863009232264	0.0015181681972273146
50.941782491215115	0.047863009232264	0.0006189855849718705
58.29875895619149	0.047863009232264	0.00023811917202085127
66.71822479745835	0.047863009232264	0.00008936887864605887
76.35362398484546	0.047863009232264	0.000017175046757829343
87.38056075858388	0.047863009232264	2.0148178197938923e-6
100.00000000000031	0.047863009232264	1.4819398534576375e-7
111.55639876771902	0.047863009232264	2.109740896875217e-8
138.21730389017998	0.047863009232264	2.428430665516248e-9
171.24990861750976	0.047863009232264	3.8774441342440376e-10
212.17698780180757	0.047863009232264	7.06495334747124e-11
262.885244821937	0.047863009232264	1.0246544949731317e-11
325.7122869971341	0.047863009232264	5.556033038261308e-13
403.5543872869759	0.047863009232264	8.265916436903692e-15
499.9999999999984	0.047863009232264	6.717110196466635e-18
1000	0.047863009232264	0
2000	0.047863009232264	0
1.	0.05495408738576265	0.15231877432396307
1.9999999999999998	0.05495408738576265	0.4567632337294196
2.288838595949997	0.05495408738576265	0.45750222940744956
2.6193910591551774	0.05495408738576265	0.4394752775946233
2.9976816770403563	0.05495408738576265	0.4436553682885289
3.4306047603910415	0.05495408738576265	0.4717193306557382
3.926050291516404	0.05495408738576265	0.4720916574617457
4.493047718431742	0.05495408738576265	0.46308876570531415
5.141930515695824	0.05495408738576265	0.4734348568487693
5.884524511008838	0.05495408738576265	0.49317779487216235
6.734363409805407	0.05495408738576265	0.47442476341027684
7.706935445758021	0.05495408738576265	0.4386620612783658
8.819965652373028	0.05495408738576265	0.40803503241931677
10.093738900052346	0.05495408738576265	0.3855296763226843
11.551469585940843	0.05495408738576265	0.3390058858381315
13.219724714121972	0.05495408738576265	0.2727474118760885
15.128908076758211	0.05495408738576265	0.23242872319653554
17.313814360331925	0.05495408738576265	0.16993563124504454
19.814263275520517	0.05495408738576265	0.11305581062696315
22.675825267662994	0.05495408738576265	0.07175733755700295
25.950652033822625	0.05495408738576265	0.04009145404440743
29.698426982540767	0.05495408738576265	0.02063362886100366
33.98745295832107	0.05495408738576265	0.010166512264849008
38.895897054520105	0.05495408738576265	0.004337292453818757
44.51321520124173	0.05495408738576265	0.0017666170912486788
50.941782491215115	0.05495408738576265	0.0007234186554712734
58.29875895619149	0.05495408738576265	0.00027438444059422166
66.71822479745835	0.05495408738576265	0.00010223347009192076
76.35362398484546	0.05495408738576265	0.00001980105482535616
87.38056075858388	0.05495408738576265	2.344128171863482e-6
100.00000000000031	0.05495408738576265	1.7270335213882504e-7
111.55639876771902	0.05495408738576265	2.4215312058466862e-8
138.21730389017998	0.05495408738576265	2.7271072850257285e-9
171.24990861750976	0.05495408738576265	4.3484738085169976e-10
212.17698780180757	0.05495408738576265	7.9123937285016e-11
262.885244821937	0.05495408738576265	1.1477428486299975e-11
325.7122869971341	0.05495408738576265	6.229989324583974e-13
403.5543872869759	0.05495408738576265	9.282336684888385e-15
499.9999999999984	0.05495408738576265	7.563536659169102e-18
1000	0.05495408738576265	0
2000	0.05495408738576265	0
1.	0.06309573444801955	0.6839960437680258
1.9999999999999998	0.06309573444801955	0.6219261507467062
2.288838595949997	0.06309573444801955	0.6088373284884588
2.6193910591551774	0.06309573444801955	0.5851951433976751
2.9976816770403563	0.06309573444801955	0.5682792591385786
3.4306047603910415	0.06309573444801955	0.5557911363071194
3.926050291516404	0.06309573444801955	0.5496352885747785
4.493047718431742	0.06309573444801955	0.555085229703623
5.141930515695824	0.06309573444801955	0.5654572289929615
5.884524511008838	0.06309573444801955	0.5706951581326043
6.734363409805407	0.06309573444801955	0.5571741367494268
7.706935445758021	0.06309573444801955	0.52122945313569
8.819965652373028	0.06309573444801955	0.48455140966144333
10.093738900052346	0.06309573444801955	0.4602159489086482
11.551469585940843	0.06309573444801955	0.4152581172391154
13.219724714121972	0.06309573444801955	0.3366104478531254
15.128908076758211	0.06309573444801955	0.2808379206911882
17.313814360331925	0.06309573444801955	0.21351274583201302
19.814263275520517	0.06309573444801955	0.1405031787876656
22.675825267662994	0.06309573444801955	0.09115766268789212
25.950652033822625	0.06309573444801955	0.050635935554055114
29.698426982540767	0.06309573444801955	0.02624403756652631
33.98745295832107	0.06309573444801955	0.012732757929958859
38.895897054520105	0.06309573444801955	0.00545456898971009
44.51321520124173	0.06309573444801955	0.0022440488242304567
50.941782491215115	0.06309573444801955	0.0009173793741869692
58.29875895619149	0.06309573444801955	0.00034301348323731743
66.71822479745835	0.06309573444801955	0.00012726346789834978
76.35362398484546	0.06309573444801955	0.000024822187839731075
87.38056075858388	0.06309573444801955	2.9673645270960585e-6
100.00000000000031	0.06309573444801955	2.1934648990531033e-7
111.55639876771902	0.06309573444801955	3.0238309137419394e-8
138.21730389017998	0.06309573444801955	3.3196187935357504e-9
171.24990861750976	0.06309573444801955	5.285007019232512e-10
212.17698780180757	0.06309573444801955	9.601463730792392e-11
262.885244821937	0.06309573444801955	1.392996893058305e-11
325.7122869971341	0.06309573444801955	7.570371557690438e-13
403.5543872869759	0.06309573444801955	1.1298517332048855e-14
499.9999999999984	0.06309573444801955	9.234884336314449e-18
1000	0.06309573444801955	0
2000	0.06309573444801955	0
1.	0.07244359600749928	0.6958729949273172
1.9999999999999998	0.07244359600749928	0.662832982528565
2.288838595949997	0.07244359600749928	0.6807108823977003
2.6193910591551774	0.07244359600749928	0.6369600192364424
2.9976816770403563	0.07244359600749928	0.6517267981854074
3.4306047603910415	0.07244359600749928	0.6088301536864748
3.926050291516404	0.07244359600749928	0.6271829649182231
4.493047718431742	0.07244359600749928	0.6233689861830641
5.141930515695824	0.07244359600749928	0.6266099783759878
5.884524511008838	0.07244359600749928	0.6330819489266771
6.734363409805407	0.07244359600749928	0.6284798645001808
7.706935445758021	0.07244359600749928	0.5985181072910343
8.819965652373028	0.07244359600749928	0.5568401319244651
10.093738900052346	0.07244359600749928	0.5005470047495674
11.551469585940843	0.07244359600749928	0.4638967438964081
13.219724714121972	0.07244359600749928	0.3826932574570051
15.128908076758211	0.07244359600749928	0.3268517270249718
17.313814360331925	0.07244359600749928	0.2583234701605899
19.814263275520517	0.07244359600749928	0.16939929370159587
22.675825267662994	0.07244359600749928	0.1116026088774008
25.950652033822625	0.07244359600749928	0.06204272102867824
29.698426982540767	0.07244359600749928	0.032367790486079864
33.98745295832107	0.07244359600749928	0.01537568523920597
38.895897054520105	0.07244359600749928	0.006708864665047125
44.51321520124173	0.07244359600749928	0.0027762758653034295
50.941782491215115	0.07244359600749928	0.0011238544123336421
58.29875895619149	0.07244359600749928	0.00041870290162450836
66.71822479745835	0.07244359600749928	0.00015530321225311607
76.35362398484546	0.07244359600749928	0.00003046078443616031
87.38056075858388	0.07244359600749928	3.677970889546168e-6
100.00000000000031	0.07244359600749928	2.7370246568006467e-7
111.55639876771902	0.07244359600749928	3.702100765267368e-8
138.21730389017998	0.07244359600749928	3.9442361151842605e-9
171.24990861750976	0.07244359600749928	6.268256316547071e-10
212.17698780180757	0.07244359600749928	1.13673497065758e-10
262.885244821937	0.07244359600749928	1.6495243447852494e-11
325.7122869971341	0.07244359600749928	8.976854674825298e-13
403.5543872869759	0.07244359600749928	1.3423661049251882e-14
499.9999999999984	0.07244359600749928	1.1010705850251254e-17
1000	0.07244359600749928	0
2000	0.07244359600749928	0
1.	0.08317637711026743	0.6236831539588732
1.9999999999999998	0.08317637711026743	0.7265498641114071
2.288838595949997	0.08317637711026743	0.7250719125761009
2.6193910591551774	0.08317637711026743	0.722095797751767
2.9976816770403563	0.08317637711026743	0.7147098206398822
3.4306047603910415	0.08317637711026743	0.7030836529892924
3.926050291516404	0.08317637711026743	0.6878888628486374
4.493047718431742	0.08317637711026743	0.672942954415599
5.141930515695824	0.08317637711026743	0.6640169416144504
5.884524511008838	0.08317637711026743	0.694820885973797
6.734363409805407	0.08317637711026743	0.698144787197293
7.706935445758021	0.08317637711026743	0.6798249123834749
8.819965652373028	0.08317637711026743	0.6355140052967573
10.093738900052346	0.08317637711026743	0.5925238790246241
11.551469585940843	0.08317637711026743	0.5578675226584252
13.219724714121972	0.08317637711026743	0.4770795505957608
15.128908076758211	0.08317637711026743	0.3806626225962689
17.313814360331925	0.08317637711026743	0.30961329676698457
19.814263275520517	0.08317637711026743	0.20621144017046603
22.675825267662994	0.08317637711026743	0.13631248630254084
25.950652033822625	0.08317637711026743	0.07656454415399164
29.698426982540767	0.08317637711026743	0.0400691486909683
33.98745295832107	0.08317637711026743	0.018628528221722576
38.895897054520105	0.08317637711026743	0.008243392959198095
44.51321520124173	0.08317637711026743	0.0034542536445241376
50.941782491215115	0.08317637711026743	0.0013780151127791413
58.29875895619149	0.08317637711026743	0.0005150366089990582
66.71822479745835	0.08317637711026743	0.00019185697020534696
76.35362398484546	0.08317637711026743	0.000037796211510996796
87.38056075858388	0.08317637711026743	4.609884574886233e-6
100.00000000000031	0.08317637711026743	3.468767094389781e-7
111.55639876771902	0.08317637711026743	4.5944803497168105e-8
138.21730389017998	0.08317637711026743	4.724995027528298e-9
171.24990861750976	0.08317637711026743	7.493907627692146e-10
212.17698780180757	0.08317637711026743	1.3562077727958746e-10
262.885244821937	0.08317637711026743	1.9684420148162694e-11
325.7122869971341	0.08317637711026743	1.0729382881164114e-12
403.5543872869759	0.08317637711026743	1.6079909965599514e-14
499.9999999999984	0.08317637711026743	1.3242751168473803e-17
1000	0.08317637711026743	0
2000	0.08317637711026743	0
1.	0.09549925860214398	0.1341676444955558
1.9999999999999998	0.09549925860214398	0.3075644075553237
2.288838595949997	0.09549925860214398	0.5084657510862532
2.6193910591551774	0.09549925860214398	0.6252295592740019
2.9976816770403563	0.09549925860214398	0.7087541025935946
3.4306047603910415	0.09549925860214398	0.7300727361252498
3.926050291516404	0.09549925860214398	0.7120459341496235
4.493047718431742	0.09549925860214398	0.7418106488714626
5.141930515695824	0.09549925860214398	0.7462247170825574
5.884524511008838	0.09549925860214398	0.7365108882853209
6.734363409805407	0.09549925860214398	0.7418498447058045
7.706935445758021	0.09549925860214398	0.7394338110615548
8.819965652373028	0.09549925860214398	0.7042719063597243
10.093738900052346	0.09549925860214398	0.6508588618398187
11.551469585940843	0.09549925860214398	0.6155515428660218
13.219724714121972	0.09549925860214398	0.5490022558705462
15.128908076758211	0.09549925860214398	0.4329325405944728
17.313814360331925	0.09549925860214398	0.35615720594385925
19.814263275520517	0.09549925860214398	0.24512050010139144
22.675825267662994	0.09549925860214398	0.1608853867186046
25.950652033822625	0.09549925860214398	0.09209985530792571
29.698426982540767	0.09549925860214398	0.04818830867750437
33.98745295832107	0.09549925860214398	0.022112174297973193
38.895897054520105	0.09549925860214398	0.009964721506714368
44.51321520124173	0.09549925860214398	0.004178451562161374
50.941782491215115	0.09549925860214398	0.001638976039815943
58.29875895619149	0.09549925860214398	0.0006178783510864436
66.71822479745835	0.09549925860214398	0.00023177772873555943
76.35362398484546	0.09549925860214398	0.000045872586462932935
87.38056075858388	0.09549925860214398	5.655069579684025e-6
100.00000000000031	0.09549925860214398	4.3178125911216477e-7
111.55639876771902	0.09549925860214398	5.5934441606488807e-8
138.21730389017998	0.09549925860214398	5.517663202219292e-9
171.24990861750976	0.09549925860214398	8.73138816395541e-10
212.17698780180757	0.09549925860214398	1.5764273325496496e-10
262.885244821937	0.09549925860214398	2.2886556418958337e-11
325.7122869971341	0.09549925860214398	1.2497326625354992e-12
403.5543872869759	0.09549925860214398	1.8777009814886675e-14
499.9999999999984	0.09549925860214398	1.5535217945725726e-17
1000	0.09549925860214398	0
2000	0.09549925860214398	0
1.	0.10964781961431896	0.8011134967938908
1.9999999999999998	0.10964781961431896	0.8789317153696887
2.288838595949997	0.10964781961431896	0.8986439296277962
2.6193910591551774	0.10964781961431896	0.9160293236860567
2.9976816770403563	0.10964781961431896	0.9271822263629305
3.4306047603910415	0.10964781961431896	0.9300733423495702
3.926050291516404	0.10964781961431896	0.9188583498480718
4.493047718431742	0.10964781961431896	0.8927751802501253
5.141930515695824	0.10964781961431896	0.8632924924055679
5.884524511008838	0.10964781961431896	0.84162165470724
6.734363409805407	0.10964781961431896	0.8406437699337599
7.706935445758021	0.10964781961431896	0.8490575629615348
8.819965652373028	0.10964781961431896	0.8282475006700508
10.093738900052346	0.10964781961431896	0.7708961502534841
11.551469585940843	0.10964781961431896	0.7214556813127226
13.219724714121972	0.10964781961431896	0.6695507567130156
15.128908076758211	0.10964781961431896	0.5377332842857356
17.313814360331925	0.10964781961431896	0.4350543110146932
19.814263275520517	0.10964781961431896	0.3161128418023827
22.675825267662994	0.10964781961431896	0.20384580563937457
25.950652033822625	0.10964781961431896	0.12003787133888542
29.698426982540767	0.10964781961431896	0.0626505031648604
33.98745295832107	0.10964781961431896	0.028880384098197678
38.895897054520105	0.10964781961431896	0.013079369771893208
44.51321520124173	0.10964781961431896	0.005436016064820758
50.941782491215115	0.10964781961431896	0.0020943032963293634
58.29875895619149	0.10964781961431896	0.0007986329238816463
66.71822479745835	0.10964781961431896	0.0003008366534131059
76.35362398484546	0.10964781961431896	0.00005995628123073462
87.38056075858388	0.10964781961431896	7.485567278995116e-6
100.00000000000031	0.10964781961431896	5.802118980459964e-7
111.55639876771902	0.10964781961431896	7.34957707540969e-8
138.21730389017998	0.10964781961431896	6.906558323272462e-9
171.24990861750976	0.10964781961431896	1.0901783002612672e-9
212.17698780180757	0.10964781961431896	1.9629475720913122e-10
262.885244821937	0.10964781961431896	2.8506126575132353e-11
325.7122869971341	0.10964781961431896	1.559810135182925e-12
403.5543872869759	0.10964781961431896	2.35037787905464e-14
499.9999999999984	0.10964781961431896	1.9547911656684083e-17
1000	0.10964781961431896	0
2000	0.10964781961431896	0