1.	0.001	0.164414
1.9999999999999998	0.001	0.10128200000000001
2.288838595949997	0.001	0.09015845407177196
2.6193910591551774	0.001	0.08180708383450726
2.9976816770403563	0.001	0.07603338073371475
3.4306047603910415	0.001	0.07105983454786595
3.926050291516404	0.001	0.06424779467666367
4.493047718431742	0.001	0.053893941663367875
5.141930515695824	0.001	0.04084419079137914
5.884524511008838	0.001	0.02758393986648567
6.734363409805407	0.001	0.016255271374610337
7.706935445758021	0.001	0.008090508232959282
8.819965652373028	0.001	0.003328878599412471
10.093738900052346	0.001	0.001153429141561382
11.551469585940843	0.001	0.00037178530819877636
13.219724714121972	0.001	0.00013904706104070816
15.128908076758211	0.001	0.00006651195639532032
17.313814360331925	0.001	0.000027664492576964174
19.814263275520517	0.001	8.959784718933781e-6
22.675825267662994	0.001	2.5838560003150992e-6
25.950652033822625	0.001	7.694205759191615e-7
29.698426982540767	0.001	2.8324182275509946e-7
33.98745295832107	0.001	9.611215242260572e-8
38.895897054520105	0.001	3.229970914516197e-8
44.51321520124173	0.001	6.526536060013975e-9
50.941782491215115	0.001	1.5293977075627548e-9
58.29875895619149	0.001	2.732294588191119e-10
66.71822479745835	0.001	3.747627706109986e-11
76.35362398484546	0.001	2.8653708766236037e-12
87.38056075858388	0.001	8.756981094132151e-14
100.00000000000031	0.001	9.941890032803296e-16
111.55639876771902	0.001	2.1350592794686925e-17
138.21730389017998	0.001	1.4537046998885784e-19
171.24990861750976	0.001	2.3107536626610955e-20
212.17698780180757	0.001	4.248348498959086e-21
262.885244821937	0.001	6.154986328325414e-22
325.7122869971341	0.001	3.3141957586114546e-23
403.5543872869759	0.001	4.882218148945535e-25
499.9999999999984	0.001	0
1000	0.001	0
2000	0.001	0
1.	0.0011481536214968829	0.19048564403929047
1.9999999999999998	0.0011481536214968829	0.11724339661681814
2.288838595949997	0.0011481536214968829	0.10409640832359286
2.6193910591551774	0.0011481536214968829	0.09409748279966827
2.9976816770403563	0.0011481536214968829	0.087200550507967
3.4306047603910415	0.0011481536214968829	0.08145877976250052
3.926050291516404	0.0011481536214968829	0.07379212709307854
4.493047718431742	0.0011481536214968829	0.06210624944909614
5.141930515695824	0.0011481536214968829	0.047241048177291106
5.884524511008838	0.0011481536214968829	0.031987440517558564
6.734363409805407	0.0011481536214968829	0.018903733498395543
7.706935445758021	0.0011481536214968829	0.009432197999225716
8.819965652373028	0.0011481536214968829	0.0038910058298488037
10.093738900052346	0.0011481536214968829	0.0013467406358128728
11.551469585940843	0.0011481536214968829	0.0004347455912758322
13.219724714121972	0.0011481536214968829	0.0001606084500349104
15.128908076758211	0.0011481536214968829	0.00007683078900195929
17.313814360331925	0.0011481536214968829	0.000032063382534141314
19.814263275520517	0.0011481536214968829	0.00001031565395814881
22.675825267662994	0.0011481536214968829	2.997483718685355e-6
25.950652033822625	0.0011481536214968829	8.893588466606013e-7
29.698426982540767	0.0011481536214968829	3.275847319161819e-7
33.98745295832107	0.0011481536214968829	1.1095775646880888e-7
38.895897054520105	0.0011481536214968829	3.725041767074933e-8
44.51321520124173	0.0011481536214968829	7.535930083056649e-9
50.941782491215115	0.0011481536214968829	1.7649860888872205e-9
58.29875895619149	0.0011481536214968829	3.151195077739228e-10
66.71822479745835	0.0011481536214968829	4.326161429192495e-11
76.35362398484546	0.0011481536214968829	3.3075318093239956e-12
87.38056075858388	0.0011481536214968829	1.0119117471770465e-13
100.00000000000031	0.0011481536214968829	1.1493622148197246e-15
111.55639876771902	0.0011481536214968829	2.468808798130759e-17
138.21730389017998	0.0011481536214968829	1.6755023068344386e-19
171.24990861750976	0.0011481536214968829	2.6632113187284852e-20
212.17698780180757	0.0011481536214968829	4.8962137367989914e-21
262.885244821937	0.0011481536214968829	7.093625851833841e-22
325.7122869971341	0.0011481536214968829	3.819694809130013e-23
403.5543872869759	0.0011481536214968829	5.627061961741554e-25
499.9999999999984	0.0011481536214968829	0
1000	0.0011481536214968829	0
2000	0.0011481536214968829	0
1.	0.0013182567385564075	0.22073641999181964
1.9999999999999998	0.0013182567385564075	0.13587264281527175
2.288838595949997	0.0013182567385564075	0.12027376565282402
2.6193910591551774	0.0013182567385564075	0.10828770475460187
2.9976816770403563	0.0013182567385564075	0.10001172860865806
3.4306047603910415	0.0013182567385564075	0.09336228893378207
3.926050291516404	0.0013182567385564075	0.08474098332495056
4.493047718431742	0.0013182567385564075	0.07161427052087538
5.141930515695824	0.0013182567385564075	0.05469854483008894
5.884524511008838	0.0013182567385564075	0.037152620730583154
6.734363409805407	0.0013182567385564075	0.022036901275867524
7.706935445758021	0.0013182567385564075	0.011012621321314489
8.819965652373028	0.0013182567385564075	0.004557302440078886
10.093738900052346	0.0013182567385564075	0.0015803069116989477
11.551469585940843	0.0013182567385564075	0.0005081839607541289
13.219724714121972	0.0013182567385564075	0.00018571526385405702
15.128908076758211	0.0013182567385564075	0.00008878427978896834
17.313814360331925	0.0013182567385564075	0.00003710955868673867
19.814263275520517	0.0013182567385564075	0.000011938338582290588
22.675825267662994	0.0013182567385564075	3.466452200186198e-6
25.950652033822625	0.0013182567385564075	1.0288230298973467e-6
29.698426982540767	0.0013182567385564075	3.79004440253973e-7
33.98745295832107	0.0013182567385564075	1.2883140118673667e-7
38.895897054520105	0.0013182567385564075	4.320090464810107e-8
44.51321520124173	0.0013182567385564075	8.751988396805069e-9
50.941782491215115	0.0013182567385564075	2.0484161791653716e-9
58.29875895619149	0.0013182567385564075	3.6547580090584184e-10
66.71822479745835	0.0013182567385564075	5.0226376716627387e-11
76.35362398484546	0.0013182567385564075	3.839761335863436e-12
87.38056075858388	0.0013182567385564075	1.176187995794342e-13
100.00000000000031	0.0013182567385564075	1.3367199250798463e-15
111.55639876771902	0.0013182567385564075	2.871822523707414e-17
138.21730389017998	0.0013182567385564075	1.9417753898963467e-19
171.24990861750976	0.0013182567385564075	3.0863103702000327e-20
212.17698780180757	0.0013182567385564075	5.6738715411376994e-21
262.885244821937	0.0013182567385564075	8.220321537946026e-22
325.7122869971341	0.0013182567385564075	4.426498133453073e-23
403.5543872869759	0.0013182567385564075	6.521229996114208e-25
499.9999999999984	0.0013182567385564075	0
1000	0.0013182567385564075	0
2000	0.0013182567385564075	0
1.	0.0015135612484362087	0.25579022568613363
1.9999999999999998	0.0015135612484362087	0.15764914188546553
2.288838595949997	0.0015135612484362087	0.13912721245725446
2.6193910591551774	0.0015135612484362087	0.12470707796876701
2.9976816770403563	0.0015135612484362087	0.11470606404508729
3.4306047603910415	0.0015135612484362087	0.10695599438641405
3.926050291516404	0.0015135612484362087	0.09734527274079982
4.493047718431742	0.0015135612484362087	0.08260392990593145
5.141930515695824	0.0015135612484362087	0.06337744242912252
5.884524511008838	0.0015135612484362087	0.04324264667442403
6.734363409805407	0.0015135612484362087	0.025732779310322366
7.706935445758021	0.0015135612484362087	0.012919972642398673
8.819965652373028	0.0015135612484362087	0.0053509248535718685
10.093738900052346	0.0015135612484362087	0.0018560781719746157
11.551469585940843	0.0015135612484362087	0.0005940929184784942
13.219724714121972	0.0015135612484362087	0.00021676272308896466
15.128908076758211	0.0015135612484362087	0.00010291887059482656
17.313814360331925	0.0015135612484362087	0.00004312257056444077
19.814263275520517	0.0015135612484362087	0.00001390684179462904
22.675825267662994	0.0015135612484362087	4.041631755345947e-6
25.950652033822625	0.0015135612484362087	1.1916128050260593e-6
29.698426982540767	0.0015135612484362087	4.396005659365935e-7
33.98745295832107	0.0015135612484362087	1.492913195538249e-7
38.895897054520105	0.0015135612484362087	4.9995644817205455e-8
44.51321520124173	0.0015135612484362087	1.0145223228041017e-8
50.941782491215115	0.0015135612484362087	2.372509208232697e-9
58.29875895619149	0.0015135612484362087	4.2299540421283103e-10
66.71822479745835	0.0015135612484362087	5.819818853084108e-11
76.35362398484546	0.0015135612484362087	4.448848395622782e-12
87.38056075858388	0.0015135612484362087	1.3646684905226942e-13
100.00000000000031	0.0015135612484362087	1.552031261879276e-15
111.55639876771902	0.0015135612484362087	3.335032227111855e-17
138.21730389017998	0.0015135612484362087	2.2453667138359115e-19
171.24990861750976	0.0015135612484362087	3.5686509382589954e-20
212.17698780180757	0.0015135612484362087	6.5604009767890836e-21
262.885244821937	0.0015135612484362087	9.50474794941032e-22
325.7122869971341	0.0015135612484362087	5.11828604034941e-23
403.5543872869759	0.0015135612484362087	7.540680631789186e-25
499.9999999999984	0.0015135612484362087	0
1000	0.0015135612484362087	0
2000	0.0015135612484362087	0
1.	0.0017378008287493763	0.29632715041160607
1.9999999999999998	0.0017378008287493763	0.1831340962625266
2.288838595949997	0.0017378008287493763	0.16111618979496284
2.6193910591551774	0.0017378008287493763	0.14374103700963356
2.9976816770403563	0.0017378008287493763	0.13160202754209327
3.4306047603910415	0.0017378008287493763	0.12253395389675725
3.926050291516404	0.0017378008287493763	0.11177204478276473
4.493047718431742	0.0017378008287493763	0.09528261374995983
5.141930515695824	0.0017378008287493763	0.07350992201009376
5.884524511008838	0.0017378008287493763	0.05035871962209791
6.734363409805407	0.0017378008287493763	0.030085164523555266
7.706935445758021	0.0017378008287493763	0.015191078404139647
8.819965652373028	0.0017378008287493763	0.006300758453882073
10.093738900052346	0.0017378008287493763	0.002188091583770332
11.551469585940843	0.0017378008287493763	0.0006997924584908076
13.219724714121972	0.0017378008287493763	0.000252108419265083
15.128908076758211	0.0017378008287493763	0.00011937880528813135
17.313814360331925	0.0017378008287493763	0.000050011432129301824
19.814263275520517	0.0017378008287493763	0.00001618780546784189
22.675825267662994	0.0017378008287493763	4.714346824297322e-6
25.950652033822625	0.0017378008287493763	1.3821895227851119e-6
29.698426982540767	0.0017378008287493763	5.100621497347561e-7
33.98745295832107	0.0017378008287493763	1.7362377935688676e-7
38.895897054520105	0.0017378008287493763	5.8057048082140647e-8
44.51321520124173	0.0017378008287493763	1.1803886822029816e-8
50.941782491215115	0.0017378008287493763	2.757503145330859e-9
58.29875895619149	0.0017378008287493763	4.912610376562983e-10
66.71822479745835	0.0017378008287493763	6.767816646776652e-11
76.35362398484546	0.0017378008287493763	5.173043273726682e-12
87.38056075858388	0.0017378008287493763	1.5893256295595315e-13
100.00000000000031	0.0017378008287493763	1.809125472480194e-15
111.55639876771902	0.0017378008287493763	3.8881924113854175e-17
138.21730389017998	0.0017378008287493763	2.604990655648676e-19
171.24990861750976	0.0017378008287493763	4.1399678336884765e-20
212.17698780180757	0.0017378008287493763	7.610332393546875e-21
262.885244821937	0.0017378008287493763	1.1025985656786945e-21
325.7122869971341	0.0017378008287493763	5.937654613103834e-23
403.5543872869759	0.0017378008287493763	8.748278709050524e-25
499.9999999999984	0.0017378008287493763	0
1000	0.0017378008287493763	0
2000	0.0017378008287493763	0
1.	0.0019952623149688807	0.34305442058805075
1.9999999999999998	0.0019952623149688807	0.2130392742315222
2.288838595949997	0.0019952623149688807	0.18682836365431377
2.6193910591551774	0.0019952623149688807	0.16579715982651336
2.9976816770403563	0.0019952623149688807	0.15107113373493486
3.4306047603910415	0.0019952623149688807	0.1403350440821508
3.926050291516404	0.0019952623149688807	0.12831813895474248
4.493047718431742	0.0019952623149688807	0.1100072067101384
5.141930515695824	0.0019952623149688807	0.08534228999911381
5.884524511008838	0.0019952623149688807	0.05881985296144851
6.734363409805407	0.0019952623149688807	0.03528618773699187
7.706935445758021	0.0019952623149688807	0.017881406823042387
8.819965652373028	0.0019952623149688807	0.00745872176928742
10.093738900052346	0.0019952623149688807	0.0025918066531621705
11.551469585940843	0.0019952623149688807	0.000826130020499684
13.219724714121972	0.0019952623149688807	0.0002948043954592494
15.128908076758211	0.0019952623149688807	0.00013855087880889854
17.313814360331925	0.0019952623149688807	0.000058207248403873
19.814263275520517	0.0019952623149688807	0.00001888910225808726
22.675825267662994	0.0019952623149688807	5.501657174296257e-6
25.950652033822625	0.0019952623149688807	1.604909124989385e-6
29.698426982540767	0.0019952623149688807	5.927882972977205e-7
33.98745295832107	0.0019952623149688807	2.0137554869318941e-7
38.895897054520105	0.0019952623149688807	6.722230172506933e-8
44.51321520124173	0.0019952623149688807	1.3698425220863773e-8
50.941782491215115	0.0019952623149688807	3.1959252324227423e-9
58.29875895619149	0.0019952623149688807	5.689207476004023e-10
66.71822479745835	0.0019952623149688807	7.848936696500562e-11
76.35362398484546	0.0019952623149688807	5.998771946736281e-12
87.38056075858388	0.0019952623149688807	1.846306646761008e-13
100.00000000000031	0.0019952623149688807	2.1039237834889375e-15
111.55639876771902	0.0019952623149688807	4.522560759713582e-17
138.21730389017998	0.0019952623149688807	3.0130226551821976e-19
171.24990861750976	0.0019952623149688807	4.7880927803477064e-20
212.17698780180757	0.0019952623149688807	8.801300441662219e-21
262.885244821937	0.0019952623149688807	1.275153071126312e-21
325.7122869971341	0.0019952623149688807	6.867159739008143e-23
403.5543872869759	0.0019952623149688807	1.0118292985333737e-24
499.9999999999984	0.0019952623149688807	0
1000	0.0019952623149688807	0
2000	0.0019952623149688807	0
1.	0.0022908676527677745	0.396760573550282
1.9999999999999998	0.0022908676527677745	0.24805672194655776
2.288838595949997	0.0022908676527677745	0.21699491145701708
2.6193910591551774	0.0022908676527677745	0.19147074570990405
2.9976816770403563	0.0022908676527677745	0.1734587728379424
3.4306047603910415	0.0022908676527677745	0.16070770905949974
3.926050291516404	0.0022908676527677745	0.14726383914149216
4.493047718431742	0.0022908676527677745	0.12699394668311237
5.141930515695824	0.0022908676527677745	0.09918646894473451
5.884524511008838	0.0022908676527677745	0.06876457637652877
6.734363409805407	0.0022908676527677745	0.04151217905060337
7.706935445758021	0.0022908676527677745	0.02111486983907585
8.819965652373028	0.0022908676527677745	0.008870656615853123
10.093738900052346	0.0022908676527677745	0.0030733102358569834
11.551469585940843	0.0022908676527677745	0.0009770015394066182
13.219724714121972	0.0022908676527677745	0.00034819815277311954
15.128908076758211	0.0022908676527677745	0.00016100047678221414
17.313814360331925	0.0022908676527677745	0.00006768356269993958
19.814263275520517	0.0022908676527677745	0.000022054245032992255
22.675825267662994	0.0022908676527677745	6.4262174780698545e-6
25.950652033822625	0.0022908676527677745	1.8666347057806659e-6
29.698426982540767	0.0022908676527677745	6.897963624477558e-7
33.98745295832107	0.0022908676527677745	2.3402873954661642e-7
38.895897054520105	0.0022908676527677745	7.797205458385563e-8
44.51321520124173	0.0022908676527677745	1.593147443216774e-8
50.941782491215115	0.0022908676527677745	3.7109558694833895e-9
58.29875895619149	0.0022908676527677745	6.600758099810885e-10
66.71822479745835	0.0022908676527677745	9.120966238831596e-11
76.35362398484546	0.0022908676527677745	6.9702046188653505e-12
87.38056075858388	0.0022908676527677745	2.149568847852647e-13
100.00000000000031	0.0022908676527677745	2.4527401480990453e-15
111.55639876771902	0.0022908676527677745	5.2732758519468236e-17
138.21730389017998	0.0022908676527677745	3.4905596915988817e-19
171.24990861750976	0.0022908676527677745	5.546513884293924e-20
212.17698780180757	0.0022908676527677745	1.0194830960555663e-20
262.885244821937	0.0022908676527677745	1.4770623466409194e-21
325.7122869971341	0.0022908676527677745	7.954859958275764e-23
403.5543872869759	0.0022908676527677745	1.1721697630741526e-24
499.9999999999984	0.0022908676527677745	0
1000	0.0022908676527677745	0
2000	0.0022908676527677745	0
1.	0.0026302679918953843	0.45799163771875745
1.9999999999999998	0.0026302679918953843	0.2891087571104577
2.288838595949997	0.0026302679918953843	0.2523169698583438
2.6193910591551774	0.0026302679918953843	0.22146776039021743
2.9976816770403563	0.0026302679918953843	0.19927778802770663
3.4306047603910415	0.0026302679918953843	0.1839927173682507
3.926050291516404	0.0026302679918953843	0.16891586046227178
4.493047718431742	0.0026302679918953843	0.146682972971436
5.141930515695824	0.0026302679918953843	0.11549987930050702
5.884524511008838	0.0026302679918953843	0.08068236142019636
6.734363409805407	0.0026302679918953843	0.04901997149311897
7.706935445758021	0.0026302679918953843	0.025036289106391912
8.819965652373028	0.0026302679918953843	0.010562646524722271
10.093738900052346	0.0026302679918953843	0.0036673595410109177
11.551469585940843	0.0026302679918953843	0.0011587112653215325
13.219724714121972	0.0026302679918953843	0.0004069248116421976
15.128908076758211	0.0026302679918953843	0.00018746444360735542
17.313814360331925	0.0026302679918953843	0.0000793078242788692
19.814263275520517	0.0026302679918953843	0.000025862062437403904
22.675825267662994	0.0026302679918953843	7.544971951315807e-6
25.950652033822625	0.0026302679918953843	2.1754968190059705e-6
29.698426982540767	0.0026302679918953843	8.045679830332592e-7
33.98745295832107	0.0026302679918953843	2.7398958291102745e-7
38.895897054520105	0.0026302679918953843	9.108560187128109e-8
44.51321520124173	0.0026302679918953843	1.866945120354752e-8
50.941782491215115	0.0026302679918953843	4.340121028621394e-9
58.29875895619149	0.0026302679918953843	7.713906826563531e-10
66.71822479745835	0.0026302679918953843	1.0677596874019246e-10
76.35362398484546	0.0026302679918953843	8.158906824402597e-12
87.38056075858388	0.0026302679918953843	2.5217198358960146e-13
100.00000000000031	0.0026302679918953843	2.88201227653562e-15
111.55639876771902	0.0026302679918953843	6.197222206514295e-17
138.21730389017998	0.0026302679918953843	4.071934470779799e-19
171.24990861750976	0.0026302679918953843	6.469675415609094e-20
212.17698780180757	0.0026302679918953843	1.1890919196815348e-20
262.885244821937	0.0026302679918953843	1.7228075234542247e-21
325.7122869971341	0.0026302679918953843	9.278827693270925e-23
403.5543872869759	0.0026302679918953843	1.3673601874846274e-24
499.9999999999984	0.0026302679918953843	0
1000	0.0026302679918953843	0
2000	0.0026302679918953843	0
1.	0.003019951720402019	0.5274302977615921
1.9999999999999998	0.003019951720402019	0.3372402167863427
2.288838595949997	0.003019951720402019	0.2938543990699524
2.6193910591551774	0.003019951720402019	0.25660508311342817
2.9976816770403563	0.003019951720402019	0.22931406087975817
3.4306047603910415	0.003019951720402019	0.2106219549427203
3.926050291516404	0.003019951720402019	0.19371509625561753
4.493047718431742	0.003019951720402019	0.16946819801156238
5.141930515695824	0.003019951720402019	0.1345490582142178
5.884524511008838	0.003019951720402019	0.09471946902584324
6.734363409805407	0.003019951720402019	0.05794364299462518
7.706935445758021	0.003019951720402019	0.02982695419174632
8.819965652373028	0.003019951720402019	0.012643476931373505
10.093738900052346	0.003019951720402019	0.004400363061492064
11.551469585940843	0.003019951720402019	0.001386813968528157
13.219724714121972	0.003019951720402019	0.0004788149592598908
15.128908076758211	0.003019951720402019	0.00021866567400227282
17.313814360331925	0.003019951720402019	0.00009233650736300886
19.814263275520517	0.003019951720402019	0.00003042972987023084
22.675825267662994	0.003019951720402019	8.801397740267128e-6
25.950652033822625	0.003019951720402019	2.5410633661302855e-6
29.698426982540767	0.003019951720402019	9.404707043631317e-7
33.98745295832107	0.003019951720402019	3.185140211559275e-7
38.895897054520105	0.003019951720402019	1.0562429695327247e-7
44.51321520124173	0.003019951720402019	2.172945834029168e-8
50.941782491215115	0.003019951720402019	5.039282127134789e-9
58.29875895619149	0.003019951720402019	8.950150551120105e-10
66.71822479745835	0.003019951720402019	1.2412036710166925e-10
76.35362398484546	0.003019951720402019	9.483424086724417e-12
87.38056075858388	0.003019951720402019	2.9381901063358836e-13
100.00000000000031	0.003019951720402019	3.3645458694902264e-15
111.55639876771902	0.003019951720402019	7.23609907623313e-17
138.21730389017998	0.003019951720402019	4.714380916436307e-19
171.24990861750976	0.003019951720402019	7.489587868476221e-20
212.17698780180757	0.003019951720402019	1.3764426217484876e-20
262.885244821937	0.003019951720402019	1.994269968547154e-21
325.7122869971341	0.003019951720402019	1.074147848044451e-22
403.5543872869759	0.003019951720402019	1.583031782798419e-24
499.9999999999984	0.003019951720402019	0
1000	0.003019951720402019	0
2000	0.003019951720402019	0
1.	0.00346736850452532	0.6048677411681009
1.9999999999999998	0.00346736850452532	0.39361881155655326
2.288838595949997	0.00346736850452532	0.342791083505564
2.6193910591551774	0.00346736850452532	0.2980917658181636
2.9976816770403563	0.00346736850452532	0.2639777957107382
3.4306047603910415	0.00346736850452532	0.24115071385566653
3.926050291516404	0.00346736850452532	0.22198989191925106
4.493047718431742	0.00346736850452532	0.19559001892049274
5.141930515695824	0.00346736850452532	0.15688189378542117
5.884524511008838	0.00346736850452532	0.11142471766749201
6.734363409805407	0.00346736850452532	0.06875474792744682
7.706935445758021	0.00346736850452532	0.03568633526404355
8.819965652373028	0.00346736850452532	0.015194971513164282
10.093738900052346	0.00346736850452532	0.00530514000586724
11.551469585940843	0.00346736850452532	0.0016713148651524305
13.219724714121972	0.00346736850452532	0.000563820722531537
15.128908076758211	0.00346736850452532	0.0002553333353701024
17.313814360331925	0.00346736850452532	0.00010869452666322787
19.814263275520517	0.00346736850452532	0.00003579655272592952
22.675825267662994	0.00346736850452532	0.00001037303767143536
25.950652033822625	0.00346736850452532	2.9757568946045906e-6
29.698426982540767	0.00346736850452532	1.1009648676517915e-6
33.98745295832107	0.00346736850452532	3.70420839053221e-7
38.895897054520105	0.00346736850452532	1.224895521948705e-7
44.51321520124173	0.00346736850452532	2.530858217679502e-8
50.941782491215115	0.00346736850452532	5.852048164342301e-9
58.29875895619149	0.00346736850452532	1.0387333185298315e-9
66.71822479745835	0.00346736850452532	1.4434011128993325e-10
76.35362398484546	0.00346736850452532	1.1027840960478172e-11
87.38056075858388	0.00346736850452532	3.425689442433973e-13
100.00000000000031	0.00346736850452532	3.932007118184646e-15
111.55639876771902	0.00346736850452532	8.458088602691927e-17
138.21730389017998	0.00346736850452532	5.457266291456978e-19
171.24990861750976	0.00346736850452532	8.668677679150362e-20
212.17698780180757	0.00346736850452532	1.5929994868448372e-20
262.885244821937	0.00346736850452532	2.3080514143345953e-21
325.7122869971341	0.00346736850452532	1.2432415447529317e-22
403.5543872869759	0.00346736850452532	1.832401093776028e-24
499.9999999999984	0.00346736850452532	0
1000	0.00346736850452532	0
2000	0.00346736850452532	0
1.	0.003981071705534978	0.6902952671323329
1.9999999999999998	0.003981071705534978	0.45932622110275434
2.288838595949997	0.003981071705534978	0.4002784821359646
2.6193910591551774	0.003981071705534978	0.34671304793561797
2.9976816770403563	0.003981071705534978	0.3044750283561368
3.4306047603910415	0.003981071705534978	0.2762689040183743
3.926050291516404	0.003981071705534978	0.25412809148819265
4.493047718431742	0.003981071705534978	0.2256892143061216
5.141930515695824	0.003981071705534978	0.18308405297761485
5.884524511008838	0.003981071705534978	0.13139180558631613
6.734363409805407	0.003981071705534978	0.08177041004065867
7.706935445758021	0.003981071705534978	0.042867007652633626
8.819965652373028	0.003981071705534978	0.018305307657033938
10.093738900052346	0.003981071705534978	0.006439326009993786
11.551469585940843	0.003981071705534978	0.0020136736250046575
13.219724714121972	0.003981071705534978	0.0006689205917299568
15.128908076758211	0.003981071705534978	0.0002989615185165768
17.313814360331925	0.003981071705534978	0.00012781957559782758
19.814263275520517	0.003981071705534978	0.00004229847891181156
22.675825267662994	0.003981071705534978	0.000012305038639170712
25.950652033822625	0.003981071705534978	3.495040842803264e-6
29.698426982540767	0.003981071705534978	1.301715178460024e-6
33.98745295832107	0.003981071705534978	4.3437972591231035e-7
38.895897054520105	0.003981071705534978	1.4317733236741917e-7
44.51321520124173	0.003981071705534978	2.973391580510427e-8
50.941782491215115	0.003981071705534978	6.850878608881617e-9
58.29875895619149	0.003981071705534978	1.215481028964357e-9
66.71822479745835	0.003981071705534978	1.6925507482687247e-10
76.35362398484546	0.003981071705534978	1.2931926020927381e-11
87.38056075858388	0.003981071705534978	4.0285337500695583e-13
100.00000000000031	0.003981071705534978	4.636962349483432e-15
111.55639876771902	0.003981071705534978	9.976714405600023e-17
138.21730389017998	0.003981071705534978	6.365964969153752e-19
171.24990861750976	0.003981071705534978	1.0110535743751124e-19
212.17698780180757	0.003981071705534978	1.8577877530065094e-20
262.885244821937	0.003981071705534978	2.691728938034147e-21
325.7122869971341	0.003981071705534978	1.4500163744654762e-22
403.5543872869759	0.003981071705534978	2.1374019375319285e-24
499.9999999999984	0.003981071705534978	0
1000	0.003981071705534978	0
2000	0.003981071705534978	0
1.	0.0045708818961487565	0.782675273736019
1.9999999999999998	0.0045708818961487565	0.5357882445849614
2.288838595949997	0.0045708818961487565	0.46774955146055414
2.6193910591551774	0.0045708818961487565	0.4041870439106139
2.9976816770403563	0.0045708818961487565	0.35206701952236097
3.4306047603910415	0.0045708818961487565	0.31664488254284395
3.926050291516404	0.0045708818961487565	0.2908231008759383
4.493047718431742	0.0045708818961487565	0.2602262334607837
5.141930515695824	0.0045708818961487565	0.21381905915081148
5.884524511008838	0.0045708818961487565	0.15524677467537376
6.734363409805407	0.0045708818961487565	0.09782849230931687
7.706935445758021	0.0045708818961487565	0.051678747045804656
8.819965652373028	0.0045708818961487565	0.022357129146363806
10.093738900052346	0.0045708818961487565	0.007860650941812748
11.551469585940843	0.0045708818961487565	0.002459214249183373
13.219724714121972	0.0045708818961487565	0.000800612616702688
15.128908076758211	0.0045708818961487565	0.00035123743448700726
17.313814360331925	0.0045708818961487565	0.00015090450004355733
19.814263275520517	0.0045708818961487565	0.00005020080621542783
22.675825267662994	0.0045708818961487565	0.000014592526505224339
25.950652033822625	0.0045708818961487565	4.118695523548575e-6
29.698426982540767	0.0045708818961487565	1.5212843879800717e-6
33.98745295832107	0.0045708818961487565	5.080583655742786e-7
38.895897054520105	0.0045708818961487565	1.668500970086292e-7
44.51321520124173	0.0045708818961487565	3.4856593900346735e-8
50.941782491215115	0.0045708818961487565	7.996997085817679e-9
58.29875895619149	0.0045708818961487565	1.4185248653954608e-9
66.71822479745835	0.0045708818961487565	1.9795594359484688e-10
76.35362398484546	0.0045708818961487565	1.5127431287257102e-11
87.38056075858388	0.0045708818961487565	4.726549001081151e-13
100.00000000000031	0.0045708818961487565	5.458688132775916e-15
111.55639876771902	0.0045708818961487565	1.1747810137023484e-16
138.21730389017998	0.0045708818961487565	7.401416622490266e-19
171.24990861750976	0.0045708818961487565	1.1752955844263025e-19
212.17698780180757	0.0045708818961487565	2.159333018163283e-20
262.885244821937	0.0045708818961487565	3.1286757949734554e-21
325.7122869971341	0.0045708818961487565	1.6855548014389748e-22
403.5543872869759	0.0045708818961487565	2.4848947358385113e-24
499.9999999999984	0.0045708818961487565	0
1000	0.0045708818961487565	0
2000	0.0045708818961487565	0
1.	0.005248074602497733	0.8804375919027669
1.9999999999999998	0.005248074602497733	0.6231395861787239
2.288838595949997	0.005248074602497733	0.5465789139403421
2.6193910591551774	0.005248074602497733	0.4719862953420809
2.9976816770403563	0.005248074602497733	0.4080452206885462
3.4306047603910415	0.005248074602497733	0.3633040308079377
3.926050291516404	0.005248074602497733	0.33246826602924373
4.493047718431742	0.005248074602497733	0.2996333975923706
5.141930515695824	0.005248074602497733	0.24947120161355946
5.884524511008838	0.005248074602497733	0.18362385020780833
6.734363409805407	0.005248074602497733	0.11715295034586176
7.706935445758021	0.005248074602497733	0.06272923660725964
8.819965652373028	0.005248074602497733	0.02757607391386858
10.093738900052346	0.005248074602497733	0.009675265929274323
11.551469585940843	0.005248074602497733	0.0030141432183329003
13.219724714121972	0.005248074602497733	0.000955546222431857
15.128908076758211	0.005248074602497733	0.0004137525840754311
17.313814360331925	0.005248074602497733	0.00017890251033126096
19.814263275520517	0.005248074602497733	0.00005990271608395825
22.675825267662994	0.005248074602497733	0.00001720622797165081
25.950652033822625	0.005248074602497733	4.873726085174079e-6
29.698426982540767	0.005248074602497733	1.7935144449447845e-6
33.98745295832107	0.005248074602497733	5.982727274725474e-7
38.895897054520105	0.005248074602497733	1.9565945248976625e-7
44.51321520124173	0.005248074602497733	4.115882315380646e-8
50.941782491215115	0.005248074602497733	9.395207857288958e-9
58.29875895619149	0.005248074602497733	1.666744552673738e-9
66.71822479745835	0.005248074602497733	2.33094515512885e-10
76.35362398484546	0.005248074602497733	1.7819418941625735e-11
87.38056075858388	0.005248074602497733	5.585038461247952e-13
100.00000000000031	0.005248074602497733	6.4757990112653126e-15
111.55639876771902	0.005248074602497733	1.394131924427468e-16
138.21730389017998	0.005248074602497733	8.656887214442291e-19
171.24990861750976	0.005248074602497733	1.3743659058236366e-19
212.17698780180757	0.005248074602497733	2.5247499095403724e-20
262.885244821937	0.005248074602497733	3.658187232137293e-21
325.7122869971341	0.005248074602497733	1.9710262307735264e-22
403.5543872869759	0.005248074602497733	2.9061599698013947e-24
499.9999999999984	0.005248074602497733	0
1000	0.005248074602497733	0
2000	0.005248074602497733	0
1.	0.006025595860743587	0.9804304676722368
1.9999999999999998	0.006025595860743587	0.7221654728201552
2.288838595949997	0.006025595860743587	0.6381039213772844
2.6193910591551774	0.006025595860743587	0.552123356341826
2.9976816770403563	0.006025595860743587	0.474606428540637
3.4306047603910415	0.006025595860743587	0.4185603378492823
3.926050291516404	0.006025595860743587	0.3802617271671149
4.493047718431742	0.006025595860743587	0.3444799052368401
5.141930515695824	0.006025595860743587	0.2912557266283975
5.884524511008838	0.006025595860743587	0.2179244090671244
6.734363409805407	0.006025595860743587	0.14099864706757484
7.706935445758021	0.006025595860743587	0.07654112830430271
8.819965652373028	0.006025595860743587	0.03375943419190665
10.093738900052346	0.006025595860743587	0.011986867372181258
11.551469585940843	0.006025595860743587	0.0037305984446184223
13.219724714121972	0.006025595860743587	0.0011643301612960237
15.128908076758211	0.006025595860743587	0.0004901495637228935
17.313814360331925	0.006025595860743587	0.00021163502061084832
19.814263275520517	0.006025595860743587	0.00007144389756904707
22.675825267662994	0.006025595860743587	0.000021112961010816417
25.950652033822625	0.006025595860743587	5.7947694614819694e-6
29.698426982540767	0.006025595860743587	2.1253492834640482e-6
33.98745295832107	0.006025595860743587	7.027040475109694e-7
38.895897054520105	0.006025595860743587	2.287236501177386e-7
44.51321520124173	0.006025595860743587	4.850149213328045e-8
50.941782491215115	0.006025595860743587	1.1005674377259132e-8
58.29875895619149	0.006025595860743587	1.9534945421224574e-9
66.71822479745835	0.006025595860743587	2.7376008106547614e-10
76.35362398484546	0.006025595860743587	2.0942395473360885e-11
87.38056075858388	0.006025595860743587	6.58489902683552e-13
100.00000000000031	0.006025595860743587	7.670838148306907e-15
111.55639876771902	0.006025595860743587	1.6520831720755667e-16
138.21730389017998	0.006025595860743587	1.0090399859855485e-18
171.24990861750976	0.006025595860743587	1.601551872040437e-19
212.17698780180757	0.006025595860743587	2.941655939558494e-20
262.885244821937	0.006025595860743587	4.262336876289265e-21
325.7122869971341	0.006025595860743587	2.2967999521835837e-22
403.5543872869759	0.006025595860743587	3.387064578418806e-24
499.9999999999984	0.006025595860743587	0
1000	0.006025595860743587	0
2000	0.006025595860743587	0
1.	0.006918309709189377	1.078409968082206
1.9999999999999998	0.006918309709189377	0.8326929639945494
2.288838595949997	0.006918309709189377	0.7430554015409212
2.6193910591551774	0.006918309709189377	0.6463387144324585
2.9976816770403563	0.006918309709189377	0.5553066949493927
3.4306047603910415	0.006918309709189377	0.4833455135984498
3.926050291516404	0.006918309709189377	0.4349189619727629
4.493047718431742	0.006918309709189377	0.39558714162050923
5.141930515695824	0.006918309709189377	0.3396019283026068
5.884524511008838	0.006918309709189377	0.2590375151018859
6.734363409805407	0.006918309709189377	0.1702097226809965
7.706935445758021	0.006918309709189377	0.09382475205594493
8.819965652373028	0.006918309709189377	0.04190510015017948
10.093738900052346	0.006918309709189377	0.01501972296813979
11.551469585940843	0.006918309709189377	0.004675325517527585
13.219724714121972	0.006918309709189377	0.0015596972139162858
15.128908076758211	0.006918309709189377	0.0005819157508887239
17.313814360331925	0.006918309709189377	0.0002520970316987915
19.814263275520517	0.006918309709189377	0.00008578963790923581
22.675825267662994	0.006918309709189377	0.000024982859380646485
25.950652033822625	0.006918309709189377	6.921214180819707e-6
29.698426982540767	0.006918309709189377	2.524129207538899e-6
33.98745295832107	0.006918309709189377	8.292565479970673e-7
38.895897054520105	0.006918309709189377	2.6846082280597353e-7
44.51321520124173	0.006918309709189377	5.7455497517113744e-8
50.941782491215115	0.006918309709189377	1.2947966947182876e-8
58.29875895619149	0.006918309709189377	2.300666577476061e-9
66.71822479745835	0.006918309709189377	3.2301354722716315e-10
76.35362398484546	0.006918309709189377	2.4737496127457025e-11
87.38056075858388	0.006918309709189377	7.80352131759165e-13
100.00000000000031	0.006918309709189377	9.140005836861791e-15
111.55639876771902	0.006918309709189377	1.9695085394821611e-16
138.21730389017998	0.006918309709189377	1.180488341960293e-18
171.24990861750976	0.006918309709189377	1.8731276575870146e-19
212.17698780180757	0.006918309709189377	3.439884350589097e-20
262.885244821937	0.006918309709189377	4.984350049982704e-21
325.7122869971341	0.006918309709189377	2.6862265572462195e-22
403.5543872869759	0.006918309709189377	3.962090105279047e-24
499.9999999999984	0.006918309709189377	0
1000	0.006918309709189377	0
2000	0.006918309709189377	0
1.	0.00794328234724283	1.1691201538793063
1.9999999999999998	0.00794328234724283	0.9533582498409552
2.288838595949997	0.00794328234724283	0.8612347044886097
2.6193910591551774	0.00794328234724283	0.7555139498958976
2.9976816770403563	0.00794328234724283	0.649147874778915
3.4306047603910415	0.00794328234724283	0.5597805901718899
3.926050291516404	0.00794328234724283	0.4982411227137993
4.493047718431742	0.00794328234724283	0.45335531078032804
5.141930515695824	0.00794328234724283	0.3956780663911873
5.884524511008838	0.00794328234724283	0.30861657312552193
6.734363409805407	0.00794328234724283	0.20651076979112976
7.706935445758021	0.00794328234724283	0.11567148046853822
8.819965652373028	0.00794328234724283	0.05262537366415128
10.093738900052346	0.00794328234724283	0.018930562258814145
11.551469585940843	0.00794328234724283	0.005881815480813366
13.219724714121972	0.00794328234724283	0.0017884467054252802
15.128908076758211	0.00794328234724283	0.0006948288297712185
17.313814360331925	0.00794328234724283	0.0003031169780568771
19.814263275520517	0.00794328234724283	0.00010345897674270039
22.675825267662994	0.00794328234724283	0.000029971045346738346
25.950652033822625	0.00794328234724283	8.315030658565528e-6
29.698426982540767	0.00794328234724283	3.006888417281858e-6
33.98745295832107	0.00794328234724283	9.789606024020968e-7
38.895897054520105	0.00794328234724283	3.1498704999706057e-7
44.51321520124173	0.00794328234724283	6.812635079465744e-8
50.941782491215115	0.00794328234724283	1.5232200260205915e-8
58.29875895619149	0.00794328234724283	2.711077553305213e-9
66.71822479745835	0.00794328234724283	3.8122289485424403e-10
76.35362398484546	0.00794328234724283	2.924431492231035e-11
87.38056075858388	0.00794328234724283	9.25548498551942e-13
100.00000000000031	0.00794328234724283	1.0908865424281008e-14
111.55639876771902	0.00794328234724283	2.3521420362705215e-16
138.21730389017998	0.00794328234724283	1.3800222738159152e-18
171.24990861750976	0.00794328234724283	2.188970648399661e-19
212.17698780180757	0.00794328234724283	4.0191312964916494e-20
262.885244821937	0.00794328234724283	5.823812721710764e-21
325.7122869971341	0.00794328234724283	3.1391107994051447e-22
403.5543872869759	0.00794328234724283	4.631093319256147e-24
499.9999999999984	0.00794328234724283	0
1000	0.00794328234724283	0
2000	0.00794328234724283	0
1.	0.009120108393559116	1.2462698946857964
1.9999999999999998	0.009120108393559116	1.078619829010139
2.288838595949997	0.009120108393559116	0.9899222554940721
2.6193910591551774	0.009120108393559116	0.8797044951313577
2.9976816770403563	0.009120108393559116	0.7599334258538744
3.4306047603910415	0.009120108393559116	0.650759112685632
3.926050291516404	0.009120108393559116	0.5713358731147126
4.493047718431742	0.009120108393559116	0.5186141230672874
5.141930515695824	0.009120108393559116	0.45927684863612955
5.884524511008838	0.009120108393559116	0.36632930780221395
6.734363409805407	0.009120108393559116	0.25076656279789106
7.706935445758021	0.009120108393559116	0.14329546554422157
8.819965652373028	0.009120108393559116	0.06636248175661769
10.093738900052346	0.009120108393559116	0.02417934780305843
11.551469585940843	0.009120108393559116	0.007502335736784436
13.219724714121972	0.009120108393559116	0.0022207214602319443
15.128908076758211	0.009120108393559116	0.0008341000781757276
17.313814360331925	0.009120108393559116	0.0003656435365551263
19.814263275520517	0.009120108393559116	0.0001256874939289629
22.675825267662994	0.009120108393559116	0.000036207289679917356
25.950652033822625	0.009120108393559116	0.000010051980724175802
29.698426982540767	0.009120108393559116	3.5960438678510156e-6
33.98745295832107	0.009120108393559116	1.1595864763018586e-6
38.895897054520105	0.009120108393559116	3.705218531182313e-7
44.51321520124173	0.009120108393559116	8.10966167794665e-8
50.941782491215115	0.009120108393559116	1.7972294727083604e-8
58.29875895619149	0.009120108393559116	3.2063201718374306e-9
66.71822479745835	0.009120108393559116	4.5134675265302087e-10
76.35362398484546	0.009120108393559116	3.4707536747948654e-11
87.38056075858388	0.009120108393559116	1.1021012380467309e-12
100.00000000000031	0.009120108393559116	1.3083009461248357e-14
111.55639876771902	0.009120108393559116	2.8230637079058546e-16
138.21730389017998	0.009120108393559116	1.616671531031634e-18
171.24990861750976	0.009120108393559116	2.5632923524189404e-19
212.17698780180757	0.009120108393559116	4.705344066815082e-20
262.885244821937	0.009120108393559116	6.818347262783116e-21
325.7122869971341	0.009120108393559116	3.6758323129111324e-22
403.5543872869759	0.009120108393559116	5.424256353357334e-24
499.9999999999984	0.009120108393559116	0
1000	0.009120108393559116	0
2000	0.009120108393559116	0
1.	0.010471285480509017	1.3042293771788591
1.9999999999999998	0.010471285480509017	1.2033186600104162
2.288838595949997	0.010471285480509017	1.125268924991407
2.6193910591551774	0.010471285480509017	1.017398159780379
2.9976816770403563	0.010471285480509017	0.8886091180682335
3.4306047603910415	0.010471285480509017	0.7597408491147057
3.926050291516404	0.010471285480509017	0.6577680372200705
4.493047718431742	0.010471285480509017	0.5916454812933106
5.141930515695824	0.010471285480509017	0.5309901623348307
5.884524511008838	0.010471285480509017	0.4344425800783983
6.734363409805407	0.010471285480509017	0.3048309757432698
7.706935445758021	0.010471285480509017	0.1783922149299867
8.819965652373028	0.010471285480509017	0.08390798052587056
10.093738900052346	0.010471285480509017	0.031166851428959173
11.551469585940843	0.010471285480509017	0.009676285018909513
13.219724714121972	0.010471285480509017	0.0028208400952169583
15.128908076758211	0.010471285480509017	0.0010088560327578718
17.313814360331925	0.010471285480509017	0.0004436534937562074
19.814263275520517	0.010471285480509017	0.00015322496966408206
22.675825267662994	0.010471285480509017	0.0000443042656315878
25.950652033822625	0.010471285480509017	0.00001224514600145817
29.698426982540767	0.010471285480509017	4.319363754892405e-6
33.98745295832107	0.010471285480509017	1.3830698035765264e-6
38.895897054520105	0.010471285480509017	4.384870255346826e-7
44.51321520124173	0.010471285480509017	9.725503658773195e-8
50.941782491215115	0.010471285480509017	2.1343437035139203e-8
58.29875895619149	0.010471285480509017	3.819472670980336e-9
66.71822479745835	0.010471285480509017	5.379158840641811e-10
76.35362398484546	0.010471285480509017	4.1503518029423584e-11
87.38056075858388	0.010471285480509017	1.3224225951254966e-12
100.00000000000031	0.010471285480509017	1.5825252278306073e-14
111.55639876771902	0.010471285480509017	3.417768597030994e-16
138.21730389017998	0.010471285480509017	1.9043377221548456e-18
171.24990861750976	0.010471285480509017	3.0179454041802023e-19
212.17698780180757	0.010471285480509017	5.538502390175631e-20
262.885244821937	0.010471285480509017	8.025883240313225e-21
325.7122869971341	0.010471285480509017	4.327702730277245e-22
403.5543872869759	0.010471285480509017	6.388013510352825e-24
499.9999999999984	0.010471285480509017	0
1000	0.010471285480509017	0
2000	0.010471285480509017	0
1.	0.012022644346174156	1.3348199788377229
1.9999999999999998	0.012022644346174156	1.3181123512534736
2.288838595949997	0.012022644346174156	1.2595133479037781
2.6193910591551774	0.012022644346174156	1.1642433118515358
2.9976816770403563	0.012022644346174156	1.0346234282151328
3.4306047603910415	0.012022644346174156	0.8895465783763824
3.926050291516404	0.012022644346174156	0.7634770670556927
4.493047718431742	0.012022644346174156	0.6766418003110665
5.141930515695824	0.012022644346174156	0.6108861242965455
5.884524511008838	0.012022644346174156	0.5133745078202494
6.734363409805407	0.012022644346174156	0.3713495487584101
7.706935445758021	0.012022644346174156	0.2235661095463185
8.819965652373028	0.012022644346174156	0.10738623051679805
10.093738900052346	0.012022644346174156	0.04053917064081186
11.551469585940843	0.012022644346174156	0.012579683261919217
13.219724714121972	0.012022644346174156	0.003639096130273388
15.128908076758211	0.012022644346174156	0.0012316946808345996
17.313814360331925	0.012022644346174156	0.0005390639773828498
19.814263275520517	0.012022644346174156	0.0001880542803700895
22.675825267662994	0.012022644346174156	0.00005411682796975319
25.950652033822625	0.012022644346174156	0.000015042461786371324
29.698426982540767	0.012022644346174156	5.211165030508415e-6
33.98745295832107	0.012022644346174156	1.6586272485959313e-6
38.895897054520105	0.012022644346174156	5.212711743650071e-7
44.51321520124173	0.012022644346174156	1.1731649049467506e-7
50.941782491215115	0.012022644346174156	2.5474603165797545e-8
58.29875895619149	0.012022644346174156	4.57596008417318e-9
66.71822479745835	0.012022644346174156	6.443121890847013e-10
76.35362398484546	0.012022644346174156	4.993521430534205e-11
87.38056075858388	0.012022644346174156	1.5969897667355619e-12
100.00000000000031	0.012022644346174156	1.928172151886399e-14
111.55639876771902	0.012022644346174156	4.1684080156225485e-16
138.21730389017998	0.012022644346174156	2.251855224955797e-18
171.24990861750976	0.012022644346174156	3.5666220002559534e-19
212.17698780180757	0.012022644346174156	6.543487817836173e-20
262.885244821937	0.012022644346174156	9.482543818910837e-21
325.7122869971341	0.012022644346174156	5.114356640592037e-22
403.5543872869759	0.012022644346174156	7.551659938214917e-24
499.9999999999984	0.012022644346174156	0
1000	0.012022644346174156	0
2000	0.012022644346174156	0
1.	0.01380384264602888	1.333969322493043
1.9999999999999998	0.01380384264602888	1.4125513130998184
2.288838595949997	0.01380384264602888	1.3825422175989
2.6193910591551774	0.01380384264602888	1.3118425081207856
2.9976816770403563	0.01380384264602888	1.1948928241615902
3.4306047603910415	0.01380384264602888	1.0417620730529105
3.926050291516404	0.01380384264602888	0.8884610531938139
4.493047718431742	0.01380384264602888	0.775083867097708
5.141930515695824	0.01380384264602888	0.6989299870791071
5.884524511008838	0.01380384264602888	0.604217336157047
6.734363409805407	0.01380384264602888	0.45436742745986197
7.706935445758021	0.01380384264602888	0.2805023507750355
8.819965652373028	0.01380384264602888	0.1385834233700469
10.093738900052346	0.01380384264602888	0.05326148924004563
11.551469585940843	0.01380384264602888	0.016593082796111016
13.219724714121972	0.01380384264602888	0.004735370359029522
15.128908076758211	0.01380384264602888	0.0015225447979890316
17.313814360331925	0.01380384264602888	0.0006592908853786065
19.814263275520517	0.01380384264602888	0.00023324343664963865
22.675825267662994	0.01380384264602888	0.00006734967653696813
25.950652033822625	0.01380384264602888	0.000018636109950694036
29.698426982540767	0.01380384264602888	6.310891540475591e-6
33.98745295832107	0.01380384264602888	1.9913962424677327e-6
38.895897054520105	0.01380384264602888	6.198379013817149e-7
44.51321520124173	0.01380384264602888	1.417169659836092e-7
50.941782491215115	0.01380384264602888	3.042849828381203e-8
58.29875895619149	0.01380384264602888	5.4896111486226855e-9
66.71822479745835	0.01380384264602888	7.722132467593273e-10
76.35362398484546	0.01380384264602888	6.019143877323457e-11
87.38056075858388	0.01380384264602888	1.9332536577623034e-12
100.00000000000031	0.01380384264602888	2.3568047598581984e-14
111.55639876771902	0.01380384264602888	5.100738919428566e-16
138.21730389017998	0.01380384264602888	2.6611441776080594e-18
171.24990861750976	0.01380384264602888	4.212003643051836e-19
212.17698780180757	0.01380384264602888	7.724888952932436e-20
262.885244821937	0.01380384264602888	1.1195063177477296e-20
325.7122869971341	0.01380384264602888	6.03958995461172e-22
403.5543872869759	0.01380384264602888	8.921212575515953e-24
499.9999999999984	0.01380384264602888	0
1000	0.01380384264602888	0
2000	0.01380384264602888	0
1.	0.015848931924611172	1.3014791486226516
1.9999999999999998	0.015848931924611172	1.4755202738220983
2.288838595949997	0.015848931924611172	1.48189077309638
2.6193910591551774	0.015848931924611172	1.4478212040803393
2.9976816770403563	0.015848931924611172	1.3587714857349484
3.4306047603910415	0.015848931924611172	1.2118107745003477
3.926050291516404	0.015848931924611172	1.037672303858592
4.493047718431742	0.015848931924611172	0.8906975123203911
5.141930515695824	0.015848931924611172	0.797374449735767
5.884524511008838	0.015848931924611172	0.7064366843791821
6.734363409805407	0.015848931924611172	0.5520528524874266
7.706935445758021	0.015848931924611172	0.35419117476523065
8.819965652373028	0.015848931924611172	0.18025743919994205
10.093738900052346	0.015848931924611172	0.07089663633775428
11.551469585940843	0.015848931924611172	0.02223992552251752
13.219724714121972	0.015848931924611172	0.00626746304809477
15.128908076758211	0.015848931924611172	0.0019056629887703057
17.313814360331925	0.015848931924611172	0.0008190865579034581
19.814263275520517	0.015848931924611172	0.0002897947876387462
22.675825267662994	0.015848931924611172	0.00008424881824247459
25.950652033822625	0.015848931924611172	0.0000232613753591695
29.698426982540767	0.015848931924611172	7.687900181477668e-6
33.98745295832107	0.015848931924611172	2.4166049899716638e-6
38.895897054520105	0.015848931924611172	7.44330482668497e-7
44.51321520124173	0.015848931924611172	1.7304106239462157e-7
50.941782491215115	0.015848931924611172	3.6721382438828154e-8
58.29875895619149	0.015848931924611172	6.6562072796831935e-9
66.71822479745835	0.015848931924611172	9.34784552176795e-10
76.35362398484546	0.015848931924611172	7.337941591065014e-11
87.38056075858388	0.015848931924611172	2.3692921270379116e-12
100.00000000000031	0.015848931924611172	2.918178252936718e-14
111.55639876771902	0.015848931924611172	6.323573600214527e-16
138.21730389017998	0.015848931924611172	3.1722485238268173e-18
171.24990861750976	0.015848931924611172	5.016912462301146e-19
212.17698780180757	0.015848931924611172	9.197500107914161e-20
262.885244821937	0.015848931924611172	1.3329836082956849e-20
325.7122869971341	0.015848931924611172	7.193465818728684e-22
403.5543872869759	0.015848931924611172	1.0630210990772306e-23
499.9999999999984	0.015848931924611172	0
1000	0.015848931924611172	0
2000	0.015848931924611172	0
1.	0.01819700858609988	1.2388597260473622
1.9999999999999998	0.01819700858609988	1.495659908406442
2.288838595949997	0.01819700858609988	1.541029807386346
2.6193910591551774	0.01819700858609988	1.554720064983779
2.9976816770403563	0.01819700858609988	1.5099199255187044
3.4306047603910415	0.01819700858609988	1.3918388286953567
3.926050291516404	0.01819700858609988	1.2126805333772768
4.493047718431742	0.01819700858609988	1.0319812830234285
5.141930515695824	0.01819700858609988	0.9086483553162008
5.884524511008838	0.01819700858609988	0.8170465747139669
6.734363409805407	0.01819700858609988	0.665775648802408
7.706935445758021	0.01819700858609988	0.4460004025238422
8.819965652373028	0.01819700858609988	0.23614105798934815
10.093738900052346	0.01819700858609988	0.0955179685659007
11.551469585940843	0.01819700858609988	0.030356595984440335
13.219724714121972	0.01819700858609988	0.008438012228236683
15.128908076758211	0.01819700858609988	0.0024209170999037995
17.313814360331925	0.01819700858609988	0.001010147087560519
19.814263275520517	0.01819700858609988	0.0003643657961395312
22.675825267662994	0.01819700858609988	0.00010549050387414566
25.950652033822625	0.01819700858609988	0.000029298641190708695
29.698426982540767	0.01819700858609988	9.404826268937348e-6
33.98745295832107	0.01819700858609988	2.944332971236315e-6
38.895897054520105	0.01819700858609988	8.968019387298439e-7
44.51321520124173	0.01819700858609988	2.1210265606719827e-7
50.941782491215115	0.01819700858609988	4.4474325965857005e-8
58.29875895619149	0.01819700858609988	8.10027969199841e-9
66.71822479745835	0.01819700858609988	1.135178357835401e-9
76.35362398484546	0.01819700858609988	8.98604597540226e-11
87.38056075858388	0.01819700858609988	2.921184449837009e-12
100.00000000000031	0.01819700858609988	3.636655002674194e-14
111.55639876771902	0.01819700858609988	7.891692903918928e-16
138.21730389017998	0.01819700858609988	3.7881716514892526e-18
171.24990861750976	0.01819700858609988	5.985265621182823e-19
212.17698780180757	0.01819700858609988	1.096782092830486e-19
262.885244821937	0.01819700858609988	1.5896465340053272e-20
325.7122869971341	0.01819700858609988	8.581552017597802e-22
403.5543872869759	0.01819700858609988	1.26877311011899e-23
499.9999999999984	0.01819700858609988	0
1000	0.01819700858609988	0
2000	0.01819700858609988	0
1.	0.02089296130854045	1.1528412345101449
1.9999999999999998	0.02089296130854045	1.4669004127471723
2.288838595949997	0.02089296130854045	1.5497994711640184
2.6193910591551774	0.02089296130854045	1.614509185743126
2.9976816770403563	0.02089296130854045	1.630158020299185
3.4306047603910415	0.02089296130854045	1.5645660294943395
3.926050291516404	0.02089296130854045	1.4093270735238994
4.493047718431742	0.02089296130854045	1.2065283110093266
5.141930515695824	0.02089296130854045	1.0401880395746104
5.884524511008838	0.02089296130854045	0.935631564578508
6.734363409805407	0.02089296130854045	0.7974402892930375
7.706935445758021	0.02089296130854045	0.5632404140921345
8.819965652373028	0.02089296130854045	0.31095091182728635
10.093738900052346	0.02089296130854045	0.12924618253260223
11.551469585940843	0.02089296130854045	0.04180486007853106
13.219724714121972	0.02089296130854045	0.011615244790635046
15.128908076758211	0.02089296130854045	0.003147802590144455
17.313814360331925	0.02089296130854045	0.0012601918282485623
19.814263275520517	0.02089296130854045	0.00046216031732817923
22.675825267662994	0.02089296130854045	0.00013429883748287377
25.950652033822625	0.02089296130854045	0.00003721570835151026
29.698426982540767	0.02089296130854045	0.000011575218727768743
33.98745295832107	0.02089296130854045	3.6078378633934805e-6
38.895897054520105	0.02089296130854045	1.0862819374952518e-6
44.51321520124173	0.02089296130854045	2.6137133854245875e-7
50.941782491215115	0.02089296130854045	5.414696881604531e-8
58.29875895619149	0.02089296130854045	9.907038315217266e-9
66.71822479745835	0.02089296130854045	1.3852104386998196e-9
76.35362398484546	0.02089296130854045	1.1070885022878153e-10
87.38056075858388	0.02089296130854045	3.6309156488727087e-12
100.00000000000031	0.02089296130854045	4.570215233901779e-14
111.55639876771902	0.02089296130854045	9.934335087428983e-16
138.21730389017998	0.02089296130854045	4.538245889533409e-18
171.24990861750976	0.02089296130854045	7.162248036025952e-19
212.17698780180757	0.02089296130854045	1.3117855293788823e-19
262.885244821937	0.02089296130854045	1.9013750515517658e-20
325.7122869971341	0.02089296130854045	1.026852305554409e-21
403.5543872869759	0.02089296130854045	1.519061724647279e-23
499.9999999999984	0.02089296130854045	0
1000	0.02089296130854045	0
2000	0.02089296130854045	0
1.	0.023988329190194974	1.0525091161793751
1.9999999999999998	0.023988329190194974	1.390669052016797
2.288838595949997	0.023988329190194974	1.5029086225546395
2.6193910591551774	0.023988329190194974	1.6141196829204902
2.9976816770403563	0.023988329190194974	1.6971799917116395
3.4306047603910415	0.023988329190194974	1.7087997147699117
3.926050291516404	0.023988329190194974	1.610241319146454
4.493047718431742	0.023988329190194974	1.409122633062354
5.141930515695824	0.023988329190194974	1.1970415276919504
5.884524511008838	0.023988329190194974	1.0635305781129663
6.734363409805407	0.023988329190194974	0.9403584353198449
7.706935445758021	0.023988329190194974	0.7051764858116215
8.819965652373028	0.023988329190194974	0.4117992136426816
10.093738900052346	0.023988329190194974	0.1774193954922043
11.551469585940843	0.023988329190194974	0.05873087958710375
13.219724714121972	0.023988329190194974	0.016214599701484922
15.128908076758211	0.023988329190194974	0.0041874730163051176
17.313814360331925	0.023988329190194974	0.00158432785696665
19.814263275520517	0.023988329190194974	0.0005898050260816265
22.675825267662994	0.023988329190194974	0.00017191145805831156
25.950652033822625	0.023988329190194974	0.00004760513240238631
29.698426982540767	0.023988329190194974	0.000014308967070664997
33.98745295832107	0.023988329190194974	4.4928170975365675e-6
38.895897054520105	0.023988329190194974	1.3372785553503433e-6
44.51321520124173	0.023988329190194974	3.2714560252671817e-7
50.941782491215115	0.023988329190194974	6.696063770596074e-8
58.29875895619149	0.023988329190194974	1.2300861485164131e-8
66.71822479745835	0.023988329190194974	1.7164291148151162e-9
76.35362398484546	0.023988329190194974	1.386381567798698e-10
87.38056075858388	0.023988329190194974	4.5986426965363094e-12
100.00000000000031	0.023988329190194974	5.85381795077745e-14
111.55639876771902	0.023988329190194974	1.2751748371985393e-15
138.21730389017998	0.023988329190194974	5.510032612616902e-18
171.24990861750976	0.023988329190194974	8.684308412192154e-19
212.17698780180757	0.023988329190194974	1.5896054279046956e-19
262.885244821937	0.023988329190194974	2.3042307292091876e-20
325.7122869971341	0.023988329190194974	1.2449997681163783e-21
403.5543872869759	0.023988329190194974	1.842969236618939e-23
499.9999999999984	0.023988329190194974	0
1000	0.023988329190194974	0
2000	0.023988329190194974	0
1.	0.027542287033381744	0.9449023926032237
1.9999999999999998	0.027542287033381744	1.2752504211049744
2.288838595949997	0.027542287033381744	1.4016297551833963
2.6193910591551774	0.027542287033381744	1.5472006459046106
2.9976816770403563	0.027542287033381744	1.6906904059426717
3.4306047603910415	0.027542287033381744	1.7893696490637991
3.926050291516404	0.027542287033381744	1.783439289799219
4.493047718431742	0.027542287033381744	1.6311698025845176
5.141930515695824	0.027542287033381744	1.3943291546313963
5.884524511008838	0.027542287033381744	1.2135188170204303
6.734363409805407	0.027542287033381744	1.093748669031659
7.706935445758021	0.027542287033381744	0.8737454151803218
8.819965652373028	0.027542287033381744	0.5417908223810395
10.093738900052346	0.027542287033381744	0.24593241494249973
11.551469585940843	0.027542287033381744	0.08348059909486939
13.219724714121972	0.027542287033381744	0.022958552324619425
15.128908076758211	0.027542287033381744	0.005726310680271485
17.313814360331925	0.027542287033381744	0.002018811200347055
19.814263275520517	0.027542287033381744	0.000762619819375966
22.675825267662994	0.027542287033381744	0.0002227025686152817
25.950652033822625	0.027542287033381744	0.00006120481583074648
29.698426982540767	0.027542287033381744	0.000017818410590313862
33.98745295832107	0.027542287033381744	5.6415493637414144e-6
38.895897054520105	0.027542287033381744	1.6609880023469044e-6
44.51321520124173	0.027542287033381744	4.126182846789655e-7
50.941782491215115	0.027542287033381744	8.34511030633961e-8
58.29875895619149	0.027542287033381744	1.538174284725408e-8
66.71822479745835	0.027542287033381744	2.1432803570877696e-9
76.35362398484546	0.027542287033381744	1.7508586651649216e-10
87.38056075858388	0.027542287033381744	5.888779291272604e-12
100.00000000000031	0.027542287033381744	7.583869026608596e-14
111.55639876771902	0.027542287033381744	1.656759885364393e-15
138.21730389017998	0.027542287033381744	6.7252729560369505e-18
171.24990861750976	0.027542287033381744	1.0582888605625235e-18
212.17698780180757	0.027542287033381744	1.9358135917208436e-19
262.885244821937	0.027542287033381744	2.806304045857007e-20
325.7122869971341	0.027542287033381744	1.5170775496208455e-21
403.5543872869759	0.027542287033381744	2.24740529404137e-23
499.9999999999984	0.027542287033381744	0
1000	0.027542287033381744	0
2000	0.027542287033381744	0
1.	0.03162277660168389	0.8397276030922428
1.9999999999999998	0.03162277660168389	1.1346708061108393
2.288838595949997	0.03162277660168389	1.260180200995978
2.6193910591551774	0.03162277660168389	1.4197212456328412
2.9976816770403563	0.03162277660168389	1.6035312023393922
3.4306047603910415	0.03162277660168389	1.7848910508796536
3.926050291516404	0.03162277660168389	1.8915893554575467
4.493047718431742	0.03162277660168389	1.844148969632278
5.141930515695824	0.03162277660168389	1.632378466663793
5.884524511008838	0.03162277660168389	1.3900082193672638
6.734363409805407	0.03162277660168389	1.2452084925432947
7.706935445758021	0.03162277660168389	1.0629597684195284
8.819965652373028	0.03162277660168389	0.7110144043816481
10.093738900052346	0.03162277660168389	0.34231251885534175
11.551469585940843	0.03162277660168389	0.12015042491988771
13.219724714121972	0.03162277660168389	0.03336551262270551
15.128908076758211	0.03162277660168389	0.00805045644088478
17.313814360331925	0.03162277660168389	0.0025773776812319394
19.814263275520517	0.03162277660168389	0.0009901120079593014
22.675825267662994	0.03162277660168389	0.00029525991653767884
25.950652033822625	0.03162277660168389	0.00007915556233809317
29.698426982540767	0.03162277660168389	0.000022289979116087845
33.98745295832107	0.03162277660168389	7.150577394818861e-6
38.895897054520105	0.03162277660168389	2.084926936585619e-6
44.51321520124173	0.03162277660168389	5.249755547448248e-7
50.941782491215115	0.03162277660168389	1.0493418830906062e-7
58.29875895619149	0.03162277660168389	1.9395185480222324e-8
66.71822479745835	0.03162277660168389	2.700863049304627e-9
76.35362398484546	0.03162277660168389	2.2326846152948385e-10
87.38056075858388	0.03162277660168389	7.631345349882736e-12
100.00000000000031	0.03162277660168389	9.950152550959294e-14
111.55639876771902	0.03162277660168389	2.182213128607171e-15
138.21730389017998	0.03162277660168389	8.258544466620044e-18
171.24990861750976	0.03162277660168389	1.2971365274276524e-18
212.17698780180757	0.03162277660168389	2.370860686744404e-19
262.885244821937	0.03162277660168389	3.437301170388773e-20
325.7122869971341	0.03162277660168389	1.859322933528315e-21
403.5543872869759	0.03162277660168389	2.756777887265718e-23
499.9999999999984	0.03162277660168389	0
1000	0.03162277660168389	0
2000	0.03162277660168389	0
1.	0.03630780547701025	0.7452949082630567
1.9999999999999998	0.03630780547701025	0.98423085176812
2.288838595949997	0.03630780547701025	1.0972392820485688
2.6193910591551774	0.03630780547701025	1.2507603672193515
2.9976816770403563	0.03630780547701025	1.45002070395054
3.4306047603910415	0.03630780547701025	1.6841018712683349
3.926050291516404	0.03630780547701025	1.8986599363241217
4.493047718431742	0.03630780547701025	1.99716964042024
5.141930515695824	0.03630780547701025	1.8775900268420047
5.884524511008838	0.03630780547701025	1.6077992178911709
6.734363409805407	0.03630780547701025	1.4076996861959477
7.706935445758021	0.03630780547701025	1.2616608736863564
8.819965652373028	0.03630780547701025	0.9245885636249527
10.093738900052346	0.03630780547701025	0.4788821065823933
11.551469585940843	0.03630780547701025	0.17589040696867003
13.219724714121972	0.03630780547701025	0.0492140397412463
15.128908076758211	0.03630780547701025	0.011652775203681316
17.313814360331925	0.03630780547701025	0.0033689792917224928
19.814263275520517	0.03630780547701025	0.001303010764724339
22.675825267662994	0.03630780547701025	0.00039332489527681955
25.950652033822625	0.03630780547701025	0.00010292628554046281
29.698426982540767	0.03630780547701025	0.00002827558794687599
33.98745295832107	0.03630780547701025	9.173112321541149e-6
38.895897054520105	0.03630780547701025	2.6534481466347142e-6
44.51321520124173	0.03630780547701025	6.756553861524729e-7
50.941782491215115	0.03630780547701025	1.3354167192613785e-7
58.29875895619149	0.03630780547701025	2.474418034995975e-8
66.71822479745835	0.03630780547701025	3.4460473143185105e-9
76.35362398484546	0.03630780547701025	2.8840186479470845e-10
87.38056075858388	0.03630780547701025	1.003294711810613e-11
100.00000000000031	0.03630780547701025	1.3259125142687526e-13
111.55639876771902	0.03630780547701025	2.9235942598904496e-15
138.21730389017998	0.03630780547701025	1.02289139090773e-17
171.24990861750976	0.03630780547701025	1.603081086270805e-18
212.17698780180757	0.03630780547701025	2.927409242876864e-19
262.885244821937	0.03630780547701025	4.244642184605445e-20
325.7122869971341	0.03630780547701025	2.297641654167334e-21
403.5543872869759	0.03630780547701025	3.4100161063200754e-23
499.9999999999984	0.03630780547701025	0
1000	0.03630780547701025	0
2000	0.03630780547701025	0
1.	0.04168693834703368	0.6551974757978315
1.9999999999999998	0.04168693834703368	0.8386481817486471
2.288838595949997	0.04168693834703368	0.9316375907940916
2.6193910591551774	0.04168693834703368	1.0634893875142393
2.9976816770403563	0.04168693834703368	1.250819621604447
3.4306047603910415	0.04168693834703368	1.4972313241454251
3.926050291516404	0.04168693834703368	1.7863787931002395
4.493047718431742	0.04168693834703368	2.0333283510583513
5.141930515695824	0.04168693834703368	2.087960461366475
5.884524511008838	0.04168693834703368	1.882830207900459
6.734363409805407	0.04168693834703368	1.6023610585953094
7.706935445758021	0.04168693834703368	1.4481018723659929
8.819965652373028	0.04168693834703368	1.1671527304353615
10.093738900052346	0.04168693834703368	0.6674696804164187
11.551469585940843	0.04168693834703368	0.2597243045421087
13.219724714121972	0.04168693834703368	0.0747182072115499
15.128908076758211	0.04168693834703368	0.017374509667928216
17.313814360331925	0.04168693834703368	0.004505094853105469
19.814263275520517	0.04168693834703368	0.0017170144251050328
22.675825267662994	0.04168693834703368	0.0005268081622294698
25.950652033822625	0.04168693834703368	0.00013444501670865623
29.698426982540767	0.04168693834703368	0.00003625221486716725
33.98745295832107	0.04168693834703368	0.00001193018835664972
38.895897054520105	0.04168693834703368	3.4309984227357344e-6
44.51321520124173	0.04168693834703368	8.812158921044224e-7
50.941782491215115	0.04168693834703368	1.7242950636308435e-7
58.29875895619149	0.04168693834703368	3.202840150811849e-8
66.71822479745835	0.04168693834703368	4.4623494017703165e-9
76.35362398484546	0.04168693834703368	3.782505370596294e-10
87.38056075858388	0.04168693834703368	1.3402399015863473e-11
100.00000000000031	0.04168693834703368	1.798007139653259e-13
111.55639876771902	0.04168693834703368	3.993297172772638e-15
138.21730389017998	0.04168693834703368	1.2798842919714574e-17
171.24990861750976	0.04168693834703368	2.000598622972564e-18
212.17698780180757	0.04168693834703368	3.649566259968941e-19
262.885244821937	0.04168693834703368	5.292372823264201e-20
325.7122869971341	0.04168693834703368	2.8670719439857586e-21
403.5543872869759	0.04168693834703368	4.259937844803535e-23
499.9999999999984	0.04168693834703368	0
1000	0.04168693834703368	0
2000	0.04168693834703368	0
1.	0.047863009232264	0.5707708940329147
1.9999999999999998	0.047863009232264	0.7068628467903245
2.288838595949997	0.047863009232264	0.7774764787091919
2.6193910591551774	0.047863009232264	0.8803702252776174
2.9976816770403563	0.047863009232264	1.0361406212684634
3.4306047603910415	0.047863009232264	1.2630426486376995
3.926050291516404	0.047863009232264	1.571549827442755
4.493047718431742	0.047863009232264	1.9277982439034829
5.141930515695824	0.047863009232264	2.1852098675755633
5.884524511008838	0.047863009232264	2.156088661262967
6.734363409805407	0.047863009232264	1.8599596102553535
7.706935445758021	0.047863009232264	1.6333213417013082
8.819965652373028	0.047863009232264	1.430161117752618
10.093738900052346	0.047863009232264	0.9189162471541705
11.551469585940843	0.047863009232264	0.3881463291132517
13.219724714121972	0.047863009232264	0.11490494369873094
15.128908076758211	0.047863009232264	0.026593644875755384
17.313814360331925	0.047863009232264	0.0062550308128619826
19.814263275520517	0.047863009232264	0.0022768894040015213
22.675825267662994	0.047863009232264	0.0007184001816681423
25.950652033822625	0.047863009232264	0.00017789899633170167
29.698426982540767	0.047863009232264	0.000047184520085428094
33.98745295832107	0.047863009232264	0.00001540825455748582
38.895897054520105	0.047863009232264	4.4155837497612005e-6
44.51321520124173	0.047863009232264	1.1408431512762436e-6
50.941782491215115	0.047863009232264	2.2155458688968e-7
58.29875895619149	0.047863009232264	4.124299845487629e-8
66.71822479745835	0.047863009232264	5.748303164204853e-9
76.35362398484546	0.047863009232264	4.936832854528929e-10
87.38056075858388	0.047863009232264	1.7823337211642257e-11
100.00000000000031	0.047863009232264	2.4316361481879936e-13
111.55639876771902	0.047863009232264	5.450976504504702e-15
138.21730389017998	0.047863009232264	1.5846500927869136e-17
171.24990861750976	0.047863009232264	2.4693016728867545e-18
212.17698780180757	0.047863009232264	4.499251722680061e-19
262.885244821937	0.047863009232264	6.525436842898783e-20
325.7122869971341	0.047863009232264	3.538311513549666e-21
403.5543872869759	0.047863009232264	5.264072753159274e-23
499.9999999999984	0.047863009232264	0
1000	0.047863009232264	0
2000	0.047863009232264	0
1.	0.05495408738576265	0.4893801447850675
1.9999999999999998	0.05495408738576265	0.5891862093336165
2.288838595949997	0.05495408738576265	0.6407309926949477
2.6193910591551774	0.05495408738576265	0.7184176235008259
2.9976816770403563	0.05495408738576265	0.8382120587841373
3.4306047603910415	0.05495408738576265	1.0206430993075084
3.926050291516404	0.05495408738576265	1.2983306822781162
4.493047718431742	0.05495408738576265	1.6800389047619528
5.141930515695824	0.05495408738576265	2.099030317285624
5.884524511008838	0.05495408738576265	2.335158809603941
6.734363409805407	0.05495408738576265	2.1709083172436237
7.706935445758021	0.05495408738576265	1.8487111255921889
8.819965652373028	0.05495408738576265	1.679160219340739
10.093738900052346	0.05495408738576265	1.2345420817166608
11.551469585940843	0.05495408738576265	0.584117221843237
13.219724714121972	0.05495408738576265	0.1816350737475151
15.128908076758211	0.05495408738576265	0.04200135084121949
17.313814360331925	0.05495408738576265	0.009065970316564607
19.814263275520517	0.05495408738576265	0.0030268873628353536
22.675825267662994	0.05495408738576265	0.0009887817344941734
25.950652033822625	0.05495408738576265	0.00023907587207224086
29.698426982540767	0.05495408738576265	0.00006253980535361621
33.98745295832107	0.05495408738576265	0.00002004605781795054
38.895897054520105	0.05495408738576265	5.735850598727443e-6
44.51321520124173	0.05495408738576265	1.4866194895673113e-6
50.941782491215115	0.05495408738576265	2.8780187281974757e-7
58.29875895619149	0.05495408738576265	5.36078452723693e-8
66.71822479745835	0.05495408738576265	7.474277751931281e-9
76.35362398484546	0.05495408738576265	6.504481703520813e-10
87.38056075858388	0.05495408738576265	2.394903051403115e-11
100.00000000000031	0.05495408738576265	3.329656059611609e-13
111.55639876771902	0.05495408738576265	7.548568183652154e-15
138.21730389017998	0.05495408738576265	1.9691233872202793e-17
171.24990861750976	0.05495408738576265	3.0570313950502672e-18
212.17698780180757	0.05495408738576265	5.562562096202371e-19
262.885244821937	0.05495408738576265	8.068827681312706e-20
325.7122869971341	0.05495408738576265	4.379794939402971e-21
403.5543872869759	0.05495408738576265	6.525660527353465e-23
499.9999999999984	0.05495408738576265	0
1000	0.05495408738576265	0
2000	0.05495408738576265	0
1.	0.06309573444801955	0.40138267027129115
1.9999999999999998	0.06309573444801955	0.4816036468303202
2.288838595949997	0.06309573444801955	0.5205634233256795
2.6193910591551774	0.06309573444801955	0.5785178084355048
2.9976816770403563	0.06309573444801955	0.6663410173595379
3.4306047603910415	0.06309573444801955	0.8056154379674256
3.926050291516404	0.06309573444801955	1.0249692815616283
4.493047718431742	0.06309573444801955	1.3683774451366733
5.141930515695824	0.06309573444801955	1.8482589808337442
5.884524511008838	0.06309573444801955	2.330439756359639
6.734363409805407	0.06309573444801955	2.461029286703571
7.706935445758021	0.06309573444801955	2.143112805831853
8.819965652373028	0.06309573444801955	1.9070817504489805
10.093738900052346	0.06309573444801955	1.5883019598627108
11.551469585940843	0.06309573444801955	0.8668344853842179
13.219724714121972	0.06309573444801955	0.2895137996045981
15.128908076758211	0.06309573444801955	0.06795576650141445
17.313814360331925	0.06309573444801955	0.013878475474992423
19.814263275520517	0.06309573444801955	0.004055929740174439
22.675825267662994	0.06309573444801955	0.001362724066445442
25.950652033822625	0.06309573444801955	0.00033011963923397763
29.698426982540767	0.06309573444801955	0.00008427884605563473
33.98745295832107	0.06309573444801955	0.000025862568261358607
38.895897054520105	0.06309573444801955	7.3990627613969475e-6
44.51321520124173	0.06309573444801955	1.917909140350351e-6
50.941782491215115	0.06309573444801955	3.7259451824409733e-7
58.29875895619149	0.06309573444801955	6.916976463888682e-8
66.71822479745835	0.06309573444801955	9.653032508003403e-9
76.35362398484546	0.06309573444801955	8.510128573317039e-10
87.38056075858388	0.06309573444801955	3.202505715453862e-11
100.00000000000031	0.06309573444801955	4.550421047202197e-13
111.55639876771902	0.06309573444801955	1.0446207418233206e-14
138.21730389017998	0.06309573444801955	2.41658218969405e-17
171.24990861750976	0.06309573444801955	3.735003997314164e-18
212.17698780180757	0.06309573444801955	6.785595633072545e-19
262.885244821937	0.06309573444801955	9.844658522018947e-20
325.7122869971341	0.06309573444801955	5.350164766323137e-21
403.5543872869759	0.06309573444801955	7.984951538811088e-23
499.9999999999984	0.06309573444801955	0
1000	0.06309573444801955	0
2000	0.06309573444801955	0
1.	0.07244359600749928	0.31190703821532045
1.9999999999999998	0.07244359600749928	0.3857670409321122
2.288838595949997	0.07244359600749928	0.41546790051019056
2.6193910591551774	0.07244359600749928	0.4598092322402624
2.9976816770403563	0.07244359600749928	0.5246484449830621
3.4306047603910415	0.07244359600749928	0.6238975976802019
3.926050291516404	0.07244359600749928	0.7821012415028149
4.493047718431742	0.07244359600749928	1.0500690576620277
5.141930515695824	0.07244359600749928	1.4808305704017675
5.884524511008838	0.07244359600749928	2.0762227292233257
6.734363409805407	0.07244359600749928	2.569929710176177
7.706935445758021	0.07244359600749928	2.5005301723211457
8.819965652373028	0.07244359600749928	2.1319013438912813
10.093738900052346	0.07244359600749928	1.9173222015510967
11.551469585940843	0.07244359600749928	1.2556136398227387
13.219724714121972	0.07244359600749928	0.47068729383554525
15.128908076758211	0.07244359600749928	0.1131116458711799
17.313814360331925	0.07244359600749928	0.02253129873145321
19.814263275520517	0.07244359600749928	0.005541718894043386
22.675825267662994	0.07244359600749928	0.0019145986166771896
25.950652033822625	0.07244359600749928	0.000469807102110177
29.698426982540767	0.07244359600749928	0.00011509347252624673
33.98745295832107	0.07244359600749928	0.00003334059346497569
38.895897054520105	0.07244359600749928	9.541189353390793e-6
44.51321520124173	0.07244359600749928	2.4651557062605005e-6
50.941782491215115	0.07244359600749928	4.845959354185757e-7
58.29875895619149	0.07244359600749928	8.907809452058412e-8
66.71822479745835	0.07244359600749928	1.2460075109845446e-8
76.35362398484546	0.07244359600749928	1.1126252220770784e-9
87.38056075858388	0.07244359600749928	4.29294207434762e-11
100.00000000000031	0.07244359600749928	6.26147338569044e-13
111.55639876771902	0.07244359600749928	1.4556062000232776e-14
138.21730389017998	0.07244359600749928	2.948043630124889e-17
171.24990861750976	0.07244359600749928	4.532021470267155e-18
212.17698780180757	0.07244359600749928	8.21881852177546e-19
262.885244821937	0.07244359600749928	1.192637618973216e-19
325.7122869971341	0.07244359600749928	6.490441735080092e-21
403.5543872869759	0.07244359600749928	9.705546271820744e-23
499.9999999999984	0.07244359600749928	0
1000	0.07244359600749928	0
2000	0.07244359600749928	0
1.	0.08317637711026743	0.2325271692929125
1.9999999999999998	0.08317637711026743	0.29599919144729364
2.288838595949997	0.08317637711026743	0.3238050603238741
2.6193910591551774	0.08317637711026743	0.3602493471602578
2.9976816770403563	0.08317637711026743	0.40840552334457086
3.4306047603910415	0.08317637711026743	0.47950839761534036
3.926050291516404	0.08317637711026743	0.5929185011935639
4.493047718431742	0.08317637711026743	0.7829928047432351
5.141930515695824	0.08317637711026743	1.113901170227774
5.884524511008838	0.08317637711026743	1.6721546061180719
6.734363409805407	0.08317637711026743	2.377561807693948
7.706935445758021	0.08317637711026743	2.77614754573926
8.819965652373028	0.08317637711026743	2.45863054345742
10.093738900052346	0.08317637711026743	2.1611074356875695
11.551469585940843	0.08317637711026743	1.709758448373733
13.219724714121972	0.08317637711026743	0.7615230270003834
15.128908076758211	0.08317637711026743	0.19352125398981296
17.313814360331925	0.08317637711026743	0.03810409323892132
19.814263275520517	0.08317637711026743	0.007885418828359435
22.675825267662994	0.08317637711026743	0.002704552749080865
25.950652033822625	0.08317637711026743	0.0006870910862491416
29.698426982540767	0.08317637711026743	0.00015800518715008313
33.98745295832107	0.08317637711026743	0.00004334543624208344
38.895897054520105	0.08317637711026743	0.000012398322955362337
44.51321520124173	0.08317637711026743	3.181865438011464e-6
50.941782491215115	0.08317637711026743	6.382412441483746e-7
58.29875895619149	0.08317637711026743	1.1530293851607111e-7
66.71822479745835	0.08317637711026743	1.619130818647475e-8
76.35362398484546	0.08317637711026743	1.4656972689829025e-9
87.38056075858388	0.08317637711026743	5.814003044096357e-11
100.00000000000031	0.08317637711026743	8.753317237149123e-13
111.55639876771902	0.08317637711026743	2.0585657102052947e-14
138.21730389017998	0.08317637711026743	3.600783210677591e-17
171.24990861750976	0.08317637711026743	5.499811918737827e-18
212.17698780180757	0.08317637711026743	9.95337983569835e-19
262.885244821937	0.08317637711026743	1.4446630775345042e-19
325.7122869971341	0.08317637711026743	7.874421732579127e-21
403.5543872869759	0.08317637711026743	1.180125377974365e-22
499.9999999999984	0.08317637711026743	0
1000	0.08317637711026743	0
2000	0.08317637711026743	0
1.	0.09549925860214398	0.1686562145698222
1.9999999999999998	0.09549925860214398	0.2212652510632539
2.288838595949997	0.09549925860214398	0.24457515285734427
2.6193910591551774	0.09549925860214398	0.27526439583168083
2.9976816770403563	0.09549925860214398	0.3146705289381802
3.4306047603910415	0.09549925860214398	0.36992515469432397
3.926050291516404	0.09549925860214398	0.4517875408696599
4.493047718431742	0.09549925860214398	0.5816171540798967
5.141930515695824	0.09549925860214398	0.809241310292887
5.884524511008838	0.09549925860214398	1.2222452560156598
6.734363409805407	0.09549925860214398	1.9276942737337666
7.706935445758021	0.09549925860214398	2.7156165137595996
8.819965652373028	0.09549925860214398	2.8159784074969836
10.093738900052346	0.09549925860214398	2.3617232815677496
11.551469585940843	0.09549925860214398	2.1352132965981823
13.219724714121972	0.09549925860214398	1.1943974459992053
15.128908076758211	0.09549925860214398	0.33693452055228257
17.313814360331925	0.09549925860214398	0.06705148679889834
19.814263275520517	0.09549925860214398	0.01203699406064192
22.675825267662994	0.09549925860214398	0.0038214946094437723
25.950652033822625	0.09549925860214398	0.0010170599679050379
29.698426982540767	0.09549925860214398	0.00021760179116721732
33.98745295832107	0.09549925860214398	0.00005727581164551035
38.895897054520105	0.09549925860214398	0.00001633806329305147
44.51321520124173	0.09549925860214398	4.152717032430456e-6
50.941782491215115	0.09549925860214398	8.550627546934653e-7
58.29875895619149	0.09549925860214398	1.5097151836728525e-7
66.71822479745835	0.09549925860214398	2.1303822480231837e-8
76.35362398484546	0.09549925860214398	1.9604198656161526e-9
87.38056075858388	0.09549925860214398	7.999181682883129e-11
100.00000000000031	0.09549925860214398	1.2485110067644747e-12
111.55639876771902	0.09549925860214398	2.9686214365355846e-14
138.21730389017998	0.09549925860214398	4.424933201700284e-17
171.24990861750976	0.09549925860214398	6.706130593521747e-18
212.17698780180757	0.09549925860214398	1.2107871456528298e-18
262.885244821937	0.09549925860214398	1.7578162345152608e-19
325.7122869971341	0.09549925860214398	9.598684486958122e-21
403.5543872869759	0.09549925860214398	1.442178849338046e-22
499.9999999999984	0.09549925860214398	1.1931875769102354e-25
1000	0.09549925860214398	0
2000	0.09549925860214398	0
1.	0.10964781961431896	0.12794951898477724
1.9999999999999998	0.10964781961431896	0.166065703760034
2.288838595949997	0.10964781961431896	0.1825777101644295
2.6193910591551774	0.10964781961431896	0.2064749620516554
2.9976816770403563	0.10964781961431896	0.23684417195886553
3.4306047603910415	0.10964781961431896	0.2832386757928063
3.926050291516404	0.10964781961431896	0.34262443829533384
4.493047718431742	0.10964781961431896	0.4331315289059006
5.141930515695824	0.10964781961431896	0.5821330896396049
5.884524511008838	0.10964781961431896	0.861709433018848
6.734363409805407	0.10964781961431896	1.3960698482891887
7.706935445758021	0.10964781961431896	2.2718315570908265
8.819965652373028	0.10964781961431896	3.001894777946104
10.093738900052346	0.10964781961431896	2.6543794376823495
11.551469585940843	0.10964781961431896	2.3983919855618008
13.219724714121972	0.10964781961431896	1.7460380148801717
15.128908076758211	0.10964781961431896	0.5909900222219995
17.313814360331925	0.10964781961431896	0.12064073983390568
19.814263275520517	0.10964781961431896	0.020184371552397735
22.675825267662994	0.10964781961431896	0.005403639821566426
25.950652033822625	0.10964781961431896	0.0015145806199081293
29.698426982540767	0.10964781961431896	0.00030666342152614834
33.98745295832107	0.10964781961431896	0.00007729286052128643
38.895897054520105	0.10964781961431896	0.000021892265765713618
44.51321520124173	0.10964781961431896	5.503162060682719e-6
50.941782491215115	0.10964781961431896	1.165018339497062e-6
58.29875895619149	0.10964781961431896	2.006272655738389e-7
66.71822479745835	0.10964781961431896	2.846332027877584e-8
76.35362398484546	0.10964781961431896	2.6734096328497447e-9
87.38056075858388	0.10964781961431896	1.1202218377351987e-10
100.00000000000031	0.10964781961431896	1.813291950843852e-12
111.55639876771902	0.10964781961431896	4.3661098685761756e-14
138.21730389017998	0.10964781961431896	5.478463312879342e-17
171.24990861750976	0.10964781961431896	8.224462506805545e-18
212.17698780180757	0.10964781961431896	1.480892380413217e-18
262.885244821937	0.10964781961431896	2.1505643248365869e-19
325.7122869971341	0.10964781961431896	1.1767611002942275e-20
403.5543872869759	0.10964781961431896	1.7731790727705698e-22
499.9999999999984	0.10964781961431896	1.4747435869791616e-25
1000	0.10964781961431896	0
2000	0.10964781961431896	0