1.	0.001	0.0082436
1.9999999999999998	0.001	0.00817892
2.288838595949997	0.001	0.00815298012609423
2.6193910591551774	0.001	0.008122779894641653
2.9976816770403563	0.001	0.00808514983726216
3.4306047603910415	0.001	0.008043139567438079
3.926050291516404	0.001	0.007998119975789227
4.493047718431742	0.001	0.00795103018948686
5.141930515695824	0.001	0.007906129968686995
5.884524511008838	0.001	0.007861039721114087
6.734363409805407	0.001	0.007808499705676486
7.706935445758021	0.001	0.007724550393107626
8.819965652373028	0.001	0.007559510644665782
10.093738900052346	0.001	0.007255457058221027
11.551469585940843	0.001	0.006770480118547599
13.219724714121972	0.001	0.006092578989840539
15.128908076758211	0.001	0.005242036332207654
17.313814360331925	0.001	0.004249833848172784
19.814263275520517	0.001	0.003178665732411588
22.675825267662994	0.001	0.0021614035432398616
25.950652033822625	0.001	0.0013245722570141187
29.698426982540767	0.001	0.0007205956621611021
33.98745295832107	0.001	0.000348983075815831
38.895897054520105	0.001	0.0001533881173721289
44.51321520124173	0.001	0.00006210690969087145
50.941782491215115	0.001	0.000023915404018022546
58.29875895619149	0.001	8.956613453159087e-6
66.71822479745835	0.001	3.280933283849363e-6
76.35362398484546	0.001	1.1976250065475302e-6
87.38056075858388	0.001	4.245701645453774e-7
100.00000000000031	0.001	1.5735723864621783e-7
111.55639876771902	0.001	7.091411238611837e-8
138.21730389017998	0.001	1.293817504880057e-8
171.24990861750976	0.001	2.0837583448354455e-9
212.17698780180757	0.001	3.8310524545240363e-10
262.885244821937	0.001	5.550382124406432e-11
325.7122869971341	0.001	2.988634566266772e-12
403.5543872869759	0.001	4.4026440263063264e-14
499.9999999999984	0.001	3.5132478836502075e-17
1000	0.001	0
2000	0.001	0
1.	0.0011481536214968829	0.009458509602985396
1.9999999999999998	0.0011481536214968829	0.009383789411808851
2.288838595949997	0.0011481536214968829	0.009354229458847625
2.6193910591551774	0.0011481536214968829	0.00931960906904909
2.9976816770403563	0.0011481536214968829	0.009277178889629952
3.4306047603910415	0.0011481536214968829	0.009228058427669161
3.926050291516404	0.0011481536214968829	0.00917674874208799
4.493047718431742	0.0011481536214968829	0.009122988797859327
5.141930515695824	0.0011481536214968829	0.00907105840366474
5.884524511008838	0.0011481536214968829	0.009019407973373335
6.734363409805407	0.0011481536214968829	0.008961867779475932
7.706935445758021	0.0011481536214968829	0.008864138288725414
8.819965652373028	0.0011481536214968829	0.008675547989320642
10.093738900052346	0.0011481536214968829	0.008327771367966575
11.551469585940843	0.0011481536214968829	0.007772186071470764
13.219724714121972	0.0011481536214968829	0.006994909426579068
15.128908076758211	0.0011481536214968829	0.006019344793164777
17.313814360331925	0.0011481536214968829	0.004880708367166472
19.814263275520517	0.0011481536214968829	0.003651219610247199
22.675825267662994	0.0011481536214968829	0.0024830604443451176
25.950652033822625	0.0011481536214968829	0.0015217089064653159
29.698426982540767	0.0011481536214968829	0.0008279229412258881
33.98745295832107	0.0011481536214968829	0.00040097095571573925
38.895897054520105	0.0011481536214968829	0.00017622369398265084
44.51321520124173	0.0011481536214968829	0.00007135652281644548
50.941782491215115	0.0011481536214968829	0.000027476806638343816
58.29875895619149	0.0011481536214968829	0.00001028912850067987
66.71822479745835	0.0011481536214968829	3.768742739852476e-6
76.35362398484546	0.0011481536214968829	1.375652217490472e-6
87.38056075858388	0.0011481536214968829	4.876620324745674e-7
100.00000000000031	0.0011481536214968829	1.8073011369172328e-7
111.55639876771902	0.0011481536214968829	8.144530088653178e-8
138.21730389017998	0.0011481536214968829	1.485943802184112e-8
171.24990861750976	0.0011481536214968829	2.393129784482719e-9
212.17698780180757	0.0011481536214968829	4.3997167641188553e-10
262.885244821937	0.0011481536214968829	6.374280421757847e-11
325.7122869971341	0.0011481536214968829	3.4323441650988887e-12
403.5543872869759	0.0011481536214968829	5.056447919153972e-14
499.9999999999984	0.0011481536214968829	4.035199697057399e-17
1000	0.0011481536214968829	0
2000	0.0011481536214968829	0
1.	0.0013182567385564075	0.010848973340176685
1.9999999999999998	0.0013182567385564075	0.010765273512346242
2.288838595949997	0.0013182567385564075	0.01073117376514918
2.6193910591551774	0.0013182567385564075	0.010690573581048945
2.9976816770403563	0.0013182567385564075	0.010643073591990546
3.4306047603910415	0.0013182567385564075	0.010586473393538565
3.926050291516404	0.0013182567385564075	0.010528074058405577
4.493047718431742	0.0013182567385564075	0.010465474511973279
5.141930515695824	0.0013182567385564075	0.010406874346845224
5.884524511008838	0.0013182567385564075	0.010347674188216811
6.734363409805407	0.0013182567385564075	0.010282774283259117
7.706935445758021	0.0013182567385564075	0.01017137545755343
8.819965652373028	0.0013182567385564075	0.009955616299609
10.093738900052346	0.0013182567385564075	0.009558109435775319
11.551469585940843	0.0013182567385564075	0.00892201122559069
13.219724714121972	0.0013182567385564075	0.008030845652860472
15.128908076758211	0.0013182567385564075	0.006911888057292512
17.313814360331925	0.0013182567385564075	0.0056053779991015835
19.814263275520517	0.0013182567385564075	0.0041938503273371616
22.675825267662994	0.0013182567385564075	0.0028523344018948514
25.950652033822625	0.0013182567385564075	0.0017483718238256087
29.698426982540767	0.0013182567385564075	0.0009513235478384261
33.98745295832107	0.0013182567385564075	0.0004607622340508727
38.895897054520105	0.0013182567385564075	0.0002024856514571083
44.51321520124173	0.0013182567385564075	0.00008199887670246796
50.941782491215115	0.0013182567385564075	0.000031569258884023806
58.29875895619149	0.0013182567385564075	0.000011820980802651375
66.71822479745835	0.0013182567385564075	4.32974718025806e-6
76.35362398484546	0.0013182567385564075	1.5803847177673478e-6
87.38056075858388	0.0013182567385564075	5.602089117234554e-7
100.00000000000031	0.0013182567385564075	2.076029433960918e-7
111.55639876771902	0.0013182567385564075	9.355288216940654e-8
138.21730389017998	0.0013182567385564075	1.706815955923761e-8
171.24990861750976	0.0013182567385564075	2.7487878363618846e-9
212.17698780180757	0.0013182567385564075	5.053399080089975e-10
262.885244821937	0.0013182567385564075	7.32138484260495e-11
325.7122869971341	0.0013182567385564075	3.942436516273116e-12
403.5543872869759	0.0013182567385564075	5.808081061385583e-14
499.9999999999984	0.0013182567385564075	4.635343489655299e-17
1000	0.0013182567385564075	0
2000	0.0013182567385564075	0
1.	0.0015135612484362087	0.012445110178340515
1.9999999999999998	0.0015135612484362087	0.012348310100953504
2.288838595949997	0.0015135612484362087	0.012309710250729728
2.6193910591551774	0.0015135612484362087	0.012263209882669343
2.9976816770403563	0.0015135612484362087	0.01220890973608997
3.4306047603910415	0.0015135612484362087	0.012143609294175824
3.926050291516404	0.0015135612484362087	0.01207690981811304
4.493047718431742	0.0015135612484362087	0.0120054101091806
5.141930515695824	0.0015135612484362087	0.01193840971822512
5.884524511008838	0.0015135612484362087	0.011869909323214639
6.734363409805407	0.0015135612484362087	0.011796809208285346
7.706935445758021	0.0015135612484362087	0.01166971015830558
8.819965652373028	0.0015135612484362087	0.011422510338886117
10.093738900052346	0.0015135612484362087	0.0109697895737133
11.551469585940843	0.0015135612484362087	0.010241323627756593
13.219724714121972	0.0015135612484362087	0.009220040993630892
15.128908076758211	0.0015135612484362087	0.007937031012635612
17.313814360331925	0.0015135612484362087	0.006437976019200237
19.814263275520517	0.0015135612484362087	0.004817417794892784
22.675825267662994	0.0015135612484362087	0.0032771729357206313
25.950652033822625	0.0015135612484362087	0.0020090102439186425
29.698426982540767	0.0015135612484362087	0.0010932573623071552
33.98745295832107	0.0015135612484362087	0.0005295186235274144
38.895897054520105	0.0015135612484362087	0.0002326763715569059
44.51321520124173	0.0015135612484362087	0.00009423444127121922
50.941782491215115	0.0015135612484362087	0.00003627468797609997
58.29875895619149	0.0015135612484362087	0.000013581937874483068
66.71822479745835	0.0015135612484362087	4.974468776362433e-6
76.35362398484546	0.0015135612484362087	1.8156472007225002e-6
87.38056075858388	0.0015135612484362087	6.435698333946886e-7
100.00000000000031	0.0015135612484362087	2.384755608600373e-7
111.55639876771902	0.0015135612484362087	1.0746217349267698e-7
138.21730389017998	0.0015135612484362087	1.9605531164448584e-8
171.24990861750976	0.0015135612484362087	3.157323310944034e-9
212.17698780180757	0.0015135612484362087	5.804252091348372e-10
262.885244821937	0.0015135612484362087	8.40924686346391e-11
325.7122869971341	0.0015135612484362087	4.52835327142344e-12
403.5543872869759	0.0015135612484362087	6.67155502508694e-14
499.9999999999984	0.0015135612484362087	5.3248680079497556e-17
1000	0.0015135612484362087	0
2000	0.0015135612484362087	0
1.	0.0017378008287493763	0.014273306740469175
1.9999999999999998	0.0017378008287493763	0.014162606688966066
2.288838595949997	0.0017378008287493763	0.014117206890985487
2.6193910591551774	0.0017378008287493763	0.014065606471163412
2.9976816770403563	0.0017378008287493763	0.014003106325361801
3.4306047603910415	0.0017378008287493763	0.013928105805123707
3.926050291516404	0.0017378008287493763	0.013847006514568456
4.493047718431742	0.0017378008287493763	0.013769506816375334
5.141930515695824	0.0017378008287493763	0.01369250641409249
5.884524511008838	0.0017378008287493763	0.013614205994229621
6.734363409805407	0.0017378008287493763	0.013530805894256096
7.706935445758021	0.0017378008287493763	0.01338740701442039
8.819965652373028	0.0017378008287493763	0.013106107315538554
10.093738900052346	0.0017378008287493763	0.012588683740022194
11.551469585940843	0.0017378008287493763	0.01175532297916943
13.219724714121972	0.0017378008287493763	0.010585486000396693
15.128908076758211	0.0017378008287493763	0.00911424799645503
17.313814360331925	0.0017378008287493763	0.007394652854999406
19.814263275520517	0.0017378008287493763	0.005534719968855668
22.675825267662994	0.0017378008287493763	0.00376582056684406
25.950652033822625	0.0017378008287493763	0.0023088324503033573
29.698426982540767	0.0017378008287493763	0.001256496529057695
33.98745295832107	0.0017378008287493763	0.0006086383987484279
38.895897054520105	0.0017378008287493763	0.00026741933345126765
44.51321520124173	0.0017378008287493763	0.0001083028945857751
50.941782491215115	0.0017378008287493763	0.00004168430149707816
58.29875895619149	0.0017378008287493763	0.000015607052979806934
66.71822479745835	0.0017378008287493763	5.715793611916006e-6
76.35362398484546	0.0017378008287493763	2.08615888491689e-6
87.38056075858388	0.0017378008287493763	7.394024335728343e-7
100.00000000000031	0.0017378008287493763	2.739632282305234e-7
111.55639876771902	0.0017378008287493763	1.234490079093051e-7
138.21730389017998	0.0017378008287493763	2.2521931524336482e-8
171.24990861750976	0.0017378008287493763	3.626846193577527e-9
212.17698780180757	0.0017378008287493763	6.667108815404703e-10
262.885244821937	0.0017378008287493763	9.659400784611571e-11
325.7122869971341	0.0017378008287493763	5.201736102437198e-12
403.5543872869759	0.0017378008287493763	7.663996387536473e-14
499.9999999999984	0.0017378008287493763	6.117516060806381e-17
1000	0.0017378008287493763	0
2000	0.0017378008287493763	0
1.	0.0019952623149688807	0.016367318775986565
1.9999999999999998	0.0019952623149688807	0.016240618608399766
2.288838595949997	0.0019952623149688807	0.016189418806380456
2.6193910591551774	0.0019952623149688807	0.016130318288056774
2.9976816770403563	0.0019952623149688807	0.016058418098219267
3.4306047603910415	0.0019952623149688807	0.01597361746102661
3.926050291516404	0.0019952623149688807	0.015883218168243795
4.493047718431742	0.0019952623149688807	0.015790218497093767
5.141930515695824	0.0019952623149688807	0.015702017959881253
5.884524511008838	0.0019952623149688807	0.015613917438153295
6.734363409805407	0.0019952623149688807	0.015518117273812445
7.706935445758021	0.0019952623149688807	0.015357918405507492
8.819965652373028	0.0019952623149688807	0.015037418572869497
10.093738900052346	0.0019952623149688807	0.014445991240201867
11.551469585940843	0.0019952623149688807	0.013492535511341469
13.219724714121972	0.0019952623149688807	0.012152892263408889
15.128908076758211	0.0019952623149688807	0.010466604869948219
17.313814360331925	0.0019952623149688807	0.008493397628283217
19.814263275520517	0.0019952623149688807	0.0063585187801738045
22.675825267662994	0.0019952623149688807	0.004327672147942019
25.950652033822625	0.0019952623149688807	0.002653637627349857
29.698426982540767	0.0019952623149688807	0.0014443770081627436
33.98745295832107	0.0019952623149688807	0.0006996929883924452
38.895897054520105	0.0019952623149688807	0.00030739959585901445
44.51321520124173	0.0019952623149688807	0.0001244929649243179
50.941782491215115	0.0019952623149688807	0.000047914764635625056
58.29875895619149	0.0019952623149688807	0.000017936488227735813
66.71822479745835	0.0019952623149688807	6.568214197040476e-6
76.35362398484546	0.0019952623149688807	2.3971756554828926e-6
87.38056075858388	0.0019952623149688807	8.495728681678985e-7
100.00000000000031	0.0019952623149688807	3.147515383256841e-7
111.55639876771902	0.0019952623149688807	1.4182294975029444e-7
138.21730389017998	0.0019952623149688807	2.5873512475271815e-8
171.24990861750976	0.0019952623149688807	4.166397783419759e-9
212.17698780180757	0.0019952623149688807	7.658581853682658e-10
262.885244821937	0.0019952623149688807	1.1095920928900486e-10
325.7122869971341	0.0019952623149688807	5.975554050961794e-12
403.5543872869759	0.0019952623149688807	8.804579618702067e-14
499.9999999999984	0.0019952623149688807	7.028665515581013e-17
1000	0.0019952623149688807	0
2000	0.0019952623149688807	0
1.	0.0022908676527677745	0.018764880962335567
1.9999999999999998	0.0022908676527677745	0.018616781132257995
2.288838595949997	0.0022908676527677745	0.018559081464349148
2.6193910591551774	0.0022908676527677745	0.018491281029242742
2.9976816770403563	0.0022908676527677745	0.018411380939941144
3.4306047603910415	0.0022908676527677745	0.01831418040703185
3.926050291516404	0.0022908676527677745	0.018209281476133994
4.493047718431742	0.0022908676527677745	0.018104382046666492
5.141930515695824	0.0022908676527677745	0.01800318166000171
5.884524511008838	0.0022908676527677745	0.01790558121932646
6.734363409805407	0.0022908676527677745	0.01779558127367841
7.706935445758021	0.0022908676527677745	0.01761238295645135
8.819965652373028	0.0022908676527677745	0.017249183856344275
10.093738900052346	0.0022908676527677745	0.01657635401170712
11.551469585940843	0.0022908676527677745	0.015486906894064066
13.219724714121972	0.0022908676527677745	0.013952360695719878
15.128908076758211	0.0022908676527677745	0.012019879298250479
17.313814360331925	0.0022908676527677745	0.009756165905125704
19.814263275520517	0.0022908676527677745	0.007306628448377335
22.675825267662994	0.0022908676527677745	0.0049743500211508656
25.950652033822625	0.0022908676527677745	0.003050495027392919
29.698426982540767	0.0022908676527677745	0.0016605628978364042
33.98745295832107	0.0022908676527677745	0.0008044995570321993
38.895897054520105	0.0022908676527677745	0.00035342690520239384
44.51321520124173	0.0022908676527677745	0.0001431366437253342
50.941782491215115	0.0022908676527677745	0.00005507428299643494
58.29875895619149	0.0022908676527677745	0.000020615870963784443
66.71822479745835	0.0022908676527677745	7.548783728319395e-6
76.35362398484546	0.0022908676527677745	2.7549231021435287e-6
87.38056075858388	0.0022908676527677745	9.762753469992575e-7
100.00000000000031	0.0022908676527677745	3.616492032395731e-7
111.55639876771902	0.0022908676527677745	1.6294733384631535e-7
138.21730389017998	0.0022908676527677745	2.9726667805198018e-8
171.24990861750976	0.0022908676527677745	4.786653382586127e-9
212.17698780180757	0.0022908676527677745	8.798212249307217e-10
262.885244821937	0.0022908676527677745	1.2747153226757898e-10
325.7122869971341	0.0022908676527677745	6.865100598967093e-12
403.5543872869759	0.0022908676527677745	1.0115903478365805e-13
499.9999999999984	0.0022908676527677745	8.076409773057632e-17
1000	0.0022908676527677745	0
2000	0.0022908676527677745	0
1.	0.0026302679918953843	0.021507883770680726
1.9999999999999998	0.0026302679918953843	0.021334583919779833
2.288838595949997	0.0026302679918953843	0.021272784244447437
2.6193910591551774	0.0026302679918953843	0.0211934837528134
2.9976816770403563	0.0026302679918953843	0.021100883666139988
3.4306047603910415	0.0026302679918953843	0.020992182998433324
3.926050291516404	0.0026302679918953843	0.02087178418527299
4.493047718431742	0.0026302679918953843	0.020751784819181898
5.141930515695824	0.0026302679918953843	0.020638084333253478
5.884524511008838	0.0026302679918953843	0.02052718382226685
6.734363409805407	0.0026302679918953843	0.0204015838586858
7.706935445758021	0.0026302679918953843	0.020195485681841513
8.819965652373028	0.0026302679918953843	0.01978428660694313
10.093738900052346	0.0026302679918953843	0.01901825236521197
11.551469585940843	0.0026302679918953843	0.017774612411797987
13.219724714121972	0.0026302679918953843	0.016018059110587155
15.128908076758211	0.0026302679918953843	0.013803479855098683
17.313814360331925	0.0026302679918953843	0.011208675254764862
19.814263275520517	0.0026302679918953843	0.008396384856894704
22.675825267662994	0.0026302679918953843	0.0057180085431248655
25.950652033822625	0.0026302679918953843	0.0035073396765711684
29.698426982540767	0.0026302679918953843	0.0019095623340217036
33.98745295832107	0.0026302679918953843	0.0009251920824066294
38.895897054520105	0.0026302679918953843	0.0004064599975027474
44.51321520124173	0.0026302679918953843	0.00016460563342913847
50.941782491215115	0.0026302679918953843	0.00006330192723013865
58.29875895619149	0.0026302679918953843	0.000023700102685383664
66.71822479745835	0.0026302679918953843	8.67699907833007e-6
76.35362398484546	0.0026302679918953843	3.1664969398865264e-6
87.38056075858388	0.0026302679918953843	1.1220129917874012e-6
100.00000000000031	0.0026302679918953843	4.1558085227846186e-7
111.55639876771902	0.0026302679918953843	1.87236843458054e-7
138.21730389017998	0.0026302679918953843	3.415698520129256e-8
171.24990861750976	0.0026302679918953843	5.499732383651072e-9
212.17698780180757	0.0026302679918953843	1.0108272874896043e-9
262.885244821937	0.0026302679918953843	1.4645314217813134e-10
325.7122869971341	0.0026302679918953843	7.887767906860045e-12
403.5543872869759	0.0026302679918953843	1.1623648939857992e-13
499.9999999999984	0.0026302679918953843	9.281419832080708e-17
1000	0.0026302679918953843	0
2000	0.0026302679918953843	0
1.	0.003019951720402019	0.024647013794515765
1.9999999999999998	0.003019951720402019	0.02445101369915577
2.288838595949997	0.003019951720402019	0.024378813995903147
2.6193910591551774	0.003019951720402019	0.024288413306806225
2.9976816770403563	0.003019951720402019	0.02418371307225933
3.4306047603910415	0.003019951720402019	0.024058112197096717
3.926050291516404	0.003019951720402019	0.023923513335793522
4.493047718431742	0.003019951720402019	0.023785913859488937
5.141930515695824	0.003019951720402019	0.023653313168039713
5.884524511008838	0.003019951720402019	0.023524712466900414
6.734363409805407	0.003019951720402019	0.02338601230685491
7.706935445758021	0.003019951720402019	0.023155814093045776
8.819965652373028	0.003019951720402019	0.022690014604631804
10.093738900052346	0.003019951720402019	0.021816574493093686
11.551469585940843	0.003019951720402019	0.020398241161779167
13.219724714121972	0.003019951720402019	0.01838927762591626
15.128908076758211	0.003019951720402019	0.01585219805331634
17.313814360331925	0.003019951720402019	0.012876888850943232
19.814263275520517	0.003019951720402019	0.009651172923540756
22.675825267662994	0.003019951720402019	0.006574004183637534
25.950652033822625	0.003019951720402019	0.0040330495475977965
29.698426982540767	0.003019951720402019	0.0021963641485854193
33.98745295832107	0.003019951720402019	0.0010641830339704046
38.895897054520105	0.003019951720402019	0.0004675086286348733
44.51321520124173	0.003019951720402019	0.000189342834049616
50.941782491215115	0.003019951720402019	0.00007280245940357127
58.29875895619149	0.003019951720402019	0.000027250169851273496
66.71822479745835	0.003019951720402019	9.97446486765332e-6
76.35362398484546	0.003019951720402019	3.639765251791591e-6
87.38056075858388	0.003019951720402019	1.2895599801049129e-6
100.00000000000031	0.003019951720402019	4.775662537138201e-7
111.55639876771902	0.003019951720402019	2.1515116478457512e-7
138.21730389017998	0.003019951720402019	3.924813165706475e-8
171.24990861750976	0.003019951720402019	6.319081603919387e-9
212.17698780180757	0.003019951720402019	1.1613328916058562e-9
262.885244821937	0.003019951720402019	1.6826047161740277e-10
325.7122869971341	0.003019951720402019	9.062823103567006e-12
403.5543872869759	0.003019951720402019	1.335635216796194e-13
499.9999999999984	0.003019951720402019	1.0666590641212705e-16
1000	0.003019951720402019	0
2000	0.003019951720402019	0
1.	0.00346736850452532	0.028234488008995095
1.9999999999999998	0.00346736850452532	0.028013688091887617
2.288838595949997	0.00346736850452532	0.02792738855851973
2.6193910591551774	0.00346736850452532	0.027825287855020014
2.9976816770403563	0.00346736850452532	0.027709887658385706
3.4306047603910415	0.00346736850452532	0.027566486770657716
3.926050291516404	0.00346736850452532	0.027410088262031528
4.493047718431742	0.00346736850452532	0.02724628909293864
5.141930515695824	0.00346736850452532	0.027101088376835232
5.884524511008838	0.00346736850452532	0.02695838766368657
6.734363409805407	0.00346736850452532	0.026796487703437753
7.706935445758021	0.00346736850452532	0.026540589884794928
8.819965652373028	0.00346736850452532	0.026014990939440756
10.093738900052346	0.00346736850452532	0.02502624606492407
11.551469585940843	0.00346736850452532	0.023407123724262
13.219724714121972	0.00346736850452532	0.021111653290871543
15.128908076758211	0.00346736850452532	0.018206279522375073
17.313814360331925	0.00346736850452532	0.014795272329641273
19.814263275520517	0.00346736850452532	0.01109374954309931
22.675825267662994	0.00346736850452532	0.007559374174476337
25.950652033822625	0.00346736850452532	0.0046391107471914945
29.698426982540767	0.00346736850452532	0.0025269607008963574
33.98745295832107	0.00346736850452532	0.0012244637499515011
38.895897054520105	0.00346736850452532	0.00053787817679702
44.51321520124173	0.00346736850452532	0.00021785258754138673
50.941782491215115	0.00346736850452532	0.00008372402880647318
58.29875895619149	0.00346736850452532	0.00003133867858552454
66.71822479745835	0.00346736850452532	0.000011469436483712485
76.35362398484546	0.00346736850452532	4.185006268017272e-6
87.38056075858388	0.00346736850452532	1.4825349169457066e-6
100.00000000000031	0.00346736850452532	5.489377153027761e-7
111.55639876771902	0.00346736850452532	2.4728809616113e-7
138.21730389017998	0.00346736850452532	4.510888934702369e-8
171.24990861750976	0.00346736850452532	7.262166289858156e-9
212.17698780180757	0.00346736850452532	1.334539929402935e-9
262.885244821937	0.00346736850452532	1.9335807248978723e-10
325.7122869971341	0.00346736850452532	1.041529497599109e-11
403.5543872869759	0.00346736850452532	1.535102542064564e-13
499.9999999999984	0.00346736850452532	1.2261688644112774e-16
1000	0.00346736850452532	0
2000	0.00346736850452532	0
1.	0.003981071705534978	0.032338013506115905
1.9999999999999998	0.003981071705534978	0.03208681343151086
2.288838595949997	0.003981071705534978	0.031989913866395665
2.6193910591551774	0.003981071705534978	0.031873812979288554
2.9976816770403563	0.003981071705534978	0.031738012667530104
3.4306047603910415	0.003981071705534978	0.03157401152163833
3.926050291516404	0.003981071705534978	0.03139561306905083
4.493047718431742	0.003981071705534978	0.031210313839687642
5.141930515695824	0.003981071705534978	0.03104171289056734
5.884524511008838	0.003981071705534978	0.03087861199980047
6.734363409805407	0.003981071705534978	0.030698611901389818
7.706935445758021	0.003981071705534978	0.030413114140045473
8.819965652373028	0.003981071705534978	0.02982331487998485
10.093738900052346	0.003981071705534978	0.028699463029965813
11.551469585940843	0.003981071705534978	0.02685804985922039
13.219724714121972	0.003981071705534978	0.024235767291516497
15.128908076758211	0.003981071705534978	0.02090809454684725
17.313814360331925	0.003981071705534978	0.017001382946289157
19.814263275520517	0.003981071705534978	0.012754167907216821
22.675825267662994	0.003981071705534978	0.008694687882270777
25.950652033822625	0.003981071705534978	0.005337831495973572
29.698426982540767	0.003981071705534978	0.0029082018421387936
33.98745295832107	0.003981071705534978	0.001409247057348439
38.895897054520105	0.003981071705534978	0.0006190747449635902
44.51321520124173	0.003981071705534978	0.0002506937446251594
50.941782491215115	0.003981071705534978	0.00009634556243449011
58.29875895619149	0.003981071705534978	0.000036049052086167166
66.71822479745835	0.003981071705534978	0.000013191238417998256
76.35362398484546	0.003981071705534978	4.812874352599715e-6
87.38056075858388	0.003981071705534978	1.704700419486464e-6
100.00000000000031	0.003981071705534978	6.310712913379337e-7
111.55639876771902	0.003981071705534978	2.8426598188376704e-7
138.21730389017998	0.003981071705534978	5.185210879264902e-8
171.24990861750976	0.003981071705534978	8.34710420902327e-9
212.17698780180757	0.003981071705534978	1.5337633917004897e-9
262.885244821937	0.003981071705534978	2.2222558177441537e-10
325.7122869971341	0.003981071705534978	1.1971195712866032e-11
403.5543872869759	0.003981071705534978	1.7646105940905283e-13
499.9999999999984	0.003981071705534978	1.409778691676486e-16
1000	0.003981071705534978	0
2000	0.003981071705534978	0
1.	0.0045708818961487565	0.03700871493645199
1.9999999999999998	0.0045708818961487565	0.03673171483201107
2.288838595949997	0.0045708818961487565	0.03662231533496389
2.6193910591551774	0.0045708818961487565	0.036493814328313626
2.9976816770403563	0.0045708818961487565	0.036338413972436444
3.4306047603910415	0.0045708818961487565	0.036151212667779604
3.926050291516404	0.0045708818961487565	0.03594811443388508
4.493047718431742	0.0045708818961487565	0.035738515304423825
5.141930515695824	0.0045708818961487565	0.03553871426663456
5.884524511008838	0.0045708818961487565	0.03535881327513632
6.734363409805407	0.0045708818961487565	0.035160513142126655
7.706935445758021	0.0045708818961487565	0.0348407156625539
8.819965652373028	0.0045708818961487565	0.03417241657530312
10.093738900052346	0.0045708818961487565	0.032907657634375746
11.551469585940843	0.0045708818961487565	0.030814256375907435
13.219724714121972	0.0045708818961487565	0.027821162272301237
15.128908076758211	0.0045708818961487565	0.02401649344545788
17.313814360331925	0.0045708818961487565	0.019539180185107363
19.814263275520517	0.0045708818961487565	0.014665777747108972
22.675825267662994	0.0045708818961487565	0.010002874442254969
25.950652033822625	0.0045708818961487565	0.006143019137703815
29.698426982540767	0.0045708818961487565	0.0033481405669784584
33.98745295832107	0.0045708818961487565	0.001622599615431233
38.895897054520105	0.0045708818961487565	0.0007127228488528503
44.51321520124173	0.0045708818961487565	0.0002885967023189879
50.941782491215115	0.0045708818961487565	0.00011088853091590435
58.29875895619149	0.0045708818961487565	0.00004147840476694972
66.71822479745835	0.0045708818961487565	0.000015176028940904027
76.35362398484546	0.0045708818961487565	5.536525090981237e-6
87.38056075858388	0.0045708818961487565	1.960670250180956e-6
100.00000000000031	0.0045708818961487565	7.256651698343086e-7
111.55639876771902	0.0045708818961487565	3.2684573654175156e-7
138.21730389017998	0.0045708818961487565	5.961624563957978e-8
171.24990861750976	0.0045708818961487565	9.596059604982452e-9
212.17698780180757	0.0045708818961487565	1.7630611167081757e-9
262.885244821937	0.0045708818961487565	2.5545132657745306e-10
325.7122869971341	0.0045708818961487565	1.3762237855166861e-11
403.5543872869759	0.0045708818961487565	2.0288765728100096e-13
499.9999999999984	0.0045708818961487565	1.6212799819343282e-16
1000	0.0045708818961487565	0
2000	0.0045708818961487565	0
1.	0.005248074602497733	0.042343135985112114
1.9999999999999998	0.005248074602497733	0.042028835712820505
2.288838595949997	0.005248074602497733	0.04190913625561395
2.6193910591551774	0.005248074602497733	0.04176643502901809
2.9976816770403563	0.005248074602497733	0.041587534569005005
3.4306047603910415	0.005248074602497733	0.04137233302228367
3.926050291516404	0.005248074602497733	0.04114153494089354
4.493047718431742	0.005248074602497733	0.04090313582387863
5.141930515695824	0.005248074602497733	0.04067853454859294
5.884524511008838	0.005248074602497733	0.04047583335663558
6.734363409805407	0.005248074602497733	0.040254533177544724
7.706935445758021	0.005248074602497733	0.03989963582499621
8.819965652373028	0.005248074602497733	0.03915983656985273
10.093738900052346	0.005248074602497733	0.037728169172224546
11.551469585940843	0.005248074602497733	0.03534968037592879
13.219724714121972	0.005248074602497733	0.03193657164101164
15.128908076758211	0.005248074602497733	0.027586605312046122
17.313814360331925	0.005248074602497733	0.022458287784421365
19.814263275520517	0.005248074602497733	0.016869597110092397
22.675825267662994	0.005248074602497733	0.011511376050306135
25.950652033822625	0.005248074602497733	0.007072541368718558
29.698426982540767	0.005248074602497733	0.003856160973389019
33.98745295832107	0.005248074602497733	0.001868973481383561
38.895897054520105	0.005248074602497733	0.0008208853695435978
44.51321520124173	0.005248074602497733	0.0003323588154468893
50.941782491215115	0.005248074602497733	0.00012764267235753653
58.29875895619149	0.005248074602497733	0.00004774158854843471
66.71822479745835	0.005248074602497733	0.000017464326444376018
76.35362398484546	0.005248074602497733	6.370671390548016e-6
87.38056075858388	0.005248074602497733	2.255610166724623e-6
100.00000000000031	0.005248074602497733	8.346080784210401e-7
111.55639876771902	0.005248074602497733	3.75875977380327e-7
138.21730389017998	0.005248074602497733	6.855564665046064e-8
171.24990861750976	0.005248074602497733	1.1033791858106569e-8
212.17698780180757	0.005248074602497733	2.0269472537653736e-9
262.885244821937	0.005248074602497733	2.93690655646732e-10
325.7122869971341	0.005248074602497733	1.5823963576353708e-11
403.5543872869759	0.005248074602497733	2.3331563287989216e-13
499.9999999999984	0.005248074602497733	1.864927177004195e-16
1000	0.005248074602497733	0
2000	0.005248074602497733	0
1.	0.006025595860743587	0.04842226763678883
1.9999999999999998	0.006025595860743587	0.04806196788167429
2.288838595949997	0.006025595860743587	0.04793566853075362
2.6193910591551774	0.006025595860743587	0.04776866748508386
2.9976816770403563	0.006025595860743587	0.047568267220462965
3.4306047603910415	0.006025595860743587	0.04732556580312991
3.926050291516404	0.006025595860743587	0.04706496832582737
4.493047718431742	0.006025595860743587	0.04679296973905396
5.141930515695824	0.006025595860743587	0.0465387686428162
5.884524511008838	0.006025595860743587	0.04630936767138998
6.734363409805407	0.006025595860743587	0.046069567645284644
7.706935445758021	0.006025595860743587	0.0456709711418912
8.819965652373028	0.006025595860743587	0.04484957291828148
10.093738900052346	0.006025595860743587	0.0432426986435515
11.551469585940843	0.006025595860743587	0.04054462863638327
13.219724714121972	0.006025595860743587	0.0366584105025337
15.128908076758211	0.006025595860743587	0.03168655647518089
17.313814360331925	0.006025595860743587	0.02581684531570365
19.814263275520517	0.006025595860743587	0.019408380606562966
22.675825267662994	0.006025595860743587	0.013251251345670258
25.950652033822625	0.006025595860743587	0.008145859064429757
29.698426982540767	0.006025595860743587	0.004443192472204484
33.98745295832107	0.006025595860743587	0.002153813593343081
38.895897054520105	0.006025595860743587	0.0009460000587145639
44.51321520124173	0.006025595860743587	0.0003829591727464117
50.941782491215115	0.006025595860743587	0.00014703553931885236
58.29875895619149	0.006025595860743587	0.00005497047513532942
66.71822479745835	0.006025595860743587	0.000020102683260759564
76.35362398484546	0.006025595860743587	7.332231867928644e-6
87.38056075858388	0.006025595860743587	2.5954556357685287e-6
100.00000000000031	0.006025595860743587	9.600734527700279e-7
111.55639876771902	0.006025595860743587	4.323274010875338e-7
138.21730389017998	0.006025595860743587	7.884693349742304e-8
171.24990861750976	0.006025595860743587	1.2688602029753342e-8
212.17698780180757	0.006025595860743587	2.3305902733866123e-9
262.885244821937	0.006025595860743587	3.376928513018743e-10
325.7122869971341	0.006025595860743587	1.819688139115751e-11
403.5543872869759	0.006025595860743587	2.683475055536736e-13
499.9999999999984	0.006025595860743587	2.1455937467534722e-16
1000	0.006025595860743587	0
2000	0.006025595860743587	0
1.	0.006918309709189377	0.05532919774999732
1.9999999999999998	0.006918309709189377	0.05494589775748983
2.288838595949997	0.006918309709189377	0.05479419850317719
2.6193910591551774	0.006918309709189377	0.054606297140366536
2.9976816770403563	0.006918309709189377	0.05438049673027563
3.4306047603910415	0.006918309709189377	0.054109294947059884
3.926050291516404	0.006918309709189377	0.05381339764363584
4.493047718431742	0.006918309709189377	0.05350609904968353
5.141930515695824	0.006918309709189377	0.05322319764344861
5.884524511008838	0.006918309709189377	0.05296539642243878
6.734363409805407	0.006918309709189377	0.05269989631852581
7.706935445758021	0.006918309709189377	0.05226589988390062
8.819965652373028	0.006918309709189377	0.051348001468496884
10.093738900052346	0.006918309709189377	0.049551016329073154
11.551469585940843	0.006918309709189377	0.04649256187392536
13.219724714121972	0.006918309709189377	0.04207672477475153
15.128908076758211	0.006918309709189377	0.03640187362187119
17.313814360331925	0.006918309709189377	0.029681656543847877
19.814263275520517	0.006918309709189377	0.022334206960013814
22.675825267662994	0.006918309709189377	0.01526065401994031
25.950652033822625	0.006918309709189377	0.009386225638316944
29.698426982540767	0.006918309709189377	0.00512213317806387
33.98745295832107	0.006918309709189377	0.0024833488346182216
38.895897054520105	0.006918309709189377	0.0010905307887164642
44.51321520124173	0.006918309709189377	0.0004414643377107552
50.941782491215115	0.006918309709189377	0.0001694437335730713
58.29875895619149	0.006918309709189377	0.00006332258931537012
66.71822479745835	0.006918309709189377	0.000023148880687089786
76.35362398484546	0.006918309709189377	8.442123284031551e-6
87.38056075858388	0.006918309709189377	2.9875355236354284e-6
100.00000000000031	0.006918309709189377	1.1047352701463872e-6
111.55639876771902	0.006918309709189377	4.973991664077079e-7
138.21730389017998	0.006918309709189377	9.070851567337829e-8
171.24990861750976	0.006918309709189377	1.4595310484314974e-8
212.17698780180757	0.006918309709189377	2.6803510850053456e-9
262.885244821937	0.006918309709189377	3.883799637980546e-10
325.7122869971341	0.006918309709189377	2.0931035255729612e-11
403.5543872869759	0.006918309709189377	3.0872602825686197e-13
499.9999999999984	0.006918309709189377	2.469301342911126e-16
1000	0.006918309709189377	0
2000	0.006918309709189377	0
1.	0.00794328234724283	0.0631951177965457
1.9999999999999998	0.00794328234724283	0.0627623177000096
2.288838595949997	0.00794328234724283	0.06259251848671266
2.6193910591551774	0.00794328234724283	0.06237571690975483
2.9976816770403563	0.00794328234724283	0.06212851636138666
3.4306047603910415	0.00794328234724283	0.06182651421776352
3.926050291516404	0.00794328234724283	0.06148881721418885
4.493047718431742	0.00794328234724283	0.06114791867864242
5.141930515695824	0.00794328234724283	0.06082711703242235
5.884524511008838	0.00794328234724283	0.06053701564376334
6.734363409805407	0.00794328234724283	0.060245715502818466
7.706935445758021	0.00794328234724283	0.05977881923651119
8.819965652373028	0.00794328234724283	0.05876572084332415
10.093738900052346	0.00794328234724283	0.05676012452450107
11.551469585940843	0.00794328234724283	0.05331628741698436
13.219724714121972	0.00794328234724283	0.04829203038609543
15.128908076758211	0.00794328234724283	0.04181588401114378
17.313814360331925	0.00794328234724283	0.03413196185678999
19.814263275520517	0.00794328234724283	0.025709431483333905
22.675825267662994	0.00794328234724283	0.01758405316851625
25.950652033822625	0.00794328234724283	0.010820302382163444
29.698426982540767	0.00794328234724283	0.005908352673278114
33.98745295832107	0.00794328234724283	0.002865244260143439
38.895897054520105	0.00794328234724283	0.0012580013519509956
44.51321520124173	0.00794328234724283	0.0005092144145748082
50.941782491215115	0.00794328234724283	0.000195348914791199
58.29875895619149	0.00794328234724283	0.00007297630497625242
66.71822479745835	0.00794328234724283	0.00002666977173548704
76.35362398484546	0.00794328234724283	9.724574328493877e-6
87.38056075858388	0.00794328234724283	3.440335479583538e-6
100.00000000000031	0.00794328234724283	1.2716843139853613e-6
111.55639876771902	0.00794328234724283	5.724727044198657e-7
138.21730389017998	0.00794328234724283	1.0439092763086159e-7
171.24990861750976	0.00794328234724283	1.6794125519866063e-8
212.17698780180757	0.00794328234724283	3.0835488049480896e-9
262.885244821937	0.00794328234724283	4.468133319285418e-10
325.7122869971341	0.00794328234724283	2.4083851058126676e-11
403.5543872869759	0.00794328234724283	3.5530610802001823e-13
499.9999999999984	0.00794328234724283	2.84300407640087e-16
1000	0.00794328234724283	0
2000	0.00794328234724283	0
1.	0.009120108393559116	0.07211768782013593
1.9999999999999998	0.009120108393559116	0.07163648788620472
2.288838595949997	0.009120108393559116	0.0714472888323871
2.6193910591551774	0.009120108393559116	0.07120068716212816
2.9976816770403563	0.009120108393559116	0.07091808669815908
3.4306047603910415	0.009120108393559116	0.070581584452428
3.926050291516404	0.009120108393559116	0.07020728790218918
4.493047718431742	0.009120108393559116	0.06982498969360576
5.141930515695824	0.009120108393559116	0.06946758798847913
5.884524511008838	0.009120108393559116	0.06915548655524652
6.734363409805407	0.009120108393559116	0.06883898647531046
7.706935445758021	0.009120108393559116	0.06832719072751538
8.819965652373028	0.009120108393559116	0.06723179272204644
10.093738900052346	0.009120108393559116	0.06499478535836344
11.551469585940843	0.009120108393559116	0.06111997019155262
13.219724714121972	0.009120108393559116	0.05542089473249714
15.128908076758211	0.009120108393559116	0.048040659044199685
17.313814360331925	0.009120108393559116	0.039260037580059824
19.814263275520517	0.009120108393559116	0.029610236403303385
22.675825267662994	0.009120108393559116	0.02026923624892086
25.950652033822625	0.009120108393559116	0.012481811793862572
29.698426982540767	0.009120108393559116	0.006819666665432302
33.98745295832107	0.009120108393559116	0.0033082479082272805
38.895897054520105	0.009120108393559116	0.0014522708485403615
44.51321520124173	0.009120108393559116	0.0005878050357756817
50.941782491215115	0.009120108393559116	0.0002254059459971829
58.29875895619149	0.009120108393559116	0.00008414447283437258
66.71822479745835	0.009120108393559116	0.0000307401371559351
76.35362398484546	0.009120108393559116	0.000011206690214572798
87.38056075858388	0.009120108393559116	3.963280083332787e-6
100.00000000000031	0.009120108393559116	1.4643427353791222e-6
111.55639876771902	0.009120108393559116	6.59079559375128e-7
138.21730389017998	0.009120108393559116	1.2017300750154605e-7
171.24990861750976	0.009120108393559116	1.932940320182138e-8
212.17698780180757	0.009120108393559116	3.5482492604761736e-9
262.885244821937	0.009120108393559116	5.141625466880995e-10
325.7122869971341	0.009120108393559116	2.7719014955649376e-11
403.5543872869759	0.009120108393559116	4.090380578749353e-13
499.9999999999984	0.009120108393559116	3.2744470664665474e-16
1000	0.009120108393559116	0
2000	0.009120108393559116	0
1.	0.010471285480509017	0.08221579148770798
1.9999999999999998	0.010471285480509017	0.0816913919519225
2.288838595949997	0.010471285480509017	0.08146589343814428
2.6193910591551774	0.010471285480509017	0.08120119165845696
2.9976816770403563	0.010471285480509017	0.08088759143398137
3.4306047603910415	0.010471285480509017	0.08051698925343267
3.926050291516404	0.010471285480509017	0.0801024934476524
4.493047718431742	0.010471285480509017	0.07967389589019236
5.141930515695824	0.010471285480509017	0.0792845942747808
5.884524511008838	0.010471285480509017	0.0789482929052421
6.734363409805407	0.010471285480509017	0.07859729330794786
7.706935445758021	0.010471285480509017	0.07807499769767125
8.819965652373028	0.010471285480509017	0.07687020113359608
10.093738900052346	0.010471285480509017	0.07438828311960669
11.551469585940843	0.010471285480509017	0.07004359475601718
13.219724714121972	0.010471285480509017	0.0635972033201796
15.128908076758211	0.010471285480509017	0.055190886129268105
17.313814360331925	0.010471285480509017	0.04517207293691128
19.814263275520517	0.010471285480509017	0.03410951412935349
22.675825267662994	0.010471285480509017	0.02337439745102854
25.950652033822625	0.010471285480509017	0.01440811062917321
29.698426982540767	0.010471285480509017	0.007877103127790743
33.98745295832107	0.010471285480509017	0.003822278949357717
38.895897054520105	0.010471285480509017	0.001677558866098158
44.51321520124173	0.010471285480509017	0.0006791320281745887
50.941782491215115	0.010471285480509017	0.0002602767660766917
58.29875895619149	0.010471285480509017	0.00009708687134006622
66.71822479745835	0.010471285480509017	0.00003545386782388765
76.35362398484546	0.010471285480509017	0.000012922428248716553
87.38056075858388	0.010471285480509017	4.568214837650232e-6
100.00000000000031	0.010471285480509017	1.6870086370855452e-6
111.55639876771902	0.010471285480509017	7.591317481420788e-7
138.21730389017998	0.010471285480509017	1.384014607198169e-7
171.24990861750976	0.010471285480509017	2.2256619659984362e-8
212.17698780180757	0.010471285480509017	4.084533337794468e-9
262.885244821937	0.010471285480509017	5.918926534386345e-10
325.7122869971341	0.010471285480509017	3.1915958692635354e-11
403.5543872869759	0.010471285480509017	4.711047866523788e-13
499.9999999999984	0.010471285480509017	3.773299891310664e-16
1000	0.010471285480509017	0
2000	0.010471285480509017	0
1.	0.012022644346174156	0.09361291946075628
1.9999999999999998	0.012022644346174156	0.0930488183926837
2.288838595949997	0.012022644346174156	0.0928114191831926
2.6193910591551774	0.012022644346174156	0.09252151714941821
2.9976816770403563	0.012022644346174156	0.09217261577381443
3.4306047603910415	0.012022644346174156	0.09176521256721604
3.926050291516404	0.012022644346174156	0.09131801560468329
4.493047718431742	0.012022644346174156	0.09084431680082321
5.141930515695824	0.012022644346174156	0.09042201307316387
5.884524511008838	0.012022644346174156	0.09004691073222185
6.734363409805407	0.012022644346174156	0.08967361061234605
7.706935445758021	0.012022644346174156	0.0891076145748733
8.819965652373028	0.012022644346174156	0.08783621483426751
10.093738900052346	0.012022644346174156	0.08510257427222141
11.551469585940843	0.012022644346174156	0.08024819154103201
13.219724714121972	0.012022644346174156	0.07296564366582205
15.128908076758211	0.012022644346174156	0.0634138930254503
17.313814360331925	0.012022644346174156	0.05198202272155995
19.814263275520517	0.012022644346174156	0.03931323593220626
22.675825267662994	0.012022644346174156	0.02696702433986724
25.950652033822625	0.012022644346174156	0.016644715964183803
29.698426982540767	0.012022644346174156	0.009106086183950764
33.98745295832107	0.012022644346174156	0.004420278750844539
38.895897054520105	0.012022644346174156	0.001939549077173793
44.51321520124173	0.012022644346174156	0.0007853099314459912
50.941782491215115	0.012022644346174156	0.0003006494908382334
58.29875895619149	0.012022644346174156	0.00011209748618203698
66.71822479745835	0.012022644346174156	0.00004091834813249534
76.35362398484546	0.012022644346174156	0.000014910448780678314
87.38056075858388	0.012022644346174156	5.268586517928038e-6
100.00000000000031	0.012022644346174156	1.9445421472227475e-6
111.55639876771902	0.012022644346174156	8.748060508928762e-7
138.21730389017998	0.012022644346174156	1.594703647408029e-7
171.24990861750976	0.012022644346174156	2.5638417417068748e-8
212.17698780180757	0.012022644346174156	4.703758688894481e-9
262.885244821937	0.012022644346174156	6.816504565371627e-10
325.7122869971341	0.012022644346174156	3.6764285765925965e-11
403.5543872869759	0.012022644346174156	5.428478681309392e-13
499.9999999999984	0.012022644346174156	4.3505732122031053e-16
1000	0.012022644346174156	0
2000	0.012022644346174156	0
1.	0.01380384264602888	0.10644430111420324
1.9999999999999998	0.01380384264602888	0.10583729990474175
2.288838595949997	0.01380384264602888	0.1055853013382395
2.6193910591551774	0.01380384264602888	0.10529929856971147
2.9976816770403563	0.01380384264602888	0.10491929756248967
3.4306047603910415	0.01380384264602888	0.10449229383963896
3.926050291516404	0.01380384264602888	0.10400429730599081
4.493047718431742	0.01380384264602888	0.10349229902475374
5.141930515695824	0.01380384264602888	0.10300729556066653
5.884524511008838	0.01380384264602888	0.10260729376943888
6.734363409805407	0.01380384264602888	0.10222929336322523
7.706935445758021	0.01380384264602888	0.10163629840672563
8.819965652373028	0.01380384264602888	0.10028229968849586
10.093738900052346	0.01380384264602888	0.09730544507078227
11.551469585940843	0.01380384264602888	0.09190668989186491
13.219724714121972	0.01380384264602888	0.0837024162077224
15.128908076758211	0.01380384264602888	0.07286427855041575
17.313814360331925	0.01380384264602888	0.059833605681262614
19.814263275520517	0.01380384264602888	0.04533265849672034
22.675825267662994	0.01380384264602888	0.031143609417849973
25.950652033822625	0.01380384264602888	0.019246437395174606
29.698426982540767	0.01380384264602888	0.010538500736690227
33.98745295832107	0.01380384264602888	0.005117456431727782
38.895897054520105	0.01380384264602888	0.0022443491662373404
44.51321520124173	0.01380384264602888	0.0009089196825868533
50.941782491215115	0.01380384264602888	0.0003476766684718894
58.29875895619149	0.01380384264602888	0.00012954064020160135
66.71822479745835	0.01380384264602888	0.00004725531121118034
76.35362398484546	0.01380384264602888	0.000017214704011287457
87.38056075858388	0.01380384264602888	6.07959273005843e-6
100.00000000000031	0.01380384264602888	2.2424223164410716e-6
111.55639876771902	0.01380384264602888	1.008521272122221e-6
138.21730389017998	0.01380384264602888	1.8381984339183916e-7
171.24990861750976	0.01380384264602888	2.9544778828753834e-8
212.17698780180757	0.01380384264602888	5.4185922338554316e-9
262.885244821937	0.01380384264602888	7.852720539921971e-10
325.7122869971341	0.01380384264602888	4.236440409183339e-11
403.5543872869759	0.01380384264602888	6.257719310855747e-13
499.9999999999984	0.01380384264602888	5.018648745529214e-16
1000	0.01380384264602888	0
2000	0.01380384264602888	0
1.	0.015848931924611172	0.12088421990062652
1.9999999999999998	0.015848931924611172	0.12021921900329492
2.288838595949997	0.015848931924611172	0.1199772204651691
2.6193910591551774	0.015848931924611172	0.1196682178289715
2.9976816770403563	0.015848931924611172	0.11926821724854345
3.4306047603910415	0.015848931924611172	0.11880821369576114
3.926050291516404	0.015848931924611172	0.11827421867076203
4.493047718431742	0.015848931924611172	0.1177332204596592
5.141930515695824	0.015848931924611172	0.11719421794846065
5.884524511008838	0.015848931924611172	0.11679121551153585
6.734363409805407	0.015848931924611172	0.11639721574578735
7.706935445758021	0.015848931924611172	0.11581322007925489
8.819965652373028	0.015848931924611172	0.11440022276876519
10.093738900052346	0.015848931924611172	0.11117105480407732
11.551469585940843	0.015848931924611172	0.10520233059128961
13.219724714121972	0.015848931924611172	0.09600313277695592
15.128908076758211	0.015848931924611172	0.08373661494765078
17.313814360331925	0.015848931924611172	0.06889524694972252
19.814263275520517	0.015848931924611172	0.052311053495013374
22.675825267662994	0.015848931924611172	0.035997270924442486
25.950652033822625	0.015848931924611172	0.02227424905096802
29.698426982540767	0.015848931924611172	0.012209287081764802
33.98745295832107	0.015848931924611172	0.005931461814851095
38.895897054520105	0.015848931924611172	0.0026012376775501507
44.51321520124173	0.015848931924611172	0.0010532507559596353
50.941782491215115	0.015848931924611172	0.00040233964541592615
58.29875895619149	0.015848931924611172	0.0001498377303688322
66.71822479745835	0.015848931924611172	0.000054619236191566115
76.35362398484546	0.015848931924611172	0.000019890748245202662
87.38056075858388	0.015848931924611172	7.020460780436933e-6
100.00000000000031	0.015848931924611172	2.587547136978439e-6
111.55639876771902	0.015848931924611172	1.1633514416482353e-6
138.21730389017998	0.015848931924611172	2.1200592900726188e-7
171.24990861750976	0.015848931924611172	3.406394891325879e-8
212.17698780180757	0.015848931924611172	6.2449712535435125e-9
262.885244821937	0.015848931924611172	9.050739188440221e-10
325.7122869971341	0.015848931924611172	4.884233660098084e-11
403.5543872869759	0.015848931924611172	7.217743798066232e-13
499.9999999999984	0.015848931924611172	5.793218996565698e-16
1000	0.015848931924611172	0
2000	0.015848931924611172	0
1.	0.01819700858609988	0.13705805722049577
1.9999999999999998	0.01819700858609988	0.1363270573510707
2.288838595949997	0.01819700858609988	0.13610605836165598
2.6193910591551774	0.01819700858609988	0.13577205629251654
2.9976816770403563	0.01819700858609988	0.13537805558427032
3.4306047603910415	0.01819700858609988	0.13490305228127833
3.926050291516404	0.01819700858609988	0.13437805697129498
4.493047718431742	0.01819700858609988	0.13378805962327728
5.141930515695824	0.01819700858609988	0.13324505696282601
5.884524511008838	0.01819700858609988	0.13279605525757096
6.734363409805407	0.01819700858609988	0.1324160551815374
7.706935445758021	0.01819700858609988	0.1317990602529985
8.819965652373028	0.01819700858609988	0.1303790627799234
10.093738900052346	0.01819700858609988	0.1269168817759918
11.551469585940843	0.01819700858609988	0.12035819182196769
13.219724714121972	0.01819700858609988	0.1100928718435469
15.128908076758211	0.01819700858609988	0.09622628337351792
17.313814360331925	0.01819700858609988	0.07935372958693272
19.814263275520517	0.01819700858609988	0.06039580833544391
22.675825267662994	0.01819700858609988	0.04164649877527761
25.950652033822625	0.01819700858609988	0.025808445136452154
29.698426982540767	0.01819700858609988	0.01416396149434555
33.98745295832107	0.01819700858609988	0.006884703400857869
38.895897054520105	0.01819700858609988	0.0030189438789480706
44.51321520124173	0.01819700858609988	0.0012220588442284405
50.941782491215115	0.01819700858609988	0.0004665202957520821
58.29875895619149	0.01819700858609988	0.0001734987227846639
66.71822479745835	0.01819700858609988	0.00006319750697558719
76.35362398484546	0.01819700858609988	0.00002300576717754773
87.38056075858388	0.01819700858609988	8.114343427908657e-6
100.00000000000031	0.01819700858609988	2.9882077612977627e-6
111.55639876771902	0.01819700858609988	1.34297091160961e-6
138.21730389017998	0.01819700858609988	2.4469340641926794e-7
171.24990861750976	0.01819700858609988	3.9301252092228914e-8
212.17698780180757	0.01819700858609988	7.201860016514418e-9
262.885244821937	0.01819700858609988	1.043815532449283e-9
325.7122869971341	0.01819700858609988	5.634934621028749e-11
403.5543872869759	0.01819700858609988	8.331209609969377e-13
499.9999999999984	0.01819700858609988	6.693039298729846e-16
1000	0.01819700858609988	0
2000	0.01819700858609988	0
1.	0.02089296130854045	0.15502474214782874
1.9999999999999998	0.02089296130854045	0.15433474155942006
2.288838595949997	0.02089296130854045	0.15409374301794726
2.6193910591551774	0.02089296130854045	0.15379374028055745
2.9976816770403563	0.02089296130854045	0.15340873926920204
3.4306047603910415	0.02089296130854045	0.1529027364761884
3.926050291516404	0.02089296130854045	0.15236174159639976
4.493047718431742	0.02089296130854045	0.1517637444249755
5.141930515695824	0.02089296130854045	0.15122874159204383
5.884524511008838	0.02089296130854045	0.15077974000356426
6.734363409805407	0.02089296130854045	0.15042173944599438
7.706935445758021	0.02089296130854045	0.14981074436310776
8.819965652373028	0.02089296130854045	0.14834974779725973
10.093738900052346	0.02089296130854045	0.14475055382597857
11.551469585940843	0.02089296130854045	0.13762190096893273
13.219724714121972	0.02089296130854045	0.12621456636478479
15.128908076758211	0.02089296130854045	0.110589723038284
17.313814360331925	0.02089296130854045	0.09143110234410165
19.814263275520517	0.02089296130854045	0.06978338321646067
22.675825267662994	0.02089296130854045	0.048233164323487385
25.950652033822625	0.02089296130854045	0.029939808650101544
29.698426982540767	0.02089296130854045	0.016452514000927496
33.98745295832107	0.02089296130854045	0.008003326616040127
38.895897054520105	0.02089296130854045	0.0035085156710615273
44.51321520124173	0.02089296130854045	0.001420125079171391
50.941782491215115	0.02089296130854045	0.0005412423213347195
58.29875895619149	0.02089296130854045	0.00020114750054215416
66.71822479745835	0.02089296130854045	0.00007319407968014304
76.35362398484546	0.02089296130854045	0.000026633052454265558
87.38056075858388	0.02089296130854045	9.386338847097152e-6
100.00000000000031	0.02089296130854045	3.4533482004679747e-6
111.55639876771902	0.02089296130854045	1.551323638207772e-6
138.21730389017998	0.02089296130854045	2.8259458240111165e-7
171.24990861750976	0.02089296130854045	4.5369326767877075e-8
212.17698780180757	0.02089296130854045	8.309518425000234e-9
262.885244821937	0.02089296130854045	1.204430873125094e-9
325.7122869971341	0.02089296130854045	6.504644736783276e-11
403.5543872869759	0.02089296130854045	9.622500613633558e-13
499.9999999999984	0.02089296130854045	7.738558808938305e-16
1000	0.02089296130854045	0
2000	0.02089296130854045	0
1.	0.023988329190194974	0.1749861807508781
1.9999999999999998	0.023988329190194974	0.1743451812601049
2.288838595949997	0.023988329190194974	0.17410818268319966
2.6193910591551774	0.023988329190194974	0.17381018074402982
2.9976816770403563	0.023988329190194974	0.17343518064833188
3.4306047603910415	0.023988329190194974	0.1729761781369477
3.926050291516404	0.023988329190194974	0.17247418341976187
4.493047718431742	0.023988329190194974	0.17191418673313014
5.141930515695824	0.023988329190194974	0.1713861849189283
5.884524511008838	0.023988329190194974	0.1709541839968345
6.734363409805407	0.023988329190194974	0.1706171840098379
7.706935445758021	0.023988329190194974	0.17007318905577978
8.819965652373028	0.023988329190194974	0.16859819290237543
10.093738900052346	0.023988329190194974	0.16490598168541182
11.551469585940843	0.023988329190194974	0.15723234274256992
13.219724714121972	0.023988329190194974	0.1446359456399165
15.128908076758211	0.023988329190194974	0.12709207573013634
17.313814360331925	0.023988329190194974	0.1053809905768542
19.814263275520517	0.023988329190194974	0.08067806712501582
22.675825267662994	0.023988329190194974	0.05591701075904681
25.950652033822625	0.023988329190194974	0.03477865630000581
29.698426982540767	0.023988329190194974	0.019143464269240133
33.98745295832107	0.023988329190194974	0.00932107050744927
38.895897054520105	0.023988329190194974	0.004084788733978769
44.51321520124173	0.023988329190194974	0.0016531898374975416
50.941782491215115	0.023988329190194974	0.0006293526373615272
58.29875895619149	0.023988329190194974	0.00023353452067783944
66.71822479745835	0.023988329190194974	0.000084884774746324
76.35362398484546	0.023988329190194974	0.000030870890450607266
87.38056075858388	0.023988329190194974	0.000010870139803553665
100.00000000000031	0.023988329190194974	3.994932192267766e-6
111.55639876771902	0.023988329190194974	1.7936848027271295e-6
138.21730389017998	0.023988329190194974	3.26662142215771e-7
171.24990861750976	0.023988329190194974	5.241850966149522e-8
212.17698780180757	0.023988329190194974	9.594875335809386e-9
262.885244821937	0.023988329190194974	1.390835802232972e-9
325.7122869971341	0.023988329190194974	7.514811744087126e-11
403.5543872869759	0.023988329190194974	1.1124154176109057e-12
499.9999999999984	0.023988329190194974	8.956969531995917e-16
1000	0.023988329190194974	0
2000	0.023988329190194974	0
1.	0.027542287033381744	0.19699291970839394
1.9999999999999998	0.027542287033381744	0.1964139194821896
2.288838595949997	0.027542287033381744	0.19620992035343418
2.6193910591551774	0.027542287033381744	0.19594391841068381
2.9976816770403563	0.027542287033381744	0.19564591743783513
3.4306047603910415	0.027542287033381744	0.19525191477797854
3.926050291516404	0.027542287033381744	0.19484091815536056
4.493047718431742	0.027542287033381744	0.19437491992714692
5.141930515695824	0.027542287033381744	0.19393691747154543
5.884524511008838	0.027542287033381744	0.19357391576799918
6.734363409805407	0.027542287033381744	0.19325291575871037
7.706935445758021	0.027542287033381744	0.19278091936103248
8.819965652373028	0.027542287033381744	0.19138292233064857
10.093738900052346	0.027542287033381744	0.18760769999103116
11.551469585940843	0.027542287033381744	0.1794690886730461
13.219724714121972	0.027542287033381744	0.16566766975569835
15.128908076758211	0.027542287033381744	0.14608383985655427
17.313814360331925	0.027542287033381744	0.12150677961834579
19.814263275520517	0.027542287033381744	0.09337796679680788
22.675825267662994	0.027542287033381744	0.06490917857226985
25.950652033822625	0.027542287033381744	0.04046303732176899
29.698426982540767	0.027542287033381744	0.02231661645295299
33.98745295832107	0.027542287033381744	0.0108766197975703
38.895897054520105	0.027542287033381744	0.004765601183142853
44.51321520124173	0.027542287033381744	0.0019281661699054988
50.941782491215115	0.027542287033381744	0.0007327018788871108
58.29875895619149	0.027542287033381744	0.00027157743375512964
66.71822479745835	0.027542287033381744	0.00009858824051075733
76.35362398484546	0.027542287033381744	0.00003583316535695447
87.38056075858388	0.027542287033381744	0.000012604479134810588
100.00000000000031	0.027542287033381744	4.626620476166561e-6
111.55639876771902	0.027542287033381744	2.076066234195887e-6
138.21730389017998	0.027542287033381744	3.7798070212990865e-7
171.24990861750976	0.027542287033381744	6.061907887374303e-8
212.17698780180757	0.027542287033381744	1.1088389418628188e-8
262.885244821937	0.027542287033381744	1.6074609890224768e-9
325.7122869971341	0.027542287033381744	8.689852146834669e-11
403.5543872869759	0.027542287033381744	1.2873227022319406e-12
499.9999999999984	0.027542287033381744	1.0379561413840157e-15
1000	0.027542287033381744	0
2000	0.027542287033381744	0
1.	0.03162277660168389	0.2209588625746737
1.9999999999999998	0.03162277660168389	0.2206098612558126
2.288838595949997	0.03162277660168389	0.22047686149520032
2.6193910591551774	0.03162277660168389	0.22028385974692669
2.9976816770403563	0.03162277660168389	0.2200398591093836
3.4306047603910415	0.03162277660168389	0.2197788569269119
3.926050291516404	0.03162277660168389	0.21952585828933108
4.493047718431742	0.03162277660168389	0.21920985886323774
5.141930515695824	0.03162277660168389	0.21885985694817292
5.884524511008838	0.03162277660168389	0.21865985505361996
6.734363409805407	0.03162277660168389	0.21845285433472292
7.706935445758021	0.03162277660168389	0.21812085625055244
8.819965652373028	0.03162277660168389	0.21681685925047992
10.093738900052346	0.03162277660168389	0.2132146244290159
11.551469585940843	0.03162277660168389	0.20464303448523927
13.219724714121972	0.03162277660168389	0.18963758040807002
15.128908076758211	0.03162277660168389	0.16784177287992808
17.313814360331925	0.03162277660168389	0.1401527094027684
19.814263275520517	0.03162277660168389	0.10817038490707571
22.675825267662994	0.03162277660168389	0.07544612137327299
25.950652033822625	0.03162277660168389	0.04716547579204081
29.698426982540767	0.03162277660168389	0.026070394484551118
33.98745295832107	0.03162277660168389	0.012719635861914963
38.895897054520105	0.03162277660168389	0.005571309669465948
44.51321520124173	0.03162277660168389	0.0022536548269211456
50.941782491215115	0.03162277660168389	0.0008552761057498014
58.29875895619149	0.03162277660168389	0.000316368749654545
66.71822479745835	0.03162277660168389	0.00011471131362044967
76.35362398484546	0.03162277660168389	0.00004166427880085155
87.38056075858388	0.03162277660168389	0.000014638449728307943
100.00000000000031	0.03162277660168389	5.365692160829406e-6
111.55639876771902	0.03162277660168389	2.4060380105981517e-6
138.21730389017998	0.03162277660168389	4.3791090326128513e-7
171.24990861750976	0.03162277660168389	7.018538446145794e-8
212.17698780180757	0.03162277660168389	1.2828178193625789e-8
262.885244821937	0.03162277660168389	1.8598426947048495e-9
325.7122869971341	0.03162277660168389	1.0060354689208103e-10
403.5543872869759	0.03162277660168389	1.4916275645391896e-12
499.9999999999984	0.03162277660168389	1.2045886614676711e-15
1000	0.03162277660168389	0
2000	0.03162277660168389	0
1.	0.03630780547701025	0.2470410285921297
1.9999999999999998	0.03630780547701025	0.2469730290177381
2.288838595949997	0.03630780547701025	0.24695502923352886
2.6193910591551774	0.03630780547701025	0.24691402929265652
2.9976816770403563	0.03630780547701025	0.24689802895838903
3.4306047603910415	0.03630780547701025	0.24674602965631665
3.926050291516404	0.03630780547701025	0.24671203021749286
4.493047718431742	0.03630780547701025	0.2466730307437192
5.141930515695824	0.03630780547701025	0.24657403089347624
5.884524511008838	0.03630780547701025	0.24647903113636493
6.734363409805407	0.03630780547701025	0.2464450310401658
7.706935445758021	0.03630780547701025	0.24630803238091262
8.819965652373028	0.03630780547701025	0.24523703625681376
10.093738900052346	0.03630780547701025	0.24168480061800107
11.551469585940843	0.03630780547701025	0.23299821371942664
13.219724714121972	0.03630780547701025	0.21690772013224777
15.128908076758211	0.03630780547701025	0.19284291425303973
17.313814360331925	0.03630780547701025	0.16172981693614424
19.814263275520517	0.03630780547701025	0.1254185539205918
22.675825267662994	0.03630780547701025	0.08786906200216335
25.950652033822625	0.03630780547701025	0.055088289707234665
29.698426982540767	0.03630780547701025	0.030519807224927184
33.98745295832107	0.03630780547701025	0.014913773834073616
38.895897054520105	0.03630780547701025	0.006529526198477211
44.51321520124173	0.03630780547701025	0.0026400665928895065
50.941782491215115	0.03630780547701025	0.000999928642384288
58.29875895619149	0.03630780547701025	0.00036934758192987615
66.71822479745835	0.03630780547701025	0.00013369532883450653
76.35362398484546	0.03630780547701025	0.00004852037484655255
87.38056075858388	0.03630780547701025	0.00001702451993109935
100.00000000000031	0.03630780547701025	6.230373067642474e-6
111.55639876771902	0.03630780547701025	2.7915291954807153e-6
138.21730389017998	0.03630780547701025	5.078744961087238e-7
171.24990861750976	0.03630780547701025	8.133899809403138e-8
212.17698780180757	0.03630780547701025	1.4853409664247246e-8
262.885244821937	0.03630780547701025	2.153691067448457e-9
325.7122869971341	0.03630780547701025	1.1657995766510294e-10
403.5543872869759	0.03630780547701025	1.7302089267184606e-12
499.9999999999984	0.03630780547701025	1.399788556596227e-15
1000	0.03630780547701025	0
2000	0.03630780547701025	0
1.	0.04168693834703368	0.2751221849891552
1.9999999999999998	0.04168693834703368	0.2754721892360701
2.288838595949997	0.04168693834703368	0.27558019042474163
2.6193910591551774	0.04168693834703368	0.2757271933568142
2.9976816770403563	0.04168693834703368	0.2759171958187826
3.4306047603910415	0.04168693834703368	0.27619319897330863
3.926050291516404	0.04168693834703368	0.2764092003697754
4.493047718431742	0.04168693834703368	0.2767132019766892
5.141930515695824	0.04168693834703368	0.27698020634563153
5.884524511008838	0.04168693834703368	0.2772362094766961
6.734363409805407	0.04168693834703368	0.2774022111414868
7.706935445758021	0.04168693834703368	0.2774802124834133
8.819965652373028	0.04168693834703368	0.27673721822206293
10.093738900052346	0.04168693834703368	0.2735279884487178
11.551469585940843	0.04168693834703368	0.26490040243481694
13.219724714121972	0.04168693834703368	0.24798987706548867
15.128908076758211	0.04168693834703368	0.22158607604475378
17.313814360331925	0.04168693834703368	0.1867499442035594
19.814263275520517	0.04168693834703368	0.14566175044046528
22.675825267662994	0.04168693834703368	0.10253181419830147
25.950652033822625	0.04168693834703368	0.06448672709824717
29.698426982540767	0.04168693834703368	0.03582672445860149
33.98745295832107	0.04168693834703368	0.01753452019236016
38.895897054520105	0.04168693834703368	0.007675944465808622
44.51321520124173	0.04168693834703368	0.003102868877014199
50.941782491215115	0.04168693834703368	0.0011721165361302322
58.29875895619149	0.04168693834703368	0.00043220459288480646
66.71822479745835	0.04168693834703368	0.0001561693526317943
76.35362398484546	0.04168693834703368	0.00005662417021723762
87.38056075858388	0.04168693834703368	0.000019837483184371037
100.00000000000031	0.04168693834703368	7.246675924731712e-6
111.55639876771902	0.04168693834703368	3.243884792213472e-6
138.21730389017998	0.04168693834703368	5.899101600350319e-7
171.24990861750976	0.04168693834703368	9.43975316881553e-8
212.17698780180757	0.04168693834703368	1.7220239039534884e-8
262.885244821937	0.04168693834703368	2.4971737311915188e-9
325.7122869971341	0.04168693834703368	1.3528097590517506e-10
403.5543872869759	0.04168693834703368	2.0100193563132468e-12
499.9999999999984	0.04168693834703368	1.6295389673919961e-15
1000	0.04168693834703368	0
2000	0.04168693834703368	0
1.	0.047863009232264	0.30491604105051173
1.9999999999999998	0.047863009232264	0.30595004206863735
2.288838595949997	0.047863009232264	0.30633404058348473
2.6193910591551774	0.047863009232264	0.3067830443968549
2.9976816770403563	0.047863009232264	0.3072830460144383
3.4306047603910415	0.047863009232264	0.30790505150895375
3.926050291516404	0.047863009232264	0.3086550453365284
4.493047718431742	0.047863009232264	0.309440042764925
5.141930515695824	0.047863009232264	0.31018504718153883
5.884524511008838	0.047863009232264	0.3108320504622791
6.734363409805407	0.047863009232264	0.31136404968251996
7.706935445758021	0.047863009232264	0.3117610469524305
8.819965652373028	0.047863009232264	0.3114160509441252
10.093738900052346	0.047863009232264	0.30874783698853375
11.551469585940843	0.047863009232264	0.30072421932637416
13.219724714121972	0.047863009232264	0.2832386805245276
15.128908076758211	0.047863009232264	0.2545739055955951
17.313814360331925	0.047863009232264	0.21576877691924193
19.814263275520517	0.047863009232264	0.16933271807109973
22.675825267662994	0.047863009232264	0.1198846861837766
25.950652033822625	0.047863009232264	0.07573736407616487
29.698426982540767	0.047863009232264	0.04219427468989635
33.98745295832107	0.047863009232264	0.020685640876530173
38.895897054520105	0.047863009232264	0.00905296915520884
44.51321520124173	0.047863009232264	0.00365731548040781
50.941782491215115	0.047863009232264	0.0013778765321576392
58.29875895619149	0.047863009232264	0.0005070989747656215
66.71822479745835	0.047863009232264	0.0001828430864585057
76.35362398484546	0.047863009232264	0.00006622467120298815
87.38056075858388	0.047863009232264	0.000023160409028212273
100.00000000000031	0.047863009232264	8.443103532473402e-6
111.55639876771902	0.047863009232264	3.7754003197143074e-6
138.21730389017998	0.047863009232264	6.862145058111435e-7
171.24990861750976	0.047863009232264	1.0970221802925879e-7
212.17698780180757	0.047863009232264	1.998842216191381e-8
262.885244821937	0.047863009232264	2.8989945273164295e-9
325.7122869971341	0.047863009232264	1.5719310627631526e-10
403.5543872869759	0.047863009232264	2.338626899018879e-12
499.9999999999984	0.047863009232264	1.9004261120156156e-15
1000	0.047863009232264	0
2000	0.047863009232264	0
1.	0.05495408738576265	0.33644594391181853
1.9999999999999998	0.05495408738576265	0.338261942520732
2.288838595949997	0.05495408738576265	0.33893893870862773
2.6193910591551774	0.05495408738576265	0.3398079439598409
2.9976816770403563	0.05495408738576265	0.34077494490749305
3.4306047603910415	0.05495408738576265	0.3419329513247001
3.926050291516404	0.05495408738576265	0.34316693940204646
4.493047718431742	0.05495408738576265	0.34471293103246925
5.141930515695824	0.05495408738576265	0.3460789370814261
5.884524511008838	0.05495408738576265	0.3474219403939004
6.734363409805407	0.05495408738576265	0.3484549368136804
7.706935445758021	0.05495408738576265	0.3492519295758362
8.819965652373028	0.05495408738576265	0.34950993122745605
10.093738900052346	0.05495408738576265	0.34799773287672153
11.551469585940843	0.05495408738576265	0.34060408331907793
13.219724714121972	0.05495408738576265	0.3228605331747021
15.128908076758211	0.05495408738576265	0.29224277410659977
17.313814360331925	0.05495408738576265	0.24926164043515214
19.814263275520517	0.05495408738576265	0.19702771790152415
22.675825267662994	0.05495408738576265	0.14047856727323296
25.950652033822625	0.05495408738576265	0.08914282806463769
29.698426982540767	0.05495408738576265	0.04987662671477576
33.98745295832107	0.05495408738576265	0.024504271489031774
38.895897054520105	0.05495408738576265	0.010723305298313281
44.51321520124173	0.05495408738576265	0.004325892427956479
50.941782491215115	0.05495408738576265	0.0016266569090617365
58.29875895619149	0.05495408738576265	0.0005968195857268701
66.71822479745835	0.05495408738576265	0.00021469081789160876
76.35362398484546	0.05495408738576265	0.00007766405207914213
87.38056075858388	0.05495408738576265	0.00002710692762470024
100.00000000000031	0.05495408738576265	9.858560068576565e-6
111.55639876771902	0.05495408738576265	4.402915895478937e-6
138.21730389017998	0.05495408738576265	7.997883046740762e-7
171.24990861750976	0.05495408738576265	1.2771786380631182e-7
212.17698780180757	0.05495408738576265	2.3239304684257823e-8
262.885244821937	0.05495408738576265	3.371006882736461e-9
325.7122869971341	0.05495408738576265	1.8297962315731336e-10
403.5543872869759	0.05495408738576265	2.7262802401744996e-12
499.9999999999984	0.05495408738576265	2.2214613955089085e-15
1000	0.05495408738576265	0
2000	0.05495408738576265	0
1.	0.06309573444801955	0.3692931263623477
1.9999999999999998	0.06309573444801955	0.3720781305117792
2.288838595949997	0.06309573444801955	0.3731611269940534
2.6193910591551774	0.06309573444801955	0.37453313841947833
2.9976816770403563	0.06309573444801955	0.37607814312992977
3.4306047603910415	0.06309573444801955	0.37781816085055214
3.926050291516404	0.06309573444801955	0.3800341432913363
4.493047718431742	0.06309573444801955	0.382291137076721
5.141930515695824	0.06309573444801955	0.38458415197745227
5.884524511008838	0.06309573444801955	0.38673316558895815
6.734363409805407	0.06309573444801955	0.3886441650478768
7.706935445758021	0.06309573444801955	0.3902731547857227
8.819965652373028	0.06309573444801955	0.3913331618072768
10.093738900052346	0.06309573444801955	0.3906790068531034
11.551469585940843	0.06309573444801955	0.38454230546656726
13.219724714121972	0.06309573444801955	0.36736476472541163
15.128908076758211	0.06309573444801955	0.33507900567510224
17.313814360331925	0.06309573444801955	0.28805582791299117
19.814263275520517	0.06309573444801955	0.22941600101359608
22.675825267662994	0.06309573444801955	0.16493364676032746
25.950652033822625	0.06309573444801955	0.10524194588741488
29.698426982540767	0.06309573444801955	0.05914475280795743
33.98745295832107	0.06309573444801955	0.029140049941996458
38.895897054520105	0.06309573444801955	0.01275941901994544
44.51321520124173	0.06309573444801955	0.005141386061686383
50.941782491215115	0.06309573444801955	0.001927730111676927
58.29875895619149	0.06309573444801955	0.000704828307167224
66.71822479745835	0.06309573444801955	0.00025278083853969154
76.35362398484546	0.06309573444801955	0.00009131378206356682
87.38056075858388	0.06309573444801955	0.000031798774318396974
100.00000000000031	0.06309573444801955	0.000011533915132868997
111.55639876771902	0.06309573444801955	5.143801450624567e-6
138.21730389017998	0.06309573444801955	9.337204892898127e-7
171.24990861750976	0.06309573444801955	1.4891748160092954e-7
212.17698780180757	0.06309573444801955	2.7054346153236777e-8
262.885244821937	0.06309573444801955	3.925103191917671e-9
325.7122869971341	0.06309573444801955	2.1331289470929214e-10
403.5543872869759	0.06309573444801955	3.18362479705654e-12
499.9999999999984	0.06309573444801955	2.6021522953638328e-15
1000	0.06309573444801955	0
2000	0.06309573444801955	0
1.	0.07244359600749928	0.4035829853546947
1.9999999999999998	0.07244359600749928	0.4074939848737786
2.288838595949997	0.07244359600749928	0.40905097710276317
2.6193910591551774	0.07244359600749928	0.4109209905287096
2.9976816770403563	0.07244359600749928	0.41308899426439954
3.4306047603910415	0.07244359600749928	0.41568901182358575
3.926050291516404	0.07244359600749928	0.41860298524949097
4.493047718431742	0.07244359600749928	0.42195296958014294
5.141930515695824	0.07244359600749928	0.42541998498601136
5.884524511008838	0.07244359600749928	0.4289149977330473
6.734363409805407	0.07244359600749928	0.4318819901716223
7.706935445758021	0.07244359600749928	0.434345969638339
8.819965652373028	0.07244359600749928	0.4363649728803205
10.093738900052346	0.07244359600749928	0.43697686583138806
11.551469585940843	0.07244359600749928	0.4326900688755563
13.219724714121972	0.07244359600749928	0.41693154980193137
15.128908076758211	0.07244359600749928	0.3837887905090171
17.313814360331925	0.07244359600749928	0.33274560529297736
19.814263275520517	0.07244359600749928	0.2673419443954252
22.675825267662994	0.07244359600749928	0.19405745217122633
25.950652033822625	0.07244359600749928	0.12466800804586196
29.698426982540767	0.07244359600749928	0.07042507105486917
33.98745295832107	0.07244359600749928	0.03479878832925703
38.895897054520105	0.07244359600749928	0.015253310663662764
44.51321520124173	0.07244359600749928	0.006134790499565706
50.941782491215115	0.07244359600749928	0.002296510296397113
58.29875895619149	0.07244359600749928	0.0008363740897264449
66.71822479745835	0.07244359600749928	0.0002988903972970894
76.35362398484546	0.07244359600749928	0.0001077947376775873
87.38056075858388	0.07244359600749928	0.00003744111867463365
100.00000000000031	0.07244359600749928	0.000013538835267307185
111.55639876771902	0.07244359600749928	6.028067981096649e-6
138.21730389017998	0.07244359600749928	1.0933441354806646e-6
171.24990861750976	0.07244359600749928	1.7412501031054728e-7
212.17698780180757	0.07244359600749928	3.157714888741592e-8
262.885244821937	0.07244359600749928	4.582197233765961e-9
325.7122869971341	0.07244359600749928	2.493660138330336e-10
403.5543872869759	0.07244359600749928	3.72893806480021e-12
499.9999999999984	0.07244359600749928	3.0586532264214827e-15
1000	0.07244359600749928	0
2000	0.07244359600749928	0
1.	0.08317637711026743	0.43868192514472243
1.9999999999999998	0.08317637711026743	0.4437059227710387
2.288838595949997	0.08317637711026743	0.44570891208328933
2.6193910591551774	0.08317637711026743	0.4441699491706913
2.9976816770403563	0.08317637711026743	0.4513419318989944
3.4306047603910415	0.08317637711026743	0.45482195458996927
3.926050291516404	0.08317637711026743	0.45878191660165746
4.493047718431742	0.08317637711026743	0.4632378940212814
5.141930515695824	0.08317637711026743	0.4680259124964783
5.884524511008838	0.08317637711026743	0.4728669301980829
6.734363409805407	0.08317637711026743	0.4773759166695964
7.706935445758021	0.08317637711026743	0.4812818816096965
8.819965652373028	0.08317637711026743	0.484615884072599
10.093738900052346	0.08317637711026743	0.4868498433367358
11.551469585940843	0.08317637711026743	0.48496492784047635
13.219724714121972	0.08317637711026743	0.4715754584591699
15.128908076758211	0.08317637711026743	0.43874368114341583
17.313814360331925	0.08317637711026743	0.3841924747976624
19.814263275520517	0.08317637711026743	0.31184796761746253
22.675825267662994	0.08317637711026743	0.22870030492284626
25.950652033822625	0.08317637711026743	0.14819012906224815
29.698426982540767	0.08317637711026743	0.08423110337653239
33.98745295832107	0.08317637711026743	0.041761450954537434
38.895897054520105	0.08317637711026743	0.018333707488937083
44.51321520124173	0.08317637711026743	0.007354486504712353
50.941782491215115	0.08317637711026743	0.0027474215861071714
58.29875895619149	0.08317637711026743	0.000996224428792201
66.71822479745835	0.08317637711026743	0.0003547609915918416
76.35362398484546	0.08317637711026743	0.00012770581759449846
87.38056075858388	0.08317637711026743	0.00004422745338652327
100.00000000000031	0.08317637711026743	0.000015936601549295176
111.55639876771902	0.08317637711026743	7.082279969208019e-6
138.21730389017998	0.08317637711026743	1.2833341913081045e-6
171.24990861750976	0.08317637711026743	2.0404796751503774e-7
212.17698780180757	0.08317637711026743	3.692751749004095e-8
262.885244821937	0.08317637711026743	5.359776553583672e-9
325.7122869971341	0.08317637711026743	2.9214532918294413e-10
403.5543872869759	0.08317637711026743	4.378321393901934e-12
499.9999999999984	0.08317637711026743	3.60580642333703e-15
1000	0.08317637711026743	0
2000	0.08317637711026743	0
1.	0.09549925860214398	0.4755438761648826
1.9999999999999998	0.09549925860214398	0.48167787243592103
2.288838595949997	0.09549925860214398	0.4833308655764881
2.6193910591551774	0.09549925860214398	0.4868258665334821
2.9976816770403563	0.09549925860214398	0.4903378849636163
3.4306047603910415	0.09549925860214398	0.49445991477448
3.926050291516404	0.09549925860214398	0.4994488663138854
4.493047718431742	0.09549925860214398	0.5051508362519964
5.141930515695824	0.09549925860214398	0.5112828591675407
5.884524511008838	0.09549925860214398	0.5177428836758564
6.734363409805407	0.09549925860214398	0.5242298636786916
7.706935445758021	0.09549925860214398	0.5302428073625208
8.819965652373028	0.09549925860214398	0.5355758079724083
10.093738900052346	0.09549925860214398	0.5400008514625323
11.551469585940843	0.09549925860214398	0.5411257878606962
13.219724714121972	0.09549925860214398	0.5314393963871751
15.128908076758211	0.09549925860214398	0.5003455820308472
17.313814360331925	0.09549925860214398	0.44326034558991684
19.814263275520517	0.09549925860214398	0.36386499134463224
22.675825267662994	0.09549925860214398	0.27026513929345003
25.950652033822625	0.09549925860214398	0.1768102726806927
29.698426982540767	0.09549925860214398	0.10119562338803464
33.98745295832107	0.09549925860214398	0.05039012824329741
38.895897054520105	0.09549925860214398	0.022163804071066957
44.51321520124173	0.09549925860214398	0.008865761776997235
50.941782491215115	0.09549925860214398	0.003306363263808146
58.29875895619149	0.09549925860214398	0.0011925111335006442
66.71822479745835	0.09549925860214398	0.0004228565044325644
76.35362398484546	0.09549925860214398	0.00015189110487482822
87.38056075858388	0.09549925860214398	0.000052430016714501336
100.00000000000031	0.09549925860214398	0.000018816225211256203
111.55639876771902	0.09549925860214398	8.343919020229243e-6
138.21730389017998	0.09549925860214398	1.5102613294426814e-6
171.24990861750976	0.09549925860214398	2.396804247256182e-7
212.17698780180757	0.09549925860214398	4.327376497891005e-8
262.885244821937	0.09549925860214398	6.282474282335491e-9
325.7122869971341	0.09549925860214398	3.430568157481608e-10
403.5543872869759	0.09549925860214398	5.154376905557755e-12
499.9999999999984	0.09549925860214398	4.264498235333919e-15
1000	0.09549925860214398	0
2000	0.09549925860214398	0
1.	0.10964781961431896	0.5132765189315694
1.9999999999999998	0.10964781961431896	0.5197685143673287
2.288838595949997	0.10964781961431896	0.5223014908351182
2.6193910591551774	0.10964781961431896	0.525462518496413
2.9976816770403563	0.10964781961431896	0.5294235201403678
3.4306047603910415	0.10964781961431896	0.5341885487215603
3.926050291516404	0.10964781961431896	0.5399374871883859
4.493047718431742	0.10964781961431896	0.5465384457710506
5.141930515695824	0.10964781961431896	0.5541884588581142
5.884524511008838	0.10964781961431896	0.5626534747332239
6.734363409805407	0.10964781961431896	0.5715674274636354
7.706935445758021	0.10964781961431896	0.5804063190556339
8.819965652373028	0.10964781961431896	0.588761289281539
10.093738900052346	0.10964781961431896	0.5960974137667644
11.551469585940843	0.10964781961431896	0.6009301366997312
13.219724714121972	0.10964781961431896	0.5960878213700029
15.128908076758211	0.10964781961431896	0.5687099139693017
17.313814360331925	0.10964781961431896	0.510703645960273
19.814263275520517	0.10964781961431896	0.4246564887339053
22.675825267662994	0.10964781961431896	0.3199545319294681
25.950652033822625	0.10964781961431896	0.21179113827985893
29.698426982540767	0.10964781961431896	0.12227734684001262
33.98745295832107	0.10964781961431896	0.06117803259426477
38.895897054520105	0.10964781961431896	0.026982659082412867
44.51321520124173	0.10964781961431896	0.010754859943486551
50.941782491215115	0.10964781961431896	0.004000509546174746
58.29875895619149	0.10964781961431896	0.0014354312131832328
66.71822479745835	0.10964781961431896	0.0005065621970707642
76.35362398484546	0.10964781961431896	0.00018150527753791536
87.38056075858388	0.10964781961431896	0.00006242080192642586
100.00000000000031	0.10964781961431896	0.000022298392621064074
111.55639876771902	0.10964781961431896	9.863460828056413e-6
138.21730389017998	0.10964781961431896	1.7829652932146779e-6
171.24990861750976	0.10964781961431896	2.823586757175107e-7
212.17698780180757	0.10964781961431896	5.0841004966954733e-8
262.885244821937	0.10964781961431896	7.3831645279341186e-9
325.7122869971341	0.10964781961431896	4.0399597401210177e-10
403.5543872869759	0.10964781961431896	6.087556873195089e-12
499.9999999999984	0.10964781961431896	5.062977193887424e-15
1000	0.10964781961431896	0
2000	0.10964781961431896	0