1.	0.001	0.208869
1.9999999999999998	0.001	0.11428500000000003
2.288838595949997	0.001	0.09980777037409329
2.6193910591551774	0.001	0.09007678245138147
2.9976816770403563	0.001	0.08380907582756209
3.4306047603910415	0.001	0.07756900771307709
3.926050291516404	0.001	0.06796409328442864
4.493047718431742	0.001	0.05490235255976767
5.141930515695824	0.001	0.04113419097742381
5.884524511008838	0.001	0.02814183911910964
6.734363409805407	0.001	0.016672371846123968
7.706935445758021	0.001	0.008642097603191033
8.819965652373028	0.001	0.0042460871712574596
10.093738900052346	0.001	0.0018859971144059465
11.551469585940843	0.001	0.0006536507116467114
13.219724714121972	0.001	0.00024147321758521327
15.128908076758211	0.001	0.00010378078299067794
17.313814360331925	0.001	0.00004507613060781033
19.814263275520517	0.001	0.00001558123319611461
22.675825267662994	0.001	4.792744739983337e-6
25.950652033822625	0.001	1.6196472777066959e-6
29.698426982540767	0.001	7.039013549595975e-7
33.98745295832107	0.001	2.2444570261259702e-7
38.895897054520105	0.001	7.54381818444451e-8
44.51321520124173	0.001	1.6258044681010645e-8
50.941782491215115	0.001	3.920668820211311e-9
58.29875895619149	0.001	8.793763126934577e-10
66.71822479745835	0.001	1.8028757368657846e-10
76.35362398484546	0.001	2.6999536039386496e-11
87.38056075858388	0.001	2.5561465001108408e-12
100.00000000000031	0.001	1.3420841432058152e-13
111.55639876771902	0.001	8.15889640237716e-15
138.21730389017998	0.001	2.9304249594690177e-18
171.24990861750976	0.001	3.860406458315674e-23
212.17698780180757	0.001	0
262.885244821937	0.001	0
325.7122869971341	0.001	0
403.5543872869759	0.001	0
499.9999999999984	0.001	0
1000	0.001	0
2000	0.001	0
1.	0.0011481536214968829	0.2391247302603379
1.9999999999999998	0.0011481536214968829	0.1318874358101387
2.288838595949997	0.0011481536214968829	0.11495745636856851
2.6193910591551774	0.0011481536214968829	0.10338730607532255
2.9976816770403563	0.0011481536214968829	0.09598936980974127
3.4306047603910415	0.0011481536214968829	0.08893107324302472
3.926050291516404	0.0011481536214968829	0.07816834200675993
4.493047718431742	0.0011481536214968829	0.06334916795015452
5.141930515695824	0.0011481536214968829	0.04757974996369264
5.884524511008838	0.0011481536214968829	0.0326514419864205
6.734363409805407	0.0011481536214968829	0.019386435166016777
7.706935445758021	0.0011481536214968829	0.010014678988594723
8.819965652373028	0.0011481536214968829	0.004925246866015748
10.093738900052346	0.0011481536214968829	0.00219105947409504
11.551469585940843	0.0011481536214968829	0.0007594345781132467
13.219724714121972	0.0011481536214968829	0.00027971892868885095
15.128908076758211	0.0011481536214968829	0.0001198411510166268
17.313814360331925	0.0011481536214968829	0.00005212367600740389
19.814263275520517	0.0011481536214968829	0.00001801906013468578
22.675825267662994	0.0011481536214968829	5.520307991665088e-6
25.950652033822625	0.0011481536214968829	1.8645870539213205e-6
29.698426982540767	0.0011481536214968829	8.084108219974335e-7
33.98745295832107	0.0011481536214968829	2.58082648979218e-7
38.895897054520105	0.0011481536214968829	8.662923524305072e-8
44.51321520124173	0.0011481536214968829	1.872602882484434e-8
50.941782491215115	0.0011481536214968829	4.502766664830404e-9
58.29875895619149	0.0011481536214968829	1.0106583045788316e-9
66.71822479745835	0.0011481536214968829	2.0706130294449384e-10
76.35362398484546	0.0011481536214968829	3.100542055485651e-11
87.38056075858388	0.0011481536214968829	2.9363755744440065e-12
100.00000000000031	0.0011481536214968829	1.5424830797727879e-13
111.55639876771902	0.0011481536214968829	9.380259373897717e-15
138.21730389017998	0.0011481536214968829	3.3725236096196916e-18
171.24990861750976	0.0011481536214968829	4.449176701521561e-23
212.17698780180757	0.0011481536214968829	0
262.885244821937	0.0011481536214968829	0
325.7122869971341	0.0011481536214968829	0
403.5543872869759	0.0011481536214968829	0
499.9999999999984	0.0011481536214968829	0
1000	0.0011481536214968829	0
2000	0.0011481536214968829	0
1.	0.0013182567385564075	0.27342534234296567
1.9999999999999998	0.0013182567385564075	0.15235760751859517
2.288838595949997	0.0013182567385564075	0.1325277595122839
2.6193910591551774	0.0013182567385564075	0.11873668109065223
2.9976816770403563	0.0013182567385564075	0.10994670131979005
3.4306047603910415	0.0013182567385564075	0.10192563524103593
3.926050291516404	0.0013182567385564075	0.08989336657550698
4.493047718431742	0.0013182567385564075	0.07313397983160337
5.141930515695824	0.0013182567385564075	0.05511054367904965
5.884524511008838	0.0013182567385564075	0.03793081730111774
6.734363409805407	0.0013182567385564075	0.022581500461767066
7.706935445758021	0.0013182567385564075	0.011663519511764127
8.819965652373028	0.0013182567385564075	0.005723097906481707
10.093738900052346	0.0013182567385564075	0.0025516686547117674
11.551469585940843	0.0013182567385564075	0.0008866692990876356
13.219724714121972	0.0013182567385564075	0.0003266086684024438
15.128908076758211	0.0013182567385564075	0.0001386923483893713
17.313814360331925	0.0013182567385564075	0.0000601966189636031
19.814263275520517	0.0013182567385564075	0.000020801425257574353
22.675825267662994	0.0013182567385564075	6.382336154285038e-6
25.950652033822625	0.0013182567385564075	2.1544127380311246e-6
29.698426982540767	0.0013182567385564075	9.315243620634717e-7
33.98745295832107	0.0013182567385564075	2.9779625383506585e-7
38.895897054520105	0.0013182567385564075	9.981107966691274e-8
44.51321520124173	0.0013182567385564075	2.1647640283063648e-8
50.941782491215115	0.0013182567385564075	5.188752797903277e-9
58.29875895619149	0.0013182567385564075	1.165497009383646e-9
66.71822479745835	0.0013182567385564075	2.386072252596352e-10
76.35362398484546	0.0013182567385564075	3.572393365940176e-11
87.38056075858388	0.0013182567385564075	3.3844906314008534e-12
100.00000000000031	0.0013182567385564075	1.778948659223621e-13
111.55639876771902	0.0013182567385564075	1.0822369822304017e-14
138.21730389017998	0.0013182567385564075	3.895529105488244e-18
171.24990861750976	0.0013182567385564075	5.147426267375975e-23
212.17698780180757	0.0013182567385564075	0
262.885244821937	0.0013182567385564075	0
325.7122869971341	0.0013182567385564075	0
403.5543872869759	0.0013182567385564075	0
499.9999999999984	0.0013182567385564075	0
1000	0.0013182567385564075	0
2000	0.0013182567385564075	0
1.	0.0015135612484362087	0.31210724147531077
1.9999999999999998	0.0015135612484362087	0.17619415450121848
2.288838595949997	0.0015135612484362087	0.15291624502962906
2.6193910591551774	0.0015135612484362087	0.1364280840258891
2.9976816770403563	0.0015135612484362087	0.12589606649460722
3.4306047603910415	0.0015135612484362087	0.11677196557136617
3.926050291516404	0.0015135612484362087	0.10337307669830202
4.493047718431742	0.0015135612484362087	0.08449124915197617
5.141930515695824	0.0015135612484362087	0.0638713432617688
5.884524511008838	0.0015135612484362087	0.04413544623871642
6.734363409805407	0.0015135612484362087	0.02635638034178899
7.706935445758021	0.0015135612484362087	0.013645472288280022
8.819965652373028	0.0015135612484362087	0.006663023403308764
10.093738900052346	0.0015135612484362087	0.0029775809539681636
11.551469585940843	0.0015135612484362087	0.0010347215060070652
13.219724714121972	0.0015135612484362087	0.0003751635749253829
15.128908076758211	0.0015135612484362087	0.00016051880458871272
17.313814360331925	0.0015135612484362087	0.00006957410029347948
19.814263275520517	0.0015135612484362087	0.00002407808938314429
22.675825267662994	0.0015135612484362087	7.39529945111722e-6
25.950652033822625	0.0015135612484362087	2.494430979708206e-6
29.698426982540767	0.0015135612484362087	1.0752056233878336e-6
33.98745295832107	0.0015135612484362087	3.4426785968554385e-7
38.895897054520105	0.0015135612484362087	1.1519205502139174e-7
44.51321520124173	0.0015135612484362087	2.507661132917153e-8
50.941782491215115	0.0015135612484362087	5.989903125455954e-9
58.29875895619149	0.0015135612484362087	1.3464547978356388e-9
66.71822479745835	0.0015135612484362087	2.75432406630734e-10
76.35362398484546	0.0015135612484362087	4.123061681866885e-11
87.38056075858388	0.0015135612484362087	3.9077426031406254e-12
100.00000000000031	0.0015135612484362087	2.055473880487741e-13
111.55639876771902	0.0015135612484362087	1.2510214896976005e-14
138.21730389017998	0.0015135612484362087	4.509014682474142e-18
171.24990861750976	0.0015135612484362087	5.968845496184289e-23
212.17698780180757	0.0015135612484362087	0
262.885244821937	0.0015135612484362087	0
325.7122869971341	0.0015135612484362087	0
403.5543872869759	0.0015135612484362087	0
499.9999999999984	0.0015135612484362087	0
1000	0.0015135612484362087	0
2000	0.0015135612484362087	0
1.	0.0017378008287493763	0.3554801552689929
1.9999999999999998	0.0017378008287493763	0.2039451038849865
2.288838595949997	0.0017378008287493763	0.17660322177481072
2.6193910591551774	0.0017378008287493763	0.156817040559472
2.9976816770403563	0.0017378008287493763	0.14418802668767264
3.4306047603910415	0.0017378008287493763	0.13371191996995418
3.926050291516404	0.0017378008287493763	0.11889304637684531
4.493047718431742	0.0017378008287493763	0.09763423468121787
5.141930515695824	0.0017378008287493763	0.07410362281520295
5.884524511008838	0.0017378008287493763	0.05142991826176761
6.734363409805407	0.0017378008287493763	0.03082986496312857
7.706935445758021	0.0017378008287493763	0.015938678512559416
8.819965652373028	0.0017378008287493763	0.0077639261797654855
10.093738900052346	0.0017378008287493763	0.003480471294968668
11.551469585940843	0.0017378008287493763	0.0012089980653678092
13.219724714121972	0.0017378008287493763	0.0004386539479109018
15.128908076758211	0.0017378008287493763	0.00018580470707118028
17.313814360331925	0.0017378008287493763	0.0000806351380434451
19.814263275520517	0.0017378008287493763	0.000027881789473677705
22.675825267662994	0.0017378008287493763	8.608864219205249e-6
25.950652033822625	0.0017378008287493763	2.901033490225562e-6
29.698426982540767	0.0017378008287493763	1.24609036585186e-6
33.98745295832107	0.0017378008287493763	3.9969187854496023e-7
38.895897054520105	0.0017378008287493763	1.3348270533728375e-7
44.51321520124173	0.0017378008287493763	2.9177727451107507e-8
50.941782491215115	0.0017378008287493763	6.943460058883277e-9
58.29875895619149	0.0017378008287493763	1.5619707263055683e-9
66.71822479745835	0.0017378008287493763	3.192412148696554e-10
76.35362398484546	0.0017378008287493763	4.7779673667658955e-11
87.38056075858388	0.0017378008287493763	4.530406026282664e-12
100.00000000000031	0.0017378008287493763	2.3850748138607774e-13
111.55639876771902	0.0017378008287493763	1.4523648426754944e-14
138.21730389017998	0.0017378008287493763	5.24259381096157e-18
171.24990861750976	0.0017378008287493763	6.954043336221613e-23
212.17698780180757	0.0017378008287493763	0
262.885244821937	0.0017378008287493763	0
325.7122869971341	0.0017378008287493763	0
403.5543872869759	0.0017378008287493763	0
499.9999999999984	0.0017378008287493763	0
1000	0.0017378008287493763	0
2000	0.0017378008287493763	0
1.	0.0019952623149688807	0.40371641658632856
1.9999999999999998	0.0019952623149688807	0.23621829490578167
2.288838595949997	0.0019952623149688807	0.2042104081145066
2.6193910591551774	0.0019952623149688807	0.18040217147973894
2.9976816770403563	0.0019952623149688807	0.16508614141152056
3.4306047603910415	0.0019952623149688807	0.15308301543068908
3.926050291516404	0.0019952623149688807	0.13669614763031804
4.493047718431742	0.0019952623149688807	0.1128992342046043
5.141930515695824	0.0019952623149688807	0.08608309194256028
5.884524511008838	0.0019952623149688807	0.060006853830882105
6.734363409805407	0.0019952623149688807	0.03616428852749616
7.706935445758021	0.0019952623149688807	0.018666907558158276
8.819965652373028	0.0019952623149688807	0.009083739527335329
10.093738900052346	0.0019952623149688807	0.004073834721187596
11.551469585940843	0.0019952623149688807	0.0014182073269134719
13.219724714121972	0.0019952623149688807	0.0005073159107522012
15.128908076758211	0.0019952623149688807	0.00021557981717895436
17.313814360331925	0.0019952623149688807	0.00009337576890201073
19.814263275520517	0.0019952623149688807	0.00003244153544150691
22.675825267662994	0.0019952623149688807	9.974183943001184e-6
25.950652033822625	0.0019952623149688807	3.3572519210853187e-6
29.698426982540767	0.0019952623149688807	1.4363325004543646e-6
33.98745295832107	0.0019952623149688807	4.616455050096543e-7
38.895897054520105	0.0019952623149688807	1.5384144668677615e-7
44.51321520124173	0.0019952623149688807	3.377953658357172e-8
50.941782491215115	0.0019952623149688807	8.006429813421266e-9
58.29875895619149	0.0019952623149688807	1.8023797640177096e-9
66.71822479745835	0.0019952623149688807	3.6803096834439475e-10
76.35362398484546	0.0019952623149688807	5.507112616967524e-11
87.38056075858388	0.0019952623149688807	5.224176504451446e-12
100.00000000000031	0.0019952623149688807	2.7531628926175365e-13
111.55639876771902	0.0019952623149688807	1.677519489878445e-14
138.21730389017998	0.0019952623149688807	6.065648594802834e-18
171.24990861750976	0.0019952623149688807	8.064177277533774e-23
212.17698780180757	0.0019952623149688807	0
262.885244821937	0.0019952623149688807	0
325.7122869971341	0.0019952623149688807	0
403.5543872869759	0.0019952623149688807	0
499.9999999999984	0.0019952623149688807	0
1000	0.0019952623149688807	0
2000	0.0019952623149688807	0
1.	0.0022908676527677745	0.45691157760777557
1.9999999999999998	0.0022908676527677745	0.2738757009841645
2.288838595949997	0.0022908676527677745	0.23645592585532152
2.6193910591551774	0.0022908676527677745	0.207774730309838
2.9976816770403563	0.0022908676527677745	0.18908075554167064
3.4306047603910415	0.0022908676527677745	0.17515865129134733
3.926050291516404	0.0022908676527677745	0.15710982426560033
4.493047718431742	0.0022908676527677745	0.13057796638624872
5.141930515695824	0.0022908676527677745	0.10013586767589348
5.884524511008838	0.0022908676527677745	0.07027197124796551
6.734363409805407	0.0022908676527677745	0.042532677230990606
7.706935445758021	0.0022908676527677745	0.021938870453509174
8.819965652373028	0.0022908676527677745	0.010628131917800425
10.093738900052346	0.0022908676527677745	0.004787310971493071
11.551469585940843	0.0022908676527677745	0.001663383230832322
13.219724714121972	0.0022908676527677745	0.000595071835208572
15.128908076758211	0.0022908676527677745	0.000249919204749712
17.313814360331925	0.0022908676527677745	0.000108552472072307
19.814263275520517	0.0022908676527677745	0.00003761210085686715
22.675825267662994	0.0022908676527677745	0.000011547957362533297
25.950652033822625	0.0022908676527677745	3.881555435589579e-6
29.698426982540767	0.0022908676527677745	1.6531885320211216e-6
33.98745295832107	0.0022908676527677745	5.325703759972868e-7
38.895897054520105	0.0022908676527677745	1.770456030006631e-7
44.51321520124173	0.0022908676527677745	3.90656586948776e-8
50.941782491215115	0.0022908676527677745	9.220135862622469e-9
58.29875895619149	0.0022908676527677745	2.0769720038260345e-9
66.71822479745835	0.0022908676527677745	4.236705762785155e-10
76.35362398484546	0.0022908676527677745	6.338467365956631e-11
87.38056075858388	0.0022908676527677745	6.015735208273481e-12
100.00000000000031	0.0022908676527677745	3.1741947183100466e-13
111.55639876771902	0.0022908676527677745	1.935391977150026e-14
138.21730389017998	0.0022908676527677745	7.011705913365971e-18
171.24990861750976	0.0022908676527677745	9.345819427793672e-23
212.17698780180757	0.0022908676527677745	0
262.885244821937	0.0022908676527677745	0
325.7122869971341	0.0022908676527677745	0
403.5543872869759	0.0022908676527677745	0
499.9999999999984	0.0022908676527677745	0
1000	0.0022908676527677745	0
2000	0.0022908676527677745	0
1.	0.0026302679918953843	0.5150646559301482
1.9999999999999998	0.0026302679918953843	0.3178027401001431
2.288838595949997	0.0026302679918953843	0.27416598900293027
2.6193910591551774	0.0026302679918953843	0.23967174684154435
2.9976816770403563	0.0026302679918953843	0.21665777344257578
3.4306047603910415	0.0026302679918953843	0.20029266103919005
3.926050291516404	0.0026302679918953843	0.18049184662599174
4.493047718431742	0.0026302679918953843	0.1512559952994513
5.141930515695824	0.0026302679918953843	0.11668087828091557
5.884524511008838	0.0026302679918953843	0.08236835741963344
6.734363409805407	0.0026302679918953843	0.050151369903334686
7.706935445758021	0.0026302679918953843	0.025901390110203457
8.819965652373028	0.0026302679918953843	0.012490841362043516
10.093738900052346	0.0026302679918953843	0.005636167100962107
11.551469585940843	0.0026302679918953843	0.0019683647205486323
13.219724714121972	0.0026302679918953843	0.0006956351686060083
15.128908076758211	0.0026302679918953843	0.00029112114607317513
17.313814360331925	0.0026302679918953843	0.00012606542369692354
19.814263275520517	0.0026302679918953843	0.00004376057244684125
22.675825267662994	0.0026302679918953843	0.000013454121122244376
25.950652033822625	0.0026302679918953843	4.514585926046513e-6
29.698426982540767	0.0026302679918953843	1.9130554078092e-6
33.98745295832107	0.0026302679918953843	6.179128145435502e-7
38.895897054520105	0.0026302679918953843	2.0485219598060518e-7
44.51321520124173	0.0026302679918953843	4.5441496707304965e-8
50.941782491215115	0.0026302679918953843	1.0677524667133651e-8
58.29875895619149	0.0026302679918953843	2.4066088585831824e-9
66.71822479745835	0.0026302679918953843	4.903789386614255e-10
76.35362398484546	0.0026302679918953843	7.335092275926089e-11
87.38056075858388	0.0026302679918953843	6.965174324307074e-12
100.00000000000031	0.0026302679918953843	3.680426799398505e-13
111.55639876771902	0.0026302679918953843	2.2458598660142884e-14
138.21730389017998	0.0026302679918953843	8.154427069146793e-18
171.24990861750976	0.0026302679918953843	1.0900270395023637e-22
212.17698780180757	0.0026302679918953843	0
262.885244821937	0.0026302679918953843	0
325.7122869971341	0.0026302679918953843	0
403.5543872869759	0.0026302679918953843	0
499.9999999999984	0.0026302679918953843	0
1000	0.0026302679918953843	0
2000	0.0026302679918953843	0
1.	0.003019951720402019	0.5771812497932064
1.9999999999999998	0.003019951720402019	0.368856227979607
2.288838595949997	0.003019951720402019	0.3184914447994834
2.6193910591551774	0.003019951720402019	0.27694708860707284
2.9976816770403563	0.003019951720402019	0.24839906660923625
3.4306047603910415	0.003019951720402019	0.22904191628510762
3.926050291516404	0.003019951720402019	0.20727410098036306
4.493047718431742	0.003019951720402019	0.17512023552347233
5.141930515695824	0.003019951720402019	0.1360940599575759
5.884524511008838	0.003019951720402019	0.09673726767328095
6.734363409805407	0.003019951720402019	0.05939644216458625
7.706935445758021	0.003019951720402019	0.030663857321879665
8.819965652373028	0.003019951720402019	0.014712972743836254
10.093738900052346	0.003019951720402019	0.006667999085666161
11.551469585940843	0.003019951720402019	0.002332692196022677
13.219724714121972	0.003019951720402019	0.0008125974320621869
15.128908076758211	0.003019951720402019	0.0003395595071809111
17.313814360331925	0.003019951720402019	0.00014674954465912832
19.814263275520517	0.003019951720402019	0.00005100103926149671
22.675825267662994	0.003019951720402019	0.000016019700547628534
25.950652033822625	0.003019951720402019	5.364475622077978e-6
29.698426982540767	0.003019951720402019	2.260178503924333e-6
33.98745295832107	0.003019951720402019	7.32228294191636e-7
38.895897054520105	0.003019951720402019	2.419998740616102e-7
44.51321520124173	0.003019951720402019	5.3987315467931967e-8
50.941782491215115	0.003019951720402019	1.2627840876289218e-8
58.29875895619149	0.003019951720402019	2.84737861136461e-9
66.71822479745835	0.003019951720402019	5.795155097809819e-10
76.35362398484546	0.003019951720402019	8.667111174083812e-11
87.38056075858388	0.003019951720402019	8.23424406284675e-12
100.00000000000031	0.003019951720402019	4.3582788097273234e-13
111.55639876771902	0.003019951720402019	2.6619582684269328e-14
138.21730389017998	0.003019951720402019	9.689392755044374e-18
171.24990861750976	0.003019951720402019	1.2993979941666476e-22
212.17698780180757	0.003019951720402019	0
262.885244821937	0.003019951720402019	0
325.7122869971341	0.003019951720402019	0
403.5543872869759	0.003019951720402019	0
499.9999999999984	0.003019951720402019	0
1000	0.003019951720402019	0
2000	0.003019951720402019	0
1.	0.00346736850452532	0.6421437828650449
1.9999999999999998	0.00346736850452532	0.4281458018267093
2.288838595949997	0.00346736850452532	0.37049810639626535
2.6193910591551774	0.00346736850452532	0.32077775394890146
2.9976816770403563	0.00346736850452532	0.28522278565545495
3.4306047603910415	0.00346736850452532	0.2616636620087763
3.926050291516404	0.00346736850452532	0.23783487979926105
4.493047718431742	0.00346736850452532	0.20272304902680502
5.141930515695824	0.00346736850452532	0.15879489292554783
5.884524511008838	0.00346736850452532	0.1138707127992862
6.734363409805407	0.00346736850452532	0.07055324362503831
7.706935445758021	0.00346736850452532	0.03658723925326058
8.819965652373028	0.00346736850452532	0.017427565766235664
10.093738900052346	0.00346736850452532	0.0079097491293395
11.551469585940843	0.00346736850452532	0.0027863353785542097
13.219724714121972	0.00346736850452532	0.0009570602640378155
15.128908076758211	0.00346736850452532	0.00039675497554752924
17.313814360331925	0.00346736850452532	0.00017133927596689534
19.814263275520517	0.00346736850452532	0.00005958041274422386
22.675825267662994	0.00346736850452532	0.000018470828818205017
25.950652033822625	0.00346736850452532	6.170008376817693e-6
29.698426982540767	0.00346736850452532	2.5827793061625085e-6
33.98745295832107	0.00346736850452532	8.396118829338668e-7
38.895897054520105	0.00346736850452532	2.7652525564521654e-7
44.51321520124173	0.00346736850452532	6.206186017567422e-8
50.941782491215115	0.00346736850452532	1.444975403894352e-8
58.29875895619149	0.00346736850452532	3.2589214287005627e-9
66.71822479745835	0.00346736850452532	6.62451701377162e-10
76.35362398484546	0.00346736850452532	9.906454056744015e-11
87.38056075858388	0.00346736850452532	9.416644584008878e-12
100.00000000000031	0.00346736850452532	4.993667032744795e-13
111.55639876771902	0.00346736850452532	3.0533258445695453e-14
138.21730389017998	0.00346736850452532	1.1145459191837076e-17
171.24990861750976	0.00346736850452532	1.50009827835309e-22
212.17698780180757	0.00346736850452532	0
262.885244821937	0.00346736850452532	0
325.7122869971341	0.00346736850452532	0
403.5543872869759	0.00346736850452532	0
499.9999999999984	0.00346736850452532	0
1000	0.00346736850452532	0
2000	0.00346736850452532	0
1.	0.003981071705534978	0.7086071888317341
1.9999999999999998	0.003981071705534978	0.4965272261169074
2.288838595949997	0.003981071705534978	0.4314205221780004
2.6193910591551774	0.003981071705534978	0.37230605216409657
2.9976816770403563	0.003981071705534978	0.32804303244927946
3.4306047603910415	0.003981071705534978	0.29896386932012137
3.926050291516404	0.003981071705534978	0.2725240940926519
4.493047718431742	0.003981071705534978	0.2345052589828212
5.141930515695824	0.003981071705534978	0.18544805503339726
5.884524511008838	0.003981071705534978	0.13434680403490196
6.734363409805407	0.003981071705534978	0.08418580651763385
7.706935445758021	0.003981071705534978	0.04379421481074976
8.819965652373028	0.003981071705534978	0.020801301201202195
10.093738900052346	0.003981071705534978	0.009406003081299526
11.551469585940843	0.003981071705534978	0.0033245588166259453
13.219724714121972	0.003981071705534978	0.0011299419969970147
15.128908076758211	0.003981071705534978	0.000464820257368416
17.313814360331925	0.003981071705534978	0.00020047735036679947
19.814263275520517	0.003981071705534978	0.00006962505651288607
22.675825267662994	0.003981071705534978	0.000021671187566319243
25.950652033822625	0.003981071705534978	7.2175238661947895e-6
29.698426982540767	0.003981071705534978	2.9992703383609538e-6
33.98745295832107	0.003981071705534978	9.788170142006601e-7
38.895897054520105	0.003981071705534978	3.211150406237187e-7
44.51321520124173	0.003981071705534978	7.252490587139107e-8
50.941782491215115	0.003981071705534978	1.6809169716950795e-8
58.29875895619149	0.003981071705534978	3.7909389886962744e-9
66.71822479745835	0.003981071705534978	7.695805114932859e-10
76.35362398484546	0.003981071705534978	1.1508229537660836e-10
87.38056075858388	0.003981071705534978	1.0944843684182296e-11
100.00000000000031	0.003981071705534978	5.816893515881354e-13
111.55639876771902	0.003981071705534978	3.561051903280207e-14
138.21730389017998	0.003981071705534978	1.3040538873678888e-17
171.24990861750976	0.003981071705534978	1.762322501633307e-22
212.17698780180757	0.003981071705534978	0
262.885244821937	0.003981071705534978	0
325.7122869971341	0.003981071705534978	0
403.5543872869759	0.003981071705534978	0
499.9999999999984	0.003981071705534978	0
1000	0.003981071705534978	0
2000	0.003981071705534978	0
1.	0.0045708818961487565	0.7739091703395052
1.9999999999999998	0.0045708818961487565	0.5747232467717807
2.288838595949997	0.0045708818961487565	0.5025535825677818
2.6193910591551774	0.0045708818961487565	0.4332030481475449
2.9976816770403563	0.0045708818961487565	0.37822002463568727
3.4306047603910415	0.0045708818961487565	0.34162485252302105
3.926050291516404	0.0045708818961487565	0.3118231047060156
4.493047718431742	0.0045708818961487565	0.27116128191091265
5.141930515695824	0.0045708818961487565	0.2167520625949993
5.884524511008838	0.0045708818961487565	0.1586557747742293
6.734363409805407	0.0045708818961487565	0.10082988832343587
7.706935445758021	0.0045708818961487565	0.05267145668731885
8.819965652373028	0.0045708818961487565	0.02473972310152772
10.093738900052346	0.0045708818961487565	0.011261912316318188
11.551469585940843	0.0045708818961487565	0.003993234056935542
13.219724714121972	0.0045708818961487565	0.0013398304487897803
15.128908076758211	0.0045708818961487565	0.0005459311264270367
17.313814360331925	0.0045708818961487565	0.0002357042328483981
19.814263275520517	0.0045708818961487565	0.00008161330438343437
22.675825267662994	0.0045708818961487565	0.00002547121832786085
25.950652033822625	0.0045708818961487565	8.45270200796548e-6
29.698426982540767	0.0045708818961487565	3.4837901425074363e-6
33.98745295832107	0.0045708818961487565	1.1419849524275948e-6
38.895897054520105	0.0045708818961487565	3.7300868641186604e-7
44.51321520124173	0.0045708818961487565	8.479579020030591e-8
50.941782491215115	0.0045708818961487565	1.9567444234978e-8
58.29875895619149	0.0045708818961487565	4.411513948736715e-9
66.71822479745835	0.0045708818961487565	8.943154881681492e-10
76.35362398484546	0.0045708818961487565	1.337458938528774e-10
87.38056075858388	0.0045708818961487565	1.272611418477815e-11
100.00000000000031	0.0045708818961487565	6.780521795519301e-13
111.55639876771902	0.0045708818961487565	4.156845831523581e-14
138.21730389017998	0.0045708818961487565	1.5277725299953702e-17
171.24990861750976	0.0045708818961487565	2.0741307466831109e-22
212.17698780180757	0.0045708818961487565	0
262.885244821937	0.0045708818961487565	0
325.7122869971341	0.0045708818961487565	0
403.5543872869759	0.0045708818961487565	0
499.9999999999984	0.0045708818961487565	0
1000	0.0045708818961487565	0
2000	0.0045708818961487565	0
1.	0.005248074602497733	0.834744314419858
1.9999999999999998	0.005248074602497733	0.6628555762223218
2.288838595949997	0.005248074602497733	0.5853209396530943
2.6193910591551774	0.005248074602497733	0.5053783160264173
2.9976816770403563	0.005248074602497733	0.4376472418718484
3.4306047603910415	0.005248074602497733	0.3912200122580191
3.926050291516404	0.005248074602497733	0.35668427935402297
4.493047718431742	0.005248074602497733	0.31340745858778696
5.141930515695824	0.005248074602497733	0.25351620951107146
5.884524511008838	0.005248074602497733	0.18784085239092976
6.734363409805407	0.005248074602497733	0.12124594603393911
7.706935445758021	0.005248074602497733	0.06380605162489025
8.819965652373028	0.005248074602497733	0.029738769488126007
10.093738900052346	0.005248074602497733	0.013505985467827197
11.551469585940843	0.005248074602497733	0.004851616955346026
13.219724714121972	0.005248074602497733	0.0015990195452241147
15.128908076758211	0.005248074602497733	0.0006435093457750575
17.313814360331925	0.005248074602497733	0.0002777782608667071
19.814263275520517	0.005248074602497733	0.00009633726924314859
22.675825267662994	0.005248074602497733	0.000030489052699342173
25.950652033822625	0.005248074602497733	0.000010074220923509945
29.698426982540767	0.005248074602497733	4.1138508687898555e-6
33.98745295832107	0.005248074602497733	1.3552806563740765e-6
38.895897054520105	0.005248074602497733	4.4052362732509686e-7
44.51321520124173	0.005248074602497733	1.0081134611353463e-7
50.941782491215115	0.005248074602497733	2.3168734907980722e-8
58.29875895619149	0.005248074602497733	5.2197641118264145e-9
66.71822479745835	0.005248074602497733	1.0566204907598278e-9
76.35362398484546	0.005248074602497733	1.5805228857383255e-10
87.38056075858388	0.005248074602497733	1.5045847680762473e-11
100.00000000000031	0.005248074602497733	8.039085827056133e-13
111.55639876771902	0.005248074602497733	4.936365451084374e-14
138.21730389017998	0.005248074602497733	1.821750715193879e-17
171.24990861750976	0.005248074602497733	2.4860050148902e-22
212.17698780180757	0.005248074602497733	0
262.885244821937	0.005248074602497733	0
325.7122869971341	0.005248074602497733	0
403.5543872869759	0.005248074602497733	0
499.9999999999984	0.005248074602497733	0
1000	0.005248074602497733	0
2000	0.005248074602497733	0
1.	0.006025595860743587	0.8878607172264956
1.9999999999999998	0.006025595860743587	0.7601994817744454
2.288838595949997	0.006025595860743587	0.6803898818416381
2.6193910591551774	0.006025595860743587	0.5908023158906375
2.9976816770403563	0.006025595860743587	0.5088903900728297
3.4306047603910415	0.006025595860743587	0.4493482897574446
3.926050291516404	0.006025595860743587	0.407635705011242
4.493047718431742	0.006025595860743587	0.3614599299941164
5.141930515695824	0.006025595860743587	0.2966147191734645
5.884524511008838	0.006025595860743587	0.2226214089216445
6.734363409805407	0.006025595860743587	0.14614962768072925
7.706935445758021	0.006025595860743587	0.07776894587135005
8.819965652373028	0.006025595860743587	0.03589103082711692
10.093738900052346	0.006025595860743587	0.016278609117175723
11.551469585940843	0.006025595860743587	0.005931280138863048
13.219724714121972	0.006025595860743587	0.0019223932492877741
15.128908076758211	0.006025595860743587	0.0007613827739318337
17.313814360331925	0.006025595860743587	0.0003289484929605033
19.814263275520517	0.006025595860743587	0.00011397306349304588
22.675825267662994	0.006025595860743587	0.000036253783065904275
25.950652033822625	0.006025595860743587	0.000011916835121472304
29.698426982540767	0.006025595860743587	4.815955564135099e-6
33.98745295832107	0.006025595860743587	1.59551086228305e-6
38.895897054520105	0.006025595860743587	5.158060128349431e-7
44.51321520124173	0.006025595860743587	1.1882996403338807e-7
50.941782491215115	0.006025595860743587	2.7210653268822916e-8
58.29875895619149	0.006025595860743587	6.123615064208256e-9
66.71822479745835	0.006025595860743587	1.2376935056439941e-9
76.35362398484546	0.006025595860743587	1.8520584915180765e-10
87.38056075858388	0.006025595860743587	1.7638256326435324e-11
100.00000000000031	0.006025595860743587	9.453747684205775e-13
111.55639876771902	0.006025595860743587	5.815682480668741e-14
138.21730389017998	0.006025595860743587	2.156299481197508e-17
171.24990861750976	0.006025595860743587	2.9596132312917733e-22
212.17698780180757	0.006025595860743587	0
262.885244821937	0.006025595860743587	0
325.7122869971341	0.006025595860743587	0
403.5543872869759	0.006025595860743587	0
499.9999999999984	0.006025595860743587	0
1000	0.006025595860743587	0
2000	0.006025595860743587	0
1.	0.006918309709189377	0.9280579869053617
1.9999999999999998	0.006918309709189377	0.8652989657627833
2.288838595949997	0.006918309709189377	0.7877593419449159
2.6193910591551774	0.006918309709189377	0.6907716943254065
2.9976816770403563	0.006918309709189377	0.5932276774404556
3.4306047603910415	0.006918309709189377	0.5170524856100276
3.926050291516404	0.006918309709189377	0.46581195555546223
4.493047718431742	0.006918309709189377	0.41622818168122566
5.141930515695824	0.006918309709189377	0.3468389263796946
5.884524511008838	0.006918309709189377	0.26438652283566594
6.734363409805407	0.006918309709189377	0.17705570423732792
7.706935445758021	0.006918309709189377	0.0955675757846242
8.819965652373028	0.006918309709189377	0.04388159928784438
10.093738900052346	0.006918309709189377	0.019753666453701607
11.551469585940843	0.006918309709189377	0.007296859453694577
13.219724714121972	0.006918309709189377	0.0023301814190479575
15.128908076758211	0.006918309709189377	0.0009050560374944521
17.313814360331925	0.006918309709189377	0.0003868265360500181
19.814263275520517	0.006918309709189377	0.00013520368870771073
22.675825267662994	0.006918309709189377	0.00004281128205871814
25.950652033822625	0.006918309709189377	0.000013984423360306319
29.698426982540767	0.006918309709189377	5.5860455657528645e-6
33.98745295832107	0.006918309709189377	1.8622051575011056e-6
38.895897054520105	0.006918309709189377	5.984304033506756e-7
44.51321520124173	0.006918309709189377	1.3878083474263715e-7
50.941782491215115	0.006918309709189377	3.1680431564896296e-8
58.29875895619149	0.006918309709189377	7.118680765694358e-9
66.71822479745835	0.006918309709189377	1.4365404230210056e-9
76.35362398484546	0.006918309709189377	2.1507516818791998e-10
87.38056075858388	0.006918309709189377	2.0490914873830716e-11
100.00000000000031	0.006918309709189377	1.1020543740167634e-12
111.55639876771902	0.006918309709189377	6.793580894265076e-14
138.21730389017998	0.006918309709189377	2.532235152130234e-17
171.24990861750976	0.006918309709189377	3.4983464582149326e-22
212.17698780180757	0.006918309709189377	0
262.885244821937	0.006918309709189377	0
325.7122869971341	0.006918309709189377	0
403.5543872869759	0.006918309709189377	0
499.9999999999984	0.006918309709189377	0
1000	0.006918309709189377	0
2000	0.006918309709189377	0
1.	0.00794328234724283	0.9529170127670958
1.9999999999999998	0.00794328234724283	0.9733132094015133
2.288838595949997	0.00794328234724283	0.9048745772448985
2.6193910591551774	0.00794328234724283	0.8053019436680431
2.9976816770403563	0.00794328234724283	0.6934858645630874
3.4306047603910415	0.00794328234724283	0.5975085680089285
3.926050291516404	0.00794328234724283	0.5324221261893229
4.493047718431742	0.00794328234724283	0.4781773582833716
5.141930515695824	0.00794328234724283	0.40535706947985833
5.884524511008838	0.00794328234724283	0.31381959222161826
6.734363409805407	0.00794328234724283	0.21503475411242662
7.706935445758021	0.00794328234724283	0.11852250998708484
8.819965652373028	0.00794328234724283	0.05411427785717364
10.093738900052346	0.00794328234724283	0.024066710222219546
11.551469585940843	0.00794328234724283	0.009049607865458071
13.219724714121972	0.00794328234724283	0.002821958777582199
15.128908076758211	0.00794328234724283	0.0010798781298542622
17.313814360331925	0.00794328234724283	0.0004569854741174409
19.814263275520517	0.00794328234724283	0.0001610444089734308
22.675825267662994	0.00794328234724283	0.000051581853856176186
25.950652033822625	0.00794328234724283	0.000016723147255092715
29.698426982540767	0.00794328234724283	6.593493101576921e-6
33.98745295832107	0.00794328234724283	2.2131357255395116e-6
38.895897054520105	0.00794328234724283	7.065347758613717e-7
44.51321520124173	0.00794328234724283	1.6492037039027407e-7
50.941782491215115	0.00794328234724283	3.7551926974147023e-8
58.29875895619149	0.00794328234724283	8.421848328580065e-9
66.71822479745835	0.00794328234724283	1.6967731679157358e-9
76.35362398484546	0.00794328234724283	2.542114012111622e-10
87.38056075858388	0.00794328234724283	2.4228675902688167e-11
100.00000000000031	0.00794328234724283	1.3079505289358225e-12
111.55639876771902	0.00794328234724283	8.08159897635435e-14
138.21730389017998	0.00794328234724283	3.030492750028152e-17
171.24990861750976	0.00794328234724283	4.217595284105711e-22
212.17698780180757	0.00794328234724283	0
262.885244821937	0.00794328234724283	0
325.7122869971341	0.00794328234724283	0
403.5543872869759	0.00794328234724283	0
499.9999999999984	0.00794328234724283	0
1000	0.00794328234724283	0
2000	0.00794328234724283	0
1.	0.009120108393559116	0.9593179912622655
1.9999999999999998	0.009120108393559116	1.0782998566866844
2.288838595949997	0.009120108393559116	1.027490079609391
2.6193910591551774	0.009120108393559116	0.9340204826171039
2.9976816770403563	0.009120108393559116	0.8119873829710935
3.4306047603910415	0.009120108393559116	0.6944620529621363
3.926050291516404	0.009120108393559116	0.609671863032105
4.493047718431742	0.009120108393559116	0.5483711508520265
5.141930515695824	0.009120108393559116	0.4720628396399596
5.884524511008838	0.009120108393559116	0.37226833172421064
6.734363409805407	0.009120108393559116	0.26140153781832853
7.706935445758021	0.009120108393559116	0.14762749303724676
8.819965652373028	0.009120108393559116	0.0672860958418879
10.093738900052346	0.009120108393559116	0.029561006009132845
11.551469585940843	0.009120108393559116	0.011330377250113998
13.219724714121972	0.009120108393559116	0.0034880907232982894
15.128908076758211	0.009120108393559116	0.0012966969219222121
17.313814360331925	0.009120108393559116	0.0005440908610182654
19.814263275520517	0.009120108393559116	0.0001923511233213665
22.675825267662994	0.009120108393559116	0.00006180313333591266
25.950652033822625	0.009120108393559116	0.000019857571769284493
29.698426982540767	0.009120108393559116	7.716384162034222e-6
33.98745295832107	0.009120108393559116	2.609220566590972e-6
38.895897054520105	0.009120108393559116	8.269932341037388e-7
44.51321520124173	0.009120108393559116	1.9427514289727333e-7
50.941782491215115	0.009120108393559116	4.414691976559369e-8
58.29875895619149	0.009120108393559116	9.878713723331306e-9
66.71822479745835	0.009120108393559116	1.987033274460389e-9
76.35362398484546	0.009120108393559116	2.9794198933754773e-10
87.38056075858388	0.009120108393559116	2.8408008976855357e-11
100.00000000000031	0.009120108393559116	1.5396882399823422e-12
111.55639876771902	0.009120108393559116	9.53820961371604e-14
138.21730389017998	0.009120108393559116	3.6012468460649343e-17
171.24990861750976	0.009120108393559116	5.053688043932226e-22
212.17698780180757	0.009120108393559116	0
262.885244821937	0.009120108393559116	0
325.7122869971341	0.009120108393559116	0
403.5543872869759	0.009120108393559116	0
499.9999999999984	0.009120108393559116	0
1000	0.009120108393559116	0
2000	0.009120108393559116	0
1.	0.010471285480509017	0.9464221385766293
1.9999999999999998	0.010471285480509017	1.1703190111801003
2.288838595949997	0.010471285480509017	1.147748817435501
2.6193910591551774	0.010471285480509017	1.0719481729672042
2.9976816770403563	0.010471285480509017	0.9487669971862431
3.4306047603910415	0.010471285480509017	0.8111736948729359
3.926050291516404	0.010471285480509017	0.7017929716995764
4.493047718431742	0.010471285480509017	0.6271354540324197
5.141930515695824	0.010471285480509017	0.5483551058273729
5.884524511008838	0.010471285480509017	0.44129160196766903
6.734363409805407	0.010471285480509017	0.3176459314713077
7.706935445758021	0.010471285480509017	0.18526121551112487
8.819965652373028	0.010471285480509017	0.0848691031997586
10.093738900052346	0.010471285480509017	0.03661182728631808
11.551469585940843	0.010471285480509017	0.01424203543561872
13.219724714121972	0.010471285480509017	0.004344044826928732
15.128908076758211	0.010471285480509017	0.001564953735944826
17.313814360331925	0.010471285480509017	0.0006502254580976898
19.814263275520517	0.010471285480509017	0.00023208971421138382
22.675825267662994	0.010471285480509017	0.00007501997107857071
25.950652033822625	0.010471285480509017	0.000023848416709063712
29.698426982540767	0.010471285480509017	9.119086661389897e-6
33.98745295832107	0.010471285480509017	3.107695324418833e-6
38.895897054520105	0.010471285480509017	9.772666365925974e-7
44.51321520124173	0.010471285480509017	2.3103817789503278e-7
50.941782491215115	0.010471285480509017	5.241364733951959e-8
58.29875895619149	0.010471285480509017	1.1699878382037543e-8
66.71822479745835	0.010471285480509017	2.349504268957075e-9
76.35362398484546	0.010471285480509017	3.5260423461173874e-10
87.38056075858388	0.010471285480509017	3.3636802869642794e-11
100.00000000000031	0.010471285480509017	1.8307230653212245e-12
111.55639876771902	0.010471285480509017	1.1373733883984976e-13
138.21730389017998	0.010471285480509017	4.32782995903487e-17
171.24990861750976	0.010471285480509017	6.130669297337344e-22
212.17698780180757	0.010471285480509017	0
262.885244821937	0.010471285480509017	0
325.7122869971341	0.010471285480509017	0
403.5543872869759	0.010471285480509017	0
499.9999999999984	0.010471285480509017	0
1000	0.010471285480509017	0
2000	0.010471285480509017	0
1.	0.012022644346174156	0.91751604022849
1.9999999999999998	0.012022644346174156	1.2398508947908708
2.288838595949997	0.012022644346174156	1.2543219482881998
2.6193910591551774	0.012022644346174156	1.2104828690382317
2.9976816770403563	0.012022644346174156	1.1019733633461806
3.4306047603910415	0.012022644346174156	0.9510766919089381
3.926050291516404	0.012022644346174156	0.8130362835490119
4.493047718431742	0.012022644346174156	0.7176120097976786
5.141930515695824	0.012022644346174156	0.6342443201597829
5.884524511008838	0.012022644346174156	0.520958593833797
6.734363409805407	0.012022644346174156	0.38569148483492105
7.706935445758021	0.012022644346174156	0.2337002718588205
8.819965652373028	0.012022644346174156	0.10775628075649113
10.093738900052346	0.012022644346174156	0.04566956526025405
11.551469585940843	0.012022644346174156	0.018102101002812895
13.219724714121972	0.012022644346174156	0.005446291211666558
15.128908076758211	0.012022644346174156	0.0019019566601384955
17.313814360331925	0.012022644346174156	0.0007834072291094261
19.814263275520517	0.012022644346174156	0.0002807339468818092
22.675825267662994	0.012022644346174156	0.00009147373305890435
25.950652033822625	0.012022644346174156	0.00002871781007085742
29.698426982540767	0.012022644346174156	0.00001078784113970648
33.98745295832107	0.012022644346174156	3.7060340595064645e-6
38.895897054520105	0.012022644346174156	1.1555293095354348e-6
44.51321520124173	0.012022644346174156	2.7496502915085593e-7
50.941782491215115	0.012022644346174156	6.227537402910714e-8
58.29875895619149	0.012022644346174156	1.38669838819769e-8
66.71822479745835	0.012022644346174156	2.7801686459660245e-9
76.35362398484546	0.012022644346174156	4.1760667126306754e-10
87.38056075858388	0.012022644346174156	3.986592449896191e-11
100.00000000000031	0.012022644346174156	2.1791212726312448e-12
111.55639876771902	0.012022644346174156	1.3580991113132734e-13
138.21730389017998	0.012022644346174156	5.213831130618069e-17
171.24990861750976	0.012022644346174156	7.4647202417310885e-22
212.17698780180757	0.012022644346174156	0
262.885244821937	0.012022644346174156	0
325.7122869971341	0.012022644346174156	0
403.5543872869759	0.012022644346174156	0
499.9999999999984	0.012022644346174156	0
1000	0.012022644346174156	0
2000	0.012022644346174156	0
1.	0.01380384264602888	0.8789661991279717
1.9999999999999998	0.01380384264602888	1.2757899107500839
2.288838595949997	0.01380384264602888	1.3354004978414404
2.6193910591551774	0.01380384264602888	1.337921738090851
2.9976816770403563	0.01380384264602888	1.2605425386884368
3.4306047603910415	0.01380384264602888	1.1124720916698894
3.926050291516404	0.01380384264602888	0.9468932811291879
4.493047718431742	0.01380384264602888	0.8230800879042839
5.141930515695824	0.01380384264602888	0.730595167145053
5.884524511008838	0.01380384264602888	0.613815418292376
6.734363409805407	0.01380384264602888	0.4667343910431506
7.706935445758021	0.01380384264602888	0.29636440918671475
8.819965652373028	0.01380384264602888	0.13943951607972074
10.093738900052346	0.01380384264602888	0.05775561830359877
11.551469585940843	0.01380384264602888	0.0231565602968088
13.219724714121972	0.01380384264602888	0.0069361439070719875
15.128908076758211	0.01380384264602888	0.002335546483656171
17.313814360331925	0.01380384264602888	0.0009487298783017563
19.814263275520517	0.01380384264602888	0.0003435565414621595
22.675825267662994	0.01380384264602888	0.00011172447495623838
25.950652033822625	0.01380384264602888	0.00003457479251216572
29.698426982540767	0.01380384264602888	0.000012738609051520948
33.98745295832107	0.01380384264602888	4.4113708775431945e-6
38.895897054520105	0.01380384264602888	1.362852431337192e-6
44.51321520124173	0.01380384264602888	3.26582306846847e-7
50.941782491215115	0.01380384264602888	7.38047933993656e-8
58.29875895619149	0.01380384264602888	1.6396855418936574e-8
66.71822479745835	0.01380384264602888	3.2820721770088787e-9
76.35362398484546	0.01380384264602888	4.933980927385157e-10
87.38056075858388	0.01380384264602888	4.715149326265528e-11
100.00000000000031	0.01380384264602888	2.5885735644992254e-12
111.55639876771902	0.01380384264602888	1.6188435447559588e-13
138.21730389017998	0.01380384264602888	6.278093649904597e-17
171.24990861750976	0.01380384264602888	9.097697830009456e-22
212.17698780180757	0.01380384264602888	0
262.885244821937	0.01380384264602888	0
325.7122869971341	0.01380384264602888	0
403.5543872869759	0.01380384264602888	0
499.9999999999984	0.01380384264602888	0
1000	0.01380384264602888	0
2000	0.01380384264602888	0
1.	0.015848931924611172	0.8405605715241595
1.9999999999999998	0.015848931924611172	1.2715093551448797
2.288838595949997	0.015848931924611172	1.3731693195646588
2.6193910591551774	0.015848931924611172	1.431660529785286
2.9976816770403563	0.015848931924611172	1.409791115197981
3.4306047603910415	0.015848931924611172	1.289070641545866
3.926050291516404	0.015848931924611172	1.1072924960580908
4.493047718431742	0.015848931924611172	0.9472687321811235
5.141930515695824	0.015848931924611172	0.8384095714253458
5.884524511008838	0.015848931924611172	0.7192687644343313
6.734363409805407	0.015848931924611172	0.5620858337636891
7.706935445758021	0.015848931924611172	0.373639187467881
8.819965652373028	0.015848931924611172	0.18274856629137382
10.093738900052346	0.015848931924611172	0.07413642657666975
11.551469585940843	0.015848931924611172	0.029794845516032273
13.219724714121972	0.015848931924611172	0.009020320493835185
15.128908076758211	0.015848931924611172	0.002892313574407313
17.313814360331925	0.015848931924611172	0.0011575193943087745
19.814263275520517	0.015848931924611172	0.0004228372097382025
22.675825267662994	0.015848931924611172	0.00013675590962601163
25.950652033822625	0.015848931924611172	0.00004164552416024503
29.698426982540767	0.015848931924611172	0.000015024962969926383
33.98745295832107	0.015848931924611172	5.2429490870979315e-6
38.895897054520105	0.015848931924611172	1.6039085093377038e-6
44.51321520124173	0.015848931924611172	3.874289673588067e-7
50.941782491215115	0.015848931924611172	8.726162844992096e-8
58.29875895619149	0.015848931924611172	1.9349834121593136e-8
66.71822479745835	0.015848931924611172	3.866787177021333e-9
76.35362398484546	0.015848931924611172	5.81699477005275e-10
87.38056075858388	0.015848931924611172	5.5679422552039737e-11
100.00000000000031	0.015848931924611172	3.069904763640059e-12
111.55639876771902	0.015848931924611172	1.9270265363868122e-13
138.21730389017998	0.015848931924611172	7.560021538627827e-17
171.24990861750976	0.015848931924611172	1.1106691428477604e-21
212.17698780180757	0.015848931924611172	0
262.885244821937	0.015848931924611172	0
325.7122869971341	0.015848931924611172	0
403.5543872869759	0.015848931924611172	0
499.9999999999984	0.015848931924611172	0
1000	0.015848931924611172	0
2000	0.015848931924611172	0
1.	0.01819700858609988	0.8090459391074816
1.9999999999999998	0.01819700858609988	1.224079734359573
2.288838595949997	0.01819700858609988	1.3594691261342333
2.6193910591551774	0.01819700858609988	1.4751300771244495
2.9976816770403563	0.01819700858609988	1.526209948141939
3.4306047603910415	0.01819700858609988	1.4647188703929253
3.926050291516404	0.01819700858609988	1.296930541143978
4.493047718431742	0.01819700858609988	1.1008613828015756
5.141930515695824	0.01819700858609988	0.9600743767196311
5.884524511008838	0.01819700858609988	0.836859546451306
6.734363409805407	0.01819700858609988	0.6720037044862441
7.706935445758021	0.01819700858609988	0.4696253201554636
8.819965652373028	0.01819700858609988	0.24310814126463912
10.093738900052346	0.01819700858609988	0.09692554702080651
11.551469585940843	0.01819700858609988	0.03864875346609579
13.219724714121972	0.01819700858609988	0.011949105356740292
15.128908076758211	0.01819700858609988	0.0036268850000824296
17.313814360331925	0.01819700858609988	0.0014233059654359852
19.814263275520517	0.01819700858609988	0.0005272335829947116
22.675825267662994	0.01819700858609988	0.0001687989668010061
25.950652033822625	0.01819700858609988	0.000050518807054127195
29.698426982540767	0.01819700858609988	0.00001782021162036507
33.98745295832107	0.01819700858609988	6.260939887304647e-6
38.895897054520105	0.01819700858609988	1.8955764132381846e-6
44.51321520124173	0.01819700858609988	4.622449642994605e-7
50.941782491215115	0.01819700858609988	1.035653933889065e-7
58.29875895619149	0.01819700858609988	2.293318567484467e-8
66.71822479745835	0.01819700858609988	4.574670936959816e-9
76.35362398484546	0.01819700858609988	6.88611932062415e-10
87.38056075858388	0.01819700858609988	6.606765257723481e-11
100.00000000000031	0.01819700858609988	3.657870290766836e-12
111.55639876771902	0.01819700858609988	2.3053685406736566e-13
138.21730389017998	0.01819700858609988	9.16375198489051e-17
171.24990861750976	0.01819700858609988	1.3674259128034568e-21
212.17698780180757	0.01819700858609988	0
262.885244821937	0.01819700858609988	0
325.7122869971341	0.01819700858609988	0
403.5543872869759	0.01819700858609988	0
499.9999999999984	0.01819700858609988	0
1000	0.01819700858609988	0
2000	0.01819700858609988	0
1.	0.02089296130854045	0.7899262743993719
1.9999999999999998	0.02089296130854045	1.1406711970529084
2.288838595949997	0.02089296130854045	1.2917302378650557
2.6193910591551774	0.02089296130854045	1.4544406616923677
2.9976816770403563	0.02089296130854045	1.584719282394369
3.4306047603910415	0.02089296130854045	1.6162366941927324
3.926050291516404	0.02089296130854045	1.4984969986063255
4.493047718431742	0.02089296130854045	1.2873181738047126
5.141930515695824	0.02089296130854045	1.105227822347339
5.884524511008838	0.02089296130854045	0.9692122129490294
6.734363409805407	0.02089296130854045	0.8020013790583245
7.706935445758021	0.02089296130854045	0.5865813302280555
8.819965652373028	0.02089296130854045	0.3236348714079923
10.093738900052346	0.02089296130854045	0.12900144345160405
11.551469585940843	0.02089296130854045	0.05044906956657561
13.219724714121972	0.02089296130854045	0.016058292888950998
15.128908076758211	0.02089296130854045	0.004614665316695674
17.313814360331925	0.02089296130854045	0.0017723586010467188
19.814263275520517	0.02089296130854045	0.0006598164373371199
22.675825267662994	0.02089296130854045	0.00021015443603460577
25.950652033822625	0.02089296130854045	0.00006178545104697031
29.698426982540767	0.02089296130854045	0.000021276822187941828
33.98745295832107	0.02089296130854045	7.516988089380339e-6
38.895897054520105	0.02089296130854045	2.2517291878881645e-6
44.51321520124173	0.02089296130854045	5.553956516416999e-7
50.941782491215115	0.02089296130854045	1.234732339351905e-7
58.29875895619149	0.02089296130854045	2.7314997104976548e-8
66.71822479745835	0.02089296130854045	5.437197067763812e-9
76.35362398484546	0.02089296130854045	8.19015125853811e-10
87.38056075858388	0.02089296130854045	7.883493890181282e-11
100.00000000000031	0.02089296130854045	4.382270422584436e-12
111.55639876771902	0.02089296130854045	2.7739915255381535e-13
138.21730389017998	0.02089296130854045	1.11915475131581e-16
171.24990861750976	0.02089296130854045	1.6998081655814416e-21
212.17698780180757	0.02089296130854045	0
262.885244821937	0.02089296130854045	0
325.7122869971341	0.02089296130854045	0
403.5543872869759	0.02089296130854045	0
499.9999999999984	0.02089296130854045	0
1000	0.02089296130854045	0
2000	0.02089296130854045	0
1.	0.023988329190194974	0.7823529642473498
1.9999999999999998	0.023988329190194974	1.0400091882760358
2.288838595949997	0.023988329190194974	1.1847282588449697
2.6193910591551774	0.023988329190194974	1.370119430958643
2.9976816770403563	0.023988329190194974	1.5664796643900691
3.4306047603910415	0.023988329190194974	1.701979742734147
3.926050291516404	0.023988329190194974	1.6853509625641478
4.493047718431742	0.023988329190194974	1.5026826085098555
5.141930515695824	0.023988329190194974	1.278791635862537
5.884524511008838	0.023988329190194974	1.1166604661936377
6.734363409805407	0.023988329190194974	0.9470895284160421
7.706935445758021	0.023988329190194974	0.7235173087643965
8.819965652373028	0.023988329190194974	0.43081830417378325
10.093738900052346	0.023988329190194974	0.176336644775086
11.551469585940843	0.023988329190194974	0.06650677848079148
13.219724714121972	0.023988329190194974	0.022039361949255182
15.128908076758211	0.023988329190194974	0.005965842242872135
17.313814360331925	0.023988329190194974	0.0022192969507395023
19.814263275520517	0.023988329190194974	0.0008313531901452527
22.675825267662994	0.023988329190194974	0.0002636335556315274
25.950652033822625	0.023988329190194974	0.0000761943769495666
29.698426982540767	0.023988329190194974	0.00002557458786628251
33.98745295832107	0.023988329190194974	9.06897213606888e-6
38.895897054520105	0.023988329190194974	2.688225160673012e-6
44.51321520124173	0.023988329190194974	6.720303628334435e-7
50.941782491215115	0.023988329190194974	1.4785042403180015e-7
58.29875895619149	0.023988329190194974	3.267946970386635e-8
66.71822479745835	0.023988329190194974	6.487022389800164e-9
76.35362398484546	0.023988329190194974	9.78224954481373e-10
87.38056075858388	0.023988329190194974	9.456042798934299e-11
100.00000000000031	0.023988329190194974	5.2771142967005e-12
111.55639876771902	0.023988329190194974	3.356325137343779e-13
138.21730389017998	0.023988329190194974	1.3769325077425498e-16
171.24990861750976	0.023988329190194974	2.1335761266644217e-21
212.17698780180757	0.023988329190194974	0
262.885244821937	0.023988329190194974	0
325.7122869971341	0.023988329190194974	0
403.5543872869759	0.023988329190194974	0
499.9999999999984	0.023988329190194974	0
1000	0.023988329190194974	0
2000	0.023988329190194974	0
1.	0.027542287033381744	0.7780000158817358
1.9999999999999998	0.027542287033381744	0.9411803605770631
2.288838595949997	0.027542287033381744	1.0583898911883354
2.6193910591551774	0.027542287033381744	1.2339011348263518
2.9976816770403563	0.027542287033381744	1.4617112670207968
3.4306047603910415	0.027542287033381744	1.6901112334720882
3.926050291516404	0.027542287033381744	1.8139794879224094
4.493047718431742	0.027542287033381744	1.7307795025792536
5.141930515695824	0.027542287033381744	1.4916690784113507
5.884524511008838	0.027542287033381744	1.283008458062962
6.734363409805407	0.027542287033381744	1.106858611729784
7.706935445758021	0.027542287033381744	0.877149515126672
8.819965652373028	0.027542287033381744	0.5721546756807105
10.093738900052346	0.027542287033381744	0.24641855085751407
11.551469585940843	0.027542287033381744	0.08927449558548385
13.219724714121972	0.027542287033381744	0.03056427583476144
15.128908076758211	0.027542287033381744	0.007925123974368432
17.313814360331925	0.027542287033381744	0.002818537663347227
19.814263275520517	0.027542287033381744	0.001051145156075934
22.675825267662994	0.027542287033381744	0.0003328474050293077
25.950652033822625	0.027542287033381744	0.00009476866715758978
29.698426982540767	0.027542287033381744	0.00003094302972128283
33.98745295832107	0.027542287033381744	0.00001098622443978117
38.895897054520105	0.027542287033381744	3.225269914022973e-6
44.51321520124173	0.027542287033381744	8.184889790275306e-7
50.941782491215115	0.027542287033381744	1.7780440519497688e-7
58.29875895619149	0.027542287033381744	3.924541918236772e-8
66.71822479745835	0.027542287033381744	7.760985261966425e-9
76.35362398484546	0.027542287033381744	1.172583489404408e-9
87.38056075858388	0.027542287033381744	1.1393490907215512e-10
100.00000000000031	0.027542287033381744	6.384295150681424e-12
111.55639876771902	0.027542287033381744	4.081741598559463e-13
138.21730389017998	0.027542287033381744	1.706156669599442e-16
171.24990861750976	0.027542287033381744	2.703821488011486e-21
212.17698780180757	0.027542287033381744	0
262.885244821937	0.027542287033381744	0
325.7122869971341	0.027542287033381744	0
403.5543872869759	0.027542287033381744	0
499.9999999999984	0.027542287033381744	0
1000	0.027542287033381744	0
2000	0.027542287033381744	0
1.	0.03162277660168389	0.7648750752610952
1.9999999999999998	0.03162277660168389	0.8541244991946593
2.288838595949997	0.03162277660168389	0.9351343129816556
2.6193910591551774	0.03162277660168389	1.0761215147981424
2.9976816770403563	0.03162277660168389	1.294012066114976
3.4306047603910415	0.03162277660168389	1.5791331295117883
3.926050291516404	0.03162277660168389	1.8386098982576686
4.493047718431742	0.03162277660168389	1.915418632166884
5.141930515695824	0.03162277660168389	1.7358384228412513
5.884524511008838	0.03162277660168389	1.4808978317299502
6.734363409805407	0.03162277660168389	1.2861881689350447
7.706935445758021	0.03162277660168389	1.0572200396248037
8.819965652373028	0.03162277660168389	0.7444582336633078
10.093738900052346	0.03162277660168389	0.35017133662085564
11.551469585940843	0.03162277660168389	0.1227645525796684
13.219724714121972	0.03162277660168389	0.04284761437621087
15.128908076758211	0.03162277660168389	0.010774157247583308
17.313814360331925	0.03162277660168389	0.0036283422038396245
19.814263275520517	0.03162277660168389	0.0013381919898513223
22.675825267662994	0.03162277660168389	0.0004218343984541955
25.950652033822625	0.03162277660168389	0.00011872208013340972
29.698426982540767	0.03162277660168389	0.00003760923562783561
33.98745295832107	0.03162277660168389	0.000013325482792256769
38.895897054520105	0.03162277660168389	3.881495553381976e-6
44.51321520124173	0.03162277660168389	1.0004020049977922e-6
50.941782491215115	0.03162277660168389	2.1437882461367128e-7
58.29875895619149	0.03162277660168389	4.718428808280748e-8
66.71822479745835	0.03162277660168389	9.283658215346248e-9
76.35362398484546	0.03162277660168389	1.4069950230008048e-9
87.38056075858388	0.03162277660168389	1.3750765346910176e-10
100.00000000000031	0.03162277660168389	7.740960910437744e-12
111.55639876771902	0.03162277660168389	4.978033116835749e-13
138.21730389017998	0.03162277660168389	2.124474729811656e-16
171.24990861750976	0.03162277660168389	3.4521522258957034e-21
212.17698780180757	0.03162277660168389	0
262.885244821937	0.03162277660168389	0
325.7122869971341	0.03162277660168389	0
403.5543872869759	0.03162277660168389	0
499.9999999999984	0.03162277660168389	0
1000	0.03162277660168389	0
2000	0.03162277660168389	0
1.	0.03630780547701025	0.7286779279316642
1.9999999999999998	0.03630780547701025	0.7817219344990669
2.288838595949997	0.03630780547701025	0.8336436664272313
2.6193910591551774	0.03630780547701025	0.9331103924150018
2.9976816770403563	0.03630780547701025	1.1080008831575914
3.4306047603910415	0.03630780547701025	1.3814630852642094
3.926050291516404	0.03630780547701025	1.7268799034454345
4.493047718431742	0.03630780547701025	1.9889288647953272
5.141930515695824	0.03630780547701025	1.9794099843578858
5.884524511008838	0.03630780547701025	1.7212390277264622
6.734363409805407	0.03630780547701025	1.4853694360845342
7.706935445758021	0.03630780547701025	1.2586112836609646
8.819965652373028	0.03630780547701025	0.9439084562172543
10.093738900052346	0.03630780547701025	0.4994925280549413
11.551469585940843	0.03630780547701025	0.17412287119823355
13.219724714121972	0.03630780547701025	0.060331741361432656
15.128908076758211	0.03630780547701025	0.015209368393181669
17.313814360331925	0.03630780547701025	0.0047065543812278635
19.814263275520517	0.03630780547701025	0.0017200943936016941
22.675825267662994	0.03630780547701025	0.0005425647679779328
25.950652033822625	0.03630780547701025	0.00015154712925828198
29.698426982540767	0.03630780547701025	0.00004641176949567753
33.98745295832107	0.03630780547701025	0.000016339280025031606
38.895897054520105	0.03630780547701025	4.735810558915858e-6
44.51321520124173	0.03630780547701025	1.2382161448057682e-6
50.941782491215115	0.03630780547701025	2.6200178670110856e-7
58.29875895619149	0.03630780547701025	5.736041271905096e-8
66.71822479745835	0.03630780547701025	1.1214459854118816e-8
76.35362398484546	0.03630780547701025	1.7070111242086835e-9
87.38056075858388	0.03630780547701025	1.6782518691183518e-10
100.00000000000031	0.03630780547701025	9.502635529334386e-12
111.55639876771902	0.03630780547701025	6.151377524311644e-13
138.21730389017998	0.03630780547701025	2.6860494576515313e-16
171.24990861750976	0.03630780547701025	4.4867657777503906e-21
212.17698780180757	0.03630780547701025	0
262.885244821937	0.03630780547701025	0
325.7122869971341	0.03630780547701025	0
403.5543872869759	0.03630780547701025	0
499.9999999999984	0.03630780547701025	0
1000	0.03630780547701025	0
2000	0.03630780547701025	0
1.	0.04168693834703368	0.6578973833094629
1.9999999999999998	0.04168693834703368	0.7173915455925249
2.288838595949997	0.04168693834703368	0.7539143378728682
2.6193910591551774	0.04168693834703368	0.837597558809396
2.9976816770403563	0.04168693834703368	0.9349810028417097
3.4306047603910415	0.04168693834703368	1.1520320893858595
3.926050291516404	0.04168693834703368	1.499728528314074
4.493047718431742	0.04168693834703368	1.9096368535747366
5.141930515695824	0.04168693834703368	2.1401298229666033
5.884524511008838	0.04168693834703368	1.995980074293994
6.734363409805407	0.04168693834703368	1.7123308935858395
7.706935445758021	0.04168693834703368	1.4764725929177098
8.819965652373028	0.04168693834703368	1.166802770907429
10.093738900052346	0.04168693834703368	0.7063825704981532
11.551469585940843	0.04168693834703368	0.25534123855251106
13.219724714121972	0.04168693834703368	0.08534291576703867
15.128908076758211	0.04168693834703368	0.022298612197004377
17.313814360331925	0.04168693834703368	0.0062119310262327004
19.814263275520517	0.04168693834703368	0.0022416227193265198
22.675825267662994	0.04168693834703368	0.0007049468194010789
25.950652033822625	0.04168693834703368	0.0001960596281937472
29.698426982540767	0.04168693834703368	0.000057798610749068864
33.98745295832107	0.04168693834703368	0.00002010440090565441
38.895897054520105	0.04168693834703368	5.819679139938653e-6
44.51321520124173	0.04168693834703368	1.5392524890413887e-6
50.941782491215115	0.04168693834703368	3.225970130707033e-7
58.29875895619149	0.04168693834703368	7.001236852438328e-8
66.71822479745835	0.04168693834703368	1.359323723648209e-8
76.35362398484546	0.04168693834703368	2.0795889499215725e-9
87.38056075858388	0.04168693834703368	2.0558531195930366e-10
100.00000000000031	0.04168693834703368	1.1730077693940785e-11
111.55639876771902	0.04168693834703368	7.651017346488973e-13
138.21730389017998	0.04168693834703368	3.4258492351390457e-16
171.24990861750976	0.04168693834703368	5.8965434288365146e-21
212.17698780180757	0.04168693834703368	0
262.885244821937	0.04168693834703368	0
325.7122869971341	0.04168693834703368	0
403.5543872869759	0.04168693834703368	0
499.9999999999984	0.04168693834703368	0
1000	0.04168693834703368	0
2000	0.04168693834703368	0
1.	0.047863009232264	0.5585748477719955
1.9999999999999998	0.047863009232264	0.6442058841901659
2.288838595949997	0.047863009232264	0.6758677363900434
2.6193910591551774	0.047863009232264	0.7226271073393622
2.9976816770403563	0.047863009232264	0.8000214539123971
3.4306047603910415	0.047863009232264	0.9504864767876093
3.926050291516404	0.047863009232264	1.2287599114899428
4.493047718431742	0.047863009232264	1.6685378118444076
5.141930515695824	0.047863009232264	2.127739787141366
5.884524511008838	0.047863009232264	2.2504387417691154
6.734363409805407	0.047863009232264	1.9894294336340406
7.706935445758021	0.047863009232264	1.7162016173983825
8.819965652373028	0.047863009232264	1.418261512151879
10.093738900052346	0.047863009232264	0.9651490023672555
11.551469585940843	0.047863009232264	0.3887053028616519
13.219724714121972	0.047863009232264	0.1226869269906156
15.128908076758211	0.047863009232264	0.033840530201554864
17.313814360331925	0.047863009232264	0.008439042854682003
19.814263275520517	0.047863009232264	0.0029513919074924144
22.675825267662994	0.047863009232264	0.0009284815655399585
25.950652033822625	0.047863009232264	0.00025737417623033257
29.698426982540767	0.047863009232264	0.00007273674194853679
33.98745295832107	0.047863009232264	0.000024821023464342582
38.895897054520105	0.047863009232264	7.204092161803146e-6
44.51321520124173	0.047863009232264	1.920067501865628e-6
50.941782491215115	0.047863009232264	4.004514426508019e-7
58.29875895619149	0.047863009232264	8.58099440492456e-8
66.71822479745835	0.047863009232264	1.6557395343268672e-8
76.35362398484546	0.047863009232264	2.5449050834072997e-9
87.38056075858388	0.047863009232264	2.5275129276711554e-10
100.00000000000031	0.047863009232264	1.4565904795085357e-11
111.55639876771902	0.047863009232264	9.584491071914205e-13
138.21730389017998	0.047863009232264	4.4108162207770305e-16
171.24990861750976	0.047863009232264	7.839134857889132e-21
212.17698780180757	0.047863009232264	0
262.885244821937	0.047863009232264	0
325.7122869971341	0.047863009232264	0
403.5543872869759	0.047863009232264	0
499.9999999999984	0.047863009232264	0
1000	0.047863009232264	0
2000	0.047863009232264	0
1.	0.05495408738576265	0.4416522079923388
1.9999999999999998	0.05495408738576265	0.5552551582334231
2.288838595949997	0.05495408738576265	0.5916089731703064
2.6193910591551774	0.05495408738576265	0.6386363239584739
2.9976816770403563	0.05495408738576265	0.7009785567278471
3.4306047603910415	0.05495408738576265	0.7992150744404717
3.926050291516404	0.05495408738576265	0.9871096149489442
4.493047718431742	0.05495408738576265	1.3470891232830615
5.141930515695824	0.05495408738576265	1.8988007193176666
5.884524511008838	0.05495408738576265	2.3481595184038295
6.734363409805407	0.05495408738576265	2.2901783627342094
7.706935445758021	0.05495408738576265	1.9757810104592095
8.819965652373028	0.05495408738576265	1.6858306566033594
10.093738900052346	0.05495408738576265	1.260831857103267
11.551469585940843	0.05495408738576265	0.6006603967606378
13.219724714121972	0.05495408738576265	0.18190421762101608
15.128908076758211	0.05495408738576265	0.052352317148120935
17.313814360331925	0.05495408738576265	0.011796149008370114
19.814263275520517	0.05495408738576265	0.003957233342147006
22.675825267662994	0.05495408738576265	0.0012567555714517581
25.950652033822625	0.05495408738576265	0.00034643786449089397
29.698426982540767	0.05495408738576265	0.00009364140453688467
33.98745295832107	0.05495408738576265	0.00003108718433990709
38.895897054520105	0.05495408738576265	9.076897476393152e-6
44.51321520124173	0.05495408738576265	2.42793823399285e-6
50.941782491215115	0.05495408738576265	5.065016425649345e-7
58.29875895619149	0.05495408738576265	1.0675674049532449e-7
66.71822479745835	0.05495408738576265	2.051809354455396e-8
76.35362398484546	0.05495408738576265	3.163194092993073e-9
87.38056075858388	0.05495408738576265	3.1534894373746814e-10
100.00000000000031	0.05495408738576265	1.8397315694096086e-11
111.55639876771902	0.05495408738576265	1.2229641865203817e-12
138.21730389017998	0.05495408738576265	5.798110867629222e-16
171.24990861750976	0.05495408738576265	1.0659804220299393e-20
212.17698780180757	0.05495408738576265	0
262.885244821937	0.05495408738576265	0
325.7122869971341	0.05495408738576265	0
403.5543872869759	0.05495408738576265	0
499.9999999999984	0.05495408738576265	0
1000	0.05495408738576265	0
2000	0.05495408738576265	0
1.	0.06309573444801955	0.3269346643493229
1.9999999999999998	0.06309573444801955	0.4500506030991455
2.288838595949997	0.06309573444801955	0.49314639405557
2.6193910591551774	0.06309573444801955	0.5434417816317944
2.9976816770403563	0.06309573444801955	0.6052169306090833
3.4306047603910415	0.06309573444801955	0.6841798127480381
3.926050291516404	0.06309573444801955	0.8083156436950367
4.493047718431742	0.06309573444801955	1.0503782278283675
5.141930515695824	0.06309573444801955	1.5230290925400927
5.884524511008838	0.06309573444801955	2.1881403738411285
6.734363409805407	0.06309573444801955	2.539889016340802
7.706935445758021	0.06309573444801955	2.2838123904092726
8.819965652373028	0.06309573444801955	1.9782422767936216
10.093738900052346	0.06309573444801955	1.5718735420469527
11.551469585940843	0.06309573444801955	0.9108122441268464
13.219724714121972	0.06309573444801955	0.2823440560700049
15.128908076758211	0.06309573444801955	0.08132452906018342
17.313814360331925	0.06309573444801955	0.017281068018779287
19.814263275520517	0.06309573444801955	0.005376382370247167
22.675825267662994	0.06309573444801955	0.0017237802176956636
25.950652033822625	0.06309573444801955	0.000470459276441957
29.698426982540767	0.06309573444801955	0.00012176787159181007
33.98745295832107	0.06309573444801955	0.000038962268291130886
38.895897054520105	0.06309573444801955	0.000011468153075104278
44.51321520124173	0.06309573444801955	3.066593972848278e-6
50.941782491215115	0.06309573444801955	6.427139870695751e-7
58.29875895619149	0.06309573444801955	1.32925346402226e-7
66.71822479745835	0.06309573444801955	2.5513248335452898e-8
76.35362398484546	0.06309573444801955	3.937000963993274e-9
87.38056075858388	0.06309573444801955	3.9394779322370906e-10
100.00000000000031	0.06309573444801955	2.329782864778656e-11
111.55639876771902	0.06309573444801955	1.5670650583706476e-12
138.21730389017998	0.06309573444801955	7.671840086533255e-16
171.24990861750976	0.06309573444801955	1.4616076551632662e-20
212.17698780180757	0.06309573444801955	0
262.885244821937	0.06309573444801955	0
325.7122869971341	0.06309573444801955	0
403.5543872869759	0.06309573444801955	0
499.9999999999984	0.06309573444801955	0
1000	0.06309573444801955	0
2000	0.06309573444801955	0
1.	0.07244359600749928	0.23585203890167236
1.9999999999999998	0.07244359600749928	0.3423470460005239
2.288838595949997	0.07244359600749928	0.385563835871193
2.6193910591551774	0.07244359600749928	0.43725023051440787
2.9976816770403563	0.07244359600749928	0.5033823444213513
3.4306047603910415	0.07244359600749928	0.5810659740291586
3.926050291516404	0.07244359600749928	0.6778561358959267
4.493047718431742	0.07244359600749928	0.833798464998188
5.141930515695824	0.07244359600749928	1.1514405972414572
5.884524511008838	0.07244359600749928	1.7829240674396767
6.734363409805407	0.07244359600749928	2.5165903272032932
7.706935445758021	0.07244359600749928	2.607079438199549
8.819965652373028	0.07244359600749928	2.2721811826168348
10.093738900052346	0.07244359600749928	1.8928141705512835
11.551469585940843	0.07244359600749928	1.3047621008468595
13.219724714121972	0.07244359600749928	0.46096559172278595
15.128908076758211	0.07244359600749928	0.12631761421700458
17.313814360331925	0.07244359600749928	0.027155482429939936
19.814263275520517	0.07244359600749928	0.00741829901100203
22.675825267662994	0.07244359600749928	0.0023937953493282913
25.950652033822625	0.07244359600749928	0.0006448177229116366
29.698426982540767	0.07244359600749928	0.00016067795341717357
33.98745295832107	0.07244359600749928	0.00004906399986596927
38.895897054520105	0.07244359600749928	0.00001456625089385886
44.51321520124173	0.07244359600749928	3.876166229090612e-6
50.941782491215115	0.07244359600749928	8.188247672756211e-7
58.29875895619149	0.07244359600749928	1.6620920852268422e-7
66.71822479745835	0.07244359600749928	3.186834281521528e-8
76.35362398484546	0.07244359600749928	4.918221043856662e-9
87.38056075858388	0.07244359600749928	4.945590788094457e-10
100.00000000000031	0.07244359600749928	2.96465769998507e-11
111.55639876771902	0.07244359600749928	2.0207635474842554e-12
138.21730389017998	0.07244359600749928	1.023895925126696e-15
171.24990861750976	0.07244359600749928	2.0253977181456498e-20
212.17698780180757	0.07244359600749928	0
262.885244821937	0.07244359600749928	0
325.7122869971341	0.07244359600749928	0
403.5543872869759	0.07244359600749928	0
499.9999999999984	0.07244359600749928	0
1000	0.07244359600749928	0
2000	0.07244359600749928	0
1.	0.08317637711026743	0.17925312070810726
1.9999999999999998	0.08317637711026743	0.2488521993958283
2.288838595949997	0.08317637711026743	0.28274705451321575
2.6193910591551774	0.08317637711026743	0.3297013985272091
2.9976816770403563	0.08317637711026743	0.39011853812645286
3.4306047603910415	0.08317637711026743	0.46667716789200203
3.926050291516404	0.08317637711026743	0.5628373091980108
4.493047718431742	0.08317637711026743	0.6871188127206043
5.141930515695824	0.08317637711026743	0.8867818665719547
5.884524511008838	0.08317637711026743	1.3218553267514248
6.734363409805407	0.08317637711026743	2.1401230898130197
7.706935445758021	0.08317637711026743	2.7924165502468417
8.819965652373028	0.08317637711026743	2.605100021680258
10.093738900052346	0.08317637711026743	2.2146558677690873
11.551469585940843	0.08317637711026743	1.7107896467171078
13.219724714121972	0.08317637711026743	0.7714239357541741
15.128908076758211	0.08317637711026743	0.19960627458884767
17.313814360331925	0.08317637711026743	0.04565315827934708
19.814263275520517	0.08317637711026743	0.010433410848046203
22.675825267662994	0.08317637711026743	0.00335115542548041
25.950652033822625	0.08317637711026743	0.0008934083127036144
29.698426982540767	0.08317637711026743	0.00021612530205129327
33.98745295832107	0.08317637711026743	0.00006233072325665388
38.895897054520105	0.08317637711026743	0.00001864475592607959
44.51321520124173	0.08317637711026743	4.907167710675172e-6
50.941782491215115	0.08317637711026743	1.0478832976265323e-6
58.29875895619149	0.08317637711026743	2.0935481745088806e-7
66.71822479745835	0.08317637711026743	3.993046019757166e-8
76.35362398484546	0.08317637711026743	6.172533162188683e-9
87.38056075858388	0.08317637711026743	6.252114035246276e-10
100.00000000000031	0.08317637711026743	3.7947852636082126e-11
111.55639876771902	0.08317637711026743	2.6237592139287494e-12
138.21730389017998	0.08317637711026743	1.3791162718259315e-15
171.24990861750976	0.08317637711026743	2.839821998486592e-20
212.17698780180757	0.08317637711026743	0
262.885244821937	0.08317637711026743	0
325.7122869971341	0.08317637711026743	0
403.5543872869759	0.08317637711026743	0
499.9999999999984	0.08317637711026743	0
1000	0.08317637711026743	0
2000	0.08317637711026743	0
1.	0.09549925860214398	0.14615911117680475
1.9999999999999998	0.09549925860214398	0.18383821840964473
2.288838595949997	0.09549925860214398	0.2050161581850751
2.6193910591551774	0.09549925860214398	0.23503544999155424
2.9976816770403563	0.09549925860214398	0.2821696372594632
3.4306047603910415	0.09549925860214398	0.3530602233101927
3.926050291516404	0.09549925860214398	0.4406534680530121
4.493047718431742	0.09549925860214398	0.552656001025951
5.141930515695824	0.09549925860214398	0.7094037752135837
5.884524511008838	0.09549925860214398	0.9676313881695904
6.734363409805407	0.09549925860214398	1.570145409940839
7.706935445758021	0.09549925860214398	2.567056088867961
8.819965652373028	0.09549925860214398	2.911727623584719
10.093738900052346	0.09549925860214398	2.511867221051961
11.551469585940843	0.09549925860214398	2.070408002478527
13.219724714121972	0.09549925860214398	1.2375766623314957
15.128908076758211	0.09549925860214398	0.32821164863877755
17.313814360331925	0.09549925860214398	0.07952081703156523
19.814263275520517	0.09549925860214398	0.015236428020778339
22.675825267662994	0.09549925860214398	0.004782562890450264
25.950652033822625	0.09549925860214398	0.0012760777404276656
29.698426982540767	0.09549925860214398	0.0003021500172386995
33.98745295832107	0.09549925860214398	0.00008145310964298589
38.895897054520105	0.09549925860214398	0.00002446255072541125
44.51321520124173	0.09549925860214398	6.328014950969591e-6
50.941782491215115	0.09549925860214398	1.37121302714868e-6
58.29875895619149	0.09549925860214398	2.7015307161930734e-7
66.71822479745835	0.09549925860214398	5.0897639600165106e-8
76.35362398484546	0.09549925860214398	7.90184470782349e-9
87.38056075858388	0.09549925860214398	8.082113581146434e-10
100.00000000000031	0.09549925860214398	4.9645310247843976e-11
111.55639876771902	0.09549925860214398	3.4814153945625574e-12
138.21730389017998	0.09549925860214398	1.9037896783535816e-15
171.24990861750976	0.09549925860214398	4.094058149467771e-20
212.17698780180757	0.09549925860214398	0
262.885244821937	0.09549925860214398	0
325.7122869971341	0.09549925860214398	0
403.5543872869759	0.09549925860214398	0
499.9999999999984	0.09549925860214398	0
1000	0.09549925860214398	0
2000	0.09549925860214398	0
1.	0.10964781961431896	0.12941521347387697
1.9999999999999998	0.10964781961431896	0.14748146352542674
2.288838595949997	0.10964781961431896	0.1586855362234912
2.6193910591551774	0.10964781961431896	0.17535283968669044
2.9976816770403563	0.10964781961431896	0.20348717952998147
3.4306047603910415	0.10964781961431896	0.24901902554623878
3.926050291516404	0.10964781961431896	0.32177756792782625
4.493047718431742	0.10964781961431896	0.4235632362747793
5.141930515695824	0.10964781961431896	0.5623530013245244
5.884524511008838	0.10964781961431896	0.7445377073139157
6.734363409805407	0.10964781961431896	1.0955190144847518
7.706935445758021	0.10964781961431896	1.940734027384014
8.819965652373028	0.10964781961431896	2.952645525653517
10.093738900052346	0.10964781961431896	2.786716225139719
11.551469585940843	0.10964781961431896	2.4018338046853396
13.219724714121972	0.10964781961431896	1.7666678160913967
15.128908076758211	0.10964781961431896	0.5740542479218292
17.313814360331925	0.10964781961431896	0.13643462791526395
19.814263275520517	0.10964781961431896	0.023871143158765505
22.675825267662994	0.10964781961431896	0.006912103112821305
25.950652033822625	0.10964781961431896	0.0018765581075730398
29.698426982540767	0.10964781961431896	0.00043695586089870816
33.98745295832107	0.10964781961431896	0.0001091984287767027
38.895897054520105	0.10964781961431896	0.00003266381386971376
44.51321520124173	0.10964781961431896	8.29732558507205e-6
50.941782491215115	0.10964781961431896	1.8324590972876492e-6
58.29875895619149	0.10964781961431896	3.541494451995555e-7
66.71822479745835	0.10964781961431896	6.570200876610948e-8
76.35362398484546	0.10964781961431896	1.0248563725346877e-8
87.38056075858388	0.10964781961431896	1.0599708987489428e-9
100.00000000000031	0.10964781961431896	6.602420458442878e-11
111.55639876771902	0.10964781961431896	4.689556265321683e-12
138.21730389017998	0.10964781961431896	2.6790308343609437e-15
171.24990861750976	0.10964781961431896	6.038303389119701e-20
212.17698780180757	0.10964781961431896	0
262.885244821937	0.10964781961431896	0
325.7122869971341	0.10964781961431896	0
403.5543872869759	0.10964781961431896	0
499.9999999999984	0.10964781961431896	0
1000	0.10964781961431896	0
2000	0.10964781961431896	0