1	0.001	0.130371
2	0.001	0.105026
2.28884	0.001	0.0990742
2.61939	0.001	0.0924457
2.99768	0.001	0.0842454
3.4306	0.001	0.0734423
3.92605	0.001	0.0599229
4.49305	0.001	0.0456193
5.14193	0.001	0.0336566
5.88452	0.001	0.0253098
6.73436	0.001	0.0187381
7.70694	0.001	0.0123044
8.81997	0.001	0.00657819
10.0937	0.001	0.00274599
11.5515	0.001	0.000986595
13.2197	0.001	0.000375459
15.1289	0.001	0.000166216
17.3138	0.001	0.0000654053
19.8143	0.001	0.0000219355
22.6758	0.001	6.68976e-6
25.9507	0.001	2.43907e-6
29.6984	0.001	6.80997e-7
33.9875	0.001	2.33688e-7
38.8959	0.001	7.13541e-8
1	0.00114815	0.150757
2	0.00114815	0.12063
2.28884	0.00114815	0.113686
2.61939	0.00114815	0.10608
2.99768	0.00114815	0.0967984
3.4306	0.00114815	0.0846006
3.92605	0.00114815	0.0692478
4.49305	0.00114815	0.0528191
5.14193	0.00114815	0.0389579
5.88452	0.00114815	0.029252
6.73436	0.00114815	0.0216644
7.70694	0.00114815	0.0142525
8.81997	0.00114815	0.00764231
10.0937	0.00114815	0.00319089
11.5515	0.00114815	0.00114487
13.2197	0.00114815	0.000434218
15.1289	0.00114815	0.000191895
17.3138	0.00114815	0.0000755364
19.8143	0.00114815	0.0000253226
22.6758	0.00114815	7.71597e-6
25.9507	0.00114815	2.81161e-6
29.6984	0.00114815	7.85639e-7
33.9875	0.00114815	2.69554e-7
38.8959	0.00114815	8.22189e-8
1	0.00131826	0.174441
2	0.00131826	0.138556
2.28884	0.00131826	0.130433
2.61939	0.00131826	0.121703
2.99768	0.00131826	0.111209
3.4306	0.00131826	0.0974784
3.92605	0.00131826	0.0800823
4.49305	0.00131826	0.0612463
5.14193	0.00131826	0.0451454
5.88452	0.00131826	0.0338402
6.73436	0.00131826	0.0250695
7.70694	0.00131826	0.0165232
8.81997	0.00131826	0.00888814
10.0937	0.00131826	0.00371457
11.5515	0.00131826	0.00133056
13.2197	0.00131826	0.000502415
15.1289	0.00131826	0.000221716
17.3138	0.00131826	0.0000873065
19.8143	0.00131826	0.0000292601
22.6758	0.00131826	8.9057e-6
25.9507	0.00131826	3.243e-6
29.6984	0.00131826	9.06988e-7
33.9875	0.00131826	3.1108e-7
38.8959	0.00131826	9.48087e-8
1	0.00151356	0.201948
2	0.00151356	0.159142
2.28884	0.00151356	0.149623
2.61939	0.00151356	0.139578
2.99768	0.00151356	0.127719
3.4306	0.00151356	0.112331
3.92605	0.00151356	0.0926648
4.49305	0.00151356	0.0710786
5.14193	0.00151356	0.0523832
5.88452	0.00151356	0.0391854
6.73436	0.00151356	0.0290341
7.70694	0.00151356	0.0191895
8.81997	0.00151356	0.01035
10.0937	0.00151356	0.00433278
11.5515	0.00151356	0.00154943
13.2197	0.00151356	0.000582814
15.1289	0.00151356	0.000256407
17.3138	0.00151356	0.000101006
19.8143	0.00151356	0.0000338284
22.6758	0.00151356	0.0000102876
25.9507	0.00151356	3.74262e-6
29.6984	0.00151356	1.04792e-6
33.9875	0.00151356	3.59271e-7
38.8959	0.00151356	1.0938e-7
1	0.0017378	0.233902
2	0.0017378	0.18279
2.28884	0.0017378	0.171602
2.61939	0.0017378	0.160032
2.99768	0.0017378	0.146686
3.4306	0.0017378	0.129462
3.92605	0.0017378	0.1073
4.49305	0.0017378	0.0825878
5.14193	0.0017378	0.0608564
5.88452	0.0017378	0.0454237
6.73436	0.0017378	0.0336666
7.70694	0.0017378	0.0223157
8.81997	0.0017378	0.0120734
10.0937	0.0017378	0.00506576
11.5515	0.0017378	0.00180756
13.2197	0.0017378	0.000676348
15.1289	0.0017378	0.000296826
17.3138	0.0017378	0.00011698
19.8143	0.0017378	0.0000391528
22.6758	0.0017378	0.0000118925
25.9507	0.0017378	4.32373e-6
29.6984	0.0017378	1.21182e-6
33.9875	0.0017378	4.15254e-7
38.8959	0.0017378	1.26341e-7
1	0.00199526	0.271001
2	0.00199526	0.209938
2.28884	0.00199526	0.196756
2.61939	0.00199526	0.183405
2.99768	0.00199526	0.1684
3.4306	0.00199526	0.149212
3.92605	0.00199526	0.12433
4.49305	0.00199526	0.0960928
5.14193	0.00199526	0.0708185
5.88452	0.00199526	0.0527244
6.73436	0.00199526	0.0390903
7.70694	0.00199526	0.0259939
8.81997	0.00199526	0.0141158
10.0937	0.00199526	0.00593967
11.5515	0.00199526	0.00211391
13.2197	0.00199526	0.000786267
15.1289	0.00199526	0.000343981
17.3138	0.00199526	0.000135653
19.8143	0.00199526	0.00004536
22.6758	0.00199526	0.0000137635
25.9507	0.00199526	4.99753e-6
29.6984	0.00199526	1.40307e-6
33.9875	0.00199526	4.80475e-7
38.8959	0.00199526	1.45988e-7
1	0.00229087	0.31402
2	0.00229087	0.241149
2.28884	0.00229087	0.225528
2.61939	0.00229087	0.210109
2.99768	0.00229087	0.193226
3.4306	0.00229087	0.171942
3.92605	0.00229087	0.144155
4.49305	0.00229087	0.111968
5.14193	0.00229087	0.0825505
5.88452	0.00229087	0.061282
6.73436	0.00229087	0.0454488
7.70694	0.00229087	0.0303304
8.81997	0.00229087	0.0165431
10.0937	0.00229087	0.00698425
11.5515	0.00229087	0.00247914
13.2197	0.00229087	0.00091583
15.1289	0.00229087	0.000399273
17.3138	0.00229087	0.000157501
19.8143	0.00229087	0.0000526246
22.6758	0.00229087	0.00001595
25.9507	0.00229087	5.78092e-6
29.6984	0.00229087	1.62598e-6
33.9875	0.00229087	5.56374e-7
38.8959	0.00229087	1.68879e-7
1	0.00263027	0.363787
2	0.00263027	0.276992
2.28884	0.00263027	0.258468
2.61939	0.00263027	0.240586
2.99768	0.00263027	0.221602
3.4306	0.00263027	0.198062
3.92605	0.00263027	0.16722
4.49305	0.00263027	0.130717
5.14193	0.00263027	0.0964587
5.88452	0.00263027	0.0713438
6.73436	0.00263027	0.0529134
7.70694	0.00263027	0.0354694
8.81997	0.00263027	0.0194437
10.0937	0.00263027	0.008236
11.5515	0.00263027	0.0029159
13.2197	0.00263027	0.00106918
15.1289	0.00263027	0.000464065
17.3138	0.00263027	0.000183278
19.8143	0.00263027	0.0000611752
22.6758	0.00263027	0.0000185069
25.9507	0.00263027	6.69422e-6
29.6984	0.00263027	1.88693e-6
33.9875	0.00263027	6.45184e-7
38.8959	0.00263027	1.95597e-7
1	0.00301995	0.421224
2	0.00301995	0.318181
2.28884	0.00301995	0.296467
2.61939	0.00301995	0.275414
2.99768	0.00301995	0.253929
3.4306	0.00301995	0.228086
3.92605	0.00301995	0.193987
4.49305	0.00301995	0.152776
5.14193	0.00301995	0.112987
5.88452	0.00301995	0.0832698
6.73436	0.00301995	0.0617109
7.70694	0.00301995	0.0415477
8.81997	0.00301995	0.0229091
10.0937	0.00301995	0.0097465
11.5515	0.00301995	0.0034424
13.2197	0.00301995	0.00125103
15.1289	0.00301995	0.00054026
17.3138	0.00301995	0.000213583
19.8143	0.00301995	0.0000712127
22.6758	0.00301995	0.0000215125
25.9507	0.00301995	7.75959e-6
29.6984	0.00301995	2.19492e-6
33.9875	0.00301995	7.48864e-7
38.8959	0.00301995	2.26732e-7
1	0.00346737	0.487202
2	0.00346737	0.365629
2.28884	0.00346737	0.339579
2.61939	0.00346737	0.315136
2.99768	0.00346737	0.290675
3.4306	0.00346737	0.262396
3.92605	0.00346737	0.225054
4.49305	0.00346737	0.178819
5.14193	0.00346737	0.132652
5.88452	0.00346737	0.0973747
6.73436	0.00346737	0.0720889
7.70694	0.00346737	0.0487867
8.81997	0.00346737	0.0270731
10.0937	0.00346737	0.0115813
11.5515	0.00346737	0.00407971
13.2197	0.00346737	0.00146892
15.1289	0.00346737	0.000630161
17.3138	0.00346737	0.000249419
19.8143	0.00346737	0.0000830432
22.6758	0.00346737	0.0000250486
25.9507	0.00346737	9.00519e-6
29.6984	0.00346737	2.55527e-6
33.9875	0.00346737	8.70443e-7
38.8959	0.00346737	2.6339e-7
1	0.00398107	0.562582
2	0.00398107	0.419784
2.28884	0.00398107	0.388816
2.61939	0.00398107	0.360127
2.99768	0.00398107	0.332396
3.4306	0.00398107	0.301433
3.92605	0.00398107	0.260993
4.49305	0.00398107	0.209418
5.14193	0.00398107	0.156064
5.88452	0.00398107	0.114201
6.73436	0.00398107	0.0844265
7.70694	0.00398107	0.0574335
8.81997	0.00398107	0.0321254
10.0937	0.00398107	0.0138234
11.5515	0.00398107	0.00485637
13.2197	0.00398107	0.00173061
15.1289	0.00398107	0.000736841
17.3138	0.00398107	0.000291955
19.8143	0.00398107	0.0000971091
22.6758	0.00398107	0.0000292468
25.9507	0.00398107	0.0000104661
29.6984	0.00398107	2.98236e-6
33.9875	0.00398107	1.01342e-6
38.8959	0.00398107	3.05611e-7
1	0.00457088	0.647453
2	0.00457088	0.481734
2.28884	0.00457088	0.444963
2.61939	0.00457088	0.411155
2.99768	0.00457088	0.379665
3.4306	0.00457088	0.345803
3.92605	0.00457088	0.302369
4.49305	0.00457088	0.245403
5.14193	0.00457088	0.184013
5.88452	0.00457088	0.134278
6.73436	0.00457088	0.0991202
7.70694	0.00457088	0.0678292
8.81997	0.00457088	0.0382452
10.0937	0.00457088	0.0165835
11.5515	0.00457088	0.00580922
13.2197	0.00457088	0.00204623
15.1289	0.00457088	0.000863498
17.3138	0.00457088	0.000342612
19.8143	0.00457088	0.000113785
22.6758	0.00457088	0.0000342172
25.9507	0.00457088	0.0000121824
29.6984	0.00457088	3.48641e-6
33.9875	0.00457088	1.18109e-6
38.8959	0.00457088	3.5566e-7
1	0.00524807	0.742045
2	0.00524807	0.552415
2.28884	0.00524807	0.508963
2.61939	0.00524807	0.468963
2.99768	0.00524807	0.432723
3.4306	0.00524807	0.395935
3.92605	0.00524807	0.349638
4.49305	0.00524807	0.287605
5.14193	0.00524807	0.217447
5.88452	0.00524807	0.158289
6.73436	0.00524807	0.116615
7.70694	0.00524807	0.0803294
8.81997	0.00524807	0.0457295
10.0937	0.00524807	0.0200016
11.5515	0.00524807	0.00699241
13.2197	0.00524807	0.00243292
15.1289	0.00524807	0.00101484
17.3138	0.00524807	0.000403136
19.8143	0.00524807	0.000133723
22.6758	0.00524807	0.0000401416
25.9507	0.00524807	0.000014194
29.6984	0.00524807	4.08408e-6
33.9875	0.00524807	1.37914e-6
38.8959	0.00524807	4.14514e-7
1	0.0060256	0.845599
2	0.0060256	0.632694
2.28884	0.0060256	0.581803
2.61939	0.0060256	0.534473
2.99768	0.0060256	0.492434
3.4306	0.0060256	0.451967
3.92605	0.0060256	0.403481
4.49305	0.0060256	0.336922
5.14193	0.0060256	0.257464
5.88452	0.0060256	0.187184
6.73436	0.0060256	0.137421
7.70694	0.0060256	0.0954691
8.81997	0.0060256	0.0549052
10.0937	0.0060256	0.0242709
11.5515	0.0060256	0.00847078
13.2197	0.0060256	0.00290694
15.1289	0.0060256	0.00119675
17.3138	0.0060256	0.000475934
19.8143	0.0060256	0.000157478
22.6758	0.0060256	0.0000472421
25.9507	0.0060256	0.0000165651
29.6984	0.0060256	4.79649e-6
33.9875	0.0060256	1.61444e-6
38.8959	0.0060256	4.83784e-7
1	0.00691831	0.956262
2	0.00691831	0.723292
2.28884	0.00691831	0.664342
2.61939	0.00691831	0.608808
2.99768	0.00691831	0.559592
3.4306	0.00691831	0.514812
3.92605	0.00691831	0.464174
4.49305	0.00691831	0.394031
5.14193	0.00691831	0.305512
5.88452	0.00691831	0.22209
6.73436	0.00691831	0.162339
7.70694	0.00691831	0.113689
8.81997	0.00691831	0.0663375
10.0937	0.00691831	0.0296346
11.5515	0.00691831	0.0103353
13.2197	0.00691831	0.00349292
15.1289	0.00691831	0.00141579
17.3138	0.00691831	0.000563985
19.8143	0.00691831	0.000186312
22.6758	0.00691831	0.0000558099
25.9507	0.00691831	0.0000193699
29.6984	0.00691831	5.64953e-6
33.9875	0.00691831	1.89388e-6
38.8959	0.00691831	5.66402e-7
1	0.00794328	1.07083
2	0.00794328	0.824567
2.28884	0.00794328	0.757623
2.61939	0.00794328	0.692812
2.99768	0.00794328	0.635708
3.4306	0.00794328	0.58547
3.92605	0.00794328	0.532388
4.49305	0.00794328	0.459953
5.14193	0.00794328	0.363126
5.88452	0.00794328	0.265137
6.73436	0.00794328	0.19229
7.70694	0.00794328	0.135654
8.81997	0.00794328	0.0804167
10.0937	0.00794328	0.0364912
11.5515	0.00794328	0.0127126
13.2197	0.00794328	0.00422877
15.1289	0.00794328	0.00168169
17.3138	0.00794328	0.000671229
19.8143	0.00794328	0.000221343
22.6758	0.00794328	0.0000662268
25.9507	0.00794328	0.0000226948
29.6984	0.00794328	6.67501e-6
33.9875	0.00794328	2.22813e-6
38.8959	0.00794328	6.64301e-7
1	0.00912011	1.18428
2	0.00912011	0.935982
2.28884	0.00912011	0.862368
2.61939	0.00912011	0.788637
2.99768	0.00912011	0.72115
3.4306	0.00912011	0.663321
3.92605	0.00912011	0.607665
4.49305	0.00912011	0.534621
5.14193	0.00912011	0.431305
5.88452	0.00912011	0.317677
6.73436	0.00912011	0.229057
7.70694	0.00912011	0.162175
8.81997	0.00912011	0.0978165
10.0937	0.00912011	0.0451783
11.5515	0.00912011	0.0158032
13.2197	0.00912011	0.00515826
15.1289	0.00912011	0.0020068
17.3138	0.00912011	0.000802522
19.8143	0.00912011	0.000264214
22.6758	0.00912011	0.0000790056
25.9507	0.00912011	0.0000266591
29.6984	0.00912011	7.91894e-6
33.9875	0.00912011	2.62689e-6
38.8959	0.00912011	7.81534e-7
1	0.0104713	1.28958
2	0.0104713	1.05665
2.28884	0.0104713	0.978233
2.61939	0.0104713	0.895392
2.99768	0.0104713	0.816871
3.4306	0.0104713	0.749672
3.92605	0.0104713	0.690152
4.49305	0.0104713	0.6177
5.14193	0.0104713	0.510581
5.88452	0.0104713	0.381986
6.73436	0.0104713	0.273861
7.70694	0.0104713	0.194839
8.81997	0.0104713	0.11967
10.0937	0.0104713	0.0563524
11.5515	0.0104713	0.0198432
13.2197	0.0104713	0.0063509
15.1289	0.0104713	0.00240712
17.3138	0.0104713	0.000965143
19.8143	0.0104713	0.000317641
22.6758	0.0104713	0.0000949642
25.9507	0.0104713	0.0000314282
29.6984	0.0104713	9.43658e-6
33.9875	0.0104713	3.10914e-6
38.8959	0.0104713	9.22687e-7
1	0.0120226	1.378
2	0.0120226	1.18043
2.28884	0.0120226	1.10196
2.61939	0.0120226	1.01351
2.99768	0.0120226	0.924542
3.4306	0.0120226	0.846
3.92605	0.0120226	0.779381
4.49305	0.0120226	0.709007
5.14193	0.0120226	0.602038
5.88452	0.0120226	0.450802
6.73436	0.0120226	0.328659
7.70694	0.0120226	0.234678
8.81997	0.0120226	0.147108
10.0937	0.0120226	0.0707827
11.5515	0.0120226	0.0251829
13.2197	0.0120226	0.0079058
15.1289	0.0120226	0.0029073
17.3138	0.0120226	0.00116731
19.8143	0.0120226	0.000384287
22.6758	0.0120226	0.000114759
25.9507	0.0120226	0.0000371771
29.6984	0.0120226	0.0000112955
33.9875	0.0120226	3.69161e-6
38.8959	0.0120226	1.093e-6
1	0.0138038	1.44368
2	0.0138038	1.30132
2.28884	0.0138038	1.22953
2.61939	0.0138038	1.14149
2.99768	0.0138038	1.04489
3.4306	0.0138038	0.953951
3.92605	0.0138038	0.879559
4.49305	0.0138038	0.808568
5.14193	0.0138038	0.705698
5.88452	0.0138038	0.552201
6.73436	0.0138038	0.396113
7.70694	0.0138038	0.282606
8.81997	0.0138038	0.181863
10.0937	0.0138038	0.0896481
11.5515	0.0138038	0.032345
13.2197	0.0138038	0.0099586
15.1289	0.0138038	0.00354195
17.3138	0.0138038	0.00141919
19.8143	0.0138038	0.000468271
22.6758	0.0138038	0.000139736
25.9507	0.0138038	0.0000441869
29.6984	0.0138038	0.0000135938
33.9875	0.0138038	4.39593e-6
38.8959	0.0138038	1.30045e-6
1	0.0158489	1.4717
2	0.0158489	1.4091
2.28884	0.0158489	1.35337
2.61939	0.0158489	1.27435
2.99768	0.0158489	1.17733
3.4306	0.0158489	1.07632
3.92605	0.0158489	0.988797
4.49305	0.0158489	0.914179
5.14193	0.0158489	0.818671
5.88452	0.0158489	0.663431
6.73436	0.0158489	0.482425
7.70694	0.0158489	0.34153
8.81997	0.0158489	0.22463
10.0937	0.0158489	0.114609
11.5515	0.0158489	0.0420547
13.2197	0.0158489	0.0127151
15.1289	0.0158489	0.00435095
17.3138	0.0158489	0.00173649
19.8143	0.0158489	0.000574479
22.6758	0.0158489	0.000171342
25.9507	0.0158489	0.0000527893
29.6984	0.0158489	0.0000164502
33.9875	0.0158489	5.25441e-6
38.8959	0.0158489	1.55655e-6
1	0.018197	1.4571
2	0.018197	1.49046
2.28884	0.018197	1.46137
2.61939	0.018197	1.40492
2.99768	0.018197	1.31785
3.4306	0.018197	1.21186
3.92605	0.018197	1.10948
4.49305	0.018197	1.02563
5.14193	0.018197	0.937858
5.88452	0.018197	0.790448
6.73436	0.018197	0.586899
7.70694	0.018197	0.414909
8.81997	0.018197	0.278179
10.0937	0.018197	0.147105
11.5515	0.018197	0.0555478
13.2197	0.018197	0.016464
15.1289	0.018197	0.00540124
17.3138	0.018197	0.00213777
19.8143	0.018197	0.000711188
22.6758	0.018197	0.0002117
25.9507	0.018197	0.0000634489
29.6984	0.018197	0.0000200341
33.9875	0.018197	6.29503e-6
38.8959	0.018197	1.87022e-6
1	0.020893	1.39655
2	0.020893	1.53462
2.28884	0.020893	1.5407
2.61939	0.020893	1.51671
2.99768	0.020893	1.45447
3.4306	0.020893	1.3568
3.92605	0.020893	1.24427
4.49305	0.020893	1.14768
5.14193	0.020893	1.06528
5.88452	0.020893	0.932342
6.73436	0.020893	0.715437
7.70694	0.020893	0.505097
8.81997	0.020893	0.345917
10.0937	0.020893	0.189959
11.5515	0.020893	0.0741232
13.2197	0.020893	0.0217505
15.1289	0.020893	0.00679586
17.3138	0.020893	0.00264791
19.8143	0.020893	0.000889202
22.6758	0.020893	0.000264043
25.9507	0.020893	0.0000768526
29.6984	0.020893	0.0000245901
33.9875	0.020893	7.55943e-6
38.8959	0.020893	2.26303e-6
1	0.0239883	1.29225
2	0.0239883	1.5249
2.28884	0.0239883	1.569
2.61939	0.0239883	1.59002
2.99768	0.0239883	1.57077
3.4306	0.0239883	1.50214
3.92605	0.0239883	1.39448
4.49305	0.0239883	1.28332
5.14193	0.0239883	1.19374
5.88452	0.0239883	1.08139
6.73436	0.0239883	0.871245
7.70694	0.0239883	0.621844
8.81997	0.0239883	0.427377
10.0937	0.0239883	0.247118
11.5515	0.0239883	0.10001
13.2197	0.0239883	0.0293088
15.1289	0.0239883	0.00870006
17.3138	0.0239883	0.00330632
19.8143	0.0239883	0.00112242
22.6758	0.0239883	0.000331893
25.9507	0.0239883	0.0000941478
29.6984	0.0239883	0.0000304089
33.9875	0.0239883	9.09654e-6
38.8959	0.0239883	2.75669e-6
1	0.0275423	1.15544
2	0.0275423	1.45313
2.28884	0.0275423	1.53529
2.61939	0.0275423	1.6059
2.99768	0.0275423	1.64536
3.4306	0.0275423	1.63123
3.92605	0.0275423	1.55071
4.49305	0.0275423	1.43247
5.14193	0.0275423	1.32631
5.88452	0.0275423	1.23011
6.73436	0.0275423	1.0461
7.70694	0.0275423	0.765235
8.81997	0.0275423	0.530146
10.0937	0.0275423	0.320362
11.5515	0.0275423	0.136839
13.2197	0.0275423	0.0403258
15.1289	0.0275423	0.011358
17.3138	0.0275423	0.00414931
19.8143	0.0275423	0.00143248
22.6758	0.0275423	0.000419895
25.9507	0.0275423	0.000116451
29.6984	0.0275423	0.0000377655
33.9875	0.0275423	0.0000109697
38.8959	0.0275423	3.36953e-6
1	0.0316228	0.991287
2	0.0316228	1.32343
2.28884	0.0316228	1.43411
2.61939	0.0316228	1.55128
2.99768	0.0316228	1.65648
3.4306	0.0316228	1.71412
3.92605	0.0316228	1.69221
4.49305	0.0316228	1.59362
5.14193	0.0316228	1.47523
5.88452	0.0316228	1.38187
6.73436	0.0316228	1.23399
7.70694	0.0316228	0.945898
8.81997	0.0316228	0.654729
10.0937	0.0316228	0.416132
11.5515	0.0316228	0.188153
13.2197	0.0316228	0.0570398
15.1289	0.0316228	0.0151296
17.3138	0.0316228	0.00524693
19.8143	0.0316228	0.00184543
22.6758	0.0316228	0.000535549
25.9507	0.0316228	0.000145575
29.6984	0.0316228	0.0000470809
33.9875	0.0316228	0.000013294
38.8959	0.0316228	4.14379e-6
1	0.0363078	0.816311
2	0.0363078	1.14942
2.28884	0.0363078	1.27558
2.61939	0.0363078	1.42736
2.99768	0.0363078	1.58452
3.4306	0.0363078	1.71875
3.92605	0.0363078	1.78622
4.49305	0.0363078	1.75296
5.14193	0.0363078	1.64111
5.88452	0.0363078	1.52813
6.73436	0.0363078	1.4161
7.70694	0.0363078	1.16101
8.81997	0.0363078	0.817437
10.0937	0.0363078	0.53501
11.5515	0.0363078	0.261313
13.2197	0.0363078	0.0822117
15.1289	0.0363078	0.0207811
17.3138	0.0363078	0.00670479
19.8143	0.0363078	0.002408
22.6758	0.0363078	0.000693781
25.9507	0.0363078	0.000185036
29.6984	0.0363078	0.0000589322
33.9875	0.0363078	0.0000162236
38.8959	0.0363078	5.1338e-6
1	0.0416869	0.645577
2	0.0416869	0.953637
2.28884	0.0416869	1.08005
2.61939	0.0416869	1.23865
2.99768	0.0416869	1.42752
3.4306	0.0416869	1.62776
3.92605	0.0416869	1.79908
4.49305	0.0416869	1.87288
5.14193	0.0416869	1.81098
5.88452	0.0416869	1.69099
6.73436	0.0416869	1.59521
7.70694	0.0416869	1.39615
8.81997	0.0416869	1.01857
10.0937	0.0416869	0.68498
11.5515	0.0416869	0.361765
13.2197	0.0416869	0.121374
15.1289	0.0416869	0.0294269
17.3138	0.0416869	0.00873397
19.8143	0.0416869	0.00316265
22.6758	0.0416869	0.000908174
25.9507	0.0416869	0.000239005
29.6984	0.0416869	0.0000738476
33.9875	0.0416869	0.0000199841
38.8959	0.0416869	6.4193e-6
1	0.047863	0.493089
2	0.047863	0.752732
2.28884	0.047863	0.865062
2.61939	0.047863	1.01446
2.99768	0.047863	1.20743
3.4306	0.047863	1.44367
3.92605	0.047863	1.70178
4.49305	0.047863	1.89849
5.14193	0.047863	1.95775
5.88452	0.047863	1.86993
6.73436	0.047863	1.75567
7.70694	0.047863	1.62606
8.81997	0.047863	1.2752
10.0937	0.047863	0.866391
11.5515	0.047863	0.500154
13.2197	0.047863	0.181123
15.1289	0.047863	0.0433835
17.3138	0.047863	0.0116194
19.8143	0.047863	0.00418345
22.6758	0.047863	0.00120882
25.9507	0.047863	0.000314222
29.6984	0.047863	0.0000925321
33.9875	0.047863	0.000025078
38.8959	0.047863	8.02768e-6
1	0.0549541	0.368498
2	0.0549541	0.567663
2.28884	0.0549541	0.65979
2.61939	0.0549541	0.78667
2.99768	0.0549541	0.962519
3.4306	0.0549541	1.19835
3.92605	0.0549541	1.48974
4.49305	0.0549541	1.79724
5.14193	0.0549541	2.02118
5.88452	0.0549541	2.04449
6.73436	0.0549541	1.93491
7.70694	0.0549541	1.83817
8.81997	0.0549541	1.56861
10.0937	0.0549541	1.09353
11.5515	0.0549541	0.679193
13.2197	0.0549541	0.273527
15.1289	0.0549541	0.0666021
17.3138	0.0549541	0.0160211
19.8143	0.0549541	0.00556614
22.6758	0.0549541	0.00163819
25.9507	0.0549541	0.000422066
29.6984	0.0549541	0.000116616
33.9875	0.0549541	0.0000321067
38.8959	0.0549541	0.0000101497
1	0.0630957	0.278819
2	0.0630957	0.414443
2.28884	0.0630957	0.48238
2.61939	0.0630957	0.579835
2.99768	0.0630957	0.720748
3.4306	0.0630957	0.922576
3.92605	0.0630957	1.20296
4.49305	0.0630957	1.56331
5.14193	0.0630957	1.93336
5.88452	0.0630957	2.14961
6.73436	0.0630957	2.12669
7.70694	0.0630957	2.01865
8.81997	0.0630957	1.865
10.0937	0.0630957	1.39131
11.5515	0.0630957	0.899491
13.2197	0.0630957	0.412809
15.1289	0.0630957	0.106873
17.3138	0.0630957	0.0230416
19.8143	0.0630957	0.00741746
22.6758	0.0630957	0.00225325
25.9507	0.0630957	0.000573972
29.6984	0.0630957	0.00014821
33.9875	0.0630957	0.0000419253
38.8959	0.0630957	0.0000128617
1	0.0724436	0.217953
2	0.0724436	0.297673
2.28884	0.0724436	0.341929
2.61939	0.0724436	0.409076
2.99768	0.0724436	0.510651
3.4306	0.0724436	0.666908
3.92605	0.0724436	0.90126
4.49305	0.0724436	1.24192
5.14193	0.0724436	1.6761
5.88452	0.0724436	2.10265
6.73436	0.0724436	2.28197
7.70694	0.0724436	2.20685
8.81997	0.0724436	2.11227
10.0937	0.0724436	1.75021
11.5515	0.0724436	1.16997
13.2197	0.0724436	0.613993
15.1289	0.0724436	0.176376
17.3138	0.0724436	0.03504
19.8143	0.0724436	0.00997673
22.6758	0.0724436	0.00315101
25.9507	0.0724436	0.000790894
29.6984	0.0724436	0.000192132
33.9875	0.0724436	0.0000557024
38.8959	0.0724436	0.0000163986
1	0.0831764	0.176172
2	0.0831764	0.220407
2.28884	0.0831764	0.245921
2.61939	0.0831764	0.286304
2.99768	0.0831764	0.351371
3.4306	0.0831764	0.457004
3.92605	0.0831764	0.627676
4.49305	0.0831764	0.899117
5.14193	0.0831764	1.31101
5.88452	0.0831764	1.84643
6.73436	0.0831764	2.29431
7.70694	0.0831764	2.40514
8.81997	0.0831764	2.31851
10.0937	0.0831764	2.12085
11.5515	0.0831764	1.5083
13.2197	0.0831764	0.888739
15.1289	0.0831764	0.295027
17.3138	0.0831764	0.0565586
19.8143	0.0831764	0.0137622
22.6758	0.0831764	0.004459
25.9507	0.0831764	0.00109698
29.6984	0.0831764	0.000255475
33.9875	0.0831764	0.0000748892
38.8959	0.0831764	0.0000210668
1	0.0954993	0.143196
2	0.0954993	0.169909
2.28884	0.0954993	0.18397
2.61939	0.0954993	0.205398
2.99768	0.0954993	0.241783
3.4306	0.0954993	0.304437
3.92605	0.0954993	0.416048
4.49305	0.0954993	0.605754
5.14193	0.0954993	0.928294
5.88452	0.0954993	1.43136
6.73436	0.0954993	2.07566
7.70694	0.0954993	2.5039
8.81997	0.0954993	2.52431
10.0937	0.0954993	2.42324
11.5515	0.0954993	1.93746
13.2197	0.0954993	1.22727
15.1289	0.0954993	0.493403
17.3138	0.0954993	0.0983048
19.8143	0.0954993	0.0199112
22.6758	0.0954993	0.00636047
25.9507	0.0954993	0.0015617
29.6984	0.0954993	0.000351735
33.9875	0.0954993	0.0000992721
38.8959	0.0954993	0.0000274219
1	0.109648	0.11641
2	0.109648	0.134429
2.28884	0.109648	0.143001
2.61939	0.109648	0.155767
2.99768	0.109648	0.175817
3.4306	0.109648	0.209575
3.92605	0.109648	0.270706
4.49305	0.109648	0.385457
5.14193	0.109648	0.599269
5.88452	0.109648	0.988382
6.73436	0.109648	1.62082
7.70694	0.109648	2.35619
8.81997	0.109648	2.69734
10.0937	0.109648	2.64792
11.5515	0.109648	2.40431
13.2197	0.109648	1.63067
15.1289	0.109648	0.802591
17.3138	0.109648	0.181459
19.8143	0.109648	0.0309287
22.6758	0.109648	0.00904776
25.9507	0.109648	0.00228621
29.6984	0.109648	0.000478772
33.9875	0.109648	0.000132853
38.8959	0.109648	0.0000347981