1.	0.001	0.130371
1.9999999999999998	0.001	0.105026
2.288838595949997	0.001	0.09907422893167431
2.6193910591551774	0.001	0.09244567704039176
2.9976816770403563	0.001	0.08424535815107947
3.4306047603910415	0.001	0.07344217010267304
3.926050291516404	0.001	0.05992289264597172
4.493047718431742	0.001	0.04561935755668384
5.141930515695824	0.001	0.033656594203517555
5.884524511008838	0.001	0.025309765116966983
6.734363409805407	0.001	0.01873807744384519
7.706935445758021	0.001	0.012304430126700756
8.819965652373028	0.001	0.006578212367254288
10.093738900052346	0.001	0.0027459430521624387
11.551469585940843	0.001	0.0009866317062310408
13.219724714121972	0.001	0.00037545629140109794
15.128908076758211	0.001	0.00016621562734054235
17.313814360331925	0.001	0.0000654050503536266
19.814263275520517	0.001	0.000021936138434624358
22.675825267662994	0.001	6.689727203577998e-6
25.950652033822625	0.001	2.4391322581912465e-6
29.698426982540767	0.001	6.80994185998618e-7
33.98745295832107	0.001	2.3369290596310613e-7
38.895897054520105	0.001	7.13541974148884e-8
44.51321520124173	0.001	1.6013221602761553e-8
50.941782491215115	0.001	4.583653432071599e-9
58.29875895619149	0.001	1.0721629272044052e-9
66.71822479745835	0.001	2.487811376131499e-10
76.35362398484546	0.001	5.183719942717419e-11
87.38056075858388	0.001	1.1777870959645373e-11
100.00000000000031	0.001	3.734502212978681e-12
111.55639876771902	0.001	1.6244464449222484e-12
138.21730389017998	0.001	2.9537800918384566e-13
171.24990861750976	0.001	4.7575237217636434e-14
212.17698780180757	0.001	8.746827929700345e-15
262.885244821937	0.001	1.2672315553768318e-15
325.7122869971341	0.001	6.823484756431375e-17
403.5543872869759	0.001	1.0051873829527335e-18
499.9999999999984	0.001	8.021263996197727e-22
1000	0.001	0
2000	0.001	0
1.	0.0011481536214968829	0.15075750421216963
1.9999999999999998	0.0011481536214968829	0.12063038162925827
2.288838595949997	0.0011481536214968829	0.11368639028422962
2.6193910591551774	0.0011481536214968829	0.10608030661319345
2.9976816770403563	0.0011481536214968829	0.09679865953756989
3.4306047603910415	0.0011481536214968829	0.0846007266439341
3.926050291516404	0.0011481536214968829	0.06924802221061882
4.493047718431742	0.0011481536214968829	0.05281934551604741
5.141930515695824	0.0011481536214968829	0.03895802498625944
5.884524511008838	0.0011481536214968829	0.029252057403233223
6.734363409805407	0.0011481536214968829	0.021664446505927925
7.706935445758021	0.0011481536214968829	0.01425258304863951
8.819965652373028	0.0011481536214968829	0.007642362342928707
10.093738900052346	0.0011481536214968829	0.003190846552346669
11.551469585940843	0.0011481536214968829	0.001144916639415964
13.219724714121972	0.0011481536214968829	0.00043421631503409356
15.128908076758211	0.0011481536214968829	0.00019189520472801783
17.313814360331925	0.0011481536214968829	0.00007553636219737881
19.814263275520517	0.0011481536214968829	0.000025323421311237923
22.675825267662994	0.0011481536214968829	7.715957488365676e-6
25.950652033822625	0.0011481536214968829	2.8116910164014705e-6
29.698426982540767	0.0011481536214968829	7.856383367378763e-7
33.98745295832107	0.0011481536214968829	2.6956054435129273e-7
38.895897054520105	0.0011481536214968829	8.221928044432801e-8
44.51321520124173	0.0011481536214968829	1.8486704888345477e-8
50.941782491215115	0.0011481536214968829	5.280279920134026e-9
58.29875895619149	0.0011481536214968829	1.2366991414167854e-9
66.71822479745835	0.0011481536214968829	2.866421445501007e-10
76.35362398484546	0.0011481536214968829	5.975172532058515e-11
87.38056075858388	0.0011481536214968829	1.3574432717471508e-11
100.00000000000031	0.0011481536214968829	4.301607549802697e-12
111.55639876771902	0.0011481536214968829	1.871209621034254e-12
138.21730389017998	0.0011481536214968829	3.402397894147383e-13
171.24990861750976	0.0011481536214968829	5.4799482884568895e-14
212.17698780180757	0.0011481536214968829	1.0074754062738814e-14
262.885244821937	0.0011481536214968829	1.4596234051598325e-15
325.7122869971341	0.0011481536214968829	7.859595276627546e-17
403.5543872869759	0.0011481536214968829	1.1578551787317883e-18
499.9999999999984	0.0011481536214968829	9.240064779072614e-22
1000	0.0011481536214968829	0
2000	0.0011481536214968829	0
1.	0.0013182567385564075	0.174440545917171
1.9999999999999998	0.0013182567385564075	0.13855565631275155
2.288838595949997	0.0013182567385564075	0.130432718402954
2.6193910591551774	0.0013182567385564075	0.12170267108559062
2.9976816770403563	0.0013182567385564075	0.11120867052263535
3.4306047603910415	0.0013182567385564075	0.09747798595452659
3.926050291516404	0.0013182567385564075	0.08008208259065133
4.493047718431742	0.0013182567385564075	0.06124621422358958
5.141930515695824	0.0013182567385564075	0.04514527351886767
5.884524511008838	0.0013182567385564075	0.03384006547712111
6.734363409805407	0.0013182567385564075	0.025069404752804066
7.706935445758021	0.0013182567385564075	0.016523196484019977
8.819965652373028	0.0013182567385564075	0.008888145937625547
10.093738900052346	0.0013182567385564075	0.003714496344774096
11.551469585940843	0.0013182567385564075	0.0013306061772770375
13.219724714121972	0.0013182567385564075	0.0005024100589195308
15.128908076758211	0.0013182567385564075	0.00022171493139481457
17.313814360331925	0.0013182567385564075	0.00008730594097839825
19.814263275520517	0.0013182567385564075	0.000029260877024879624
22.675825267662994	0.0013182567385564075	8.905633499087154e-6
25.950652033822625	0.0013182567385564075	3.2430746682864538e-6
29.698426982540767	0.0013182567385564075	9.069819246078639e-7
33.98745295832107	0.0013182567385564075	3.110857395800391e-7
38.895897054520105	0.0013182567385564075	9.480858840317708e-8
44.51321520124173	0.0013182567385564075	2.1363954010103942e-8
50.941782491215115	0.0013182567385564075	6.087064740031882e-9
58.29875895619149	0.0013182567385564075	1.4277295751255047e-9
66.71822479745835	0.0013182567385564075	3.30502836154391e-10
76.35362398484546	0.0013182567385564075	6.892843790229944e-11
87.38056075858388	0.0013182567385564075	1.5656866249625917e-11
100.00000000000031	0.0013182567385564075	4.958193862513693e-12
111.55639876771902	0.0013182567385564075	2.1569307982456948e-12
138.21730389017998	0.0013182567385564075	3.921803244444385e-13
171.24990861750976	0.0013182567385564075	6.316354568827857e-14
212.17698780180757	0.0013182567385564075	1.1612032588244234e-14
262.885244821937	0.0013182567385564075	1.6823530275124913e-15
325.7122869971341	0.0013182567385564075	9.059171852963218e-17
403.5543872869759	0.0013182567385564075	1.3346194812136575e-18
499.9999999999984	0.0013182567385564075	1.0651389712989388e-21
1000	0.0013182567385564075	0
2000	0.0013182567385564075	0
1.	0.0015135612484362087	0.20194817790104624
1.9999999999999998	0.0015135612484362087	0.15914213165813176
2.288838595949997	0.0015135612484362087	0.14962316863798644
2.6193910591551774	0.0015135612484362087	0.13957808067237965
2.9976816770403563	0.0015135612484362087	0.12771904598719028
3.4306047603910415	0.0015135612484362087	0.11233090641806742
3.926050291516404	0.0015135612484362087	0.09266487038187061
4.493047718431742	0.0015135612484362087	0.07107875093787076
5.141930515695824	0.0015135612484362087	0.05238323800849014
5.884524511008838	0.0015135612484362087	0.03918538084733703
6.734363409805407	0.0015135612484362087	0.029034091276441826
7.706935445758021	0.0015135612484362087	0.019189563503596484
8.819965652373028	0.0015135612484362087	0.010350044123040029
10.093738900052346	0.0015135612484362087	0.004332709809595196
11.551469585940843	0.0015135612484362087	0.0015494895061595004
13.219724714121972	0.0015135612484362087	0.0005828102954804639
15.128908076758211	0.0015135612484362087	0.0002564066505692944
17.313814360331925	0.0015135612484362087	0.00010100570313358682
19.814263275520517	0.0015135612484362087	0.000033829416271624746
22.675825267662994	0.0015135612484362087	0.000010287558436956669
25.950652033822625	0.0015135612484362087	3.742719097119704e-6
29.698426982540767	0.0015135612484362087	1.0479165802340773e-6
33.98745295832107	0.0015135612484362087	3.5927886460135054e-7
38.895897054520105	0.0015135612484362087	1.0938024438598108e-7
44.51321520124173	0.0015135612484362087	2.470928669610921e-8
50.941782491215115	0.0015135612484362087	7.020474123033108e-9
58.29875895619149	0.0015135612484362087	1.6493456140700247e-9
66.71822479745835	0.0015135612484362087	3.8125481507850807e-10
76.35362398484546	0.0015135612484362087	7.955818329096012e-11
87.38056075858388	0.0015135612484362087	1.8068105152321145e-11
100.00000000000031	0.0015135612484362087	5.7174004337198756e-12
111.55639876771902	0.0015135612484362087	2.4873644162493586e-12
138.21730389017998	0.0015135612484362087	4.522463813231821e-13
171.24990861750976	0.0015135612484362087	7.283507411542253e-14
212.17698780180757	0.0015135612484362087	1.3389583551266457e-14
262.885244821937	0.0015135612484362087	1.939890751639966e-15
325.7122869971341	0.0015135612484362087	1.0446287643686358e-16
403.5543872869759	0.0015135612484362087	1.539032777738186e-18
499.9999999999984	0.0015135612484362087	1.2283728142135593e-21
1000	0.0015135612484362087	0
2000	0.0015135612484362087	0
1.	0.0017378008287493763	0.23390211941961123
1.9999999999999998	0.0017378008287493763	0.1827900873878974
2.288838595949997	0.0017378008287493763	0.17160213535417393
2.6193910591551774	0.0017378008287493763	0.16003203786957276
2.9976816770403563	0.0017378008287493763	0.14668600317400338
3.4306047603910415	0.0017378008287493763	0.12946185063676205
3.926050291516404	0.0017378008287493763	0.1073000421131261
4.493047718431742	0.0017378008287493763	0.0825879429120479
5.141930515695824	0.0017378008287493763	0.06085642135011239
5.884524511008838	0.0017378008287493763	0.045423661093023086
6.734363409805407	0.0017378008287493763	0.033666577663013716
7.706935445758021	0.0017378008287493763	0.022315764992124905
8.819965652373028	0.0017378008287493763	0.012073446582028788
10.093738900052346	0.0017378008287493763	0.005065675870948162
11.551469585940843	0.0017378008287493763	0.0018076289619385615
13.219724714121972	0.0017378008287493763	0.0006763434410020559
15.128908076758211	0.0017378008287493763	0.00029682548696557037
17.313814360331925	0.0017378008287493763	0.00011697961314673696
19.814263275520517	0.0017378008287493763	0.00003915396301797631
22.675825267662994	0.0017378008287493763	0.000011892447625372326
25.950652033822625	0.0017378008287493763	4.3238430257902204e-6
29.698426982540767	0.0017378008287493763	1.2118156044586131e-6
33.98745295832107	0.0017378008287493763	4.152629464658302e-7
38.895897054520105	0.0017378008287493763	1.263412366163774e-7
44.51321520124173	0.0017378008287493763	2.8622981055383922e-8
50.941782491215115	0.0017378008287493763	8.106459411537554e-9
58.29875895619149	0.0017378008287493763	1.9079313431948365e-9
66.71822479745835	0.0017378008287493763	4.403152998391129e-10
76.35362398484546	0.0017378008287493763	9.194100600868184e-11
87.38056075858388	0.0017378008287493763	2.0875777541538114e-11
100.00000000000031	0.0017378008287493763	6.600225689897263e-12
111.55639876771902	0.0017378008287493763	2.871623149382085e-12
138.21730389017998	0.0017378008287493763	5.220896629439971e-13
171.24990861750976	0.0017378008287493763	8.408025984573931e-14
212.17698780180757	0.0017378008287493763	1.5456191303275144e-14
262.885244821937	0.0017378008287493763	2.2393167200423714e-15
325.7122869971341	0.0017378008287493763	1.205907586582471e-16
403.5543872869759	0.0017378008287493763	1.7767276596734556e-18
499.9999999999984	0.0017378008287493763	1.4182102756909527e-21
1000	0.0017378008287493763	0
2000	0.0017378008287493763	0
1.	0.0019952623149688807	0.27100133688862443
1.9999999999999998	0.0019952623149688807	0.20993824441830025
2.288838595949997	0.0019952623149688807	0.19675628939584208
2.6193910591551774	0.0019952623149688807	0.18340516711147983
2.9976816770403563	0.0019952623149688807	0.16840012008604052
3.4306047603910415	0.0019952623149688807	0.1492119389303713
3.926050291516404	0.0019952623149688807	0.12433014073488377
4.493047718431742	0.0019952623149688807	0.09609303794585175
5.141930515695824	0.0019952623149688807	0.07081857930958885
5.884524511008838	0.0019952623149688807	0.052724394645098746
6.734363409805407	0.0019952623149688807	0.03909030387919883
7.706935445758021	0.0019952623149688807	0.025993995285620755
8.819965652373028	0.0019952623149688807	0.014115865405895444
10.093738900052346	0.0019952623149688807	0.005939576093242726
11.551469585940843	0.0019952623149688807	0.002113992677057664
13.219724714121972	0.0019952623149688807	0.0007862622893379909
15.128908076758211	0.0019952623149688807	0.00034398066288876197
17.313814360331925	0.0019952623149688807	0.00013565265254323374
19.814263275520517	0.0019952623149688807	0.00004536138301206054
22.675825267662994	0.0019952623149688807	0.000013763449488442093
25.950652033822625	0.0019952623149688807	4.997664526741074e-6
29.698426982540767	0.0019952623149688807	1.4030659416315374e-6
33.98745295832107	0.0019952623149688807	4.804857131600731e-7
38.895897054520105	0.0019952623149688807	1.4598837998548416e-7
44.51321520124173	0.0019952623149688807	3.318312545258304e-8
50.941782491215115	0.0019952623149688807	9.363891819773153e-9
58.29875895619149	0.0019952623149688807	2.2082858959321288e-9
66.71822479745835	0.0019952623149688807	5.087093151562682e-10
76.35362398484546	0.0019952623149688807	1.0629794439801119e-10
87.38056075858388	0.0019952623149688807	2.4129305745885542e-11
100.00000000000031	0.0019952623149688807	7.621509507601091e-12
111.55639876771902	0.0019952623149688807	3.3162196680333867e-12
138.21730389017998	0.0019952623149688807	6.028953031366281e-13
171.24990861750976	0.0019952623149688807	9.708965710990031e-14
212.17698780180757	0.0019952623149688807	1.7846781277908884e-14
262.885244821937	0.0019952623149688807	2.5856799739294635e-15
325.7122869971341	0.0019952623149688807	1.3924817970631083e-16
403.5543872869759	0.0019952623149688807	2.0517303163487e-18
499.9999999999984	0.0019952623149688807	1.6378894778301711e-21
1000	0.0019952623149688807	0
2000	0.0019952623149688807	0
1.	0.0022908676527677745	0.3140196584162136
1.9999999999999998	0.0022908676527677745	0.2411487521752817
2.288838595949997	0.0022908676527677745	0.2255278474751945
2.6193910591551774	0.0022908676527677745	0.21010874069239366
2.9976816770403563	0.0022908676527677745	0.19322572042445818
3.4306047603910415	0.0022908676527677745	0.1719415525336699
3.926050291516404	0.0022908676527677745	0.1441548260349903
4.493047718431742	0.0022908676527677745	0.11196800346424754
5.141930515695824	0.0022908676527677745	0.08255039207438218
5.884524511008838	0.0022908676527677745	0.06128184800646891
6.734363409805407	0.0022908676527677745	0.04544869650747908
7.706935445758021	0.0022908676527677745	0.030330436360835857
8.819965652373028	0.0022908676527677745	0.01654313458127575
10.093738900052346	0.0022908676527677745	0.006984121491147603
11.551469585940843	0.0022908676527677745	0.0024792310898927076
13.219724714121972	0.0022908676527677745	0.0009158222845358304
15.128908076758211	0.0022908676527677745	0.00039927166722521906
17.313814360331925	0.0022908676527677745	0.00015750022421747478
19.814263275520517	0.0022908676527677745	0.00005262608261961154
22.675825267662994	0.0022908676527677745	0.00001594990417854799
25.950652033822625	0.0022908676527677745	5.781062722015906e-6
29.698426982540767	0.0022908676527677745	1.6259715011903338e-6
33.98745295832107	0.0022908676527677745	5.563851284731984e-7
38.895897054520105	0.0022908676527677745	1.688790507700565e-7
44.51321520124173	0.0022908676527677745	3.853076067909781e-8
50.941782491215115	0.0022908676527677745	1.0828390664090622e-8
58.29875895619149	0.0022908676527677745	2.5592267760337436e-9
66.71822479745835	0.0022908676527677745	5.883677598498455e-10
76.35362398484546	0.0022908676527677745	1.2304147881149058e-10
87.38056075858388	0.0022908676527677745	2.7921348734822173e-11
100.00000000000031	0.0022908676527677745	8.809701846458666e-12
111.55639876771902	0.0022908676527677745	3.833537669666228e-12
138.21730389017998	0.0022908676527677745	6.969093569562633e-13
171.24990861750976	0.0022908676527677745	1.1222383239907456e-13
212.17698780180757	0.0022908676527677745	2.0627579799775925e-14
262.885244821937	0.0022908676527677745	2.9885903228099875e-15
325.7122869971341	0.0022908676527677745	1.6095355160849398e-16
403.5543872869759	0.0022908676527677745	2.37169191031245e-18
499.9999999999984	0.0022908676527677745	1.8935289688246745e-21
1000	0.0022908676527677745	0
2000	0.0022908676527677745	0
1.	0.0026302679918953843	0.3637867055470171
1.9999999999999998	0.0026302679918953843	0.27699178793018936
2.288838595949997	0.0026302679918953843	0.25846789515117075
2.6193910591551774	0.0026302679918953843	0.2405857665265185
2.9976816770403563	0.0026302679918953843	0.22160174092075335
3.4306047603910415	0.0026302679918953843	0.1980615491211435
3.926050291516404	0.0026302679918953843	0.16721984476532586
4.493047718431742	0.0026302679918953843	0.13071703595449305
5.141930515695824	0.0026302679918953843	0.09645860026914199
5.884524511008838	0.0026302679918953843	0.07134364263829857
6.734363409805407	0.0026302679918953843	0.052913294677176745
7.706935445758021	0.0026302679918953843	0.03546945127833962
8.819965652373028	0.0026302679918953843	0.01944374543644969
10.093738900052346	0.0026302679918953843	0.008235850632009704
11.551469585940843	0.0026302679918953843	0.002916008408916701
13.219724714121972	0.0026302679918953843	0.001069171259627327
15.128908076758211	0.0026302679918953843	0.00046406357868595426
17.313814360331925	0.0026302679918953843	0.00018327714625313604
19.814263275520517	0.0026302679918953843	0.0000611769427138048
22.675825267662994	0.0026302679918953843	0.000018506793730487707
25.950652033822625	0.0026302679918953843	6.694387611894739e-6
29.698426982540767	0.0026302679918953843	1.8869206442916555e-6
33.98745295832107	0.0026302679918953843	6.451970936642514e-7
38.895897054520105	0.0026302679918953843	1.955971117117203e-7
44.51321520124173	0.0026302679918953843	4.481891164184263e-8
50.941782491215115	0.0026302679918953843	1.2537238596506786e-8
58.29875895619149	0.0026302679918953843	2.9700731090980504e-9
66.71822479745835	0.0026302679918953843	6.813137660554871e-10
76.35362398484546	0.0026302679918953843	1.4260413938589053e-10
87.38056075858388	0.0026302679918953843	3.234869196972262e-11
100.00000000000031	0.0026302679918953843	1.0194165497992558e-11
111.55639876771902	0.0026302679918953843	4.436401143855075e-12
138.21730389017998	0.0026302679918953843	8.064605898446639e-13
171.24990861750976	0.0026302679918953843	1.2985767386249661e-13
212.17698780180757	0.0026302679918953843	2.3867219767497914e-14
262.885244821937	0.0026302679918953843	3.4579894839425967e-15
325.7122869971341	0.0026302679918953843	1.8624276776164627e-16
403.5543872869759	0.0026302679918953843	2.7445344757722678e-18
499.9999999999984	0.0026302679918953843	2.191490255788806e-21
1000	0.0026302679918953843	0
2000	0.0026302679918953843	0
1.	0.003019951720402019	0.4212242536960449
1.9999999999999998	0.003019951720402019	0.3181811824452081
2.288838595949997	0.003019951720402019	0.2964672713243312
2.6193910591551774	0.003019951720402019	0.27541409258268795
2.9976816770403563	0.003019951720402019	0.2539290411839502
3.4306047603910415	0.003019951720402019	0.228085804296774
3.926050291516404	0.003019951720402019	0.19398709826946012
4.493047718431742	0.003019951720402019	0.15277626596978602
5.141930515695824	0.003019951720402019	0.11298705497780238
5.884524511008838	0.003019951720402019	0.08326973979942245
6.734363409805407	0.003019951720402019	0.06171086921410672
7.706935445758021	0.003019951720402019	0.04154782225218455
8.819965652373028	0.003019951720402019	0.022909188815875933
10.093738900052346	0.003019951720402019	0.0097463388358679
11.551469585940843	0.003019951720402019	0.003442533972997856
13.219724714121972	0.003019951720402019	0.0012510216370738808
15.128908076758211	0.003019951720402019	0.0005402591380803661
17.313814360331925	0.003019951720402019	0.00021358232016428666
19.814263275520517	0.003019951720402019	0.00007121483646340525
22.675825267662994	0.003019951720402019	0.000021512407485506926
25.950652033822625	0.003019951720402019	7.759796223146922e-6
29.698426982540767	0.003019951720402019	2.1949122885229213e-6
33.98745295832107	0.003019951720402019	7.488803274487105e-7
38.895897054520105	0.003019951720402019	2.2673245428210843e-7
44.51321520124173	0.003019951720402019	5.2207219708696796e-8
50.941782491215115	0.003019951720402019	1.4528259597810628e-8
58.29875895619149	0.003019951720402019	3.4503151946242556e-9
66.71822479745835	0.003019951720402019	7.895838669772461e-10
76.35362398484546	0.003019951720402019	1.654249709256055e-10
87.38056075858388	0.003019951720402019	3.75090571707178e-11
100.00000000000031	0.003019951720402019	1.1804247022562845e-11
111.55639876771902	0.003019951720402019	5.137607723333153e-12
138.21730389017998	0.003019951720402019	9.338682076053689e-13
171.24990861750976	0.003019951720402019	1.5036312527031675e-13
212.17698780180757	0.003019951720402019	2.763398503517391e-14
262.885244821937	0.003019951720402019	4.003770472571522e-15
325.7122869971341	0.003019951720402019	2.1565048571200744e-16
403.5543872869759	0.003019951720402019	3.1781582749416338e-18
499.9999999999984	0.003019951720402019	2.5381218174753872e-21
1000	0.003019951720402019	0
2000	0.003019951720402019	0
1.	0.00346736850452532	0.4872017794724679
1.9999999999999998	0.00346736850452532	0.3656288414078883
2.288838595949997	0.00346736850452532	0.33957898252957786
2.6193910591551774	0.00346736850452532	0.31513579874448494
2.9976816770403563	0.00346736850452532	0.29067476763186245
3.4306047603910415	0.00346736850452532	0.2623955265309405
3.926050291516404	0.00346736850452532	0.2250538723892297
4.493047718431742	0.00346736850452532	0.17881909899915663
5.141930515695824	0.00346736850452532	0.13265190977240218
5.884524511008838	0.00346736850452532	0.09737451863652304
6.734363409805407	0.00346736850452532	0.0720887836161165
7.706935445758021	0.00346736850452532	0.04878678491983792
8.819965652373028	0.00346736850452532	0.02707317089793072
10.093738900052346	0.00346736850452532	0.0115810936943668
11.551469585940843	0.00346736850452532	0.004079864375303523
13.219724714121972	0.00346736850452532	0.0014689084141933195
15.128908076758211	0.00346736850452532	0.0006301592920511466
17.313814360331925	0.00346736850452532	0.0002494179247271808
19.814263275520517	0.00346736850452532	0.00008304560399323448
22.675825267662994	0.00346736850452532	0.000025048464397082917
25.950652033822625	0.00346736850452532	9.005420818085473e-6
29.698426982540767	0.00346736850452532	2.5552581963835563e-6
33.98745295832107	0.00346736850452532	8.704610723436773e-7
38.895897054520105	0.00346736850452532	2.63390241758854e-7
44.51321520124173	0.00346736850452532	6.098459062708106e-8
50.941782491215115	0.00346736850452532	1.6872492403674844e-8
58.29875895619149	0.00346736850452532	4.017427289814841e-9
66.71822479745835	0.00346736850452532	9.170107894188132e-10
76.35362398484546	0.00346736850452532	1.9231981309641057e-10
87.38056075858388	0.00346736850452532	4.358483852800178e-11
100.00000000000031	0.00346736850452532	1.3695455249784636e-11
111.55639876771902	0.00346736850452532	5.961400269909519e-12
138.21730389017998	0.00346736850452532	1.083522918153669e-12
171.24990861750976	0.00346736850452532	1.7444652319088236e-13
212.17698780180757	0.00346736850452532	3.205723488142537e-14
262.885244821937	0.00346736850452532	4.644708339033344e-15
325.7122869971341	0.00346736850452532	2.5018843564261927e-16
403.5543872869759	0.00346736850452532	3.687503317039071e-18
499.9999999999984	0.00346736850452532	2.9454170627872944e-21
1000	0.00346736850452532	0
2000	0.00346736850452532	0
1.	0.003981071705534978	0.5625822454187944
1.9999999999999998	0.003981071705534978	0.4197841791388615
2.288838595949997	0.003981071705534978	0.3888163128939063
2.6193910591551774	0.003981071705534978	0.3601270699133935
2.9976816770403563	0.003981071705534978	0.3323960167421425
3.4306047603910415	0.003981071705534978	0.301432739746957
3.926050291516404	0.003981071705534978	0.26099309312898467
4.493047718431742	0.003981071705534978	0.2094183115909375
5.141930515695824	0.003981071705534978	0.15606405174722915
5.884524511008838	0.003981071705534978	0.11420090001086299
6.734363409805407	0.003981071705534978	0.08442644785347464
7.706935445758021	0.003981071705534978	0.0574336564594767
8.819965652373028	0.003981071705534978	0.03212551655291625
10.093738900052346	0.003981071705534978	0.013823168704205592
11.551469585940843	0.003981071705534978	0.004856559834445401
13.219724714121972	0.003981071705534978	0.0017305980485673212
15.128908076758211	0.003981071705534978	0.0007368397216720728
17.313814360331925	0.003981071705534978	0.0002919540274857653
19.814263275520517	0.003981071705534978	0.00009711200989598537
22.675825267662994	0.003981071705534978	0.00002924666946919886
25.950652033822625	0.003981071705534978	0.000010466380036664078
29.698426982540767	0.003981071705534978	2.982349071023828e-6
33.98745295832107	0.003981071705534978	1.0134420796536013e-6
38.895897054520105	0.003981071705534978	3.056115694741532e-7
44.51321520124173	0.003981071705534978	7.120380950498449e-8
50.941782491215115	0.003981071705534978	1.9573156179143143e-8
58.29875895619149	0.003981071705534978	4.672675109842785e-9
66.71822479745835	0.003981071705534978	1.0637101767212341e-9
76.35362398484546	0.003981071705534978	2.2332681352838902e-10
87.38056075858388	0.003981071705534978	5.0581731236822707e-11
100.00000000000031	0.003981071705534978	1.586711409324227e-11
111.55639876771902	0.003981071705534978	6.907511831606572e-12
138.21730389017998	0.003981071705534978	1.2553758564398934e-12
171.24990861750976	0.003981071705534978	2.0209714238527004e-13
212.17698780180757	0.003981071705534978	3.713491071444465e-14
262.885244821937	0.003981071705534978	5.380447851709634e-15
325.7122869971341	0.003981071705534978	2.898420646521664e-16
403.5543872869759	0.003981071705534978	4.272419817130098e-18
499.9999999999984	0.003981071705534978	3.413316021163708e-21
1000	0.003981071705534978	0
2000	0.003981071705534978	0
1.	0.0045708818961487565	0.6474532648599405
1.9999999999999998	0.0045708818961487565	0.48173419790854893
2.288838595949997	0.0045708818961487565	0.444963357945348
2.6193910591551774	0.0045708818961487565	0.41115507369652327
2.9976816770403563	0.0045708818961487565	0.37966501738946745
3.4306047603910415	0.0045708818961487565	0.3458027230474725
3.926050291516404	0.0045708818961487565	0.30236910306596115
4.493047718431742	0.0045708818961487565	0.2454033473938925
5.141930515695824	0.0045708818961487565	0.18401305907725704
5.884524511008838	0.0045708818961487565	0.13427788061129056
6.734363409805407	0.0045708818961487565	0.0991201392815106
7.706935445758021	0.0045708818961487565	0.067829381525422
8.819965652373028	0.0045708818961487565	0.03824533651488703
10.093738900052346	0.0045708818961487565	0.01658322206884428
11.551469585940843	0.0045708818961487565	0.005809448096731083
13.219724714121972	0.0045708818961487565	0.0020462157725597147
15.128908076758211	0.0045708818961487565	0.0008634964982396589
17.313814360331925	0.0045708818961487565	0.0003426108553182056
19.814263275520517	0.0045708818961487565	0.0001137884165773992
22.675825267662994	0.0045708818961487565	0.000034217046577725077
25.950652033822625	0.0045708818961487565	0.000012182728367773836
29.698426982540767	0.0045708818961487565	3.486397170816318e-6
33.98745295832107	0.0045708818961487565	1.1811158386781446e-6
38.895897054520105	0.0045708818961487565	3.5566066012486537e-7
44.51321520124173	0.0045708818961487565	8.344739660450158e-8
50.941782491215115	0.0045708818961487565	2.2776400336987846e-8
58.29875895619149	0.0045708818961487565	5.4512751293702705e-9
66.71822479745835	0.0045708818961487565	1.2375346053912594e-9
76.35362398484546	0.0045708818961487565	2.6010895973714394e-10
87.38056075858388	0.0045708818961487565	5.887175732207816e-11
100.00000000000031	0.0045708818961487565	1.843291590566688e-11
111.55639876771902	0.0045708818961487565	8.025471430420194e-12
138.21730389017998	0.0045708818961487565	1.4584068610537636e-12
171.24990861750976	0.0045708818961487565	2.3475945466492317e-13
212.17698780180757	0.0045708818961487565	4.3131572906068e-14
262.885244821937	0.0045708818961487565	6.249399200902257e-15
325.7122869971341	0.0045708818961487565	3.3668173220421514e-16
403.5543872869759	0.0045708818961487565	4.963474442666862e-18
499.9999999999984	0.0045708818961487565	3.9663143519183614e-21
1000	0.0045708818961487565	0
2000	0.0045708818961487565	0
1.	0.005248074602497733	0.7420456129757698
1.9999999999999998	0.005248074602497733	0.5524154752021344
2.288838595949997	0.005248074602497733	0.5089636423880456
2.6193910591551774	0.005248074602497733	0.4689632863121168
2.9976816770403563	0.005248074602497733	0.43272321094326627
3.4306047603910415	0.005248074602497733	0.39593488684311856
3.926050291516404	0.005248074602497733	0.3496382868237763
4.493047718431742	0.005248074602497733	0.28760554154275497
5.141930515695824	0.005248074602497733	0.21744719579328953
5.884524511008838	0.005248074602497733	0.15828894983187086
6.734363409805407	0.005248074602497733	0.11661499594348926
7.706935445758021	0.005248074602497733	0.0803296595302381
8.819965652373028	0.005248074602497733	0.045729689465925254
10.093738900052346	0.005248074602497733	0.02000127813290894
11.551469585940843	0.005248074602497733	0.006992690161915146
13.219724714121972	0.005248074602497733	0.002432904449188471
15.128908076758211	0.005248074602497733	0.0010148388155516149
17.313814360331925	0.005248074602497733	0.0004031348836829692
19.814263275520517	0.005248074602497733	0.00013372709744871326
22.675825267662994	0.005248074602497733	0.00004014144183029087
25.950652033822625	0.005248074602497733	0.000014194394080191043
29.698426982540767	0.005248074602497733	4.084067200350359e-6
33.98745295832107	0.005248074602497733	1.379171059905889e-6
38.895897054520105	0.005248074602497733	4.145149888982885e-7
44.51321520124173	0.005248074602497733	9.801911052819117e-8
50.941782491215115	0.005248074602497733	2.654683475232212e-8
58.29875895619149	0.005248074602497733	6.368725083352369e-9
66.71822479745835	0.005248074602497733	1.4418529470637672e-9
76.35362398484546	0.005248074602497733	3.0338262836408617e-10
87.38056075858388	0.005248074602497733	6.86112851044376e-11
100.00000000000031	0.005248074602497733	2.1437778730911797e-11
111.55639876771902	0.005248074602497733	9.334893726643611e-12
138.21730389017998	0.005248074602497733	1.696165384533829e-12
171.24990861750976	0.005248074602497733	2.73000164598577e-13
212.17698780180757	0.005248074602497733	5.01510707082611e-14
262.885244821937	0.005248074602497733	7.266556387883403e-15
325.7122869971341	0.005248074602497733	3.915208005632215e-16
403.5543872869759	0.005248074602497733	5.772750174067674e-18
499.9999999999984	0.005248074602497733	4.614240223628176e-21
1000	0.005248074602497733	0
2000	0.005248074602497733	0
1.	0.006025595860743587	0.8455984487202313
1.9999999999999998	0.006025595860743587	0.6326935726269526
2.288838595949997	0.006025595860743587	0.5818028596099316
2.6193910591551774	0.006025595860743587	0.5344725335483584
2.9976816770403563	0.006025595860743587	0.4924335253621884
3.4306047603910415	0.006025595860743587	0.4519662358443197
3.926050291516404	0.006025595860743587	0.40348067914104685
4.493047718431742	0.006025595860743587	0.3369220052848182
5.141930515695824	0.006025595860743587	0.2574637381593147
5.884524511008838	0.006025595860743587	0.18718358202948476
6.734363409805407	0.006025595860743587	0.1374207421565754
7.706935445758021	0.006025595860743587	0.09546921584784016
8.819965652373028	0.006025595860743587	0.05490530959954303
10.093738900052346	0.006025595860743587	0.02427045566069185
11.551469585940843	0.006025595860743587	0.008471101767106344
13.219724714121972	0.006025595860743587	0.0029069153385419323
15.128908076758211	0.006025595860743587	0.0011967463669994203
17.313814360331925	0.006025595860743587	0.0004759317835665138
19.814263275520517	0.006025595860743587	0.00015748255065102946
22.675825267662994	0.006025595860743587	0.00004724182550998832
25.950652033822625	0.006025595860743587	0.000016565536690851735
29.698426982540767	0.006025595860743587	4.796466189294637e-6
33.98745295832107	0.006025595860743587	1.6144736471862367e-6
38.895897054520105	0.006025595860743587	4.837843097288318e-7
44.51321520124173	0.006025595860743587	1.1539177486912165e-7
50.941782491215115	0.006025595860743587	3.099080192510873e-8
58.29875895619149	0.006025595860743587	7.449813300614437e-9
66.71822479745835	0.006025595860743587	1.6822048643559802e-9
76.35362398484546	0.006025595860743587	3.5431230920277e-10
87.38056075858388	0.006025595860743587	8.005578217627391e-11
100.00000000000031	0.006025595860743587	2.4956713781062365e-11
111.55639876771902	0.006025595860743587	1.0868424974539739e-11
138.21730389017998	0.006025595860743587	1.9745525499604304e-12
171.24990861750976	0.006025595860743587	3.177657167423219e-13
212.17698780180757	0.006025595860743587	5.836592863364028e-14
262.885244821937	0.006025595860743587	8.456983503344532e-15
325.7122869971341	0.006025595860743587	4.557119277875311e-16
403.5543872869759	0.006025595860743587	6.720349559233305e-18
499.9999999999984	0.006025595860743587	5.3732962488368186e-21
1000	0.006025595860743587	0
2000	0.006025595860743587	0
1.	0.006918309709189377	0.9562619639502458
1.9999999999999998	0.006918309709189377	0.7232919704866521
2.288838595949997	0.006918309709189377	0.6643422596676494
2.6193910591551774	0.006918309709189377	0.6088078379871119
2.9976816770403563	0.006918309709189377	0.5595918046542766
3.4306047603910415	0.006918309709189377	0.5148114929866349
3.926050291516404	0.006918309709189377	0.4641739441653515
4.493047718431742	0.006918309709189377	0.3940312636465926
5.141930515695824	0.006918309709189377	0.30551192641493086
5.884524511008838	0.006918309709189377	0.22208967146658926
6.734363409805407	0.006918309709189377	0.16233882131878546
7.706935445758021	0.006918309709189377	0.11368922187508068
8.819965652373028	0.006918309709189377	0.06633768123635299
10.093738900052346	0.006918309709189377	0.02963408326867096
11.551469585940843	0.006918309709189377	0.010335702033588667
13.219724714121972	0.006918309709189377	0.003492892921177471
15.128908076758211	0.006918309709189377	0.0014157867798408053
17.313814360331925	0.006918309709189377	0.000563982802346416
19.814263275520517	0.006918309709189377	0.00018631753743507732
22.675825267662994	0.006918309709189377	0.00005580961605422004
25.950652033822625	0.006918309709189377	0.00001937043280868125
29.698426982540767	0.006918309709189377	5.649506095483397e-6
33.98745295832107	0.006918309709189377	1.8939210999119603e-6
38.895897054520105	0.006918309709189377	5.664027696919599e-7
44.51321520124173	0.006918309709189377	1.3638186708647826e-7
50.941782491215115	0.006918309709189377	3.630081845751255e-8
58.29875895619149	0.006918309709189377	8.739170548980146e-9
66.71822479745835	0.006918309709189377	1.9687262006233113e-9
76.35362398484546	0.006918309709189377	4.1501559392345587e-10
87.38056075858388	0.006918309709189377	9.367382397909237e-11
100.00000000000031	0.006918309709189377	2.912897407771954e-11
111.55639876771902	0.006918309709189377	1.268678986608376e-11
138.21730389017998	0.006918309709189377	2.3045609407613972e-12
171.24990861750976	0.006918309709189377	3.7081895628731414e-13
212.17698780180757	0.006918309709189377	6.809890697309234e-14
262.885244821937	0.006918309709189377	9.867470918927466e-15
325.7122869971341	0.006918309709189377	5.317883260053892e-16
403.5543872869759	0.006918309709189377	7.843713737917207e-18
499.9999999999984	0.006918309709189377	6.273676763391426e-21
1000	0.006918309709189377	0
2000	0.006918309709189377	0
1.	0.00794328234724283	1.0708302262813651
1.9999999999999998	0.00794328234724283	0.8245672222224619
2.288838595949997	0.00794328234724283	0.7576235343333949
2.6193910591551774	0.00794328234724283	0.6928120312447926
2.9976816770403563	0.00794328234724283	0.6357079758066642
3.4306047603910415	0.00794328234724283	0.5854696452540675
3.926050291516404	0.00794328234724283	0.532388112901913
4.493047718431742	0.00794328234724283	0.4599534404022084
5.141930515695824	0.00794328234724283	0.36312606793718805
5.884524511008838	0.00794328234724283	0.2651367181164784
6.734363409805407	0.00794328234724283	0.1922898747711227
7.706935445758021	0.00794328234724283	0.13565431810347572
8.819965652373028	0.00794328234724283	0.08041695046822549
10.093738900052346	0.00794328234724283	0.036490582816458804
11.551469585940843	0.00794328234724283	0.01271310225714905
13.219724714121972	0.00794328234724283	0.004228738882575088
15.128908076758211	0.00794328234724283	0.0016816869131493347
17.313814360331925	0.00794328234724283	0.0006712266781808779
19.814263275520517	0.00794328234724283	0.0002213496929210062
22.675825267662994	0.00794328234724283	0.00006622648961434954
25.950652033822625	0.00794328234724283	0.000022695445503391043
29.698426982540767	0.00794328234724283	6.674984505938477e-6
33.98745295832107	0.00794328234724283	2.2281795675310086e-6
38.895897054520105	0.00794328234724283	6.643021722646243e-7
44.51321520124173	0.00794328234724283	1.6160062879634853e-7
50.941782491215115	0.00794328234724283	4.260757060125468e-8
58.29875895619149	0.00794328234724283	1.0264871982732666e-8
66.71822479745835	0.00794328234724283	2.308039356000879e-9
76.35362398484546	0.00794328234724283	4.868354088494078e-10
87.38056075858388	0.00794328234724283	1.0975452081671905e-10
100.00000000000031	0.00794328234724283	3.403689469142244e-11
111.55639876771902	0.00794328234724283	1.482554185823934e-11
138.21730389017998	0.00794328234724283	2.6925960786546542e-12
171.24990861750976	0.00794328234724283	4.3318322639937035e-13
212.17698780180757	0.00794328234724283	7.953629138842366e-14
262.885244821937	0.00794328234724283	1.1524980438678894e-14
325.7122869971341	0.00794328234724283	6.212131647981183e-16
403.5543872869759	0.00794328234724283	9.16467788354637e-18
499.9999999999984	0.00794328234724283	7.33317665416369e-21
1000	0.00794328234724283	0
2000	0.00794328234724283	0
1.	0.009120108393559116	1.184279845134201
1.9999999999999998	0.009120108393559116	0.9359818479120934
2.288838595949997	0.009120108393559116	0.8623682148543229
2.6193910591551774	0.009120108393559116	0.7886366802399202
2.9976816770403563	0.009120108393559116	0.7211496593494842
3.4306047603910415	0.009120108393559116	0.6633203589740073
3.926050291516404	0.009120108393559116	0.6076648596878335
4.493047718431742	0.009120108393559116	0.5346211919978026
5.141930515695824	0.009120108393559116	0.43130482802213704
5.884524511008838	0.009120108393559116	0.31767645787896087
6.734363409805407	0.009120108393559116	0.22905671532681068
7.706935445758021	0.009120108393559116	0.1621752769815648
8.819965652373028	0.009120108393559116	0.09781672764014146
10.093738900052346	0.009120108393559116	0.04517750429428195
11.551469585940843	0.009120108393559116	0.01580380863325631
13.219724714121972	0.009120108393559116	0.005158217936332634
15.128908076758211	0.009120108393559116	0.0020067951044416593
17.313814360331925	0.009120108393559116	0.0008025187292838448
19.814263275520517	0.009120108393559116	0.00026422184752806767
22.675825267662994	0.009120108393559116	0.00007900517867412239
25.950652033822625	0.009120108393559116	0.00002665986128700448
29.698426982540767	0.009120108393559116	7.91890500991559e-6
33.98745295832107	0.009120108393559116	2.6269474974178926e-6
38.895897054520105	0.009120108393559116	7.815349473489382e-7
44.51321520124173	0.009120108393559116	1.922092712501908e-7
50.941782491215115	0.009120108393559116	5.0179837639508586e-8
58.29875895619149	0.009120108393559116	1.2086050908210576e-8
66.71822479745835	0.009120108393559116	2.7140887480791275e-9
76.35362398484546	0.009120108393559116	5.726044146898726e-10
87.38056075858388	0.009120108393559116	1.2892050947592525e-10
100.00000000000031	0.009120108393559116	3.9862997665616474e-11
111.55639876771902	0.009120108393559116	1.7364046231478056e-11
138.21730389017998	0.009120108393559116	3.1530104149467768e-12
171.24990861750976	0.009120108393559116	5.071546178350749e-13
212.17698780180757	0.009120108393559116	9.309686468431789e-14
262.885244821937	0.009120108393559116	1.3490332470283284e-14
325.7122869971341	0.009120108393559116	7.272750715483223e-16
403.5543872869759	0.009120108393559116	1.0732084225339779e-17
499.9999999999984	0.009120108393559116	8.591304157218603e-21
1000	0.009120108393559116	0
2000	0.009120108393559116	0
1.	0.010471285480509017	1.2895788684771197
1.9999999999999998	0.010471285480509017	1.0566487033371046
2.288838595949997	0.010471285480509017	0.9782321361331823
2.6193910591551774	0.010471285480509017	0.8953906329954436
2.9976816770403563	0.010471285480509017	0.8168697110959428
3.4306047603910415	0.010471285480509017	0.7496705002168413
3.926050291516404	0.010471285480509017	0.6901510763685693
4.493047718431742	0.010471285480509017	0.6176993987992562
5.141930515695824	0.010471285480509017	0.510580058819969
5.884524511008838	0.010471285480509017	0.3819847350205876
6.734363409805407	0.010471285480509017	0.27386024150357835
7.706935445758021	0.010471285480509017	0.19483901903321194
8.819965652373028	0.010471285480509017	0.11967005878726679
10.093738900052346	0.010471285480509017	0.05635130571402154
11.551469585940843	0.010471285480509017	0.019843918276629464
13.219724714121972	0.010471285480509017	0.006350836133093927
15.128908076758211	0.010471285480509017	0.0024071103678385583
17.313814360331925	0.010471285480509017	0.0009651375339354859
19.814263275520517	0.010471285480509017	0.000317649935639525
22.675825267662994	0.010471285480509017	0.00009496353829915232
25.950652033822625	0.010471285480509017	0.00003142907933779282
29.698426982540767	0.010471285480509017	9.436523886307507e-6
33.98745295832107	0.010471285480509017	3.1092042153971563e-6
38.895897054520105	0.010471285480509017	9.226867952768605e-7
44.51321520124173	0.010471285480509017	2.2954629129383235e-7
50.941782491215115	0.010471285480509017	5.932269850202346e-8
58.29875895619149	0.010471285480509017	1.4267469782431105e-8
66.71822479745835	0.010471285480509017	3.202566815718862e-9
76.35362398484546	0.010471285480509017	6.754500736028147e-10
87.38056075858388	0.010471285480509017	1.5185201072188547e-10
100.00000000000031	0.010471285480509017	4.680495563205216e-11
111.55639876771902	0.010471285480509017	2.0387663461382435e-11
138.21730389017998	0.010471285480509017	3.7011924377853e-12
171.24990861750976	0.010471285480509017	5.951956691151483e-13
212.17698780180757	0.010471285480509017	1.0923011155534609e-13
262.885244821937	0.010471285480509017	1.5828591963542602e-14
325.7122869971341	0.010471285480509017	8.535080533551528e-16
403.5543872869759	0.010471285480509017	1.2598446872887062e-17
499.9999999999984	0.010471285480509017	1.0090698566795478e-20
1000	0.010471285480509017	0
2000	0.010471285480509017	0
1.	0.012022644346174156	1.3780016352216025
1.9999999999999998	0.012022644346174156	1.1804330097737445
2.288838595949997	0.012022644346174156	1.1019635575258715
2.6193910591551774	0.012022644346174156	1.0135129371944644
2.9976816770403563	0.012022644346174156	0.924544692023418
3.4306047603910415	0.012022644346174156	0.8460020475424348
3.926050291516404	0.012022644346174156	0.7793834579293176
4.493047718431742	0.012022644346174156	0.7090097619300744
5.141930515695824	0.012022644346174156	0.6020404757752043
5.884524511008838	0.012022644346174156	0.45080387616239853
6.734363409805407	0.012022644346174156	0.3286603498952344
7.706935445758021	0.012022644346174156	0.23467963333513198
8.819965652373028	0.012022644346174156	0.1471092073482369
10.093738900052346	0.012022644346174156	0.07078195289152459
11.551469585940843	0.012022644346174156	0.02518402966735774
13.219724714121972	0.012022644346174156	0.007905786403340397
15.128908076758211	0.012022644346174156	0.002907309368624428
17.313814360331925	0.012022644346174156	0.0011673117740924328
19.814263275520517	0.012022644346174156	0.00038430059113877033
22.675825267662994	0.012022644346174156	0.0001147590232566129
25.950652033822625	0.012022644346174156	0.00003717841083981385
29.698426982540767	0.012022644346174156	0.000011295509384318159
33.98745295832107	0.012022644346174156	3.6917109331385753e-6
38.895897054520105	0.012022644346174156	1.093006724246772e-6
44.51321520124173	0.012022644346174156	2.751661445022903e-7
50.941782491215115	0.012022644346174156	7.03842506148471e-8
58.29875895619149	0.012022644346174156	1.6880753262998236e-8
66.71822479745835	0.012022644346174156	3.791381964265811e-9
76.35362398484546	0.012022644346174156	7.988336170649093e-10
87.38056075858388	0.012022644346174156	1.792970327060599e-10
100.00000000000031	0.012022644346174156	5.507656197742077e-11
111.55639876771902	0.012022644346174156	2.3988731180445832e-11
138.21730389017998	0.012022644346174156	4.353746432429572e-12
171.24990861750976	0.012022644346174156	6.999564207117804e-13
212.17698780180757	0.012022644346174156	1.2841752429460823e-13
262.885244821937	0.012022644346174156	1.8609773806643208e-14
325.7122869971341	0.012022644346174156	1.0037043254271951e-15
403.5543872869759	0.012022644346174156	1.4820340529671364e-17
499.9999999999984	0.012022644346174156	1.1877517675105073e-20
1000	0.012022644346174156	0
2000	0.012022644346174156	0
1.	0.01380384264602888	1.4436805842950122
1.9999999999999998	0.01380384264602888	1.3013222475130766
2.288838595949997	0.01380384264602888	1.2295329313780448
2.6193910591551774	0.01380384264602888	1.1414925000353888
2.9976816770403563	0.01380384264602888	1.044892409463502
3.4306047603910415	0.01380384264602888	0.9539528369572452
3.926050291516404	0.01380384264602888	0.8795612414172064
4.493047718431742	0.01380384264602888	0.8085704879465001
5.141930515695824	0.01380384264602888	0.7057002492047
5.884524511008838	0.01380384264602888	0.5522024909266454
6.734363409805407	0.01380384264602888	0.3961144018949728
7.706935445758021	0.01380384264602888	0.28260776024454276
8.819965652373028	0.01380384264602888	0.18186428532642285
10.093738900052346	0.01380384264602888	0.08964709141524857
11.551469585940843	0.01380384264602888	0.03234639799461437
13.219724714121972	0.01380384264602888	0.009958574418226026
15.128908076758211	0.01380384264602888	0.003541959022814611
17.313814360331925	0.01380384264602888	0.0014191911554503668
19.814263275520517	0.01380384264602888	0.00046828718080606935
22.675825267662994	0.01380384264602888	0.00013973592185529435
25.950652033822625	0.01380384264602888	0.000044188478861253145
29.698426982540767	0.01380384264602888	0.000013593801700232134
33.98745295832107	0.01380384264602888	4.396048781884477e-6
38.895897054520105	0.01380384264602888	1.3004571979709784e-6
44.51321520124173	0.01380384264602888	3.3135192851927844e-7
50.941782491215115	0.01380384264602888	8.388413387583215e-8
58.29875895619149	0.01380384264602888	2.0035409422742813e-8
66.71822479745835	0.01380384264602888	4.507611885324909e-9
76.35362398484546	0.01380384264602888	9.479891100133285e-10
87.38056075858388	0.01380384264602888	2.123892966047163e-10
100.00000000000031	0.01380384264602888	6.500538275416568e-11
111.55639876771902	0.01380384264602888	2.8307734651368887e-11
138.21730389017998	0.01380384264602888	5.136054938334326e-12
171.24990861750976	0.01380384264602888	8.25486176308989e-13
212.17698780180757	0.01380384264602888	1.5139609732073318e-13
262.885244821937	0.01380384264602888	2.1940639069519286e-14
325.7122869971341	0.01380384264602888	1.1836675902257442e-15
403.5543872869759	0.01380384264602888	1.748416913780345e-17
499.9999999999984	0.01380384264602888	1.4022178844020845e-20
1000	0.01380384264602888	0
2000	0.01380384264602888	0
1.	0.015848931924611172	1.4716998014993727
1.9999999999999998	0.015848931924611172	1.40910110616514
2.288838595949997	0.015848931924611172	1.353371739262336
2.6193910591551774	0.015848931924611172	1.274351503579974
2.9976816770403563	0.015848931924611172	1.1773315192089577
3.4306047603910415	0.015848931924611172	1.0763210018509057
3.926050291516404	0.015848931924611172	0.9887986024339938
4.493047718431742	0.015848931924611172	0.9141808155384782
5.141930515695824	0.015848931924611172	0.8186725126512903
5.884524511008838	0.015848931924611172	0.6634317661208171
6.734363409805407	0.015848931924611172	0.48242592645089455
7.706935445758021	0.015848931924611172	0.3415316574185334
8.819965652373028	0.015848931924611172	0.22463118467493162
10.093738900052346	0.015848931924611172	0.11460750576178552
11.551469585940843	0.015848931924611172	0.04205639715593281
13.219724714121972	0.015848931924611172	0.0127150426974659
15.128908076758211	0.015848931924611172	0.004350954614959364
17.313814360331925	0.015848931924611172	0.0017364887823447077
19.814263275520517	0.015848931924611172	0.0005744979250256805
22.675825267662994	0.015848931924611172	0.0001713416340019791
25.950652033822625	0.015848931924611172	0.00005279118132808
29.698426982540767	0.015848931924611172	0.00001645017829402222
33.98745295832107	0.015848931924611172	5.2545469409504504e-6
38.895897054520105	0.015848931924611172	1.556556483689758e-6
44.51321520124173	0.015848931924611172	4.0136461600642734e-7
50.941782491215115	0.015848931924611172	1.0056289776987772e-7
58.29875895619149	0.015848931924611172	2.3891082369098258e-8
66.71822479745835	0.015848931924611172	5.390340981137024e-9
76.35362398484546	0.015848931924611172	1.130449536001257e-9
87.38056075858388	0.015848931924611172	2.5275759294483115e-10
100.00000000000031	0.015848931924611172	7.706230834339707e-11
111.55639876771902	0.015848931924611172	3.3547204262048425e-11
138.21730389017998	0.015848931924611172	6.084488315510277e-12
171.24990861750976	0.015848931924611172	9.77596816240078e-13
212.17698780180757	0.015848931924611172	1.7922302180558574e-13
262.885244821937	0.015848931924611172	2.5974601324534966e-14
325.7122869971341	0.015848931924611172	1.401724578384396e-15
403.5543872869759	0.015848931924611172	2.0714088299876894e-17
499.9999999999984	0.015848931924611172	1.662580804737854e-20
1000	0.015848931924611172	0
2000	0.015848931924611172	0
1.	0.01819700858609988	1.4570998071630759
1.9999999999999998	0.01819700858609988	1.4904601406387872
2.288838595949997	0.01819700858609988	1.4613703940524467
2.6193910591551774	0.01819700858609988	1.4049201122410782
2.9976816770403563	0.01819700858609988	1.3178500245185474
3.4306047603910415	0.01819700858609988	1.211859477908859
3.926050291516404	0.01819700858609988	1.1094803861626308
4.493047718431742	0.01819700858609988	1.025630726106052
5.141930515695824	0.01819700858609988	0.9378583034381947
5.884524511008838	0.01819700858609988	0.7904473714454092
6.734363409805407	0.01819700858609988	0.5868988063753122
7.706935445758021	0.01819700858609988	0.4149100925945171
8.819965652373028	0.01819700858609988	0.27817974981279336
10.093738900052346	0.01819700858609988	0.14710269335775175
11.551469585940843	0.01819700858609988	0.055549769316180594
13.219724714121972	0.01819700858609988	0.016463873631354587
15.128908076758211	0.01819700858609988	0.005401232377684664
17.313814360331925	0.01819700858609988	0.002137763431827069
19.814263275520517	0.01819700858609988	0.000711209518948693
22.675825267662994	0.01819700858609988	0.00021169902285953158
25.950652033822625	0.01819700858609988	0.00006345111406510412
29.698426982540767	0.01819700858609988	0.00002003402807778921
33.98745295832107	0.01819700858609988	6.29518471329174e-6
38.895897054520105	0.01819700858609988	1.870223906287888e-6
44.51321520124173	0.01819700858609988	4.87867388009503e-7
50.941782491215115	0.01819700858609988	1.209725389187281e-7
58.29875895619149	0.01819700858609988	2.8564626662494953e-8
66.71822479745835	0.01819700858609988	6.469018745105464e-9
76.35362398484546	0.01819700858609988	1.3514889549622858e-9
87.38056075858388	0.01819700858609988	3.0149361555368046e-10
100.00000000000031	0.01819700858609988	9.15439269037634e-11
111.55639876771902	0.01819700858609988	3.9831255949265234e-11
138.21730389017998	0.01819700858609988	7.221273753097667e-12
171.24990861750976	0.01819700858609988	1.1598009521092792e-12
212.17698780180757	0.01819700858609988	2.1253074721237226e-13
262.885244821937	0.01819700858609988	3.0803545101857567e-14
325.7122869971341	0.01819700858609988	1.6629055321235428e-15
403.5543872869759	0.01819700858609988	2.4585811244525375e-17
499.9999999999984	0.01819700858609988	1.975147788772868e-20
1000	0.01819700858609988	0
2000	0.01819700858609988	0
1.	0.02089296130854045	1.3965508689791823
1.9999999999999998	0.02089296130854045	1.5346193662407814
2.288838595949997	0.02089296130854045	1.540698831948532
2.6193910591551774	0.02089296130854045	1.5167082213898149
2.9976816770403563	0.02089296130854045	1.454467660954068
3.4306047603910415	0.02089296130854045	1.3567968386922633
3.926050291516404	0.02089296130854045	1.2442680159100146
4.493047718431742	0.02089296130854045	1.1476786370784295
5.141930515695824	0.02089296130854045	1.065278078992195
5.884524511008838	0.02089296130854045	0.9323388122724111
6.734363409805407	0.02089296130854045	0.7154344178585689
7.706935445758021	0.02089296130854045	0.5050966906170019
8.819965652373028	0.02089296130854045	0.3459166496373971
10.093738900052346	0.02089296130854045	0.18995529402125305
11.551469585940843	0.02089296130854045	0.07412535008967645
13.219724714121972	0.02089296130854045	0.021750230547762515
15.128908076758211	0.02089296130854045	0.0067958246518334715
17.313814360331925	0.02089296130854045	0.002647892578555857
19.814263275520517	0.02089296130854045	0.0008892252750626205
22.675825267662994	0.02089296130854045	0.00026404080452996327
25.950652033822625	0.02089296130854045	0.00007685514933398949
29.698426982540767	0.02089296130854045	0.00002458992747597376
33.98745295832107	0.02089296130854045	7.559598641275156e-6
38.895897054520105	0.02089296130854045	2.2630275409213187e-6
44.51321520124173	0.02089296130854045	5.968950392692804e-7
50.941782491215115	0.02089296130854045	1.4644922679081404e-7
58.29875895619149	0.02089296130854045	3.436696330496259e-8
66.71822479745835	0.02089296130854045	7.81592225826341e-9
76.35362398484546	0.02089296130854045	1.6251012453151754e-9
87.38056075858388	0.02089296130854045	3.615922117876396e-10
100.00000000000031	0.02089296130854045	1.0931155529273706e-10
111.55639876771902	0.02089296130854045	4.752765727360206e-11
138.21730389017998	0.02089296130854045	8.612514069545257e-12
171.24990861750976	0.02089296130854045	1.3826411981172333e-12
212.17698780180757	0.02089296130854045	2.532350805836069e-13
262.885244821937	0.02089296130854045	3.67052842230188e-14
325.7122869971341	0.02089296130854045	1.9823065030184227e-15
403.5543872869759	0.02089296130854045	2.9324869453820115e-17
499.9999999999984	0.02089296130854045	2.3583428948273432e-20
1000	0.02089296130854045	0
2000	0.02089296130854045	0
1.	0.023988329190194974	1.292248876333547
1.9999999999999998	0.023988329190194974	1.5248994105288989
2.288838595949997	0.023988329190194974	1.5689995087570239
2.6193910591551774	0.023988329190194974	1.590020076532012
2.9976816770403563	0.023988329190194974	1.5707703467763625
3.4306047603910415	0.023988329190194974	1.502140025841017
3.926050291516404	0.023988329190194974	1.3944812260177908
4.493047718431742	0.023988329190194974	1.283321672319298
5.141930515695824	0.023988329190194974	1.1937410108199091
5.884524511008838	0.023988329190194974	1.0813901060243893
6.734363409805407	0.023988329190194974	0.8712455617574014
7.706935445758021	0.023988329190194974	0.6218463455747156
8.819965652373028	0.023988329190194974	0.42737860368872516
10.093738900052346	0.023988329190194974	0.24711467612788368
11.551469585940843	0.023988329190194974	0.10001337160713877
13.219724714121972	0.023988329190194974	0.02930862371038632
15.128908076758211	0.023988329190194974	0.008700061891858627
17.313814360331925	0.023988329190194974	0.003306314381631564
19.814263275520517	0.023988329190194974	0.0011224546213125166
22.675825267662994	0.023988329190194974	0.00033189188845022193
25.950652033822625	0.023988329190194974	0.0000941514653523806
29.698426982540767	0.023988329190194974	0.000030408826346815957
33.98745295832107	0.023988329190194974	9.096789133537225e-6
38.895897054520105	0.023988329190194974	2.756698837945023e-6
44.51321520124173	0.023988329190194974	7.346500097604945e-7
50.941782491215115	0.023988329190194974	1.782806840041135e-7
58.29875895619149	0.023988329190194974	4.1616753482770364e-8
66.71822479745835	0.023988329190194974	9.501565524221842e-9
76.35362398484546	0.023988329190194974	1.9647770332030333e-9
87.38056075858388	0.023988329190194974	4.3584671767461727e-10
100.00000000000031	0.023988329190194974	1.3114341276137948e-10
111.55639876771902	0.023988329190194974	5.696310250196861e-11
138.21730389017998	0.023988329190194974	1.0316712681019797e-11
171.24990861750976	0.023988329190194974	1.6554077030166887e-12
212.17698780180757	0.023988329190194974	3.0301271116901145e-13
262.885244821937	0.023988329190194974	4.3923460007572206e-14
325.7122869971341	0.023988329190194974	2.3732252453491007e-15
403.5543872869759	0.023988329190194974	3.5130830063625695e-17
499.9999999999984	0.023988329190194974	2.8286702452245603e-20
1000	0.023988329190194974	0
2000	0.023988329190194974	0
1.	0.027542287033381744	1.155440499145482
1.9999999999999998	0.027542287033381744	1.4531302618498008
2.288838595949997	0.027542287033381744	1.535289723610772
2.6193910591551774	0.027542287033381744	1.6059000525439668
2.9976816770403563	0.027542287033381744	1.6453596731241522
3.4306047603910415	0.027542287033381744	1.6312287553660378
3.926050291516404	0.027542287033381744	1.5507093692097749
4.493047718431742	0.027542287033381744	1.4324699316219196
5.141930515695824	0.027542287033381744	1.3263094495173033
5.884524511008838	0.027542287033381744	1.230108480663218
6.734363409805407	0.027542287033381744	1.0460983773540098
7.706935445758021	0.027542287033381744	0.7652357920331554
8.819965652373028	0.027542287033381744	0.530146543336554
10.093738900052346	0.027542287033381744	0.32035683563343836
11.551469585940843	0.027542287033381744	0.13684269446573266
13.219724714121972	0.027542287033381744	0.04032538482432854
15.128908076758211	0.027542287033381744	0.011357963654812037
17.313814360331925	0.027542287033381744	0.004149291321686216
19.814263275520517	0.027542287033381744	0.0014325187704173842
22.675825267662994	0.027542287033381744	0.00041989233769216183
25.950652033822625	0.027542287033381744	0.00011645536304960558
29.698426982540767	0.027542287033381744	0.00003776530458867534
33.98745295832107	0.027542287033381744	0.000010969987054661475
38.895897054520105	0.027542287033381744	3.3695323248596237e-6
44.51321520124173	0.027542287033381744	9.065180279135969e-7
50.941782491215115	0.027542287033381744	2.174716255737336e-7
58.29875895619149	0.027542287033381744	5.059795454910683e-8
66.71822479745835	0.027542287033381744	1.1581097400457506e-8
76.35362398484546	0.027542287033381744	2.381028266545795e-9
87.38056075858388	0.027542287033381744	5.262690707777317e-10
100.00000000000031	0.027542287033381744	1.575577515437019e-10
111.55639876771902	0.027542287033381744	6.834599133959419e-11
138.21730389017998	0.027542287033381744	1.2370591448281851e-11
171.24990861750976	0.027542287033381744	1.9838422066581535e-12
212.17698780180757	0.027542287033381744	3.6288264954765426e-13
262.885244821937	0.027542287033381744	5.260631454705191e-14
325.7122869971341	0.027542287033381744	2.843878878179521e-15
403.5543872869759	0.027542287033381744	4.2129427762153163e-17
499.9999999999984	0.027542287033381744	3.3968518828651774e-20
1000	0.027542287033381744	0
2000	0.027542287033381744	0
1.	0.03162277660168389	0.9912879412826332
1.9999999999999998	0.03162277660168389	1.323430743722975
2.288838595949997	0.03162277660168389	1.4341100421699882
2.6193910591551774	0.03162277660168389	1.5512806077439822
2.9976816770403563	0.03162277660168389	1.6564801595194865
3.4306047603910415	0.03162277660168389	1.7141193141746687
3.926050291516404	0.03162277660168389	1.6922091379247657
4.493047718431742	0.03162277660168389	1.5936194726568085
5.141930515695824	0.03162277660168389	1.4752290812317195
5.884524511008838	0.03162277660168389	1.3818683448227906
6.734363409805407	0.03162277660168389	1.2339879125725552
7.706935445758021	0.03162277660168389	0.9458983130769961
8.819965652373028	0.03162277660168389	0.6547294229581518
10.093738900052346	0.03162277660168389	0.416125367434554
11.551469585940843	0.03162277660168389	0.18815746207343534
13.219724714121972	0.03162277660168389	0.05703916164272101
15.128908076758211	0.03162277660168389	0.015129541840493203
17.313814360331925	0.03162277660168389	0.005246904171312679
19.814263275520517	0.03162277660168389	0.001845477589348569
22.675825267662994	0.03162277660168389	0.000535545327958243
25.950652033822625	0.03162277660168389	0.00014558054478692065
29.698426982540767	0.03162277660168389	0.000047080634032171894
33.98745295832107	0.03162277660168389	0.00001329435723711246
38.895897054520105	0.03162277660168389	4.143791051195524e-6
44.51321520124173	0.03162277660168389	1.1243081675742535e-6
50.941782491215115	0.03162277660168389	2.6650295510606243e-7
58.29875895619149	0.03162277660168389	6.19784376260835e-8
66.71822479745835	0.03162277660168389	1.4184855209247306e-8
76.35362398484546	0.03162277660168389	2.9004921039151216e-9
87.38056075858388	0.03162277660168389	6.382557666561945e-10
100.00000000000031	0.03162277660168389	1.9005298823447135e-10
111.55639876771902	0.03162277660168389	8.230260410549609e-11
138.21730389017998	0.03162277660168389	1.488623097728603e-11
171.24990861750976	0.03162277660168389	2.385729379702243e-12
212.17698780180757	0.03162277660168389	4.3605330511702775e-13
262.885244821937	0.03162277660168389	6.321958159683828e-14
325.7122869971341	0.03162277660168389	3.419706775200679e-15
403.5543872869759	0.03162277660168389	5.070318375322683e-17
499.9999999999984	0.03162277660168389	4.0946194767730574e-20
1000	0.03162277660168389	0
2000	0.03162277660168389	0
1.	0.03630780547701025	0.8163108261583039
1.9999999999999998	0.03630780547701025	1.1494198006533627
2.288838595949997	0.03630780547701025	1.2755791876477467
2.6193910591551774	0.03630780547701025	1.4273602478795886
2.9976816770403563	0.03630780547701025	1.5845203601211306
3.4306047603910415	0.03630780547701025	1.7187505556212095
3.926050291516404	0.03630780547701025	1.7862199959938942
4.493047718431742	0.03630780547701025	1.752960255938251
5.141930515695824	0.03630780547701025	1.641110094502365
5.884524511008838	0.03630780547701025	1.5281295711615603
6.734363409805407	0.03630780547701025	1.4160992880405718
7.706935445758021	0.03630780547701025	1.161011433914375
8.819965652373028	0.03630780547701025	0.8174385468309728
10.093738900052346	0.03630780547701025	0.5350028493456632
11.551469585940843	0.03630780547701025	0.26131881241781185
13.219724714121972	0.03630780547701025	0.08221094467080003
15.128908076758211	0.03630780547701025	0.02078105676829179
17.313814360331925	0.03630780547701025	0.006704767389710669
19.814263275520517	0.03630780547701025	0.0024080638747343928
22.675825267662994	0.03630780547701025	0.0006937772930453417
25.950652033822625	0.03630780547701025	0.00018504350634245193
29.698426982540767	0.03630780547701025	0.00005893194650888106
33.98745295832107	0.03630780547701025	0.00001622407224534891
38.895897054520105	0.03630780547701025	5.133807963774022e-6
44.51321520124173	0.03630780547701025	1.4030217501968014e-6
50.941782491215115	0.03630780547701025	3.28599814389328e-7
58.29875895619149	0.03630780547701025	7.662102821146489e-8
66.71822479745835	0.03630780547701025	1.7470724463284703e-8
76.35362398484546	0.03630780547701025	3.5564707460587198e-9
87.38056075858388	0.03630780547701025	7.783487335602771e-10
100.00000000000031	0.03630780547701025	2.304196407527574e-10
111.55639876771902	0.03630780547701025	9.957249554068695e-11
138.21730389017998	0.03630780547701025	1.7995614762534613e-11
171.24990861750976	0.03630780547701025	2.8819273701079797e-12
212.17698780180757	0.03630780547701025	5.262724892698106e-13
262.885244821937	0.03630780547701025	7.630760472070599e-14
325.7122869971341	0.03630780547701025	4.130543028000093e-15
403.5543872869759	0.03630780547701025	6.130318838925689e-17
499.9999999999984	0.03630780547701025	4.959590857989436e-20
1000	0.03630780547701025	0
2000	0.03630780547701025	0
1.	0.04168693834703368	0.6455760532111734
1.9999999999999998	0.04168693834703368	0.9536357525929304
2.288838595949997	0.04168693834703368	1.0800480506598034
2.6193910591551774	0.04168693834703368	1.2386491368254664
2.9976816770403563	0.04168693834703368	1.427519409162619
3.4306047603910415	0.04168693834703368	1.6277605030811444
3.926050291516404	0.04168693834703368	1.7990794338139455
4.493047718431742	0.04168693834703368	1.8728798620418527
5.141930515695824	0.04168693834703368	1.8109808279585131
5.884524511008838	0.04168693834703368	1.6909906026203056
6.734363409805407	0.04168693834703368	1.5952102983959424
7.706935445758021	0.04168693834703368	1.3961523596216636
8.819965652373028	0.04168693834703368	1.0185730682717855
10.093738900052346	0.04168693834703368	0.6849725016678345
11.551469585940843	0.04168693834703368	0.3617726024841695
13.219724714121972	0.04168693834703368	0.12137318074179262
15.128908076758211	0.04168693834703368	0.029426910161412752
17.313814360331925	0.04168693834703368	0.00873395591939237
19.814263275520517	0.04168693834703368	0.0031627381634216577
22.675825267662994	0.04168693834703368	0.0009081707036735703
25.950652033822625	0.04168693834703368	0.0002390152680945324
29.698426982540767	0.04168693834703368	0.00007384737715748067
33.98745295832107	0.04168693834703368	0.000019984722388820868
38.895897054520105	0.04168693834703368	6.419318126443414e-6
44.51321520124173	0.04168693834703368	1.7641278523495718e-6
50.941782491215115	0.04168693834703368	4.0866437682135647e-7
58.29875895619149	0.04168693834703368	9.57429673776599e-8
66.71822479745835	0.04168693834703368	2.1658693901330635e-8
76.35362398484546	0.04168693834703368	4.396064279277996e-9
87.38056075858388	0.04168693834703368	9.556490813712387e-10
100.00000000000031	0.04168693834703368	2.8113784615624044e-10
111.55639876771902	0.04168693834703368	1.2117571338035038e-10
138.21730389017998	0.04168693834703368	2.188069828590538e-11
171.24990861750976	0.04168693834703368	3.5011574997438137e-12
212.17698780180757	0.04168693834703368	6.386902815655798e-13
262.885244821937	0.04168693834703368	9.261886561176803e-14
325.7122869971341	0.04168693834703368	5.017501651570172e-15
403.5543872869759	0.04168693834703368	7.455077615727015e-17
499.9999999999984	0.04168693834703368	6.043863866859021e-20
1000	0.04168693834703368	0
2000	0.04168693834703368	0
1.	0.047863009232264	0.493088837788636
1.9999999999999998	0.047863009232264	0.7527317590492496
2.288838595949997	0.047863009232264	0.8650611867104148
2.6193910591551774	0.047863009232264	1.014460243715557
2.9976816770403563	0.047863009232264	1.2074305962816094
3.4306047603910415	0.047863009232264	1.4436721605826754
3.926050291516404	0.047863009232264	1.7017798250705471
4.493047718431742	0.047863009232264	1.8984890766296392
5.141930515695824	0.047863009232264	1.9577500215957504
5.884524511008838	0.047863009232264	1.869929620768687
6.734363409805407	0.047863009232264	1.755669778957174
7.706935445758021	0.047863009232264	1.6260608830735703
8.819965652373028	0.047863009232264	1.2752017525057031
10.093738900052346	0.047863009232264	0.8663815230246155
11.551469585940843	0.047863009232264	0.500161873898236
13.219724714121972	0.047863009232264	0.1811213373005316
15.128908076758211	0.047863009232264	0.04338341280938764
17.313814360331925	0.047863009232264	0.011619363026231521
19.814263275520517	0.047863009232264	0.004183561010967352
22.675825267662994	0.047863009232264	0.00120881365669756
25.950652033822625	0.047863009232264	0.000314235243240176
29.698426982540767	0.047863009232264	0.00009253170700511854
33.98745295832107	0.047863009232264	0.00002507874896943614
38.895897054520105	0.047863009232264	8.027692994489726e-6
44.51321520124173	0.047863009232264	2.213494036161503e-6
50.941782491215115	0.047863009232264	5.084552312376662e-7
58.29875895619149	0.047863009232264	1.1965603200861618e-7
66.71822479745835	0.047863009232264	2.6754419580355738e-8
76.35362398484546	0.047863009232264	5.423282733351518e-9
87.38056075858388	0.047863009232264	1.1693131738739278e-9
100.00000000000031	0.047863009232264	3.416950719197555e-10
111.55639876771902	0.047863009232264	1.4682167044867648e-10
138.21730389017998	0.047863009232264	2.6485850372306325e-11
171.24990861750976	0.047863009232264	4.233975251107508e-12
212.17698780180757	0.047863009232264	7.714559196778852e-13
262.885244821937	0.047863009232264	1.118870244964271e-13
325.7122869971341	0.047863009232264	6.0668962985444e-15
403.5543872869759	0.047863009232264	9.025925829343946e-17
499.9999999999984	0.047863009232264	7.334727312551858e-20
1000	0.047863009232264	0
2000	0.047863009232264	0
1.	0.05495408738576265	0.36849822163281376
1.9999999999999998	0.05495408738576265	0.5676633292161007
2.288838595949997	0.05495408738576265	0.6597899173257472
2.6193910591551774	0.05495408738576265	0.7866708975626331
2.9976816770403563	0.05495408738576265	0.962520349227349
3.4306047603910415	0.05495408738576265	1.1983532361333222
3.926050291516404	0.05495408738576265	1.489740535291774
4.493047718431742	0.05495408738576265	1.7972389427542517
5.141930515695824	0.05495408738576265	2.0211799033530746
5.884524511008838	0.05495408738576265	2.044489107820003
6.734363409805407	0.05495408738576265	1.9349093419883385
7.706935445758021	0.05495408738576265	1.838170075679988
8.819965652373028	0.05495408738576265	1.5686105309917775
10.093738900052346	0.05495408738576265	1.0935185397467708
11.551469585940843	0.05495408738576265	0.6792013258152879
13.219724714121972	0.05495408738576265	0.27352415703401634
15.128908076758211	0.05495408738576265	0.06660187171790938
17.313814360331925	0.05495408738576265	0.016021032127251665
19.814263275520517	0.05495408738576265	0.005566291090752877
22.675825267662994	0.05495408738576265	0.0016381798531368025
25.950652033822625	0.05495408738576265	0.0004220836202415813
29.698426982540767	0.05495408738576265	0.00011661542551343499
33.98745295832107	0.05495408738576265	0.00003210761437138425
38.895897054520105	0.05495408738576265	0.000010149709401337217
44.51321520124173	0.05495408738576265	2.8001524663967295e-6
50.941782491215115	0.05495408738576265	6.4040441884647e-7
58.29875895619149	0.05495408738576265	1.5081196738129125e-7
66.71822479745835	0.05495408738576265	3.325930002248326e-8
76.35362398484546	0.05495408738576265	6.740044041057092e-9
87.38056075858388	0.05495408738576265	1.4389758754398337e-9
100.00000000000031	0.05495408738576265	4.1749348572683656e-10
111.55639876771902	0.05495408738576265	1.78741021757209e-10
138.21730389017998	0.05495408738576265	3.2209965121725447e-11
171.24990861750976	0.05495408738576265	5.143387216033831e-12
212.17698780180757	0.05495408738576265	9.358800307720522e-13
262.885244821937	0.05495408738576265	1.3575515263831864e-13
325.7122869971341	0.05495408738576265	7.368851657491947e-15
403.5543872869759	0.05495408738576265	1.0979169531308926e-16
499.9999999999984	0.05495408738576265	8.94614222962441e-20
1000	0.05495408738576265	0
2000	0.05495408738576265	0
1.	0.06309573444801955	0.2788187757022264
1.9999999999999998	0.06309573444801955	0.41444256968995785
2.288838595949997	0.06309573444801955	0.4823791521818773
2.6193910591551774	0.06309573444801955	0.5798347652694986
2.9976816770403563	0.06309573444801955	0.7207480076081585
3.4306047603910415	0.06309573444801955	0.9225777518244946
3.926050291516404	0.06309573444801955	1.202959073472657
4.493047718431742	0.06309573444801955	1.5633073656203418
5.141930515695824	0.06309573444801955	1.933359202145731
5.884524511008838	0.06309573444801955	2.149609705290364
6.734363409805407	0.06309573444801955	2.1266901934424034
7.706935445758021	0.06309573444801955	2.0186511994491485
8.819965652373028	0.06309573444801955	1.8650015113908578
10.093738900052346	0.06309573444801955	1.3912981988387905
11.551469585940843	0.06309573444801955	0.8995022575633738
13.219724714121972	0.06309573444801955	0.4128057811125727
15.128908076758211	0.06309573444801955	0.1068729462319313
17.313814360331925	0.06309573444801955	0.02304155448600937
19.814263275520517	0.06309573444801955	0.007417698901166454
22.675825267662994	0.06309573444801955	0.002253240351765425
25.950652033822625	0.06309573444801955	0.0005739973951447284
29.698426982540767	0.06309573444801955	0.000148209493224202
33.98745295832107	0.06309573444801955	0.00004192651647291745
38.895897054520105	0.06309573444801955	0.000012861730474645239
44.51321520124173	0.06309573444801955	3.539865889324935e-6
50.941782491215115	0.06309573444801955	8.098734755313343e-7
58.29875895619149	0.06309573444801955	1.8947380573278226e-7
66.71822479745835	0.06309573444801955	4.122956945974548e-8
76.35362398484546	0.06309573444801955	8.349760233508814e-9
87.38056075858388	0.06309573444801955	1.7622324638027424e-9
100.00000000000031	0.06309573444801955	5.073303986272164e-10
111.55639876771902	0.06309573444801955	2.1630110152640378e-10
138.21730389017998	0.06309573444801955	3.893323827624363e-11
171.24990861750976	0.06309573444801955	6.20922440088275e-12
212.17698780180757	0.06309573444801955	1.1280533713270515e-12
262.885244821937	0.06309573444801955	1.636598706797709e-13
325.7122869971341	0.06309573444801955	8.894244365905129e-15
403.5543872869759	0.06309573444801955	1.3274334656493593e-16
499.9999999999984	0.06309573444801955	1.0849864235378625e-19
1000	0.06309573444801955	0
2000	0.06309573444801955	0
1.	0.07244359600749928	0.21795302599595084
1.9999999999999998	0.07244359600749928	0.2976730498726248
2.288838595949997	0.07244359600749928	0.3419288448585362
2.6193910591551774	0.07244359600749928	0.40907635732618913
2.9976816770403563	0.07244359600749928	0.5106516950392994
3.4306047603910415	0.07244359600749928	0.6669103609011737
3.926050291516404	0.07244359600749928	0.9012603040028278
4.493047718431742	0.07244359600749928	1.2419187664741067
5.141930515695824	0.07244359600749928	1.67610040609609
5.884524511008838	0.07244359600749928	2.102650971899044
6.734363409805407	0.07244359600749928	2.281969670313573
7.706935445758021	0.07244359600749928	2.206850271379506
8.819965652373028	0.07244359600749928	2.1122702638314266
10.093738900052346	0.07244359600749928	1.750194363543546
11.551469585940843	0.07244359600749928	1.1699819900155328
13.219724714121972	0.07244359600749928	0.6139872492309005
15.128908076758211	0.07244359600749928	0.1763754478489291
17.313814360331925	0.07244359600749928	0.03503985093752737
19.814263275520517	0.07244359600749928	0.009977097007470946
22.675825267662994	0.07244359600749928	0.0031509914069687496
25.950652033822625	0.07244359600749928	0.0007909284750425518
29.698426982540767	0.07244359600749928	0.0001921311229682806
33.98745295832107	0.07244359600749928	0.000055703890438281674
38.895897054520105	0.07244359600749928	0.000016398622075185022
44.51321520124173	0.07244359600749928	4.491697259114159e-6
50.941782491215115	0.07244359600749928	1.0320561442179117e-6
58.29875895619149	0.07244359600749928	2.377502118337192e-7
66.71822479745835	0.07244359600749928	5.118745938546505e-8
76.35362398484546	0.07244359600749928	1.0335730631993408e-8
87.38056075858388	0.07244359600749928	2.15307018334402e-9
100.00000000000031	0.07244359600749928	6.144733764953974e-10
111.55639876771902	0.07244359600749928	2.6075780387848814e-10
138.21730389017998	0.07244359600749928	4.68754428313227e-11
171.24990861750976	0.07244359600749928	7.465241757754879e-12
212.17698780180757	0.07244359600749928	1.3538102623091753e-12
262.885244821937	0.07244359600749928	1.964513766764184e-13
325.7122869971341	0.07244359600749928	1.0691066314793017e-14
403.5543872869759	0.07244359600749928	1.5987035486209526e-16
499.9999999999984	0.07244359600749928	1.311325940407418e-19
1000	0.07244359600749928	0
2000	0.07244359600749928	0
1.	0.08317637711026743	0.1761720891059105
1.9999999999999998	0.08317637711026743	0.22040716478440636
2.288838595949997	0.08317637711026743	0.24592108073163865
2.6193910591551774	0.08317637711026743	0.2863044440126305
2.9976816770403563	0.08317637711026743	0.3513717488951032
3.4306047603910415	0.08317637711026743	0.4570060875150018
3.926050291516404	0.08317637711026743	0.6276767230280773
4.493047718431742	0.08317637711026743	0.8991166388322929
5.141930515695824	0.08317637711026743	1.3110111504489863
5.884524511008838	0.08317637711026743	1.8464329238123969
6.734363409805407	0.08317637711026743	2.2943103622443526
7.706935445758021	0.08317637711026743	2.4051390581338183
8.819965652373028	0.08317637711026743	2.318509898541169
10.093738900052346	0.08317637711026743	2.1208328642082854
11.551469585940843	0.08317637711026743	1.5083120580669427
13.219724714121972	0.08317637711026743	0.8887307286012792
15.128908076758211	0.08317637711026743	0.2950258654264994
17.313814360331925	0.08317637711026743	0.05655830832867164
19.814263275520517	0.08317637711026743	0.013762820470708067
22.675825267662994	0.08317637711026743	0.004458971270637687
25.950652033822625	0.08317637711026743	0.0010970285893721165
29.698426982540767	0.08317637711026743	0.00025547372885224504
33.98745295832107	0.08317637711026743	0.0000748911396952741
38.895897054520105	0.08317637711026743	0.000021066822342422694
44.51321520124173	0.08317637711026743	5.7361208601689796e-6
50.941782491215115	0.08317637711026743	1.326263726622225e-6
58.29875895619149	0.08317637711026743	2.9862720415918755e-7
66.71822479745835	0.08317637711026743	6.383610028551065e-8
76.35362398484546	0.08317637711026743	1.280186653603396e-8
87.38056075858388	0.08317637711026743	2.6291212302440497e-9
100.00000000000031	0.08317637711026743	7.425584093999081e-10
111.55639876771902	0.08317637711026743	3.1349494901406176e-10
138.21730389017998	0.08317637711026743	5.6274735587021876e-11
171.24990861750976	0.08317637711026743	8.947535171544159e-12
212.17698780180757	0.08317637711026743	1.619274786190019e-12
262.885244821937	0.08317637711026743	2.3502707758498383e-13
325.7122869971341	0.08317637711026743	1.281059410691758e-14
403.5543872869759	0.08317637711026743	1.919900818107069e-16
499.9999999999984	0.08317637711026743	1.5811537479545296e-19
1000	0.08317637711026743	0
2000	0.08317637711026743	0
1.	0.09549925860214398	0.1431961107803926
1.9999999999999998	0.09549925860214398	0.16990916964423416
2.288838595949997	0.09549925860214398	0.18397013976907872
2.6193910591551774	0.09549925860214398	0.20539837367042826
2.9976816770403563	0.09549925860214398	0.241783610861527
3.4306047603910415	0.09549925860214398	0.30443858492196324
3.926050291516404	0.09549925860214398	0.41604880848361153
4.493047718431742	0.09549925860214398	0.6057542221661891
5.141930515695824	0.09549925860214398	0.9282956350627296
5.884524511008838	0.09549925860214398	1.4313648143814155
6.734363409805407	0.09549925860214398	2.075662235917486
7.706935445758021	0.09549925860214398	2.503897662934459
8.819965652373028	0.09549925860214398	2.524309228907901
10.093738900052346	0.09549925860214398	2.4232260215396106
11.551469585940843	0.09549925860214398	1.9374686930988607
13.219724714121972	0.09549925860214398	1.2272593630097792
15.128908076758211	0.09549925860214398	0.4934008730423983
17.313814360331925	0.09549925860214398	0.09830420954426264
19.814263275520517	0.09549925860214398	0.019912330696531307
22.675825267662994	0.09549925860214398	0.006360426587029708
25.950652033822625	0.09549925860214398	0.0015617687244417068
29.698426982540767	0.09549925860214398	0.00035173308839020945
33.98745295832107	0.09549925860214398	0.00009927478702905904
38.895897054520105	0.09549925860214398	0.000027421921767042263
44.51321520124173	0.09549925860214398	7.423662827231546e-6
50.941782491215115	0.09549925860214398	1.7280990589671191e-6
58.29875895619149	0.09549925860214398	3.7910747136740996e-7
66.71822479745835	0.09549925860214398	8.0578628292591e-8
76.35362398484546	0.09549925860214398	1.5987619002549594e-8
87.38056075858388	0.09549925860214398	3.235059119010768e-9
100.00000000000031	0.09549925860214398	9.016929509709281e-10
111.55639876771902	0.09549925860214398	3.785790785998453e-10
138.21730389017998	0.09549925860214398	6.784268674107299e-11
171.24990861750976	0.09549925860214398	1.0766733780868111e-11
212.17698780180757	0.09549925860214398	1.9439039619602797e-12
262.885244821937	0.09549925860214398	2.8221566858635254e-13
325.7122869971341	0.09549925860214398	1.5410502020106716e-14
403.5543872869759	0.09549925860214398	2.315404494412468e-16
499.9999999999984	0.09549925860214398	1.915654580548373e-19
1000	0.09549925860214398	0
2000	0.09549925860214398	0
1.	0.10964781961431896	0.11641034150210634
1.9999999999999998	0.10964781961431896	0.1344294523443117
2.288838595949997	0.10964781961431896	0.14300148065629206
2.6193910591551774	0.10964781961431896	0.15576768889688744
2.9976816770403563	0.10964781961431896	0.17581797179150593
3.4306047603910415	0.10964781961431896	0.20957679678790617
3.926050291516404	0.10964781961431896	0.27070791200364214
4.493047718431742	0.10964781961431896	0.3854593468734239
5.141930515695824	0.10964781961431896	0.5992734650532604
5.884524511008838	0.10964781961431896	0.9883910046737312
6.734363409805407	0.10964781961431896	1.6208283770287562
7.706935445758021	0.10964781961431896	2.356188439740938
8.819965652373028	0.10964781961431896	2.6973364614364557
10.093738900052346	0.10964781961431896	2.6479106349014705
11.551469585940843	0.10964781961431896	2.4043091304966375
13.219724714121972	0.10964781961431896	1.630654137679697
15.128908076758211	0.10964781961431896	0.8025847619947929
17.313814360331925	0.10964781961431896	0.18145707535630679
19.814263275520517	0.10964781961431896	0.030930770337946754
22.675825267662994	0.10964781961431896	0.009047673570096993
25.950652033822625	0.10964781961431896	0.0022862997964295953
29.698426982540767	0.10964781961431896	0.00047876820421640276
33.98745295832107	0.10964781961431896	0.00013285636580001107
38.895897054520105	0.10964781961431896	0.00003479806480031775
44.51321520124173	0.10964781961431896	9.374510267094188e-6
50.941782491215115	0.10964781961431896	2.199359254066864e-6
58.29875895619149	0.10964781961431896	4.704408290540026e-7
66.71822479745835	0.10964781961431896	9.91910413471782e-8
76.35362398484546	0.10964781961431896	1.943977447923889e-8
87.38056075858388	0.10964781961431896	3.875802152988819e-9
100.00000000000031	0.10964781961431896	1.0618522695332592e-9
111.55639876771902	0.10964781961431896	4.4320381677195417e-10
138.21730389017998	0.10964781961431896	7.925977557931577e-11
171.24990861750976	0.10964781961431896	1.2551882872678642e-11
212.17698780180757	0.10964781961431896	2.2600726141311456e-12
262.885244821937	0.10964781961431896	3.2820824819317973e-13
325.7122869971341	0.10964781961431896	1.7959102813756993e-14
403.5543872869759	0.10964781961431896	2.706137480070929e-16
499.9999999999984	0.10964781961431896	2.250669304415164e-19
1000	0.10964781961431896	0
2000	0.10964781961431896	0