1.	0.001	0.0118527
1.9999999999999998	0.001	0.0106602
2.288838595949997	0.001	0.01033590157642091
2.6193910591551774	0.001	0.010018999255015967
2.9976816770403563	0.001	0.009752919294660658
3.4306047603910415	0.001	0.009570839181860335
3.926050291516404	0.001	0.009485689986478163
4.493047718431742	0.001	0.009459390105829357
5.141930515695824	0.001	0.009371789781975648
5.884524511008838	0.001	0.009057836656660045
6.734363409805407	0.001	0.008427977232587655
7.706935445758021	0.001	0.007638633696241858
8.819965652373028	0.001	0.006966802624247531
10.093738900052346	0.001	0.006314820342512568
11.551469585940843	0.001	0.005203443187747132
13.219724714121972	0.001	0.003878038931977494
15.128908076758211	0.001	0.003023026709189576
17.313814360331925	0.001	0.002132805331011297
19.814263275520517	0.001	0.0013198319402657765
22.675825267662994	0.001	0.0008245020077929939
25.950652033822625	0.001	0.0004366956801743807
29.698426982540767	0.001	0.00022493327287868625
33.98745295832107	0.001	0.0001093532676718504
38.895897054520105	0.001	0.00004758043706849599
44.51321520124173	0.001	0.000019573472888509943
50.941782491215115	0.001	8.108091227004726e-6
58.29875895619149	0.001	3.262967030335392e-6
66.71822479745835	0.001	1.2562140896553648e-6
76.35362398484546	0.001	2.318804179326647e-7
87.38056075858388	0.001	2.4546504788311805e-8
100.00000000000031	0.001	1.3459435355412006e-9
111.55639876771902	0.001	8.259110043254196e-11
138.21730389017998	0.001	2.972950939243398e-14
171.24990861750976	0.001	3.9166044065479e-19
212.17698780180757	0.001	0
262.885244821937	0.001	0
325.7122869971341	0.001	0
403.5543872869759	0.001	0
499.9999999999984	0.001	0
1000	0.001	0
2000	0.001	0
1.	0.0011481536214968829	0.013634943623592164
1.9999999999999998	0.0011481536214968829	0.012250738967655602
2.288838595949997	0.0011481536214968829	0.011875239526261376
2.6193910591551774	0.0011481536214968829	0.011509535635535853
2.9976816770403563	0.0011481536214968829	0.011199934610275367
3.4306047603910415	0.0011481536214968829	0.01098573374662645
3.926050291516404	0.0011481536214968829	0.010892134308173405
4.493047718431742	0.0011481536214968829	0.010864534444068612
5.141930515695824	0.0011481536214968829	0.010767333883187154
5.884524511008838	0.0011481536214968829	0.010410829300653332
6.734363409805407	0.0011481536214968829	0.00968937766754587
7.706935445758021	0.0011481536214968829	0.008780712180388742
8.819965652373028	0.0011481536214968829	0.00800779850943537
10.093738900052346	0.0011481536214968829	0.007261719237439278
11.551469585940843	0.0011481536214968829	0.005988565799491653
13.219724714121972	0.0011481536214968829	0.004460451573942802
15.128908076758211	0.0011481536214968829	0.0034764073432064163
17.313814360331925	0.0011481536214968829	0.0024549025384324914
19.814263275520517	0.0011481536214968829	0.0015184486209682516
22.675825267662994	0.0011481536214968829	0.0009490126149574268
25.950652033822625	0.0011481536214968829	0.0005025941564035292
29.698426982540767	0.0011481536214968829	0.0002588649962651388
33.98745295832107	0.0011481536214968829	0.00012589486370810602
38.895897054520105	0.0011481536214968829	0.00005473271953686049
44.51321520124173	0.0011481536214968829	0.000022519741234396933
50.941782491215115	0.0011481536214968829	9.330825961043223e-6
58.29875895619149	0.0011481536214968829	3.7543731865941084e-6
66.71822479745835	0.0011481536214968829	1.4452478384307775e-6
76.35362398484546	0.0011481536214968829	2.6678842760323805e-7
87.38056075858388	0.0011481536214968829	2.8249168729940526e-8
100.00000000000031	0.0011481536214968829	1.5496876247515453e-9
111.55639876771902	0.0011481536214968829	9.512084423942836e-11
138.21730389017998	0.0011481536214968829	3.427445598836313e-14
171.24990861750976	0.0011481536214968829	4.521838165292011e-19
212.17698780180757	0.0011481536214968829	0
262.885244821937	0.0011481536214968829	0
325.7122869971341	0.0011481536214968829	0
403.5543872869759	0.0011481536214968829	0
499.9999999999984	0.0011481536214968829	0
1000	0.0011481536214968829	0
2000	0.0011481536214968829	0
1.	0.0013182567385564075	0.0156839607135144
1.9999999999999998	0.0013182567385564075	0.014081064906552514
2.288838595949997	0.0013182567385564075	0.01364606816184722
2.6193910591551774	0.0013182567385564075	0.013224066120191242
2.9976816770403563	0.0013182567385564075	0.01286456710919019
3.4306047603910415	0.0013182567385564075	0.012613067753210298
3.926050291516404	0.0013182567385564075	0.0125042690760712
4.493047718431742	0.0013182567385564075	0.012477169189466614
5.141930515695824	0.0013182567385564075	0.01237046898234513
5.884524511008838	0.0013182567385564075	0.01196696576647455
6.734363409805407	0.0013182567385564075	0.011138568546269104
7.706935445758021	0.0013182567385564075	0.010092379749939725
8.819965652373028	0.0013182567385564075	0.009205090509782394
10.093738900052346	0.0013182567385564075	0.008351990138450574
11.551469585940843	0.0013182567385564075	0.006892113134901244
13.219724714121972	0.0013182567385564075	0.005132702430972941
15.128908076758211	0.0013182567385564075	0.003998685653960474
17.313814360331925	0.0013182567385564075	0.0028267466697514568
19.814263275520517	0.0013182567385564075	0.0017470614742733784
22.675825267662994	0.0013182567385564075	0.0010927132778666775
25.950652033822625	0.0013182567385564075	0.000578581073557987
29.698426982540767	0.0013182567385564075	0.0002979812871669081
33.98745295832107	0.0013182567385564075	0.0001449323136212365
38.895897054520105	0.0013182567385564075	0.00006303868988952938
44.51321520124173	0.0013182567385564075	0.000025921398884557544
50.941782491215115	0.0013182567385564075	0.000010741814289728425
58.29875895619149	0.0013182567385564075	4.321604941903837e-6
66.71822479745835	0.0013182567385564075	1.6631579921845305e-6
76.35362398484546	0.0013182567385564075	3.070281129801628e-7
87.38056075858388	0.0013182567385564075	3.251931704973825e-8
100.00000000000031	0.0013182567385564075	1.7849437490651982e-9
111.55639876771902	0.0013182567385564075	1.0959877207890306e-10
138.21730389017998	0.0013182567385564075	3.953691848971781e-14
171.24990861750976	0.0013182567385564075	5.224506590316159e-19
212.17698780180757	0.0013182567385564075	0
262.885244821937	0.0013182567385564075	0
325.7122869971341	0.0013182567385564075	0
403.5543872869759	0.0013182567385564075	0
499.9999999999984	0.0013182567385564075	0
1000	0.0013182567385564075	0
2000	0.0013182567385564075	0
1.	0.0015135612484362087	0.018046715160616483
1.9999999999999998	0.0015135612484362087	0.01618931350653872
2.288838595949997	0.0015135612484362087	0.015684915496888847
2.6193910591551774	0.0015135612484362087	0.015191811458548168
2.9976816770403563	0.0015135612484362087	0.014776911106311947
3.4306047603910415	0.0015135612484362087	0.014484410781144411
3.926050291516404	0.0015135612484362087	0.014360511844471282
4.493047718431742	0.0015135612484362087	0.01432981197432542
5.141930515695824	0.0015135612484362087	0.014214311473783513
5.884524511008838	0.0015135612484362087	0.013757206413702016
6.734363409805407	0.0015135612484362087	0.012810306499556912
7.706935445758021	0.0015135612484362087	0.011607615327461861
8.819965652373028	0.0015135612484362087	0.010581012810430983
10.093738900052346	0.0015135612484362087	0.00960907341552442
11.551469585940843	0.0015135612484362087	0.007935831622659753
13.219724714121972	0.0015135612484362087	0.005908388046496924
15.128908076758211	0.0015135612484362087	0.004600418894312496
17.313814360331925	0.0015135612484362087	0.0032560756109268306
19.814263275520517	0.0015135612484362087	0.0020108599845632814
22.675825267662994	0.0015135612484362087	0.0012589664966105836
25.950652033822625	0.0015135612484362087	0.0006663312451154427
29.698426982540767	0.0015135612484362087	0.0003431361823127407
33.98745295832107	0.0015135612484362087	0.00016698507389612043
38.895897054520105	0.0015135612484362087	0.00007260471809029766
44.51321520124173	0.0015135612484362087	0.000029844383871694483
50.941782491215115	0.0015135612484362087	0.000012372258098187688
58.29875895619149	0.0015135612484362087	4.976505471882732e-6
66.71822479745835	0.0015135612484362087	1.914522597982201e-6
76.35362398484546	0.0015135612484362087	3.534417427096568e-7
87.38056075858388	0.0015135612484362087	3.744712460858875e-8
100.00000000000031	0.0015135612484362087	2.0568340515267007e-9
111.55639876771902	0.0015135612484362087	1.2634470152204632e-10
138.21730389017998	0.0015135612484362087	4.563805634504431e-14
171.24990861750976	0.0015135612484362087	6.041662409156974e-19
212.17698780180757	0.0015135612484362087	0
262.885244821937	0.0015135612484362087	0
325.7122869971341	0.0015135612484362087	0
403.5543872869759	0.0015135612484362087	0
499.9999999999984	0.0015135612484362087	0
1000	0.0015135612484362087	0
2000	0.0015135612484362087	0
1.	0.0017378008287493763	0.020769810111347552
1.9999999999999998	0.0017378008287493763	0.018615308991798758
2.288838595949997	0.0017378008287493763	0.01802801154150711
2.6193910591551774	0.0017378008287493763	0.017458607033791006
2.9976816770403563	0.0017378008287493763	0.016975306806489832
3.4306047603910415	0.0017378008287493763	0.016634706563984452
3.926050291516404	0.0017378008287493763	0.016490807855913777
4.493047718431742	0.0017378008287493763	0.016458408014213444
5.141930515695824	0.0017378008287493763	0.01633220748846136
5.884524511008838	0.0017378008287493763	0.015812001904910826
6.734363409805407	0.0017378008287493763	0.014735102264612736
7.706935445758021	0.0017378008287493763	0.01334911295732288
8.819965652373028	0.0017378008287493763	0.01216171056001879
10.093738900052346	0.0017378008287493763	0.011057954236712285
11.551469585940843	0.0017378008287493763	0.009141454472660689
13.219724714121972	0.0017378008287493763	0.006802513803210263
15.128908076758211	0.0017378008287493763	0.005294426878405408
17.313814360331925	0.0017378008287493763	0.00375223359698018
19.814263275520517	0.0017378008287493763	0.0023154722341675203
22.675825267662994	0.0017378008287493763	0.0014510154427572841
25.950652033822625	0.0017378008287493763	0.0007677843849748813
29.698426982540767	0.0017378008287493763	0.00039531291780359407
33.98745295832107	0.0017378008287493763	0.00019247031979679384
38.895897054520105	0.0017378008287493763	0.00008364300640207172
44.51321520124173	0.0017378008287493763	0.000034368369280866404
50.941782491215115	0.0017378008287493763	0.000014260261785802453
58.29875895619149	0.0017378008287493763	5.7330403864210675e-6
66.71822479745835	0.0017378008287493763	2.2048206877081054e-6
76.35362398484546	0.0017378008287493763	4.0704462073640155e-7
87.38056075858388	0.0017378008287493763	4.3141333988940155e-8
100.00000000000031	0.0017378008287493763	2.371543559453525e-9
111.55639876771902	0.0017378008287493763	1.45744557262323e-10
138.21730389017998	0.0017378008287493763	5.27250682769371e-14
171.24990861750976	0.0017378008287493763	6.994040087052142e-19
212.17698780180757	0.0017378008287493763	0
262.885244821937	0.0017378008287493763	0
325.7122869971341	0.0017378008287493763	0
403.5543872869759	0.0017378008287493763	0
499.9999999999984	0.0017378008287493763	0
1000	0.0017378008287493763	0
2000	0.0017378008287493763	0
1.	0.0019952623149688807	0.02391102839578215
1.9999999999999998	0.0019952623149688807	0.021408725239041998
2.288838595949997	0.0019952623149688807	0.020726627673726086
2.6193910591551774	0.0019952623149688807	0.020064121924202993
2.9976816770403563	0.0019952623149688807	0.019499721222946614
3.4306047603910415	0.0019952623149688807	0.019103420635311678
3.926050291516404	0.0019952623149688807	0.018936522020456287
4.493047718431742	0.0019952623149688807	0.01890762213124554
5.141930515695824	0.0019952623149688807	0.01877082160047573
5.884524511008838	0.0019952623149688807	0.01817961491004893
6.734363409805407	0.0019952623149688807	0.016948214476450826
7.706935445758021	0.0019952623149688807	0.015358225608996325
8.819965652373028	0.0019952623149688807	0.014001421773453907
10.093738900052346	0.0019952623149688807	0.012729056558872825
11.551469585940843	0.0019952623149688807	0.010535358393095693
13.219724714121972	0.0019952623149688807	0.007835526837215851
15.128908076758211	0.0019952623149688807	0.006095720697252563
17.313814360331925	0.0019952623149688807	0.004326475668643986
19.814263275520517	0.0019952623149688807	0.0026672175616038792
22.675825267662994	0.0019952623149688807	0.0016729459350042085
25.950652033822625	0.0019952623149688807	0.0008851336027351289
29.698426982540767	0.0019952623149688807	0.00045555007777353174
33.98745295832107	0.0019952623149688807	0.00022199482882928089
38.895897054520105	0.0019952623149688807	0.00009641039117386818
44.51321520124173	0.0019952623149688807	0.0000395965926677047
50.941782491215115	0.0019952623149688807	0.000016440982782125048
58.29875895619149	0.0019952623149688807	6.607292784481671e-6
66.71822479745835	0.0019952623149688807	2.540061058391078e-6
76.35362398484546	0.0019952623149688807	4.6893903822266407e-7
87.38056075858388	0.0019952623149688807	4.972055652973329e-8
100.00000000000031	0.0019952623149688807	2.735870633676763e-9
111.55639876771902	0.0019952623149688807	1.6822774965427263e-10
138.21730389017998	0.0019952623149688807	6.096360753658735e-14
171.24990861750976	0.0019952623149688807	8.105330343341408e-19
212.17698780180757	0.0019952623149688807	0
262.885244821937	0.0019952623149688807	0
325.7122869971341	0.0019952623149688807	0
403.5543872869759	0.0019952623149688807	0
499.9999999999984	0.0019952623149688807	0
1000	0.0019952623149688807	0
2000	0.0019952623149688807	0
1.	0.0022908676527677745	0.027536971208470453
1.9999999999999998	0.0022908676527677745	0.024631574409205576
2.288838595949997	0.0022908676527677745	0.023836979165032236
2.6193910591551774	0.0022908676527677745	0.023065474320923346
2.9976816770403563	0.0022908676527677745	0.02240577513268042
3.4306047603910415	0.0022908676527677745	0.021943175597711643
3.926050291516404	0.0022908676527677745	0.02175027764138716
4.493047718431742	0.0022908676527677745	0.021718777804980993
5.141930515695824	0.0022908676527677745	0.0215814772215654
5.884524511008838	0.0022908676527677745	0.020918170772447415
6.734363409805407	0.0022908676527677745	0.01950857325028845
7.706935445758021	0.0022908676527677745	0.017677590157171883
8.819965652373028	0.0022908676527677745	0.01610498943953902
10.093738900052346	0.0022908676527677745	0.014657017719462742
11.551469585940843	0.0022908676527677745	0.01214733956210238
13.219724714121972	0.0022908676527677745	0.009030574482798568
15.128908076758211	0.0022908676527677745	0.007019895158693423
17.313814360331925	0.0022908676527677745	0.0049902137291807725
19.814263275520517	0.0022908676527677745	0.003074794895744627
22.675825267662994	0.0022908676527677745	0.0019300609440342509
25.950652033822625	0.0022908676527677745	0.0010209622369873174
29.698426982540767	0.0022908676527677745	0.0005254087511567285
33.98745295832107	0.0022908676527677745	0.0002561166826339985
38.895897054520105	0.0022908676527677745	0.00011119896953437943
44.51321520124173	0.0022908676527677745	0.0000456520887961366
50.941782491215115	0.0022908676527677745	0.00001895855271176116
58.29875895619149	0.0022908676527677745	7.619085227461703e-6
66.71822479745835	0.0022908676527677745	2.927903103754464e-6
76.35362398484546	0.0022908676527677745	5.405409019422271e-7
87.38056075858388	0.0022908676527677745	5.733689124274276e-8
100.00000000000031	0.0022908676527677745	3.158583622027487e-9
111.55639876771902	0.0022908676527677745	1.9434693971771386e-10
138.21730389017998	0.0022908676527677745	7.056708586192842e-14
171.24990861750976	0.0022908676527677745	9.4061912181855e-19
212.17698780180757	0.0022908676527677745	0
262.885244821937	0.0022908676527677745	0
325.7122869971341	0.0022908676527677745	0
403.5543872869759	0.0022908676527677745	0
499.9999999999984	0.0022908676527677745	0
1000	0.0022908676527677745	0
2000	0.0022908676527677745	0
1.	0.0026302679918953843	0.03171517527913169
1.9999999999999998	0.0026302679918953843	0.028338078070006607
2.288838595949997	0.0026302679918953843	0.027414783319630678
2.6193910591551774	0.0026302679918953843	0.026513377438565244
2.9976816770403563	0.0026302679918953843	0.025741378181550947
3.4306047603910415	0.0026302679918953843	0.025203678532564895
3.926050291516404	0.0026302679918953843	0.024977180894152472
4.493047718431742	0.0026302679918953843	0.024950980981691857
5.141930515695824	0.0026302679918953843	0.024805580407028686
5.884524511008838	0.0026302679918953843	0.024060872847610958
6.734363409805407	0.0026302679918953843	0.02244857523492666
7.706935445758021	0.0026302679918953843	0.020346394053532984
8.819965652373028	0.0026302679918953843	0.018541692632311382
10.093738900052346	0.0026302679918953843	0.016880310310331246
11.551469585940843	0.0026302679918953843	0.014012248805243148
13.219724714121972	0.0026302679918953843	0.01041176173989615
15.128908076758211	0.0026302679918953843	0.008087435087114346
17.313814360331925	0.0026302679918953843	0.005761892707581634
19.814263275520517	0.0026302679918953843	0.0035458997593058148
22.675825267662994	0.0026302679918953843	0.0022281701370296973
25.950652033822625	0.0026302679918953843	0.0011784744428968601
29.698426982540767	0.0026302679918953843	0.0006062855679577802
33.98745295832107	0.0026302679918953843	0.00029576217122985563
38.895897054520105	0.0026302679918953843	0.00012837899879519755
44.51321520124173	0.0026302679918953843	0.000052671285655368443
50.941782491215115	0.0026302679918953843	0.00002187816659365062
58.29875895619149	0.0026302679918953843	8.790646081995914e-6
66.71822479745835	0.0026302679918953843	3.3766213995532872e-6
76.35362398484546	0.0026302679918953843	6.233767459853543e-7
87.38056075858388	0.0026302679918953843	6.61545930523662e-8
100.00000000000031	0.0026302679918953843	3.6492916293286035e-9
111.55639876771902	0.0026302679918953843	2.2471011242579968e-10
138.21730389017998	0.0026302679918953843	8.17742091582389e-14
171.24990861750976	0.0026302679918953843	1.0931394568597221e-18
212.17698780180757	0.0026302679918953843	0
262.885244821937	0.0026302679918953843	0
325.7122869971341	0.0026302679918953843	0
403.5543872869759	0.0026302679918953843	0
499.9999999999984	0.0026302679918953843	0
1000	0.0026302679918953843	0
2000	0.0026302679918953843	0
1.	0.003019951720402019	0.03653342137371299
1.9999999999999998	0.003019951720402019	0.03260921895472208
2.288838595949997	0.003019951720402019	0.03153362346493646
2.6193910591551774	0.003019951720402019	0.030478315054293492
2.9976816770403563	0.003019951720402019	0.029575514566777067
3.4306047603910415	0.003019951720402019	0.02894961402376283
3.926050291516404	0.003019951720402019	0.028687016369091538
4.493047718431742	0.003019951720402019	0.028658316493566382
5.141930515695824	0.003019951720402019	0.02851201584655389
5.884524511008838	0.003019951720402019	0.02769180628867799
6.734363409805407	0.003019951720402019	0.02585000660784806
7.706935445758021	0.003019951720402019	0.023426725033145777
8.819965652373028	0.003019951720402019	0.021338120597420223
10.093738900052346	0.003019951720402019	0.01945202394005294
11.551469585940843	0.003019951720402019	0.016174178020260853
13.219724714121972	0.003019951720402019	0.012011672309425257
15.128908076758211	0.003019951720402019	0.009320535636656626
17.313814360331925	0.003019951720402019	0.006655459275465051
19.814263275520517	0.003019951720402019	0.004092330085982677
22.675825267662994	0.003019951720402019	0.002574852184379231
25.950652033822625	0.003019951720402019	0.0013610585951843582
29.698426982540767	0.003019951720402019	0.0007000561650964225
33.98745295832107	0.003019951720402019	0.0003417361356287905
38.895897054520105	0.003019951720402019	0.00014827320523902476
44.51321520124173	0.003019951720402019	0.00006078935231873352
50.941782491215115	0.003019951720402019	0.000025283211922181587
58.29875895619149	0.003019951720402019	0.000010148990498808106
66.71822479745835	0.003019951720402019	3.897163903771866e-6
76.35362398484546	0.003019951720402019	7.194678897191179e-7
87.38056075858388	0.003019951720402019	7.63922945245603e-8
100.00000000000031	0.003019951720402019	4.2207227659802364e-9
111.55639876771902	0.003019951720402019	2.60126731313451e-10
138.21730389017998	0.003019951720402019	9.490302116698832e-14
171.24990861750976	0.003019951720402019	1.2727488279931696e-18
212.17698780180757	0.003019951720402019	0
262.885244821937	0.003019951720402019	0
325.7122869971341	0.003019951720402019	0
403.5543872869759	0.003019951720402019	0
499.9999999999984	0.003019951720402019	0
1000	0.003019951720402019	0
2000	0.003019951720402019	0
1.	0.00346736850452532	0.04209198142071084
1.9999999999999998	0.00346736850452532	0.03753868352344009
2.288838595949997	0.00346736850452532	0.03627629028432591
2.6193910591551774	0.00346736850452532	0.03505078175893143
2.9976816770403563	0.00346736850452532	0.03399438235767776
3.4306047603910415	0.00346736850452532	0.03325288268597149
3.926050291516404	0.00346736850452532	0.03294788574266876
4.493047718431742	0.00346736850452532	0.03291768588473206
5.141930515695824	0.00346736850452532	0.03278128509712312
5.884524511008838	0.00346736850452532	0.03186977493187103
6.734363409805407	0.00346736850452532	0.02977797708196832
7.706935445758021	0.00346736850452532	0.02698590117797944
8.819965652373028	0.00346736850452532	0.024573098611883594
10.093738900052346	0.00346736850452532	0.022419490264210015
11.551469585940843	0.00346736850452532	0.018678969669990067
13.219724714121972	0.00346736850452532	0.013870053372320355
15.128908076758211	0.00346736850452532	0.010747883942378689
17.313814360331925	0.00346736850452532	0.007694619484051298
19.814263275520517	0.00346736850452532	0.004727131462173829
22.675825267662994	0.00346736850452532	0.002977867817135454
25.950652033822625	0.00346736850452532	0.0015734898597991578
29.698426982540767	0.00346736850452532	0.0008091040316594003
33.98745295832107	0.00346736850452532	0.0003952073608605099
38.895897054520105	0.00346736850452532	0.0001714570567764534
44.51321520124173	0.00346736850452532	0.00007022397155489938
50.941782491215115	0.00346736850452532	0.00002924089839273294
58.29875895619149	0.00346736850452532	0.000011726792435287644
66.71822479745835	0.00346736850452532	4.499686700607422e-6
76.35362398484546	0.00346736850452532	8.306937223741643e-7
87.38056075858388	0.00346736850452532	8.825407041446924e-8
100.00000000000031	0.00346736850452532	4.885099784979843e-9
111.55639876771902	0.00346736850452532	3.013820583422628e-10
138.21730389017998	0.00346736850452532	1.1027194731600117e-13
171.24990861750976	0.00346736850452532	1.4842265773644535e-18
212.17698780180757	0.00346736850452532	0
262.885244821937	0.00346736850452532	0
325.7122869971341	0.00346736850452532	0
403.5543872869759	0.00346736850452532	0
499.9999999999984	0.00346736850452532	0
1000	0.00346736850452532	0
2000	0.00346736850452532	0
1.	0.003981071705534978	0.04851682139921415
1.9999999999999998	0.003981071705534978	0.04321651895777846
2.288838595949997	0.003981071705534978	0.04175302535992038
2.6193910591551774	0.003981071705534978	0.040322714049418895
2.9976816770403563	0.003981071705534978	0.03908231360866573
3.4306047603910415	0.003981071705534978	0.03822541289616054
3.926050291516404	0.003981071705534978	0.03784851630373981
4.493047718431742	0.003981071705534978	0.037831516395345245
5.141930515695824	0.003981071705534978	0.037691715673814144
5.884524511008838	0.003981071705534978	0.03670000338541094
6.734363409805407	0.003981071705534978	0.03430980388750212
7.706935445758021	0.003981071705534978	0.03109452880511495
8.819965652373028	0.003981071705534978	0.028304723363276902
10.093738900052346	0.003981071705534978	0.025850897732294827
11.551469585940843	0.003981071705534978	0.02158809872955043
13.219724714121972	0.003981071705534978	0.01602806034786533
15.128908076758211	0.003981071705534978	0.01240419261484923
17.313814360331925	0.003981071705534978	0.008905874302253345
19.814263275520517	0.003981071705534978	0.00546190305561309
22.675825267662994	0.003981071705534978	0.003447059029239874
25.950652033822625	0.003981071705534978	0.001820834653855197
29.698426982540767	0.003981071705534978	0.0009359534177124742
33.98745295832107	0.003981071705534978	0.00045760645687023137
38.895897054520105	0.003981071705534978	0.0001984502461966201
44.51321520124173	0.003981071705534978	0.00008119852496361928
50.941782491215115	0.003981071705534978	0.00003382764460208173
58.29875895619149	0.003981071705534978	0.000013559119247237693
66.71822479745835	0.003981071705534978	5.1996977376114715e-6
76.35362398484546	0.003981071705534978	9.59928853394369e-7
87.38056075858388	0.003981071705534978	1.0205172977644596e-7
100.00000000000031	0.003981071705534978	5.660853295392064e-9
111.55639876771902	0.003981071705534978	3.4966016642731004e-10
138.21730389017998	0.003981071705534978	1.2835486533858792e-13
171.24990861750976	0.003981071705534978	1.7346676114673467e-18
212.17698780180757	0.003981071705534978	0
262.885244821937	0.003981071705534978	0
325.7122869971341	0.003981071705534978	0
403.5543872869759	0.003981071705534978	0
499.9999999999984	0.003981071705534978	0
1000	0.003981071705534978	0
2000	0.003981071705534978	0
1.	0.0045708818961487565	0.055917123929851466
1.9999999999999998	0.0045708818961487565	0.04977252117434711
2.288838595949997	0.0045708818961487565	0.048062828708188406
2.6193910591551774	0.0045708818961487565	0.04638231557762858
2.9976816770403563	0.0045708818961487565	0.04493641502615791
3.4306047603910415	0.0045708818961487565	0.043937514047400775
3.926050291516404	0.0045708818961487565	0.04348971814835078
4.493047718431742	0.0045708818961487565	0.04347771822996772
5.141930515695824	0.0045708818961487565	0.04335021749368492
5.884524511008838	0.0045708818961487565	0.04225830354666192
6.734363409805407	0.0045708818961487565	0.03955250400224358
7.706935445758021	0.0045708818961487565	0.035849232769644225
8.819965652373028	0.0045708818961487565	0.03261572644716226
10.093738900052346	0.0045708818961487565	0.029823183487935986
11.551469585940843	0.0045708818961487565	0.024973912184501085
13.219724714121972	0.0045708818961487565	0.01853815360075839
15.128908076758211	0.0045708818961487565	0.014322391424972162
17.313814360331925	0.0045708818961487565	0.01031728163901167
19.814263275520517	0.0045708818961487565	0.006317291552417092
22.675825267662994	0.0045708818961487565	0.003992327259460569
25.950652033822625	0.0045708818961487565	0.002109478521124913
29.698426982540767	0.0045708818961487565	0.001083627002193905
33.98745295832107	0.0045708818961487565	0.0005303683064053045
38.895897054520105	0.0045708818961487565	0.0002298102832535261
44.51321520124173	0.0045708818961487565	0.00009398651240377028
50.941782491215115	0.0045708818961487565	0.0000392166666528668
58.29875895619149	0.0045708818961487565	0.00001569343821163303
66.71822479745835	0.0045708818961487565	6.015144151380892e-6
76.35362398484546	0.0045708818961487565	1.1105059602440753e-6
87.38056075858388	0.0045708818961487565	1.1814861024820843e-7
100.00000000000031	0.0045708818961487565	6.569727843216307e-9
111.55639876771902	0.0045708818961487565	4.0636024738730134e-10
138.21730389017998	0.0045708818961487565	1.4972228008226917e-13
171.24990861750976	0.0045708818961487565	2.0327242873618658e-18
212.17698780180757	0.0045708818961487565	0
262.885244821937	0.0045708818961487565	0
325.7122869971341	0.0045708818961487565	0
403.5543872869759	0.0045708818961487565	0
499.9999999999984	0.0045708818961487565	0
1000	0.0045708818961487565	0
2000	0.0045708818961487565	0
1.	0.005248074602497733	0.06446345832723067
1.9999999999999998	0.005248074602497733	0.05733475166674112
2.288838595949997	0.005248074602497733	0.05534755940449754
2.6193910591551774	0.005248074602497733	0.05339154300985301
2.9976816770403563	0.005248074602497733	0.051684841435368764
3.4306047603910415	0.005248074602497733	0.050491039881496176
3.926050291516404	0.005248074602497733	0.04997344421542342
4.493047718431742	0.005248074602497733	0.04997114432885776
5.141930515695824	0.005248074602497733	0.04986874365449867
5.884524511008838	0.005248074602497733	0.0486544278127791
6.734363409805407	0.005248074602497733	0.045618826602160246
7.706935445758021	0.005248074602497733	0.041359357703689904
8.819965652373028	0.005248074602497733	0.037550249408936046
10.093738900052346	0.005248074602497733	0.03442758415571374
11.551469585940843	0.005248074602497733	0.028905842299692876
13.219724714121972	0.005248074602497733	0.02145715661478943
15.128908076758211	0.005248074602497733	0.016547498360027942
17.313814360331925	0.005248074602497733	0.01196418470765614
19.814263275520517	0.005248074602497733	0.007318705153073911
22.675825267662994	0.005248074602497733	0.0046305375578025235
25.950652033822625	0.005248074602497733	0.002446324323735089
29.698426982540767	0.005248074602497733	0.0012560471635547502
33.98745295832107	0.005248074602497733	0.0006154796145693757
38.895897054520105	0.005248074602497733	0.00026655846347529814
44.51321520124173	0.005248074602497733	0.00010895595320223778
50.941782491215115	0.005248074602497733	0.00004546031637254534
58.29875895619149	0.005248074602497733	0.000018185769437576045
66.71822479745835	0.005248074602497733	6.963763511872752e-6
76.35362398484546	0.005248074602497733	1.2857406975279511e-6
87.38056075858388	0.005248074602497733	1.3691025227200778e-7
100.00000000000031	0.005248074602497733	7.634043775454922e-9
111.55639876771902	0.005248074602497733	4.729430447832959e-10
138.21730389017998	0.005248074602497733	1.7498761213948959e-13
171.24990861750976	0.005248074602497733	2.3880047324835407e-18
212.17698780180757	0.005248074602497733	0
262.885244821937	0.005248074602497733	0
325.7122869971341	0.005248074602497733	0
403.5543872869759	0.005248074602497733	0
499.9999999999984	0.005248074602497733	0
1000	0.005248074602497733	0
2000	0.005248074602497733	0
1.	0.006025595860743587	0.07431694754340412
1.9999999999999998	0.006025595860743587	0.06606305353351553
2.288838595949997	0.006025595860743587	0.06375116650021508
2.6193910591551774	0.006025595860743587	0.06146465142548089
2.9976816770403563	0.006025595860743587	0.05946595316279932
3.4306047603910415	0.006025595860743587	0.0580685536509377
3.926050291516404	0.006025595860743587	0.05744316024155822
4.493047718431742	0.006025595860743587	0.057458260080403216
5.141930515695824	0.006025595860743587	0.057385959070562355
5.884524511008838	0.006025595860743587	0.05607504223862439
6.734363409805407	0.006025595860743587	0.05263564547383011
7.706935445758021	0.006025595860743587	0.04773798897652137
8.819965652373028	0.006025595860743587	0.04338358595411964
10.093738900052346	0.006025595860743587	0.03974990443132451
11.551469585940843	0.006025595860743587	0.0334830063852468
13.219724714121972	0.006025595860743587	0.024864507662403727
15.128908076758211	0.006025595860743587	0.019132666849385728
17.313814360331925	0.006025595860743587	0.01388785874966151
19.814263275520517	0.006025595860743587	0.008488453074627594
22.675825267662994	0.006025595860743587	0.0053756364708742
25.950652033822625	0.006025595860743587	0.0028402350388438712
29.698426982540767	0.006025595860743587	0.0014576542543883032
33.98745295832107	0.006025595860743587	0.0007149626161724952
38.895897054520105	0.006025595860743587	0.00030948401479803086
44.51321520124173	0.006025595860743587	0.0001264147329789303
50.941782491215115	0.006025595860743587	0.00005279826143656838
58.29875895619149	0.006025595860743587	0.00002110436127883304
66.71822479745835	0.006025595860743587	8.072515715604673e-6
76.35362398484546	0.006025595860743587	1.4906792409657127e-6
87.38056075858388	0.006025595860743587	1.588905617202309e-7
100.00000000000031	0.006025595860743587	8.887280577712296e-9
111.55639876771902	0.006025595860743587	5.515887154830273e-10
138.21730389017998	0.006025595860743587	2.0505958743405542e-13
171.24990861750976	0.006025595860743587	2.8146422568282126e-18
212.17698780180757	0.006025595860743587	0
262.885244821937	0.006025595860743587	0
325.7122869971341	0.006025595860743587	0
403.5543872869759	0.006025595860743587	0
499.9999999999984	0.006025595860743587	0
1000	0.006025595860743587	0
2000	0.006025595860743587	0
1.	0.006918309709189377	0.08574289627788072
1.9999999999999998	0.006918309709189377	0.07613299671961343
2.288838595949997	0.006918309709189377	0.0734653098031971
2.6193910591551774	0.006918309709189377	0.07081769041886277
2.9976816770403563	0.006918309709189377	0.06848389062950239
3.4306047603910415	0.006918309709189377	0.06682328982851589
3.926050291516404	0.006918309709189377	0.06606149720035526
4.493047718431742	0.006918309709189377	0.06607679713085766
5.141930515695824	0.006918309709189377	0.06607429615751655
5.884524511008838	0.006918309709189377	0.06461677665239368
6.734363409805407	0.006918309709189377	0.060742477661704035
7.706935445758021	0.006918309709189377	0.05512422390233482
8.819965652373028	0.006918309709189377	0.05006111760179423
10.093738900052346	0.006918309709189377	0.04590020891841905
11.551469585940843	0.006918309709189377	0.03881474609406869
13.219724714121972	0.006918309709189377	0.028847911809418054
15.128908076758211	0.006918309709189377	0.02213537686869612
17.313814360331925	0.006918309709189377	0.016142563148109274
19.814263275520517	0.006918309709189377	0.009853731920286471
22.675825267662994	0.006918309709189377	0.0062492969782029385
25.950652033822625	0.006918309709189377	0.003302433011963557
29.698426982540767	0.006918309709189377	0.0016940444976727307
33.98745295832107	0.006918309709189377	0.0008316594205528002
38.895897054520105	0.006918309709189377	0.0003598682666982966
44.51321520124173	0.006918309709189377	0.00014689879113966928
50.941782491215115	0.006918309709189377	0.00006139423007919737
58.29875895619149	0.006918309709189377	0.00002451590462820683
66.71822479745835	0.006918309709189377	9.369144966954525e-6
76.35362398484546	0.006918309709189377	1.7305465097530494e-6
87.38056075858388	0.006918309709189377	1.8467305905314237e-7
100.00000000000031	0.006918309709189377	1.0365289966169496e-8
111.55639876771902	0.006918309709189377	6.446540528201253e-10
138.21730389017998	0.006918309709189377	2.4095375132519847e-13
171.24990861750976	0.006918309709189377	3.328979319151954e-18
212.17698780180757	0.006918309709189377	0
262.885244821937	0.006918309709189377	0
325.7122869971341	0.006918309709189377	0
403.5543872869759	0.006918309709189377	0
499.9999999999984	0.006918309709189377	0
1000	0.006918309709189377	0
2000	0.006918309709189377	0
1.	0.00794328234724283	0.09902042868677269
1.9999999999999998	0.00794328234724283	0.08771952658232608
2.288838595949997	0.00794328234724283	0.08463294005207732
2.6193910591551774	0.00794328234724283	0.08152781742088469
2.9976816770403563	0.00794328234724283	0.07885131578717654
3.4306047603910415	0.00794328234724283	0.0767363163011411
3.926050291516404	0.00794328234724283	0.07597872282888661
4.493047718431742	0.00794328234724283	0.0759529228771572
5.141930515695824	0.00794328234724283	0.07598222179444948
5.884524511008838	0.00794328234724283	0.07458209812661273
6.734363409805407	0.00794328234724283	0.07012799814578664
7.706935445758021	0.00794328234724283	0.06362634980938735
8.819965652373028	0.00794328234724283	0.057762840701074375
10.093738900052346	0.00794328234724283	0.05302240309088686
11.551469585940843	0.00794328234724283	0.045028681190233844
13.219724714121972	0.00794328234724283	0.03350910901442792
15.128908076758211	0.00794328234724283	0.025637182793825875
17.313814360331925	0.00794328234724283	0.018784064069098372
19.814263275520517	0.00794328234724283	0.011453211430682024
22.675825267662994	0.00794328234724283	0.007273165954919854
25.950652033822625	0.00794328234724283	0.0038467814655754537
29.698426982540767	0.00794328234724283	0.001971434342866664
33.98745295832107	0.00794328234724283	0.0009685563213923603
38.895897054520105	0.00794328234724283	0.00041919646885419336
44.51321520124173	0.00794328234724283	0.00017117182111587497
50.941782491215115	0.00794328234724283	0.00007152659508003335
58.29875895619149	0.00794328234724283	0.000028523149300349642
66.71822479745835	0.00794328234724283	0.000010885751602749715
76.35362398484546	0.00794328234724283	2.0114700004163296e-6
87.38056075858388	0.00794328234724283	2.1494856860858732e-7
100.00000000000031	0.00794328234724283	1.2110595667784551e-8
111.55639876771902	0.00794328234724283	7.549752808161562e-10
138.21730389017998	0.00794328234724283	2.839190765343074e-13
171.24990861750976	0.00794328234724283	3.951549886150748e-18
212.17698780180757	0.00794328234724283	0
262.885244821937	0.00794328234724283	0
325.7122869971341	0.00794328234724283	0
403.5543872869759	0.00794328234724283	0
499.9999999999984	0.00794328234724283	0
1000	0.00794328234724283	0
2000	0.00794328234724283	0
1.	0.009120108393559116	0.11340298036692074
1.9999999999999998	0.009120108393559116	0.10104698180719314
2.288838595949997	0.009120108393559116	0.09719120160021773
2.6193910591551774	0.009120108393559116	0.0940191741429921
2.9976816770403563	0.009120108393559116	0.0908741746182921
3.4306047603910415	0.009120108393559116	0.08855867302656024
3.926050291516404	0.009120108393559116	0.08743098433594687
4.493047718431742	0.009120108393559116	0.08737068465668667
5.141930515695824	0.009120108393559116	0.08739668309894441
5.884524511008838	0.009120108393559116	0.08549645925251634
6.734363409805407	0.009120108393559116	0.08062676010358472
7.706935445758021	0.009120108393559116	0.07333492089253787
8.819965652373028	0.009120108393559116	0.06668591379123051
10.093738900052346	0.009120108393559116	0.0612478487431145
11.551469585940843	0.009120108393559116	0.0522530778049688
13.219724714121972	0.009120108393559116	0.03898177253161518
15.128908076758211	0.009120108393559116	0.029711865478805576
17.313814360331925	0.009120108393559116	0.02187794673674122
19.814263275520517	0.009120108393559116	0.013339022838268514
22.675825267662994	0.009120108393559116	0.008472407622733144
25.950652033822625	0.009120108393559116	0.0044883074791471625
29.698426982540767	0.009120108393559116	0.002298342203334122
33.98745295832107	0.009120108393559116	0.0011299525944862203
38.895897054520105	0.009120108393559116	0.000488984289366319
44.51321520124173	0.009120108393559116	0.00019961968635536913
50.941782491215115	0.009120108393559116	0.00008340260031632748
58.29875895619149	0.009120108393559116	0.000033230773476171775
66.71822479745835	0.009120108393559116	0.000012665037000381608
76.35362398484546	0.009120108393559116	2.3416012422675788e-6
87.38056075858388	0.009120108393559116	2.506385442210549e-7
100.00000000000031	0.009120108393559116	1.4180095589557575e-8
111.55639876771902	0.009120108393559116	8.863277535755163e-10
138.21730389017998	0.009120108393559116	3.356335824439961e-13
171.24990861750976	0.009120108393559116	4.710302180577942e-18
212.17698780180757	0.009120108393559116	0
262.885244821937	0.009120108393559116	0
325.7122869971341	0.009120108393559116	0
403.5543872869759	0.009120108393559116	0
499.9999999999984	0.009120108393559116	0
1000	0.009120108393559116	0
2000	0.009120108393559116	0
1.	0.010471285480509017	0.030261993418443996
1.9999999999999998	0.010471285480509017	0.056956673786790174
2.288838595949997	0.010471285480509017	0.07250088975612844
2.6193910591551774	0.010471285480509017	0.07678651667280058
2.9976816770403563	0.010471285480509017	0.08803463743037317
3.4306047603910415	0.010471285480509017	0.08982017536986324
3.926050291516404	0.010471285480509017	0.08866758874746498
4.493047718431742	0.010471285480509017	0.09262682758664632
5.141930515695824	0.010471285480509017	0.09674099850696809
5.884524511008838	0.010471285480509017	0.09518456852187851
6.734363409805407	0.010471285480509017	0.09002798156371032
7.706935445758021	0.010471285480509017	0.08506139724631641
8.819965652373028	0.010471285480509017	0.07702492029052967
10.093738900052346	0.010471285480509017	0.07072782947995243
11.551469585940843	0.010471285480509017	0.06066051969959107
13.219724714121972	0.010471285480509017	0.04541638906837145
15.128908076758211	0.010471285480509017	0.034463315855169284
17.313814360331925	0.010471285480509017	0.02551280378346918
19.814263275520517	0.010471285480509017	0.015560522299108884
22.675825267662994	0.010471285480509017	0.009893498876440338
25.950652033822625	0.010471285480509017	0.005246789909644521
29.698426982540767	0.010471285480509017	0.002684387266239415
33.98745295832107	0.010471285480509017	0.0013196929289632634
38.895897054520105	0.010471285480509017	0.0005717665592523285
44.51321520124173	0.010471285480509017	0.00023339231569013779
50.941782491215115	0.010471285480509017	0.00009747511896276024
58.29875895619149	0.010471285480509017	0.00003877226794849853
66.71822479745835	0.010471285480509017	0.000014758206780217738
76.35362398484546	0.010471285480509017	2.7308118499064124e-6
87.38056075858388	0.010471285480509017	2.928786591001316e-7
100.00000000000031	0.010471285480509017	1.6643636724723636e-8
111.55639876771902	0.010471285480509017	1.0433719615945566e-9
138.21730389017998	0.010471285480509017	3.982244178310255e-13
171.24990861750976	0.010471285480509017	5.641499282702598e-18
212.17698780180757	0.010471285480509017	0
262.885244821937	0.010471285480509017	0
325.7122869971341	0.010471285480509017	0
403.5543872869759	0.010471285480509017	0
499.9999999999984	0.010471285480509017	0
1000	0.010471285480509017	0
2000	0.010471285480509017	0
1.	0.012022644346174156	0.03387529822284206
1.9999999999999998	0.012022644346174156	0.030068888012665766
2.288838595949997	0.012022644346174156	0.028973889742865785
2.6193910591551774	0.012022644346174156	0.03132914919731249
2.9976816770403563	0.012022644346174156	0.05094840234726117
3.4306047603910415	0.012022644346174156	0.05748210042051784
3.926050291516404	0.012022644346174156	0.07914609197065084
4.493047718431742	0.012022644346174156	0.08768668625665091
5.141930515695824	0.012022644346174156	0.09598645643262878
5.884524511008838	0.012022644346174156	0.10146309456219435
6.734363409805407	0.012022644346174156	0.09999109185541992
7.706935445758021	0.012022644346174156	0.09466490490233521
8.819965652373028	0.012022644346174156	0.08557576782074897
10.093738900052346	0.012022644346174156	0.07865031345113957
11.551469585940843	0.012022644346174156	0.06788999615444775
13.219724714121972	0.012022644346174156	0.05095145255518204
15.128908076758211	0.012022644346174156	0.03848451909722114
17.313814360331925	0.012022644346174156	0.028683959864000054
19.814263275520517	0.012022644346174156	0.01819821116387668
22.675825267662994	0.012022644346174156	0.011558994582825392
25.950652033822625	0.012022644346174156	0.006145828965464194
29.698426982540767	0.012022644346174156	0.00302013329988899
33.98745295832107	0.012022644346174156	0.001486183176654583
38.895897054520105	0.012022644346174156	0.0006439812910893918
44.51321520124173	0.012022644346174156	0.00026279978695520264
50.941782491215115	0.012022644346174156	0.00010988688973532338
58.29875895619149	0.012022644346174156	0.000043614355257079884
66.71822479745835	0.012022644346174156	0.000016018170846876883
76.35362398484546	0.012022644346174156	2.9671850763324564e-6
87.38056075858388	0.012022644346174156	3.1899346413674367e-7
100.00000000000031	0.012022644346174156	1.8212797624839182e-8
111.55639876771902	0.012022644346174156	1.1454593723912319e-9
138.21730389017998	0.012022644346174156	4.4111360929892027e-13
171.24990861750976	0.012022644346174156	6.316070452705537e-18
212.17698780180757	0.012022644346174156	0
262.885244821937	0.012022644346174156	0
325.7122869971341	0.012022644346174156	0
403.5543872869759	0.012022644346174156	0
499.9999999999984	0.012022644346174156	0
1000	0.012022644346174156	0
2000	0.012022644346174156	0
1.	0.01380384264602888	0.0378204895189171
1.9999999999999998	0.01380384264602888	0.03360510607081842
2.288838595949997	0.01380384264602888	0.03236623884520376
2.6193910591551774	0.01380384264602888	0.03110060773025629
2.9976816770403563	0.01380384264602888	0.029945561849799403
3.4306047603910415	0.01380384264602888	0.029058384215426752
3.926050291516404	0.01380384264602888	0.06258284221031184
4.493047718431742	0.01380384264602888	0.08048317401607184
5.141930515695824	0.01380384264602888	0.09810108758100171
5.884524511008838	0.01380384264602888	0.10557568053610189
6.734363409805407	0.01380384264602888	0.10041468928114267
7.706935445758021	0.01380384264602888	0.10189351258055791
8.819965652373028	0.01380384264602888	0.09892353279242891
10.093738900052346	0.01380384264602888	0.09072387073356834
11.551469585940843	0.01380384264602888	0.078801111670156
13.219724714121972	0.01380384264602888	0.05954442002134809
15.128908076758211	0.01380384264602888	0.04472331122259988
17.313814360331925	0.01380384264602888	0.033507243274076864
19.814263275520517	0.01380384264602888	0.0204940657795154
22.675825267662994	0.01380384264602888	0.013018999627462752
25.950652033822625	0.01380384264602888	0.006936274639194108
29.698426982540767	0.01380384264602888	0.003540281594760708
33.98745295832107	0.01380384264602888	0.0017413360388604466
38.895897054520105	0.01380384264602888	0.0007558713753274321
44.51321520124173	0.01380384264602888	0.00030893172785640777
50.941782491215115	0.01380384264602888	0.00012889596370189969
58.29875895619149	0.01380384264602888	0.000051066378994869134
66.71822479745835	0.01380384264602888	0.000018111783505910867
76.35362398484546	0.01380384264602888	3.359768834588703e-6
87.38056075858388	0.01380384264602888	3.6224733170775057e-7
100.00000000000031	0.01380384264602888	2.078360149531804e-8
111.55639876771902	0.01380384264602888	1.3117941011830527e-9
138.21730389017998	0.01380384264602888	5.103288433938891e-13
171.24990861750976	0.01380384264602888	7.396011940073613e-18
212.17698780180757	0.01380384264602888	0
262.885244821937	0.01380384264602888	0
325.7122869971341	0.01380384264602888	0
403.5543872869759	0.01380384264602888	0
499.9999999999984	0.01380384264602888	0
1000	0.01380384264602888	0
2000	0.01380384264602888	0
1.	0.015848931924611172	0.04211570839315637
1.9999999999999998	0.015848931924611172	0.09144281248912618
2.288838595949997	0.015848931924611172	0.11066808718923073
2.6193910591551774	0.015848931924611172	0.11794501072961798
2.9976816770403563	0.015848931924611172	0.1193949642032786
3.4306047603910415	0.015848931924611172	0.1327406962657053
3.926050291516404	0.015848931924611172	0.13609757322076288
4.493047718431742	0.015848931924611172	0.13544156052169556
5.141930515695824	0.015848931924611172	0.1356204548302653
5.884524511008838	0.015848931924611172	0.139524334770145
6.734363409805407	0.015848931924611172	0.1332203360237754
7.706935445758021	0.015848931924611172	0.1268063018039713
8.819965652373028	0.015848931924611172	0.11432629188454622
10.093738900052346	0.015848931924611172	0.10457786411159228
11.551469585940843	0.015848931924611172	0.09140917212752724
13.219724714121972	0.015848931924611172	0.06970503537827001
15.128908076758211	0.015848931924611172	0.0520452698062744
17.313814360331925	0.015848931924611172	0.03916640396326332
19.814263275520517	0.015848931924611172	0.02407408046977724
22.675825267662994	0.015848931924611172	0.01525178132135727
25.950652033822625	0.015848931924611172	0.008161343849401417
29.698426982540767	0.015848931924611172	0.0041594767896377905
33.98745295832107	0.015848931924611172	0.0020438480847072235
38.895897054520105	0.015848931924611172	0.0008893768622213946
44.51321520124173	0.015848931924611172	0.00036425140089547806
50.941782491215115	0.015848931924611172	0.00015159594729627235
58.29875895619149	0.015848931924611172	0.000058010090670257986
66.71822479745835	0.015848931924611172	0.000021975257288904417
76.35362398484546	0.015848931924611172	4.083726407255372e-6
87.38056075858388	0.015848931924611172	4.41847974967547e-7
100.00000000000031	0.015848931924611172	2.5477961159071794e-8
111.55639876771902	0.015848931924611172	1.614283474850083e-9
138.21730389017998	0.015848931924611172	6.353065408235652e-13
171.24990861750976	0.015848931924611172	9.33463681762325e-18
212.17698780180757	0.015848931924611172	0
262.885244821937	0.015848931924611172	0
325.7122869971341	0.015848931924611172	0
403.5543872869759	0.015848931924611172	0
499.9999999999984	0.015848931924611172	0
1000	0.015848931924611172	0
2000	0.015848931924611172	0
1.	0.01819700858609988	0.21925408793108964
1.9999999999999998	0.01819700858609988	0.2026870927623632
2.288838595949997	0.01819700858609988	0.19750511856032826
2.6193910591551774	0.01819700858609988	0.19198607817561703
2.9976816770403563	0.01819700858609988	0.18651007389956978
3.4306047603910415	0.01819700858609988	0.18157906112230537
3.926050291516404	0.01819700858609988	0.17828308792140615
4.493047718431742	0.01819700858609988	0.17647409311163734
5.141930515695824	0.01819700858609988	0.16887410275894038
5.884524511008838	0.01819700858609988	0.1666080645338016
6.734363409805407	0.01819700858609988	0.15958905496478934
7.706935445758021	0.01819700858609988	0.14679515473261892
8.819965652373028	0.01819700858609988	0.13220914265414654
10.093738900052346	0.01819700858609988	0.12042968827744191
11.551469585940843	0.01819700858609988	0.10592637070286973
13.219724714121972	0.01819700858609988	0.08176598463846468
15.128908076758211	0.01819700858609988	0.06068118692887953
17.313814360331925	0.01819700858609988	0.04583303140041503
19.814263275520517	0.01819700858609988	0.028399376989903597
22.675825267662994	0.01819700858609988	0.017901748812286514
25.950652033822625	0.01819700858609988	0.00963209823319162
29.698426982540767	0.01819700858609988	0.004902277864324253
33.98745295832107	0.01819700858609988	0.002402829137302664
38.895897054520105	0.01819700858609988	0.001048941583817449
44.51321520124173	0.01819700858609988	0.0004307227281198262
50.941782491215115	0.01819700858609988	0.000178670815628019
58.29875895619149	0.01819700858609988	0.00007040835432916858
66.71822479745835	0.01819700858609988	0.000026639790083935762
76.35362398484546	0.01819700858609988	4.96132860593494e-6
87.38056075858388	0.01819700858609988	5.390566407332737e-7
100.00000000000031	0.01819700858609988	3.1242418397051846e-8
111.55639876771902	0.01819700858609988	1.987727440474717e-9
138.21730389017998	0.01819700858609988	7.92617932560755e-13
171.24990861750976	0.01819700858609988	1.1829139345746035e-17
212.17698780180757	0.01819700858609988	0
262.885244821937	0.01819700858609988	0
325.7122869971341	0.01819700858609988	0
403.5543872869759	0.01819700858609988	0
499.9999999999984	0.01819700858609988	0
1000	0.01819700858609988	0
2000	0.01819700858609988	0
1.	0.02089296130854045	0.246863603756974
1.9999999999999998	0.02089296130854045	0.23181358198585228
2.288838595949997	0.02089296130854045	0.2268226035059718
2.6193910591551774	0.02089296130854045	0.2213465628504701
2.9976816770403563	0.02089296130854045	0.2157115615521793
3.4306047603910415	0.02089296130854045	0.21071453830281298
3.926050291516404	0.02089296130854045	0.20618159819193804
4.493047718431742	0.02089296130854045	0.20342462430848743
5.141930515695824	0.02089296130854045	0.20163352771929718
5.884524511008838	0.02089296130854045	0.1985695007565646
6.734363409805407	0.02089296130854045	0.19093149982736798
7.706935445758021	0.02089296130854045	0.1765686399571285
8.819965652373028	0.02089296130854045	0.15911168209238424
10.093738900052346	0.02089296130854045	0.1440742133293426
11.551469585940843	0.02089296130854045	0.12731104284103514
13.219724714121972	0.02089296130854045	0.0998451035279298
15.128908076758211	0.02089296130854045	0.07381124472620108
17.313814360331925	0.02089296130854045	0.05573113873550471
19.814263275520517	0.02089296130854045	0.03497411050388778
22.675825267662994	0.02089296130854045	0.02186386598065248
25.950652033822625	0.02089296130854045	0.011864014435792823
29.698426982540767	0.02089296130854045	0.006029034421043257
33.98745295832107	0.02089296130854045	0.002944016069372537
38.895897054520105	0.02089296130854045	0.0012911475157893094
44.51321520124173	0.02089296130854045	0.0005324967985827659
50.941782491215115	0.02089296130854045	0.00021922027128642714
58.29875895619149	0.02089296130854045	0.00008621681513344898
66.71822479745835	0.02089296130854045	0.000032603156510856066
76.35362398484546	0.02089296130854045	6.087500676515739e-6
87.38056075858388	0.02089296130854045	6.647118044934404e-7
100.00000000000031	0.02089296130854045	3.872665644271265e-8
111.55639876771902	0.02089296130854045	2.4748193685599656e-9
138.21730389017998	0.02089296130854045	1.0016564188017815e-12
171.24990861750976	0.02089296130854045	1.5215727741423866e-17
212.17698780180757	0.02089296130854045	0
262.885244821937	0.02089296130854045	0
325.7122869971341	0.02089296130854045	0
403.5543872869759	0.02089296130854045	0
499.9999999999984	0.02089296130854045	0
1000	0.02089296130854045	0
2000	0.02089296130854045	0
1.	0.023988329190194974	0.2760672485601774
1.9999999999999998	0.023988329190194974	0.26428329283005664
2.288838595949997	0.023988329190194974	0.2600543242451845
2.6193910591551774	0.023988329190194974	0.2551762970682401
2.9976816770403563	0.023988329190194974	0.24966429707341176
3.4306047603910415	0.023988329190194974	0.24415726114641575
3.926050291516404	0.023988329190194974	0.23876030592740813
4.493047718431742	0.023988329190194974	0.23450531000943303
5.141930515695824	0.023988329190194974	0.23140426916930876
5.884524511008838	0.023988329190194974	0.22742122229500666
6.734363409805407	0.023988329190194974	0.21945420964863885
7.706935445758021	0.023988329190194974	0.2042043312966419
8.819965652373028	0.023988329190194974	0.1838463166809148
10.093738900052346	0.023988329190194974	0.1655817061728379
11.551469585940843	0.023988329190194974	0.1470415705532777
13.219724714121972	0.023988329190194974	0.11736476829980934
15.128908076758211	0.023988329190194974	0.08639794467623187
17.313814360331925	0.023988329190194974	0.06523785282705696
19.814263275520517	0.023988329190194974	0.041481013594636795
22.675825267662994	0.023988329190194974	0.025730447760735596
25.950652033822625	0.023988329190194974	0.014079892617248723
29.698426982540767	0.023988329190194974	0.007146358010959688
33.98745295832107	0.023988329190194974	0.0034740854817230144
38.895897054520105	0.023988329190194974	0.001531993543741353
44.51321520124173	0.023988329190194974	0.0006347131328129122
50.941782491215115	0.023988329190194974	0.00026004241810646404
58.29875895619149	0.023988329190194974	0.00010182003531465793
66.71822479745835	0.023988329190194974	0.00003846397091099646
76.35362398484546	0.023988329190194974	7.202888811991585e-6
87.38056075858388	0.023988329190194974	7.910671731418274e-7
100.00000000000031	0.023988329190194974	4.633884021074732e-8
111.55639876771902	0.023988329190194974	2.9753307261251428e-9
138.21730389017998	0.023988329190194974	1.2246770158587985e-12
171.24990861750976	0.023988329190194974	1.8979359975045892e-17
212.17698780180757	0.023988329190194974	0
262.885244821937	0.023988329190194974	0
325.7122869971341	0.023988329190194974	0
403.5543872869759	0.023988329190194974	0
499.9999999999984	0.023988329190194974	0
1000	0.023988329190194974	0
2000	0.023988329190194974	0
1.	0.027542287033381744	0.30632988958672813
1.9999999999999998	0.027542287033381744	0.2999358699215417
2.288838595949997	0.027542287033381744	0.2970288792292188
2.6193910591551774	0.027542287033381744	0.2932238477637984
2.9976816770403563	0.027542287033381744	0.2884308346783503
3.4306047603910415	0.027542287033381744	0.28226580338851537
3.926050291516404	0.027542287033381744	0.27627385999089493
4.493047718431742	0.027542287033381744	0.2701648944781631
5.141930515695824	0.027542287033381744	0.2645128758156654
5.884524511008838	0.027542287033381744	0.2596348392290658
6.734363409805407	0.027542287033381744	0.2514888282782745
7.706935445758021	0.027542287033381744	0.2358459578060354
8.819965652373028	0.027542287033381744	0.212720984979736
10.093738900052346	0.027542287033381744	0.19004436014867176
11.551469585940843	0.027542287033381744	0.16941134887067172
13.219724714121972	0.027542287033381744	0.13796045107868257
15.128908076758211	0.027542287033381744	0.10136085205026851
17.313814360331925	0.027542287033381744	0.07610600671523866
19.814263275520517	0.027542287033381744	0.04935526416323871
22.675825267662994	0.027542287033381744	0.03031477865117243
25.950652033822625	0.027542287033381744	0.016755088847552193
29.698426982540767	0.027542287033381744	0.008499437434918213
33.98745295832107	0.027542287033381744	0.004107755855678898
38.895897054520105	0.027542287033381744	0.0018215603154102694
44.51321520124173	0.027542287033381744	0.0007587504826698653
50.941782491215115	0.027542287033381744	0.00030845804976847613
58.29875895619149	0.027542287033381744	0.00012040098135454068
66.71822479745835	0.027542287033381744	0.000045465753752663264
76.35362398484546	0.027542287033381744	8.54184626929092e-6
87.38056075858388	0.027542287033381744	9.443260832509282e-7
100.00000000000031	0.027542287033381744	5.564038817176444e-8
111.55639876771902	0.027542287033381744	3.5908631755362574e-9
138.21730389017998	0.027542287033381744	1.5062775102167494e-12
171.24990861750976	0.027542287033381744	2.3873772406559292e-17
212.17698780180757	0.027542287033381744	0
262.885244821937	0.027542287033381744	0
325.7122869971341	0.027542287033381744	0
403.5543872869759	0.027542287033381744	0
499.9999999999984	0.027542287033381744	0
1000	0.027542287033381744	0
2000	0.027542287033381744	0
1.	0.03162277660168389	0.3374258216899797
1.9999999999999998	0.03162277660168389	0.33855677854028515
2.288838595949997	0.03162277660168389	0.3374597734939845
2.6193910591551774	0.03162277660168389	0.33544374795508985
2.9976816770403563	0.03162277660168389	0.3318907301569065
3.4306047603910415	0.03162277660168389	0.32656367642393147
3.926050291516404	0.03162277660168389	0.31932374903204946
4.493047718431742	0.03162277660168389	0.31132679614906106
5.141930515695824	0.03162277660168389	0.30290477493042467
5.884524511008838	0.03162277660168389	0.29581574841102176
6.734363409805407	0.03162277660168389	0.2875037371361241
7.706935445758021	0.03162277660168389	0.27143187120289547
8.819965652373028	0.03162277660168389	0.2457729107009617
10.093738900052346	0.03162277660168389	0.2180142135535616
11.551469585940843	0.03162277660168389	0.1945533453182893
13.219724714121972	0.03162277660168389	0.16196530989533353
15.128908076758211	0.03162277660168389	0.1192877860725517
17.313814360331925	0.03162277660168389	0.08922495052841678
19.814263275520517	0.03162277660168389	0.058885090960628314
22.675825267662994	0.03162277660168389	0.03576614703721371
25.950652033822625	0.03162277660168389	0.019992712467506477
29.698426982540767	0.03162277660168389	0.010140157405425537
33.98745295832107	0.03162277660168389	0.00486500351529812
38.895897054520105	0.03162277660168389	0.0021721296057009114
44.51321520124173	0.03162277660168389	0.0009094538522848996
50.941782491215115	0.03162277660168389	0.000366643144750907
58.29875895619149	0.03162277660168389	0.00014261712242215184
66.71822479745835	0.03162277660168389	0.00005391109031325363
76.35362398484546	0.03162277660168389	0.000010164529663372379
87.38056075858388	0.03162277660168389	1.131992358755831e-6
100.00000000000031	0.03162277660168389	6.713880391136799e-8
111.55639876771902	0.03162277660168389	4.357362896458271e-9
138.21730389017998	0.03162277660168389	1.8668144996002294e-12
171.24990861750976	0.03162277660168389	3.033800728342998e-17
212.17698780180757	0.03162277660168389	0
262.885244821937	0.03162277660168389	0
325.7122869971341	0.03162277660168389	0
403.5543872869759	0.03162277660168389	0
499.9999999999984	0.03162277660168389	0
1000	0.03162277660168389	0
2000	0.03162277660168389	0
1.	0.03630780547701025	0.3694850357063069
1.9999999999999998	0.03630780547701025	0.3803040460329113
2.288838595949997	0.03630780547701025	0.38197604061474877
2.6193910591551774	0.03630780547701025	0.38242804650979734
2.9976816770403563	0.03630780547701025	0.3806760358914291
3.4306047603910415	0.03630780547701025	0.3760059787273707
3.926050291516404	0.03630780547701025	0.3680250496976058
4.493047718431742	0.03630780547701025	0.3573490961544277
5.141930515695824	0.03630780547701025	0.3460120426611025
5.884524511008838	0.03630780547701025	0.3360909978259556
6.734363409805407	0.03630780547701025	0.32689599163040517
7.706935445758021	0.03630780547701025	0.3115351184659307
8.819965652373028	0.03630780547701025	0.2838271532535897
10.093738900052346	0.03630780547701025	0.25015630971745495
11.551469585940843	0.03630780547701025	0.22283460324912455
13.219724714121972	0.03630780547701025	0.18982439877503174
15.128908076758211	0.03630780547701025	0.14082889181366512
17.313814360331925	0.03630780547701025	0.10428682391639857
19.814263275520517	0.03630780547701025	0.07043751154521567
22.675825267662994	0.03630780547701025	0.042305066364509744
25.950652033822625	0.03630780547701025	0.023927074128613866
29.698426982540767	0.03630780547701025	0.01214216251963705
33.98745295832107	0.03630780547701025	0.0057812509163325185
38.895897054520105	0.03630780547701025	0.0025969824399958543
44.51321520124173	0.03630780547701025	0.0010925686759503117
50.941782491215115	0.03630780547701025	0.0004362598733783466
58.29875895619149	0.03630780547701025	0.0001692365227094362
66.71822479745835	0.03630780547701025	0.00006403440279341504
76.35362398484546	0.03630780547701025	0.000012119194724402842
87.38056075858388	0.03630780547701025	1.3604606109777869e-6
100.00000000000031	0.03630780547701025	8.131981502723831e-8
111.55639876771902	0.03630780547701025	5.311371109430451e-9
138.21730389017998	0.03630780547701025	2.3293144350826875e-12
171.24990861750976	0.03630780547701025	3.8911963518793606e-17
212.17698780180757	0.03630780547701025	1.2174594945076459e-25
262.885244821937	0.03630780547701025	0
325.7122869971341	0.03630780547701025	0
403.5543872869759	0.03630780547701025	0
499.9999999999984	0.03630780547701025	0
1000	0.03630780547701025	0
2000	0.03630780547701025	0
1.	0.04168693834703368	0.40455067417519913
1.9999999999999998	0.04168693834703368	0.42551174001355596
2.288838595949997	0.04168693834703368	0.42984528417957807
2.6193910591551774	0.04168693834703368	0.4329228785170256
2.9976816770403563	0.04168693834703368	0.4336925790022004
3.4306047603910415	0.04168693834703368	0.4304258268221455
3.926050291516404	0.04168693834703368	0.42222502685373703
4.493047718431742	0.04168693834703368	0.4095933089846809
5.141930515695824	0.04168693834703368	0.39467722655747123
5.884524511008838	0.04168693834703368	0.38189116533651757
6.734363409805407	0.04168693834703368	0.37156816096051226
7.706935445758021	0.04168693834703368	0.3572392813556316
8.819965652373028	0.04168693834703368	0.3280453425241533
10.093738900052346	0.04168693834703368	0.28826932339788425
11.551469585940843	0.04168693834703368	0.2554508474540252
13.219724714121972	0.04168693834703368	0.22225045740271382
15.128908076758211	0.04168693834703368	0.16724402959364118
17.313814360331925	0.04168693834703368	0.12227591577012706
19.814263275520517	0.04168693834703368	0.08457545963197065
22.675825267662994	0.04168693834703368	0.05032319466797437
25.950652033822625	0.04168693834703368	0.028786052295749032
29.698426982540767	0.04168693834703368	0.014633370432290228
33.98745295832107	0.04168693834703368	0.006911093331566708
38.895897054520105	0.04168693834703368	0.003116715369962868
44.51321520124173	0.04168693834703368	0.0013163794537825594
50.941782491215115	0.04168693834703368	0.000520587659562602
58.29875895619149	0.04168693834703368	0.00020166696813080147
66.71822479745835	0.04168693834703368	0.00007644590477909865
76.35362398484546	0.04168693834703368	0.000014527602212343825
87.38056075858388	0.04168693834703368	1.6446283595329184e-6
100.00000000000031	0.04168693834703368	9.923826834523007e-8
111.55639876771902	0.04168693834703368	6.529914780832346e-9
138.21730389017998	0.04168693834703368	2.9379202890987344e-12
171.24990861750976	0.04168693834703368	5.057041545135073e-17
212.17698780180757	0.04168693834703368	1.6543661880346304e-25
262.885244821937	0.04168693834703368	0
325.7122869971341	0.04168693834703368	0
403.5543872869759	0.04168693834703368	0
499.9999999999984	0.04168693834703368	0
1000	0.04168693834703368	0
2000	0.04168693834703368	0
1.	0.047863009232264	0.0299607024516077
1.9999999999999998	0.047863009232264	0.06152521854454992
2.288838595949997	0.047863009232264	0.15689278857694455
2.6193910591551774	0.047863009232264	0.25195353803897635
2.9976816770403563	0.047863009232264	0.367926228949467
3.4306047603910415	0.047863009232264	0.4152251513981614
3.926050291516404	0.047863009232264	0.4275960925045348
4.493047718431742	0.047863009232264	0.4511709362800179
5.141930515695824	0.047863009232264	0.43259606704159664
5.884524511008838	0.047863009232264	0.41734503218315167
6.734363409805407	0.047863009232264	0.405583041316034
7.706935445758021	0.047863009232264	0.3917471543801546
8.819965652373028	0.047863009232264	0.36484519699881957
10.093738900052346	0.047863009232264	0.3203470535813966
11.551469585940843	0.047863009232264	0.28165986209016086
13.219724714121972	0.047863009232264	0.24954239571438455
15.128908076758211	0.047863009232264	0.198782835737925
17.313814360331925	0.047863009232264	0.14358178465577764
19.814263275520517	0.047863009232264	0.10163463709511969
22.675825267662994	0.047863009232264	0.06012231651873647
25.950652033822625	0.047863009232264	0.034719879606678904
29.698426982540767	0.047863009232264	0.017695644852228243
33.98745295832107	0.047863009232264	0.008301724819400585
38.895897054520105	0.047863009232264	0.0036148737979301614
44.51321520124173	0.047863009232264	0.001531478213080259
50.941782491215115	0.047863009232264	0.0005998526950092415
58.29875895619149	0.047863009232264	0.00023209311257813453
66.71822479745835	0.047863009232264	0.0000882970000059438
76.35362398484546	0.047863009232264	0.000016855552670124543
87.38056075858388	0.047863009232264	1.9250362224511493e-6
100.00000000000031	0.047863009232264	1.1749731313756566e-7
111.55639876771902	0.047863009232264	7.800019832953102e-9
138.21730389017998	0.047863009232264	3.6081472969006526e-12
171.24990861750976	0.047863009232264	6.412941278609762e-17
212.17698780180757	0.047863009232264	2.2021327242052042e-25
262.885244821937	0.047863009232264	0
325.7122869971341	0.047863009232264	0
403.5543872869759	0.047863009232264	0
499.9999999999984	0.047863009232264	0
1000	0.047863009232264	0
2000	0.047863009232264	0
1.	0.05495408738576265	0.4926891768576403
1.9999999999999998	0.05495408738576265	0.3061915647658515
2.288838595949997	0.05495408738576265	0.3505714397362857
2.6193910591551774	0.05495408738576265	0.4158086727827031
2.9976816770403563	0.05495408738576265	0.4030450815123081
3.4306047603910415	0.05495408738576265	0.4402144275313008
3.926050291516404	0.05495408738576265	0.4893368828461186
4.493047718431742	0.05495408738576265	0.4750920147679502
5.141930515695824	0.05495408738576265	0.49222389239677833
5.884524511008838	0.05495408738576265	0.49001778875076935
6.734363409805407	0.05495408738576265	0.47457482813557983
7.706935445758021	0.05495408738576265	0.46055994321692073
8.819965652373028	0.05495408738576265	0.4354439725187203
10.093738900052346	0.05495408738576265	0.3863722139663729
11.551469585940843	0.05495408738576265	0.323844229542013
13.219724714121972	0.05495408738576265	0.2900891415946328
15.128908076758211	0.05495408738576265	0.22934870115776443
17.313814360331925	0.05495408738576265	0.16321570408927383
19.814263275520517	0.05495408738576265	0.11777263872170692
22.675825267662994	0.05495408738576265	0.06973625739850348
25.950652033822625	0.05495408738576265	0.04051031777001701
29.698426982540767	0.05495408738576265	0.020729525057109437
33.98745295832107	0.05495408738576265	0.00967480880467429
38.895897054520105	0.05495408738576265	0.004371781835766247
44.51321520124173	0.05495408738576265	0.0018510267592984188
50.941782491215115	0.05495408738576265	0.000720934862516856
58.29875895619149	0.05495408738576265	0.00027886538304654874
66.71822479745835	0.05495408738576265	0.0001063604598010859
76.35362398484546	0.05495408738576265	0.000020407668549790706
87.38056075858388	0.05495408738576265	2.352329791631711e-6
100.00000000000031	0.05495408738576265	1.4553175912661852e-7
111.55639876771902	0.05495408738576265	9.764414346795962e-9
138.21730389017998	0.05495408738576265	4.653848533708872e-12
171.24990861750976	0.05495408738576265	8.556715484752295e-17
212.17698780180757	0.05495408738576265	3.099257841105016e-25
262.885244821937	0.05495408738576265	0
325.7122869971341	0.05495408738576265	0
403.5543872869759	0.05495408738576265	0
499.9999999999984	0.05495408738576265	0
1000	0.05495408738576265	0
2000	0.05495408738576265	0
1.	0.06309573444801955	0.5555432925238601
1.9999999999999998	0.06309573444801955	0.5842422442268368
2.288838595949997	0.06309573444801955	0.5925341952115928
2.6193910591551774	0.06309573444801955	0.6004982482496538
2.9976816770403563	0.06309573444801955	0.6068312304128126
3.4306047603910415	0.06309573444801955	0.6096121907993957
3.926050291516404	0.06309573444801955	0.606325225607823
4.493047718431742	0.06309573444801955	0.5950112990804985
5.141930515695824	0.06309573444801955	0.576497250252096
5.884524511008838	0.06309573444801955	0.5547991677140958
6.734363409805407	0.06309573444801955	0.5362082084959933
7.706935445758021	0.06309573444801955	0.5224073071789791
8.819965652373028	0.06309573444801955	0.4994513430384012
10.093738900052346	0.06309573444801955	0.4508026890946569
11.551469585940843	0.06309573444801955	0.39114649358714104
13.219724714121972	0.06309573444801955	0.34784237343826896
15.128908076758211	0.06309573444801955	0.2841758979320191
17.313814360331925	0.06309573444801955	0.2021528331989647
19.814263275520517	0.06309573444801955	0.14656692360599818
22.675825267662994	0.06309573444801955	0.08810748917799902
25.950652033822625	0.06309573444801955	0.05114788339021077
29.698426982540767	0.06309573444801955	0.026272033968632744
33.98745295832107	0.06309573444801955	0.012246664353014301
38.895897054520105	0.06309573444801955	0.005497528551392532
44.51321520124173	0.06309573444801955	0.002313078460039265
50.941782491215115	0.06309573444801955	0.0008992965581700127
58.29875895619149	0.06309573444801955	0.0003476763523157364
66.71822479745835	0.06309573444801955	0.00013264147055331676
76.35362398484546	0.06309573444801955	0.000025601730134155807
87.38056075858388	0.06309573444801955	2.9806387804287757e-6
100.00000000000031	0.06309573444801955	1.872249038866578e-7
111.55639876771902	0.06309573444801955	1.2721180069344221e-8
138.21730389017998	0.06309573444801955	6.260477947708924e-12
171.24990861750976	0.06309573444801955	1.1928405121334242e-16
212.17698780180757	0.06309573444801955	4.584339702911936e-25
262.885244821937	0.06309573444801955	0
325.7122869971341	0.06309573444801955	0
403.5543872869759	0.06309573444801955	0
499.9999999999984	0.06309573444801955	0
1000	0.06309573444801955	0
2000	0.06309573444801955	0
1.	0.07244359600749928	0.6349229660966947
1.9999999999999998	0.07244359600749928	0.6505159716942851
2.288838595949997	0.07244359600749928	0.656444943882677
2.6193910591551774	0.07244359600749928	0.6630519827493977
2.9976816770403563	0.07244359600749928	0.6664329881990073
3.4306047603910415	0.07244359600749928	0.6699579662224872
3.926050291516404	0.07244359600749928	0.6691249704484736
4.493047718431742	0.07244359600749928	0.6638159919763458
5.141930515695824	0.07244359600749928	0.6484949543840391
5.884524511008838	0.07244359600749928	0.6270888567371172
6.734363409805407	0.07244359600749928	0.6059159082110834
7.706935445758021	0.07244359600749928	0.5882270547193997
8.819965652373028	0.07244359600749928	0.5682060488390481
10.093738900052346	0.07244359600749928	0.5270661429036474
11.551469585940843	0.07244359600749928	0.45869439765666203
13.219724714121972	0.07244359600749928	0.40146116541147014
15.128908076758211	0.07244359600749928	0.33875762462131187
17.313814360331925	0.07244359600749928	0.24351759261407674
19.814263275520517	0.07244359600749928	0.17565898422463158
22.675825267662994	0.07244359600749928	0.10828263858023271
25.950652033822625	0.07244359600749928	0.06255746486067071
29.698426982540767	0.07244359600749928	0.03229708925431528
33.98745295832107	0.07244359600749928	0.015102487369242317
38.895897054520105	0.07244359600749928	0.00671903450900432
44.51321520124173	0.07244359600749928	0.0028023757449771296
50.941782491215115	0.07244359600749928	0.0010913145782188145
58.29875895619149	0.07244359600749928	0.0004222737006320563
66.71822479745835	0.07244359600749928	0.00016083021795043663
76.35362398484546	0.07244359600749928	0.00003125841777967918
87.38056075858388	0.07244359600749928	3.6807094304235515e-6
100.00000000000031	0.07244359600749928	2.3495491164963364e-7
111.55639876771902	0.07244359600749928	1.6195706361694424e-8
138.21730389017998	0.07244359600749928	8.2490359314542e-12
171.24990861750976	0.07244359600749928	1.6319474671354875e-16
212.17698780180757	0.07244359600749928	6.699799287445797e-25
262.885244821937	0.07244359600749928	0
325.7122869971341	0.07244359600749928	0
403.5543872869759	0.07244359600749928	0
499.9999999999984	0.07244359600749928	0
1000	0.07244359600749928	0
2000	0.07244359600749928	0
1.	0.08317637711026743	0.7403797750929368
1.9999999999999998	0.08317637711026743	0.7285398335990148
2.288838595949997	0.08317637711026743	0.7267848585175707
2.6193910591551774	0.08317637711026743	0.7244468702898644
2.9976816770403563	0.08317637711026743	0.7248848823554631
3.4306047603910415	0.08317637711026743	0.7266959010270261
3.926050291516404	0.08317637711026743	0.7289888727307102
4.493047718431742	0.08317637711026743	0.7297708561917864
5.141930515695824	0.08317637711026743	0.7248778264360777
5.884524511008838	0.08317637711026743	0.7095237034437986
6.734363409805407	0.08317637711026743	0.6867757476924837
7.706935445758021	0.08317637711026743	0.6639979450650871
8.819965652373028	0.08317637711026743	0.6464999013724695
10.093738900052346	0.08317637711026743	0.6135058861780391
11.551469585940843	0.08317637711026743	0.5412013325986924
13.219724714121972	0.08317637711026743	0.4655070331333497
15.128908076758211	0.08317637711026743	0.40136747787565114
17.313814360331925	0.08317637711026743	0.29624539469059596
19.814263275520517	0.08317637711026743	0.21042818625910714
22.675825267662994	0.08317637711026743	0.1342765018469646
25.950652033822625	0.08317637711026743	0.07689810983378634
29.698426982540767	0.08317637711026743	0.03986445123771089
33.98745295832107	0.08317637711026743	0.018783223367356605
38.895897054520105	0.08317637711026743	0.008268083006248561
44.51321520124173	0.08317637711026743	0.003408323804667842
50.941782491215115	0.08317637711026743	0.0013348451279329183
58.29875895619149	0.08317637711026743	0.0005160473679784127
66.71822479745835	0.08317637711026743	0.00019530898182009435
76.35362398484546	0.08317637711026743	0.000038260011709784255
87.38056075858388	0.08317637711026743	4.5660371156884905e-6
100.00000000000031	0.08317637711026743	2.9628382628462553e-7
111.55639876771902	0.08317637711026743	2.074227048517015e-8
138.21730389017998	0.08317637711026743	1.0963628061909014e-11
171.24990861750976	0.08317637711026743	2.2577805738479613e-16
212.17698780180757	0.08317637711026743	9.969185096377677e-25
262.885244821937	0.08317637711026743	0
325.7122869971341	0.08317637711026743	0
403.5543872869759	0.08317637711026743	0
499.9999999999984	0.08317637711026743	0
1000	0.08317637711026743	0
2000	0.08317637711026743	0
1.	0.09549925860214398	0.19463683338929413
1.9999999999999998	0.09549925860214398	0.35422225749653624
2.288838595949997	0.09549925860214398	0.3997558772928896
2.6193910591551774	0.09549925860214398	0.4989019652821991
2.9976816770403563	0.09549925860214398	0.5730407135083203
3.4306047603910415	0.09549925860214398	0.6255471607291841
3.926050291516404	0.09549925860214398	0.7109861012034542
4.493047718431742	0.09549925860214398	0.7901934782870945
5.141930515695824	0.09549925860214398	0.7724708374724643
5.884524511008838	0.09549925860214398	0.7686656925173799
6.734363409805407	0.09549925860214398	0.7481686989192535
7.706935445758021	0.09549925860214398	0.7211189347716391
8.819965652373028	0.09549925860214398	0.702415885210519
10.093738900052346	0.09549925860214398	0.6825330438097056
11.551469585940843	0.09549925860214398	0.617917090424116
13.219724714121972	0.09549925860214398	0.5238369148698815
15.128908076758211	0.09549925860214398	0.45514743271849367
17.313814360331925	0.09549925860214398	0.3505622047156563
19.814263275520517	0.09549925860214398	0.2438584548688859
22.675825267662994	0.09549925860214398	0.16127437339262785
25.950652033822625	0.09549925860214398	0.09181756720911394
29.698426982540767	0.09549925860214398	0.04778511567807134
33.98745295832107	0.09549925860214398	0.022715761747643462
38.895897054520105	0.09549925860214398	0.009912642158083114
44.51321520124173	0.09549925860214398	0.004047642047829078
50.941782491215115	0.09549925860214398	0.0015929658183981596
58.29875895619149	0.09549925860214398	0.000614308129708336
66.71822479745835	0.09549925860214398	0.00023029875145945915
76.35362398484546	0.09549925860214398	0.00004550172008802272
87.38056075858388	0.09549925860214398	5.517322149844956e-6
100.00000000000031	0.09549925860214398	3.64066453195128e-7
111.55639876771902	0.09549925860214398	2.5888202055427693e-8
138.21730389017998	0.09549925860214398	1.4247506845723326e-11
171.24990861750976	0.09549925860214398	3.064051899898819e-16
212.17698780180757	0.09549925860214398	1.4636522672714932e-24
262.885244821937	0.09549925860214398	0
325.7122869971341	0.09549925860214398	0
403.5543872869759	0.09549925860214398	0
499.9999999999984	0.09549925860214398	0
1000	0.09549925860214398	0
2000	0.09549925860214398	0
1.	0.10964781961431896	0.3617998687417826
1.9999999999999998	0.10964781961431896	0.7556228823513773
2.288838595949997	0.10964781961431896	0.7790380505310274
2.6193910591551774	0.10964781961431896	0.7665285591918735
2.9976816770403563	0.10964781961431896	0.7562757803883178
3.4306047603910415	0.10964781961431896	0.7863599576591864
3.926050291516404	0.10964781961431896	0.7871870509924769
4.493047718431742	0.10964781961431896	0.8309743038741403
5.141930515695824	0.10964781961431896	0.8407781318467377
5.884524511008838	0.10964781961431896	0.8447009685812923
6.734363409805407	0.10964781961431896	0.8330178204047887
7.706935445758021	0.10964781961431896	0.8051170597238541
8.819965652373028	0.10964781961431896	0.779759112971018
10.093738900052346	0.10964781961431896	0.7664916714765738
11.551469585940843	0.10964781961431896	0.7193456904935892
13.219724714121972	0.10964781961431896	0.6138757290620357
15.128908076758211	0.10964781961431896	0.5271237114996387
17.313814360331925	0.10964781961431896	0.4268032655502584
19.814263275520517	0.10964781961431896	0.2940493098789439
22.675825267662994	0.10964781961431896	0.19991684393271575
25.950652033822625	0.10964781961431896	0.11393697733525045
29.698426982540767	0.10964781961431896	0.059561854633831485
33.98745295832107	0.10964781961431896	0.02853066621171976
38.895897054520105	0.10964781961431896	0.012401377948931954
44.51321520124173	0.10964781961431896	0.0050354501904632054
50.941782491215115	0.10964781961431896	0.001984013325260127
58.29875895619149	0.10964781961431896	0.0007586419960354345
66.71822479745835	0.10964781961431896	0.00028063195043061815
76.35362398484546	0.10964781961431896	0.00005593470118001526
87.38056075858388	0.10964781961431896	6.904867153051332e-6
100.00000000000031	0.10964781961431896	4.6418090177429924e-7
111.55639876771902	0.10964781961431896	3.3500324711463596e-8
138.21730389017998	0.10964781961431896	1.9277545725119367e-11
171.24990861750976	0.10964781961431896	4.345280530554685e-16
212.17698780180757	0.10964781961431896	2.2548327121487804e-24
262.885244821937	0.10964781961431896	0
325.7122869971341	0.10964781961431896	0
403.5543872869759	0.10964781961431896	0
499.9999999999984	0.10964781961431896	0
1000	0.10964781961431896	0
2000	0.10964781961431896	0