1.	0.001	0.0129482
1.9999999999999998	0.001	0.0168813
2.288838595949997	0.001	0.01909688922997789
2.6193910591551774	0.001	0.02273221702028688
2.9976816770403563	0.001	0.028811237610221554
3.4306047603910415	0.001	0.03852023114927762
3.926050291516404	0.001	0.052169807612074286
4.493047718431742	0.001	0.06697524042370574
5.141930515695824	0.001	0.07571709646174844
5.884524511008838	0.001	0.0706220019525456
6.734363409805407	0.001	0.052150623481495684
7.706935445758021	0.001	0.030325402200490334
8.819965652373028	0.001	0.014374762304932275
10.093738900052346	0.001	0.005955473582946125
11.551469585940843	0.001	0.00234236538380551
13.219724714121972	0.001	0.0008814032041989715
15.128908076758211	0.001	0.00035642435122364873
17.313814360331925	0.001	0.000180919649844512
19.814263275520517	0.001	0.00011994989547220096
22.675825267662994	0.001	0.00007682073369847583
25.950652033822625	0.001	0.000042306605526219286
29.698426982540767	0.001	0.00002101522665090929
33.98745295832107	0.001	9.355977877667424e-6
38.895897054520105	0.001	3.890473279717808e-6
44.51321520124173	0.001	1.507118054775158e-6
50.941782491215115	0.001	5.531154764013047e-7
58.29875895619149	0.001	1.9238520597550666e-7
66.71822479745835	0.001	6.531438170511537e-8
76.35362398484546	0.001	2.0726906255433195e-8
87.38056075858388	0.001	6.589634239796733e-9
100.00000000000031	0.001	2.3687973668243924e-9
111.55639876771902	0.001	1.0572144334559745e-9
138.21730389017998	0.001	1.927965805604496e-10
171.24990861750976	0.001	3.105191614780331e-11
212.17698780180757	0.001	5.7089733459869865e-12
262.885244821937	0.001	8.271117757332069e-13
325.7122869971341	0.001	4.453637741212201e-14
403.5543872869759	0.001	6.560761856656382e-16
499.9999999999984	0.001	5.235404223893192e-19
1000	0.001	0
2000	0.001	0
1.	0.0011481536214968829	0.014659840609048876
1.9999999999999998	0.0011481536214968829	0.01914575368058545
2.288838595949997	0.0011481536214968829	0.021647348428613346
2.6193910591551774	0.0011481536214968829	0.02574789074208647
2.9976816770403563	0.0011481536214968829	0.03260843296087179
3.4306047603910415	0.0011481536214968829	0.04363167094392658
3.926050291516404	0.0011481536214968829	0.05923477681163954
4.493047718431742	0.0011481536214968829	0.0763296561671265
5.141930515695824	0.0011481536214968829	0.08668106267869329
5.884524511008838	0.0011481536214968829	0.08121254783480927
6.734363409805407	0.0011481536214968829	0.060168510064989626
7.706935445758021	0.0011481536214968829	0.035042734773910206
8.819965652373028	0.0011481536214968829	0.016613227907861395
10.093738900052346	0.0011481536214968829	0.006879951337689064
11.551469585940843	0.0011481536214968829	0.0027013961242110724
13.219724714121972	0.0011481536214968829	0.0010161955494967217
15.128908076758211	0.0011481536214968829	0.0004104735836330182
17.313814360331925	0.0011481536214968829	0.00020820126234384075
19.814263275520517	0.0011481536214968829	0.0001379104728015681
22.675825267662994	0.0011481536214968829	0.0000882729753157319
25.950652033822625	0.0011481536214968829	0.000048660736045129555
29.698426982540767	0.0011481536214968829	0.00002417499313190623
33.98745295832107	0.0011481536214968829	0.00001076608156688643
38.895897054520105	0.0011481536214968829	4.475768115461368e-6
44.51321520124173	0.0011481536214968829	1.7326894840490471e-6
50.941782491215115	0.0011481536214968829	6.354401939615886e-7
58.29875895619149	0.0011481536214968829	2.211325766015744e-7
66.71822479745835	0.0011481536214968829	7.509329645687342e-8
76.35362398484546	0.0011481536214968829	2.3830424421813694e-8
87.38056075858388	0.0011481536214968829	7.575935224115053e-9
100.00000000000031	0.0011481536214968829	2.722522608208912e-9
111.55639876771902	0.0011481536214968829	1.2151016806600807e-9
138.21730389017998	0.0011481536214968829	2.2158585115710744e-10
171.24990861750976	0.0011481536214968829	3.568784964842614e-11
212.17698780180757	0.0011481536214968829	6.5611320346758534e-12
262.885244821937	0.0011481536214968829	9.50573306520911e-13
325.7122869971341	0.0011481536214968829	5.118534388187351e-14
403.5543872869759	0.0011481536214968829	7.540468597030406e-16
499.9999999999984	0.0011481536214968829	6.0175469757546015e-19
1000	0.0011481536214968829	0
2000	0.0011481536214968829	0
1.	0.0013182567385564075	0.016567263428348408
1.9999999999999998	0.0013182567385564075	0.021667151656398695
2.288838595949997	0.0013182567385564075	0.024493231697274343
2.6193910591551774	0.0013182567385564075	0.029107857249362927
2.9976816770403563	0.0013182567385564075	0.03684796701316986
3.4306047603910415	0.0013182567385564075	0.04931626213747271
3.926050291516404	0.0013182567385564075	0.06712685884659089
4.493047718431742	0.0013182567385564075	0.08689591785967803
5.141930515695824	0.0013182567385564075	0.09919755599322978
5.884524511008838	0.0013182567385564075	0.09340313925799473
6.734363409805407	0.0013182567385564075	0.06947592011072679
7.706935445758021	0.0013182567385564075	0.040543830005685566
8.819965652373028	0.0013182567385564075	0.019239832855177025
10.093738900052346	0.0013182567385564075	0.00795292049813465
11.551469585940843	0.0013182567385564075	0.0031214627496063733
13.219724714121972	0.0013182567385564075	0.0011754478535610739
15.128908076758211	0.0013182567385564075	0.00047300793775714993
17.313814360331925	0.0013182567385564075	0.00023948493564348878
19.814263275520517	0.0013182567385564075	0.00015859779136013377
22.675825267662994	0.0013182567385564075	0.00010146939600401367
25.950652033822625	0.0013182567385564075	0.00005598102591253592
29.698426982540767	0.0013182567385564075	0.000027814633156581735
33.98745295832107	0.0013182567385564075	0.000012386538144930539
38.895897054520105	0.0013182567385564075	5.149361427838156e-6
44.51321520124173	0.0013182567385564075	1.991912922703625e-6
50.941782491215115	0.0013182567385564075	7.299082444863646e-7
58.29875895619149	0.0013182567385564075	2.5415368781107647e-7
66.71822479745835	0.0013182567385564075	8.633033030040247e-8
76.35362398484546	0.0013182567385564075	2.7397102563709595e-8
87.38056075858388	0.0013182567385564075	8.709257430092958e-9
100.00000000000031	0.0013182567385564075	3.1287425310026364e-9
111.55639876771902	0.0013182567385564075	1.396418690420371e-9
138.21730389017998	0.0013182567385564075	2.546467631427515e-10
171.24990861750976	0.0013182567385564075	4.101148817649631e-11
212.17698780180757	0.0013182567385564075	7.539611868678486e-12
262.885244821937	0.0013182567385564075	1.0923386892315653e-12
325.7122869971341	0.0013182567385564075	5.882050946839564e-14
403.5543872869759	0.0013182567385564075	8.665600211384371e-16
499.9999999999984	0.0013182567385564075	6.915874785778017e-19
1000	0.0013182567385564075	0
2000	0.0013182567385564075	0
1.	0.0015135612484362087	0.0186749129832021
1.9999999999999998	0.0015135612484362087	0.024490917437130777
2.288838595949997	0.0015135612484362087	0.02765760404974402
2.6193910591551774	0.0015135612484362087	0.032836547186847184
2.9976816770403563	0.0015135612484362087	0.04152448325949494
3.4306047603910415	0.0015135612484362087	0.05561493360076941
3.926050291516404	0.0015135612484362087	0.07591436592024076
4.493047718431742	0.0015135612484362087	0.09878298210238183
5.141930515695824	0.0015135612484362087	0.11348308594605956
5.884524511008838	0.0015135612484362087	0.10743294569979174
6.734363409805407	0.0015135612484362087	0.08027465310389095
7.706935445758021	0.0015135612484362087	0.04694859777625991
8.819965652373028	0.0015135612484362087	0.022301316234691258
10.093738900052346	0.0015135612484362087	0.009209888673227546
11.551469585940843	0.0015135612484362087	0.0036087900091178187
13.219724714121972	0.0015135612484362087	0.00135689065887961
15.128908076758211	0.0015135612484362087	0.0005452764684089465
17.313814360331925	0.0015135612484362087	0.0002756546986847241
19.814263275520517	0.0015135612484362087	0.00018236052335760035
22.675825267662994	0.0015135612484362087	0.0001167246948979941
25.950652033822625	0.0015135612484362087	0.0000644281202078129
29.698426982540767	0.0015135612484362087	0.000032018715236862796
33.98745295832107	0.0015135612484362087	0.00001425320683112483
38.895897054520105	0.0015135612484362087	5.928369969180743e-6
44.51321520124173	0.0015135612484362087	2.291217154903287e-6
50.941782491215115	0.0015135612484362087	8.388082177325032e-7
58.29875895619149	0.0015135612484362087	2.9226134919036993e-7
66.71822479745835	0.0015135612484362087	9.930302377097225e-8
76.35362398484546	0.0015135612484362087	3.1515184317810885e-8
87.38056075858388	0.0015135612484362087	1.0017591053207921e-8
100.00000000000031	0.0015135612484362087	3.597384166494994e-9
111.55639876771902	0.0015135612484362087	1.605613846476095e-9
138.21730389017998	0.0015135612484362087	2.9278834054769027e-10
171.24990861750976	0.0015135612484362087	4.715271168554828e-11
212.17698780180757	0.0015135612484362087	8.668308452039291e-12
262.885244821937	0.0015135612484362087	1.2558731738962658e-12
325.7122869971341	0.0015135612484362087	6.762832343635353e-14
403.5543872869759	0.0015135612484362087	9.963590754107731e-16
499.9999999999984	0.0015135612484362087	7.952386466177084e-19
1000	0.0015135612484362087	0
2000	0.0015135612484362087	0
1.	0.0017378008287493763	0.021006908159057886
1.9999999999999998	0.0017378008287493763	0.02762291106383314
2.288838595949997	0.0017378008287493763	0.031149895289399137
2.6193910591551774	0.0017378008287493763	0.03694294176095428
2.9976816770403563	0.0017378008287493763	0.046675279534685546
3.4306047603910415	0.0017378008287493763	0.06254054638060622
3.926050291516404	0.0017378008287493763	0.08564284815713358
4.493047718431742	0.0017378008287493763	0.11209694142545706
5.141930515695824	0.0017378008287493763	0.12967505493306464
5.884524511008838	0.0017378008287493763	0.12357289684041382
6.734363409805407	0.0017378008287493763	0.09283771255194584
7.706935445758021	0.0017378008287493763	0.05444240799660528
8.819965652373028	0.0017378008287493763	0.02588642508069759
10.093738900052346	0.0017378008287493763	0.01067203213879388
11.551469585940843	0.0017378008287493763	0.00417422768446903
13.219724714121972	0.0017378008287493763	0.0015661686538981623
15.128908076758211	0.0017378008287493763	0.0006288161628995903
17.313814360331925	0.0017378008287493763	0.00031777153678759685
19.814263275520517	0.0017378008287493763	0.00020986568638436484
22.675825267662994	0.0017378008287493763	0.00013439960059827638
25.950652033822625	0.0017378008287493763	0.00007416761840456562
29.698426982540767	0.0017378008287493763	0.00003686848928785047
33.98745295832107	0.0017378008287493763	0.000016405132478737022
38.895897054520105	0.0017378008287493763	6.821719075301256e-6
44.51321520124173	0.0017378008287493763	2.6337942980354775e-6
50.941782491215115	0.0017378008287493763	9.632192392948276e-7
58.29875895619149	0.0017378008287493763	3.358509796726071e-7
66.71822479745835	0.0017378008287493763	1.1414906054300939e-7
76.35362398484546	0.0017378008287493763	3.622840444007927e-8
87.38056075858388	0.0017378008287493763	1.1514770526464471e-8
100.00000000000031	0.0017378008287493763	4.133252072245403e-9
111.55639876771902	0.0017378008287493763	1.8448241159367073e-9
138.21730389017998	0.0017378008287493763	3.364001199747286e-10
171.24990861750976	0.0017378008287493763	5.417426588246973e-11
212.17698780180757	0.0017378008287493763	9.958700533888001e-12
262.885244821937	0.0017378008287493763	1.4428313291158003e-12
325.7122869971341	0.0017378008287493763	7.769860942705386e-14
403.5543872869759	0.0017378008287493763	1.1447772930026402e-15
499.9999999999984	0.0017378008287493763	9.137772261028078e-19
1000	0.0017378008287493763	0
2000	0.0017378008287493763	0
1.	0.0019952623149688807	0.02354162130858335
1.9999999999999998	0.0019952623149688807	0.031060029385640633
2.288838595949997	0.0019952623149688807	0.0350127137903438
2.6193910591551774	0.0019952623149688807	0.04145126869404465
2.9976816770403563	0.0019952623149688807	0.052291016873382785
3.4306047603910415	0.0019952623149688807	0.07012281661117023
3.926050291516404	0.0019952623149688807	0.0963781076350181
4.493047718431742	0.0019952623149688807	0.12697000596511646
5.141930515695824	0.0019952623149688807	0.14805715840335573
5.884524511008838	0.0019952623149688807	0.14220798456191364
6.734363409805407	0.0019952623149688807	0.10748997872696292
7.706935445758021	0.0019952623149688807	0.06320428855186776
8.819965652373028	0.0019952623149688807	0.03009216793777499
10.093738900052346	0.0019952623149688807	0.012391513974881283
11.551469585940843	0.0019952623149688807	0.004831123787026098
13.219724714121972	0.0019952623149688807	0.001810918195338075
15.128908076758211	0.0019952623149688807	0.0007259655535201176
17.313814360331925	0.0019952623149688807	0.0003663907214551575
19.814263275520517	0.0019952623149688807	0.00024141512117746794
22.675825267662994	0.0019952623149688807	0.0001546956495983028
25.950652033822625	0.0019952623149688807	0.00008541081660225296
29.698426982540767	0.0019952623149688807	0.000042467902456878444
33.98745295832107	0.0019952623149688807	0.000018902381017626785
38.895897054520105	0.0019952623149688807	7.854525980817157e-6
44.51321520124173	0.0019952623149688807	3.029004866674865e-6
50.941782491215115	0.0019952623149688807	1.1064510930300757e-6
58.29875895619149	0.0019952623149688807	3.8610280940086286e-7
66.71822479745835	0.0019952623149688807	1.312701546143404e-7
76.35362398484546	0.0019952623149688807	4.1665112555520985e-8
87.38056075858388	0.0019952623149688807	1.3241230256057077e-8
100.00000000000031	0.0019952623149688807	4.750716603219669e-9
111.55639876771902	0.0019952623149688807	2.1204637004622065e-9
138.21730389017998	0.0019952623149688807	3.866521285917384e-10
171.24990861750976	0.0019952623149688807	6.226432982631317e-11
212.17698780180757	0.0019952623149688807	1.1445282991549218e-11
262.885244821937	0.0019952623149688807	1.6582264814550787e-12
325.7122869971341	0.0019952623149688807	8.930124860206268e-14
403.5543872869759	0.0019952623149688807	1.3157945362805759e-15
499.9999999999984	0.0019952623149688807	1.0503956481410047e-18
1000	0.0019952623149688807	0
2000	0.0019952623149688807	0
1.	0.0022908676527677745	0.02626257839444239
1.9999999999999998	0.0022908676527677745	0.03481237020481647
2.288838595949997	0.0022908676527677745	0.039227145075297565
2.6193910591551774	0.0022908676527677745	0.04634759485031635
2.9976816770403563	0.0022908676527677745	0.05839442879630359
3.4306047603910415	0.0022908676527677745	0.078338920848174
3.926050291516404	0.0022908676527677745	0.10811392498071853
4.493047718431742	0.0022908676527677745	0.1434507269424482
5.141930515695824	0.0022908676527677745	0.16880283177463196
5.884524511008838	0.0022908676527677745	0.16376862088763827
6.734363409805407	0.0022908676527677745	0.12459968523291726
7.706935445758021	0.0022908676527677745	0.07356995664823655
8.819965652373028	0.0022908676527677745	0.03502091144063685
10.093738900052346	0.0022908676527677745	0.014399649321633408
11.551469585940843	0.0022908676527677745	0.005603337394547618
13.219724714121972	0.0022908676527677745	0.0020969414408207755
15.128908076758211	0.0022908676527677745	0.0008386845663829388
17.313814360331925	0.0022908676527677745	0.00042247372431622937
19.814263275520517	0.0022908676527677745	0.0002778898339034735
22.675825267662994	0.0022908676527677745	0.0001782141974976164
25.950652033822625	0.0022908676527677745	0.00009840906569023377
29.698426982540767	0.0022908676527677745	0.000048943077713799895
33.98745295832107	0.0022908676527677745	0.000021782275030145545
38.895897054520105	0.0022908676527677745	9.048618159568928e-6
44.51321520124173	0.0022908676527677745	3.484806697562948e-6
50.941782491215115	0.0022908676527677745	1.2712712538639643e-6
58.29875895619149	0.0022908676527677745	4.4401199316807685e-7
66.71822479745835	0.0022908676527677745	1.510096152558884e-7
76.35362398484546	0.0022908676527677745	4.793423669376497e-8
87.38056075858388	0.0022908676527677745	1.5231618122585944e-8
100.00000000000031	0.0022908676527677745	5.461889046205517e-9
111.55639876771902	0.0022908676527677745	2.437947534680874e-9
138.21730389017998	0.0022908676527677745	4.445291741360067e-10
171.24990861750976	0.0022908676527677745	7.158102004547758e-11
212.17698780180757	0.0022908676527677745	1.3157149427011855e-11
262.885244821937	0.0022908676527677745	1.90625027753016e-12
325.7122869971341	0.0022908676527677745	1.026633037960771e-13
403.5543872869759	0.0022908676527677745	1.5127645847318874e-15
499.9999999999984	0.0022908676527677745	1.2077782200522068e-18
1000	0.0022908676527677745	0
2000	0.0022908676527677745	0
1.	0.0026302679918953843	0.029186682699178824
1.9999999999999998	0.0026302679918953843	0.03889947581813678
2.288838595949997	0.0026302679918953843	0.043793549192110114
2.6193910591551774	0.0026302679918953843	0.05167200568087377
2.9976816770403563	0.0026302679918953843	0.06495254729148055
3.4306047603910415	0.0026302679918953843	0.087177370944898
3.926050291516404	0.0026302679918953843	0.12081894578751738
4.493047718431742	0.0026302679918953843	0.16158272868829426
5.141930515695824	0.0026302679918953843	0.19219085901206084
5.884524511008838	0.0026302679918953843	0.18843262072967326
6.734363409805407	0.0026302679918953843	0.14447267644052017
7.706935445758021	0.0026302679918953843	0.08572190321266138
8.819965652373028	0.0026302679918953843	0.040861040677733156
10.093738900052346	0.0026302679918953843	0.016779911726743313
11.551469585940843	0.0026302679918953843	0.006504989041195168
13.219724714121972	0.0026302679918953843	0.002433139058664854
15.128908076758211	0.0026302679918953843	0.0009690754479832083
17.313814360331925	0.0026302679918953843	0.00048740965245303166
19.814263275520517	0.0026302679918953843	0.0003196702164181593
22.675825267662994	0.0026302679918953843	0.00020542512920313497
25.950652033822625	0.0026302679918953843	0.00011343125854868354
29.698426982540767	0.0026302679918953843	0.000056425858701355115
33.98745295832107	0.0026302679918953843	0.000025107523822901076
38.895897054520105	0.0026302679918953843	0.000010427900648197627
44.51321520124173	0.0026302679918953843	4.009814582326e-6
50.941782491215115	0.0026302679918953843	1.4606386811078333e-6
58.29875895619149	0.0026302679918953843	5.106507138813923e-7
66.71822479745835	0.0026302679918953843	1.7373524101438904e-7
76.35362398484546	0.0026302679918953843	5.515300805431171e-8
87.38056075858388	0.0026302679918953843	1.7522748598155172e-8
100.00000000000031	0.0026302679918953843	6.279706787597642e-9
111.55639876771902	0.0026302679918953843	2.8030508891333403e-9
138.21730389017998	0.0026302679918953843	5.110833204142873e-10
171.24990861750976	0.0026302679918953843	8.229361734112848e-11
212.17698780180757	0.0026302679918953843	1.5125213781012722e-11
262.885244821937	0.0026302679918953843	2.191406490777914e-12
325.7122869971341	0.0026302679918953843	1.1802598348924835e-13
403.5543872869759	0.0026302679918953843	1.7392706913753567e-15
499.9999999999984	0.0026302679918953843	1.3888016046186055e-18
1000	0.0026302679918953843	0
2000	0.0026302679918953843	0
1.	0.003019951720402019	0.032289612627509345
1.9999999999999998	0.003019951720402019	0.043316217943060176
2.288838595949997	0.003019951720402019	0.048746993718392716
2.6193910591551774	0.003019951720402019	0.05739116390115796
2.9976816770403563	0.003019951720402019	0.07194372345716053
3.4306047603910415	0.003019951720402019	0.09652970153230359
3.926050291516404	0.003019951720402019	0.13439207936772546
4.493047718431742	0.003019951720402019	0.18141089327743734
5.141930515695824	0.003019951720402019	0.2183371111123139
5.884524511008838	0.003019951720402019	0.21674586523315395
6.734363409805407	0.003019951720402019	0.16785586813723852
7.706935445758021	0.003019951720402019	0.10014138316424517
8.819965652373028	0.003019951720402019	0.047822035971965306
10.093738900052346	0.003019951720402019	0.019580292166570777
11.551469585940843	0.003019951720402019	0.007565195511181686
13.219724714121972	0.003019951720402019	0.002826649687066093
15.128908076758211	0.003019951720402019	0.001121498619030411
17.313814360331925	0.003019951720402019	0.000562761213743424
19.814263275520517	0.003019951720402019	0.00036781807749308645
22.675825267662994	0.003019951720402019	0.0002373623332484241
25.950652033822625	0.003019951720402019	0.0001308336377951152
29.698426982540767	0.003019951720402019	0.00006509411138524247
33.98745295832107	0.003019951720402019	0.00002897191337158538
38.895897054520105	0.003019951720402019	0.000012024217315367884
44.51321520124173	0.003019951720402019	4.615498781923717e-6
50.941782491215115	0.003019951720402019	1.678506617136936e-6
58.29875895619149	0.003019951720402019	5.87444342078183e-7
66.71822479745835	0.003019951720402019	1.9993507529662247e-7
76.35362398484546	0.003019951720402019	6.34774539477871e-8
87.38056075858388	0.003019951720402019	2.0163809649146833e-8
100.00000000000031	0.003019951720402019	7.2213789371547625e-9
111.55639876771902	0.003019951720402019	3.2234670628616735e-9
138.21730389017998	0.003019951720402019	5.877135877120881e-10
171.24990861750976	0.003019951720402019	9.462623959885424e-11
212.17698780180757	0.003019951720402019	1.7390644936037253e-11
262.885244821937	0.003019951720402019	2.519655287126214e-12
325.7122869971341	0.003019951720402019	1.3571306772643905e-13
403.5543872869759	0.003019951720402019	2.000074724506664e-15
499.9999999999984	0.003019951720402019	1.597292387224487e-18
1000	0.003019951720402019	0
2000	0.003019951720402019	0
1.	0.00346736850452532	0.03557358902342575
1.9999999999999998	0.00346736850452532	0.047982584402836155
2.288838595949997	0.00346736850452532	0.05397885336470669
2.6193910591551774	0.00346736850452532	0.06341332430111954
2.9976816770403563	0.00346736850452532	0.0792820803042577
3.4306047603910415	0.00346736850452532	0.10634437460241564
3.926050291516404	0.00346736850452532	0.14874597984519136
4.493047718431742	0.00346736850452532	0.2028607105497821
5.141930515695824	0.00346736850452532	0.24752090361186962
5.884524511008838	0.00346736850452532	0.2491876055446805
6.734363409805407	0.00346736850452532	0.19530363487076485
7.706935445758021	0.00346736850452532	0.11732630770290059
8.819965652373028	0.00346736850452532	0.05604191190908951
10.093738900052346	0.00346736850452532	0.022907412977108153
11.551469585940843	0.00346736850452532	0.00882095970223113
13.219724714121972	0.00346736850452532	0.0032843827760036825
15.128908076758211	0.00346736850452532	0.0012995070019772045
17.313814360331925	0.00346736850452532	0.0006494464129636255
19.814263275520517	0.00346736850452532	0.00042355913133043015
22.675825267662994	0.00346736850452532	0.00027772288720400974
25.950652033822625	0.00346736850452532	0.00015098278900724924
29.698426982540767	0.00346736850452532	0.00007514100408448178
33.98745295832107	0.00346736850452532	0.00003344154241684362
38.895897054520105	0.00346736850452532	0.000013882505525650629
44.51321520124173	0.00346736850452532	5.318047206174149e-6
50.941782491215115	0.00346736850452532	1.930474549802846e-6
58.29875895619149	0.00346736850452532	6.764105953823994e-7
66.71822479745835	0.00346736850452532	2.3030067433931523e-7
76.35362398484546	0.00346736850452532	7.312736638166057e-8
87.38056075858388	0.00346736850452532	2.322419015970969e-8
100.00000000000031	0.00346736850452532	8.311239878058504e-9
111.55639876771902	0.00346736850452532	3.710061416779449e-9
138.21730389017998	0.00346736850452532	6.763965174500589e-10
171.24990861750976	0.00346736850452532	1.0889760083449996e-10
212.17698780180757	0.00346736850452532	2.0011636010822235e-11
262.885244821937	0.00346736850452532	2.8994356940534587e-12
325.7122869971341	0.00346736850452532	1.561795694076198e-13
403.5543872869759	0.00346736850452532	2.3019128423637297e-15
499.9999999999984	0.00346736850452532	1.8386620969281616e-18
1000	0.00346736850452532	0
2000	0.00346736850452532	0
1.	0.003981071705534978	0.03890350956303679
1.9999999999999998	0.003981071705534978	0.052909314884285095
2.288838595949997	0.003981071705534978	0.05952968452660465
2.6193910591551774	0.003981071705534978	0.06976136714562817
2.9976816770403563	0.003981071705534978	0.08692613726156016
3.4306047603910415	0.003981071705534978	0.11647248333628221
3.926050291516404	0.003981071705534978	0.16367907598282794
4.493047718431742	0.003981071705534978	0.2258018198290671
5.141930515695824	0.003981071705534978	0.27975610687453123
5.884524511008838	0.003981071705534978	0.2862618112377975
6.734363409805407	0.003981071705534978	0.22760279430469676
7.706935445758021	0.003981071705534978	0.1377434911567454
8.819965652373028	0.003981071705534978	0.06586501513942192
10.093738900052346	0.003981071705534978	0.026877371258708843
11.551469585940843	0.003981071705534978	0.010295851054752907
13.219724714121972	0.003981071705534978	0.0038292517727407677
15.128908076758211	0.003981071705534978	0.0015070379033291963
17.313814360331925	0.003981071705534978	0.0007497138333819402
19.814263275520517	0.003981071705534978	0.00048779606085362723
22.675825267662994	0.003981071705534978	0.00032087201295795593
25.950652033822625	0.003981071705534978	0.0001743552245278999
29.698426982540767	0.003981071705534978	0.0000868016360570545
33.98745295832107	0.003981071705534978	0.00003861724588009315
38.895897054520105	0.003981071705534978	0.000016040220762642242
44.51321520124173	0.003981071705534978	6.130441759695748e-6
50.941782491215115	0.003981071705534978	2.2208979013216765e-6
58.29875895619149	0.003981071705534978	7.791344209193282e-7
66.71822479745835	0.003981071705534978	2.65377230250354e-7
76.35362398484546	0.003981071705534978	8.427664940877379e-8
87.38056075858388	0.003981071705534978	2.675844734645064e-8
100.00000000000031	0.003981071705534978	9.568121823052515e-9
111.55639876771902	0.003981071705534978	4.271259597106509e-9
138.21730389017998	0.003981071705534978	7.786705479361984e-10
171.24990861750976	0.003981071705534978	1.2535199770265477e-10
212.17698780180757	0.003981071705534978	2.303323903102278e-11
262.885244821937	0.003981071705534978	3.3372631958343428e-12
325.7122869971341	0.003981071705534978	1.7977696076247896e-13
403.5543872869759	0.003981071705534978	2.650001062139091e-15
499.9999999999984	0.003981071705534978	2.1171278321965438e-18
1000	0.003981071705534978	0
2000	0.003981071705534978	0
1.	0.0045708818961487565	0.04221060894635906
1.9999999999999998	0.0045708818961487565	0.05805661477209053
2.288838595949997	0.0045708818961487565	0.0653077814104059
2.6193910591551774	0.0045708818961487565	0.0763620705940848
2.9976816770403563	0.0045708818961487565	0.094813145916825
3.4306047603910415	0.0045708818961487565	0.12676452958766293
3.926050291516404	0.0045708818961487565	0.17891007906437423
4.493047718431742	0.0045708818961487565	0.24994278374029288
5.141930515695824	0.0045708818961487565	0.31515311676447433
5.884524511008838	0.0045708818961487565	0.3286607981625631
6.734363409805407	0.0045708818961487565	0.26541776199630496
7.706935445758021	0.0045708818961487565	0.1620805658991716
8.819965652373028	0.0045708818961487565	0.07775236965379191
10.093738900052346	0.0045708818961487565	0.031629693824522714
11.551469585940843	0.0045708818961487565	0.012059014196096915
13.219724714121972	0.0045708818961487565	0.0044633369960577875
15.128908076758211	0.0045708818961487565	0.0017501075343564331
17.313814360331925	0.0045708818961487565	0.0008664636355667132
19.814263275520517	0.0045708818961487565	0.0005618117519405289
22.675825267662994	0.0045708818961487565	0.00037047685803045854
25.950652033822625	0.0045708818961487565	0.0002015045633427324
29.698426982540767	0.0045708818961487565	0.00010035369361631626
33.98745295832107	0.0045708818961487565	0.000044633830675258875
38.895897054520105	0.0045708818961487565	0.00001853522383469796
44.51321520124173	0.0045708818961487565	7.065386437978447e-6
50.941782491215115	0.0045708818961487565	2.5539566244635784e-6
58.29875895619149	0.0045708818961487565	8.971498938251651e-7
66.71822479745835	0.0045708818961487565	3.05693299040531e-7
76.35362398484546	0.0045708818961487565	9.709374367326652e-8
87.38056075858388	0.0045708818961487565	3.0819146058732404e-8
100.00000000000031	0.0045708818961487565	1.1010050318348942e-8
111.55639876771902	0.0045708818961487565	4.9150791858167775e-9
138.21730389017998	0.0045708818961487565	8.959840486492343e-10
171.24990861750976	0.0045708818961487565	1.4422409730620027e-10
212.17698780180757	0.0045708818961487565	2.649787458273553e-11
262.885244821937	0.0045708818961487565	3.839305053361373e-12
325.7122869971341	0.0045708818961487565	2.0683968224113075e-13
403.5543872869759	0.0045708818961487565	3.049305931147903e-15
499.9999999999984	0.0045708818961487565	2.4366987653682736e-18
1000	0.0045708818961487565	0
2000	0.0045708818961487565	0
1.	0.005248074602497733	0.04540571738937094
1.9999999999999998	0.005248074602497733	0.0633323309489012
2.288838595949997	0.005248074602497733	0.0712571966950344
2.6193910591551774	0.005248074602497733	0.08312419511115829
2.9976816770403563	0.005248074602497733	0.10272217915693281
3.4306047603910415	0.005248074602497733	0.13696360669593927
3.926050291516404	0.005248074602497733	0.19410412756345746
4.493047718431742	0.005248074602497733	0.2747898220131735
5.141930515695824	0.005248074602497733	0.3535042548123903
5.884524511008838	0.005248074602497733	0.37646796451443665
6.734363409805407	0.005248074602497733	0.30980789314675516
7.706935445758021	0.005248074602497733	0.1913677658324336
8.819965652373028	0.005248074602497733	0.09213039108592966
10.093738900052346	0.005248074602497733	0.037370621864022915
11.551469585940843	0.005248074602497733	0.014156899307790441
13.219724714121972	0.005248074602497733	0.00521995416680896
15.128908076758211	0.005248074602497733	0.002036128177268793
17.313814360331925	0.005248074602497733	0.0010040389658141512
19.814263275520517	0.005248074602497733	0.0006609086534183071
22.675825267662994	0.005248074602497733	0.0004282528943014226
25.950652033822625	0.005248074602497733	0.0002330820764462903
29.698426982540767	0.005248074602497733	0.00011612270302936423
33.98745295832107	0.005248074602497733	0.000051614055832357764
38.895897054520105	0.005248074602497733	0.000021454337957649328
44.51321520124173	0.005248074602497733	8.153574377584487e-6
50.941782491215115	0.005248074602497733	2.940259964922e-6
58.29875895619149	0.005248074602497733	1.034257112187578e-6
66.71822479745835	0.005248074602497733	3.5254702844219194e-7
76.35362398484546	0.005248074602497733	1.1199098237656184e-7
87.38056075858388	0.005248074602497733	3.5536163047999455e-8
100.00000000000031	0.005248074602497733	1.2682433340344656e-8
111.55639876771902	0.005248074602497733	5.661798528420744e-9
138.21730389017998	0.005248074602497733	1.0320304995203105e-9
171.24990861750976	0.005248074602497733	1.6610410006857158e-10
212.17698780180757	0.005248074602497733	3.0513985353372966e-11
262.885244821937	0.005248074602497733	4.421268937276855e-12
325.7122869971341	0.005248074602497733	2.3821643315196336e-13
403.5543872869759	0.005248074602497733	3.512386159467458e-15
499.9999999999984	0.005248074602497733	2.807490137314438e-18
1000	0.005248074602497733	0
2000	0.005248074602497733	0
1.	0.006025595860743587	0.048343384360868956
1.9999999999999998	0.006025595860743587	0.0685606721661052
2.288838595949997	0.006025595860743587	0.07720672629809061
2.6193910591551774	0.006025595860743587	0.08992212164918847
2.9976816770403563	0.006025595860743587	0.11058009811160543
3.4306047603910415	0.006025595860743587	0.14670654326490057
3.926050291516404	0.006025595860743587	0.2086459693322467
4.493047718431742	0.006025595860743587	0.299570502200334
5.141930515695824	0.006025595860743587	0.39385681044946885
5.884524511008838	0.006025595860743587	0.430248350927665
6.734363409805407	0.006025595860743587	0.3619062498424055
7.706935445758021	0.006025595860743587	0.22704944153446158
8.819965652373028	0.006025595860743587	0.10960736570094151
10.093738900052346	0.006025595860743587	0.04435262456709868
11.551469585940843	0.006025595860743587	0.016687163741766552
13.219724714121972	0.006025595860743587	0.006129006535883389
15.128908076758211	0.006025595860743587	0.0023727337332617
17.313814360331925	0.006025595860743587	0.0011622368741569008
19.814263275520517	0.006025595860743587	0.0007646032880755086
22.675825267662994	0.006025595860743587	0.0004958578964718776
25.950652033822625	0.006025595860743587	0.00026987511408419775
29.698426982540767	0.006025595860743587	0.0001345124319202373
33.98745295832107	0.006025595860743587	0.00005977487627046173
38.895897054520105	0.006025595860743587	0.00002480930312133011
44.51321520124173	0.006025595860743587	9.396538338964443e-6
50.941782491215115	0.006025595860743587	3.379760192076005e-6
58.29875895619149	0.006025595860743587	1.1905078897225848e-6
66.71822479745835	0.006025595860743587	4.059608404087115e-7
76.35362398484546	0.006025595860743587	1.289752641154743e-7
87.38056075858388	0.006025595860743587	4.091000245712443e-8
100.00000000000031	0.006025595860743587	1.4584170848936488e-8
111.55639876771902	0.006025595860743587	6.510915084536017e-9
138.21730389017998	0.006025595860743587	1.1867059740790728e-9
171.24990861750976	0.006025595860743587	1.9097522984102028e-10
212.17698780180757	0.006025595860743587	3.507767009384306e-11
262.885244821937	0.006025595860743587	5.082617705179946e-12
325.7122869971341	0.006025595860743587	2.7388098003774157e-13
403.5543872869759	0.006025595860743587	4.038901573706082e-15
499.9999999999984	0.006025595860743587	3.229322891582878e-18
1000	0.006025595860743587	0
2000	0.006025595860743587	0
1.	0.006918309709189377	0.050929299157613114
1.9999999999999998	0.006918309709189377	0.07361639835304716
2.288838595949997	0.006918309709189377	0.08304035228961482
2.6193910591551774	0.006918309709189377	0.09655385817416919
2.9976816770403563	0.006918309709189377	0.11810314397848473
3.4306047603910415	0.006918309709189377	0.15590363312556255
3.926050291516404	0.006918309709189377	0.22210904775920254
4.493047718431742	0.006918309709189377	0.32353058407974705
5.141930515695824	0.006918309709189377	0.43601202386603993
5.884524511008838	0.006918309709189377	0.49015262529087145
6.734363409805407	0.006918309709189377	0.4232364438789643
7.706935445758021	0.006918309709189377	0.27031370199425764
8.819965652373028	0.006918309709189377	0.13120153635342072
10.093738900052346	0.006918309709189377	0.052923011616849425
11.551469585940843	0.006918309709189377	0.019736591407355307
13.219724714121972	0.006918309709189377	0.007219682074855075
15.128908076758211	0.006918309709189377	0.002772384605111816
17.313814360331925	0.006918309709189377	0.001348197277485162
19.814263275520517	0.006918309709189377	0.0008846957683972305
22.675825267662994	0.006918309709189377	0.0005750769507050611
25.950652033822625	0.006918309709189377	0.0003128218272437977
29.698426982540767	0.006918309709189377	0.00015598544719088087
33.98745295832107	0.006918309709189377	0.0000692252485001058
38.895897054520105	0.006918309709189377	0.00002875932299586715
44.51321520124173	0.006918309709189377	0.000010850781013307795
50.941782491215115	0.006918309709189377	3.892143876056766e-6
58.29875895619149	0.006918309709189377	1.3728954449005434e-6
66.71822479745835	0.006918309709189377	4.68316996008155e-7
76.35362398484546	0.006918309709189377	1.4880157481917626e-7
87.38056075858388	0.006918309709189377	4.717863460587151e-8
100.00000000000031	0.006918309709189377	1.6798610678834123e-8
111.55639876771902	0.006918309709189377	7.499646292652222e-9
138.21730389017998	0.006918309709189377	1.366780288682395e-9
171.24990861750976	0.006918309709189377	2.1992234934401052e-10
212.17698780180757	0.006918309709189377	4.038758551814651e-11
262.885244821937	0.006918309709189377	5.85211453005677e-12
325.7122869971341	0.006918309709189377	3.153887707746767e-13
403.5543872869759	0.006918309709189377	4.651895364324982e-15
499.9999999999984	0.006918309709189377	3.720746107714362e-18
1000	0.006918309709189377	0
2000	0.006918309709189377	0
1.	0.00794328234724283	0.052993802950134575
1.9999999999999998	0.00794328234724283	0.0783330082458565
2.288838595949997	0.00794328234724283	0.08860146011104604
2.6193910591551774	0.00794328234724283	0.10295407436768796
2.9976816770403563	0.00794328234724283	0.1252611638665712
3.4306047603910415	0.00794328234724283	0.1641596843310418
3.926050291516404	0.00794328234724283	0.233891076251814
4.493047718431742	0.00794328234724283	0.3455595880255195
5.141930515695824	0.00794328234724283	0.47850413551605775
5.884524511008838	0.00794328234724283	0.5557698171629539
6.734363409805407	0.00794328234724283	0.4947985629575751
7.706935445758021	0.00794328234724283	0.3229839323372916
8.819965652373028	0.00794328234724283	0.15787371189639307
10.093738900052346	0.00794328234724283	0.06345768167093613
11.551469585940843	0.00794328234724283	0.02344644392516945
13.219724714121972	0.00794328234724283	0.008506365082087287
15.128908076758211	0.00794328234724283	0.0032472449299824433
17.313814360331925	0.00794328234724283	0.001569177367474855
19.814263275520517	0.00794328234724283	0.0010212783627143952
22.675825267662994	0.00794328234724283	0.0006668498696209978
25.950652033822625	0.00794328234724283	0.00036303156749197007
29.698426982540767	0.00794328234724283	0.00018111042461508892
33.98745295832107	0.00794328234724283	0.00008031503136399267
38.895897054520105	0.00794328234724283	0.00003337363883124455
44.51321520124173	0.00794328234724283	0.000012537323680721044
50.941782491215115	0.00794328234724283	4.484243443169673e-6
58.29875895619149	0.00794328234724283	1.5838625930622069e-6
66.71822479745835	0.00794328234724283	5.404508977188268e-7
76.35362398484546	0.00794328234724283	1.717318588039628e-7
87.38056075858388	0.00794328234724283	5.442253288540807e-8
100.00000000000031	0.00794328234724283	1.935247156686411e-8
111.55639876771902	0.00794328234724283	8.639756011155553e-9
138.21730389017998	0.00794328234724283	1.5743867996555064e-9
171.24990861750976	0.00794328234724283	2.532853355021858e-10
212.17698780180757	0.00794328234724283	4.650530998320155e-11
262.885244821937	0.00794328234724283	6.738733168334315e-12
325.7122869971341	0.00794328234724283	3.6322790723071285e-13
403.5543872869759	0.00794328234724283	5.358652136553872e-15
499.9999999999984	0.00794328234724283	4.287766930397517e-18
1000	0.00794328234724283	0
2000	0.00794328234724283	0
1.	0.009120108393559116	0.05447289798094311
1.9999999999999998	0.009120108393559116	0.08246719435657834
2.288838595949997	0.009120108393559116	0.09362823888407444
2.6193910591551774	0.009120108393559116	0.10892605609042627
2.9976816770403563	0.009120108393559116	0.13187114388700416
3.4306047603910415	0.009120108393559116	0.17134468190677848
3.926050291516404	0.009120108393559116	0.2433360492982177
4.493047718431742	0.009120108393559116	0.36429748767898984
5.141930515695824	0.009120108393559116	0.5195450181570018
5.884524511008838	0.009120108393559116	0.6263626452873943
6.734363409805407	0.009120108393559116	0.5776912184672832
7.706935445758021	0.009120108393559116	0.38705080525257485
8.819965652373028	0.009120108393559116	0.19144371823895287
10.093738900052346	0.009120108393559116	0.08821695996183038
11.551469585940843	0.009120108393559116	0.02802514959088912
13.219724714121972	0.009120108393559116	0.010091116597906603
15.128908076758211	0.009120108393559116	0.0038153818739016417
17.313814360331925	0.009120108393559116	0.0018269359300206872
19.814263275520517	0.009120108393559116	0.0011795292925409096
22.675825267662994	0.009120108393559116	0.0007740411369231756
25.950652033822625	0.009120108393559116	0.00042193507686885863
29.698426982540767	0.009120108393559116	0.0002105532220022438
33.98745295832107	0.009120108393559116	0.00009327476860968622
38.895897054520105	0.009120108393559116	0.00003871962543962429
44.51321520124173	0.009120108393559116	0.000014475433285673985
50.941782491215115	0.009120108393559116	5.162266949055377e-6
58.29875895619149	0.009120108393559116	1.825587921901495e-6
66.71822479745835	0.009120108393559116	6.23088596842738e-7
76.35362398484546	0.009120108393559116	1.9799212946974923e-7
87.38056075858388	0.009120108393559116	6.270972814890977e-8
100.00000000000031	0.009120108393559116	2.2267914055839152e-8
111.55639876771902	0.009120108393559116	9.941162483589878e-9
138.21730389017998	0.009120108393559116	1.8112973385503793e-9
171.24990861750976	0.009120108393559116	2.913436541688721e-10
212.17698780180757	0.009120108393559116	5.3481149395508374e-11
262.885244821937	0.009120108393559116	7.749757931252695e-12
325.7122869971341	0.009120108393559116	4.1779666740468857e-13
403.5543872869759	0.009120108393559116	6.165225390723522e-15
499.9999999999984	0.009120108393559116	4.935435300180257e-18
1000	0.009120108393559116	0
2000	0.009120108393559116	0
1.	0.010471285480509017	0.05517759242750073
1.9999999999999998	0.010471285480509017	0.08592066288970307
2.288838595949997	0.010471285480509017	0.09806339331459563
2.6193910591551774	0.010471285480509017	0.114129009920141
2.9976816770403563	0.010471285480509017	0.13764109008220504
3.4306047603910415	0.010471285480509017	0.17690164029265967
3.926050291516404	0.010471285480509017	0.24975599722633426
4.493047718431742	0.010471285480509017	0.37854132871265966
5.141930515695824	0.010471285480509017	0.5570796963584688
5.884524511008838	0.010471285480509017	0.7006430600715065
6.734363409805407	0.010471285480509017	0.6739422353584019
7.706935445758021	0.010471285480509017	0.4656271311072516
8.819965652373028	0.010471285480509017	0.23430644297250522
10.093738900052346	0.010471285480509017	0.09328695517992944
11.551469585940843	0.010471285480509017	0.03369098252489096
13.219724714121972	0.010471285480509017	0.012076480563199755
15.128908076758211	0.010471285480509017	0.004498033935988417
17.313814360331925	0.010471285480509017	0.00213687224818953
19.814263275520517	0.010471285480509017	0.0013670292919824786
22.675825267662994	0.010471285480509017	0.0009013534677161294
25.950652033822625	0.010471285480509017	0.0004912552617897258
29.698426982540767	0.010471285480509017	0.0002452117671014572
33.98745295832107	0.010471285480509017	0.00010843633722047214
38.895897054520105	0.010471285480509017	0.000045040370120923645
44.51321520124173	0.010471285480509017	0.000016748498905161097
50.941782491215115	0.010471285480509017	5.955375560344693e-6
58.29875895619149	0.010471285480509017	2.1083014777479855e-6
66.71822479745835	0.010471285480509017	7.196928221682041e-7
76.35362398484546	0.010471285480509017	2.2867258383990145e-7
87.38056075858388	0.010471285480509017	7.23823859224304e-8
100.00000000000031	0.010471285480509017	2.5663502586043605e-8
111.55639876771902	0.010471285480509017	1.1456564496653333e-8
138.21730389017998	0.010471285480509017	2.087090473188185e-9
171.24990861750976	0.010471285480509017	3.3563033177564165e-10
212.17698780180757	0.010471285480509017	6.15949884245962e-11
262.885244821937	0.010471285480509017	8.925769849010638e-12
325.7122869971341	0.010471285480509017	4.812946802892737e-13
403.5543872869759	0.010471285480509017	7.1042609074875354e-15
499.9999999999984	0.010471285480509017	5.6901590182855e-18
1000	0.010471285480509017	0
2000	0.010471285480509017	0
1.	0.012022644346174156	0.0551428802419022
1.9999999999999998	0.012022644346174156	0.08822612237973047
2.288838595949997	0.012022644346174156	0.10122398110855844
2.6193910591551774	0.012022644346174156	0.11821213578286698
2.9976816770403563	0.012022644346174156	0.14208622700204065
3.4306047603910415	0.012022644346174156	0.1807497435175126
3.926050291516404	0.012022644346174156	0.2525900549330574
4.493047718431742	0.012022644346174156	0.38592246173453004
5.141930515695824	0.012022644346174156	0.5869425934129524
5.884524511008838	0.012022644346174156	0.774761734112963
6.734363409805407	0.012022644346174156	0.7835462134092547
7.706935445758021	0.012022644346174156	0.5621669751668701
8.819965652373028	0.012022644346174156	0.2878067934712574
10.093738900052346	0.012022644346174156	0.11461472010442025
11.551469585940843	0.012022644346174156	0.04088996527027443
13.219724714121972	0.012022644346174156	0.014426656842275952
15.128908076758211	0.012022644346174156	0.005320334860984603
17.313814360331925	0.012022644346174156	0.0025456755030769554
19.814263275520517	0.012022644346174156	0.0015875604512899737
22.675825267662994	0.012022644346174156	0.0010516406758512451
25.950652033822625	0.012022644346174156	0.0005733254284853067
29.698426982540767	0.012022644346174156	0.0002862732059300577
33.98745295832107	0.012022644346174156	0.000126289282079167
38.895897054520105	0.012022644346174156	0.00005241396255618789
44.51321520124173	0.012022644346174156	0.000019376257801578244
50.941782491215115	0.012022644346174156	6.870181980881477e-6
58.29875895619149	0.012022644346174156	2.434163297122569e-6
66.71822479745835	0.012022644346174156	8.309375122380055e-7
76.35362398484546	0.012022644346174156	2.639758837450814e-7
87.38056075858388	0.012022644346174156	8.349916975228408e-8
100.00000000000031	0.012022644346174156	2.9556994269065474e-8
111.55639876771902	0.012022644346174156	1.3193604471646848e-8
138.21730389017998	0.012022644346174156	2.40311858105758e-9
171.24990861750976	0.012022644346174156	3.863546161393795e-10
212.17698780180757	0.012022644346174156	7.088284028670622e-11
262.885244821937	0.012022644346174156	1.027205001008294e-11
325.7122869971341	0.012022644346174156	5.5401396683512e-13
403.5543872869759	0.012022644346174156	8.180374864907073e-15
499.9999999999984	0.012022644346174156	6.5560312775331524e-18
1000	0.012022644346174156	0
2000	0.012022644346174156	0
1.	0.01380384264602888	0.054349233998852865
1.9999999999999998	0.01380384264602888	0.08912498761136091
2.288838595949997	0.01380384264602888	0.10300293391531828
2.6193910591551774	0.01380384264602888	0.12098108583451729
2.9976816770403563	0.01380384264602888	0.14518817921849833
3.4306047603910415	0.01380384264602888	0.18288867344294416
3.926050291516404	0.01380384264602888	0.25204299009839265
4.493047718431742	0.01380384264602888	0.38585229919849817
5.141930515695824	0.01380384264602888	0.6055382644931142
5.884524511008838	0.01380384264602888	0.8425404910372809
6.734363409805407	0.01380384264602888	0.9036238632596562
7.706935445758021	0.01380384264602888	0.6801950584507428
8.819965652373028	0.01380384264602888	0.35696412095843116
10.093738900052346	0.01380384264602888	0.142227302204637
11.551469585940843	0.01380384264602888	0.050011173698911504
13.219724714121972	0.01380384264602888	0.017427935395590816
15.128908076758211	0.01380384264602888	0.00632921349497826
17.313814360331925	0.01380384264602888	0.002987724592155367
19.814263275520517	0.01380384264602888	0.0018437931459744982
22.675825267662994	0.01380384264602888	0.0012270200813630388
25.950652033822625	0.01380384264602888	0.0006706335522240868
29.698426982540767	0.01380384264602888	0.000334970020852779
33.98745295832107	0.01380384264602888	0.00014747257602429575
38.895897054520105	0.01380384264602888	0.00006117916968999835
44.51321520124173	0.01380384264602888	0.000022473502251449828
50.941782491215115	0.01380384264602888	7.947404543445106e-6
58.29875895619149	0.01380384264602888	2.817258301454513e-6
66.71822479745835	0.01380384264602888	9.615320790097784e-7
76.35362398484546	0.01380384264602888	3.0537852025645376e-7
87.38056075858388	0.01380384264602888	9.652014410290831e-8
100.00000000000031	0.01380384264602888	3.410765230295294e-8
111.55639876771902	0.01380384264602888	1.5222933791002633e-8
138.21730389017998	0.01380384264602888	2.7721894396656392e-9
171.24990861750976	0.01380384264602888	4.455621804836006e-10
212.17698780180757	0.01380384264602888	8.171729597856154e-11
262.885244821937	0.01380384264602888	1.18426516474554e-11
325.7122869971341	0.01380384264602888	6.388955647823948e-13
403.5543872869759	0.01380384264602888	9.437228008444336e-15
499.9999999999984	0.01380384264602888	7.56861493561345e-18
1000	0.01380384264602888	0
2000	0.01380384264602888	0
1.	0.015848931924611172	0.05118418053742136
1.9999999999999998	0.015848931924611172	0.08853087035134806
2.288838595949997	0.015848931924611172	0.10306890416426369
2.6193910591551774	0.015848931924611172	0.12184705255263847
2.9976816770403563	0.015848931924611172	0.14677913249329747
3.4306047603910415	0.015848931924611172	0.18331960749321602
3.926050291516404	0.015848931924611172	0.24826898544397208
4.493047718431742	0.015848931924611172	0.3780662748647048
5.141930515695824	0.015848931924611172	0.6103290406236865
5.884524511008838	0.015848931924611172	0.8984942068937014
6.734363409805407	0.015848931924611172	1.0305410151527978
7.706935445758021	0.015848931924611172	0.8246452770972899
8.819965652373028	0.015848931924611172	0.44608307139283015
10.093738900052346	0.015848931924611172	0.17881754335042319
11.551469585940843	0.015848931924611172	0.06198624996106178
13.219724714121972	0.015848931924611172	0.02121958863143203
15.128908076758211	0.015848931924611172	0.0075687160649772975
17.313814360331925	0.015848931924611172	0.0035229908200146987
19.814263275520517	0.015848931924611172	0.002148065061227125
22.675825267662994	0.015848931924611172	0.00143678828717235
25.950652033822625	0.015848931924611172	0.0007858644005444918
29.698426982540767	0.015848931924611172	0.0003925355457386655
33.98745295832107	0.015848931924611172	0.00017238881692259588
38.895897054520105	0.015848931924611172	0.0000716289258730372
44.51321520124173	0.015848931924611172	0.000026135269930426613
50.941782491215115	0.015848931924611172	9.221039226123359e-6
58.29875895619149	0.015848931924611172	3.269151974254876e-6
66.71822479745835	0.015848931924611172	1.1152479941958084e-6
76.35362398484546	0.015848931924611172	3.5405744280905815e-7
87.38056075858388	0.015848931924611172	1.1180755476069553e-7
100.00000000000031	0.015848931924611172	3.943864947429162e-8
111.55639876771902	0.015848931924611172	1.7598843154264592e-8
138.21730389017998	0.015848931924611172	3.204117009099785e-9
171.24990861750976	0.015848931924611172	5.14816775523458e-10
212.17698780180757	0.015848931924611172	9.438145242106417e-11
262.885244821937	0.015848931924611172	1.3678598067615097e-11
325.7122869971341	0.015848931924611172	7.381677059625637e-13
403.5543872869759	0.015848931924611172	1.0908323027971304e-14
499.9999999999984	0.015848931924611172	8.755387848459148e-18
1000	0.015848931924611172	0
2000	0.015848931924611172	0
1.	0.01819700858609988	0.04975269629867756
1.9999999999999998	0.01819700858609988	0.08635018110389227
2.288838595949997	0.01819700858609988	0.10121790680003472
2.6193910591551774	0.01819700858609988	0.12057806122014869
2.9976816770403563	0.01819700858609988	0.14611313070276066
3.4306047603910415	0.01819700858609988	0.1821015680825693
3.926050291516404	0.01819700858609988	0.24229003668832574
4.493047718431742	0.01819700858609988	0.36314744944270866
5.141930515695824	0.01819700858609988	0.5985981448011237
5.884524511008838	0.01819700858609988	0.9357092107173003
6.734363409805407	0.01819700858609988	1.1582998006997585
7.706935445758021	0.01819700858609988	0.9947643928205945
8.819965652373028	0.01819700858609988	0.5632261754455703
10.093738900052346	0.01819700858609988	0.2274362114777438
11.551469585940843	0.01819700858609988	0.07760879285366395
13.219724714121972	0.01819700858609988	0.026025401100009712
15.128908076758211	0.01819700858609988	0.00911478790392105
17.313814360331925	0.01819700858609988	0.004164082907864544
19.814263275520517	0.01819700858609988	0.002506075709642222
22.675825267662994	0.01819700858609988	0.0016802050897279778
25.950652033822625	0.01819700858609988	0.0009231486121409194
29.698426982540767	0.01819700858609988	0.0004609886307123817
33.98745295832107	0.01819700858609988	0.00020198395340876614
38.895897054520105	0.01819700858609988	0.00008379491707391254
44.51321520124173	0.01819700858609988	0.000030360460071088743
50.941782491215115	0.01819700858609988	0.000010692115267344543
58.29875895619149	0.01819700858609988	3.789453968187845e-6
66.71822479745835	0.01819700858609988	1.291667858825391e-6
76.35362398484546	0.01819700858609988	4.098500587197353e-7
87.38056075858388	0.01819700858609988	1.2929864098957916e-7
100.00000000000031	0.01819700858609988	4.5522738862550153e-8
111.55639876771902	0.01819700858609988	2.0308084731364794e-8
138.21730389017998	0.01819700858609988	3.6963880368263994e-9
171.24990861750976	0.01819700858609988	5.936864570987608e-10
212.17698780180757	0.01819700858609988	1.0879156363730438e-10
262.885244821937	0.01819700858609988	1.5767897040538208e-11
325.7122869971341	0.01819700858609988	8.51217009614919e-13
403.5543872869759	0.01819700858609988	1.2585144691727414e-14
499.9999999999984	0.01819700858609988	1.0110507150999473e-17
1000	0.01819700858609988	0
2000	0.01819700858609988	0
1.	0.02089296130854045	0.04859051667923379
1.9999999999999998	0.02089296130854045	0.080416985151349
2.288838595949997	0.02089296130854045	0.09464682513459977
2.6193910591551774	0.02089296130854045	0.11735211916938901
2.9976816770403563	0.02089296130854045	0.14337917679893067
3.4306047603910415	0.02089296130854045	0.1788905784647937
3.926050291516404	0.02089296130854045	0.23429917055892774
4.493047718431742	0.02089296130854045	0.34297885213261786
5.141930515695824	0.02089296130854045	0.5705566623876417
5.884524511008838	0.02089296130854045	0.9448726248179429
6.734363409805407	0.02089296130854045	1.2757480195709583
7.706935445758021	0.02089296130854045	1.1916475682050498
8.819965652373028	0.02089296130854045	0.7170196467657926
10.093738900052346	0.02089296130854045	0.29327086035057104
11.551469585940843	0.02089296130854045	0.09860246027593733
13.219724714121972	0.02089296130854045	0.03230713484304146
15.128908076758211	0.02089296130854045	0.011063049356634446
17.313814360331925	0.02089296130854045	0.004927067595158928
19.814263275520517	0.02089296130854045	0.0029325531731428838
22.675825267662994	0.02089296130854045	0.0019725189766168468
25.950652033822625	0.02089296130854045	0.0010875506026565454
29.698426982540767	0.02089296130854045	0.000542665907095434
33.98745295832107	0.02089296130854045	0.00023736084084988968
38.895897054520105	0.02089296130854045	0.00009828607548302814
44.51321520124173	0.02089296130854045	0.000035358487592706516
50.941782491215115	0.02089296130854045	0.000012436672888885883
58.29875895619149	0.02089296130854045	4.404083473854486e-6
66.71822479745835	0.02089296130854045	1.4992056712738886e-6
76.35362398484546	0.02089296130854045	4.7539995976492734e-7
87.38056075858388	0.02089296130854045	1.4981007410209232e-7
100.00000000000031	0.02089296130854045	5.2640795434819254e-8
111.55639876771902	0.02089296130854045	2.3474651063589733e-8
138.21730389017998	0.02089296130854045	4.2714265626808965e-9
171.24990861750976	0.02089296130854045	6.857498797863581e-10
212.17698780180757	0.02089296130854045	1.2559716152099919e-10
262.885244821937	0.02089296130854045	1.820475881980827e-11
325.7122869971341	0.02089296130854045	9.83165669666465e-13
403.5543872869759	0.02089296130854045	1.4544267076011127e-14
499.9999999999984	0.02089296130854045	1.1696686258104524e-17
1000	0.02089296130854045	0
2000	0.02089296130854045	0
1.	0.023988329190194974	0.049283203805238415
1.9999999999999998	0.023988329190194974	0.07644267617804122
2.288838595949997	0.023988329190194974	0.08981638340958106
2.6193910591551774	0.023988329190194974	0.10816000918749097
2.9976816770403563	0.023988329190194974	0.13316108695200748
3.4306047603910415	0.023988329190194974	0.17281336762724694
3.926050291516404	0.023988329190194974	0.22393294546087006
4.493047718431742	0.023988329190194974	0.3183874033837754
5.141930515695824	0.023988329190194974	0.5253538081365834
5.884524511008838	0.023988329190194974	0.9190418160611855
6.734363409805407	0.023988329190194974	1.3649404452186846
7.706935445758021	0.023988329190194974	1.4114116014801088
8.819965652373028	0.023988329190194974	0.91404403250405
10.093738900052346	0.023988329190194974	0.38483719415943346
11.551469585940843	0.023988329190194974	0.12730170929585416
13.219724714121972	0.023988329190194974	0.04058874196124146
15.128908076758211	0.023988329190194974	0.013589198456183917
17.313814360331925	0.023988329190194974	0.005890815634323667
19.814263275520517	0.023988329190194974	0.0034517209858520247
22.675825267662994	0.023988329190194974	0.002310865480828074
25.950652033822625	0.023988329190194974	0.0012856270039008427
29.698426982540767	0.023988329190194974	0.0006407246991343501
33.98745295832107	0.023988329190194974	0.00027980438398646733
38.895897054520105	0.023988329190194974	0.00011566927041500386
44.51321520124173	0.023988329190194974	0.00004132317188049936
50.941782491215115	0.023988329190194974	0.000014525987364574253
58.29875895619149	0.023988329190194974	5.136840548357809e-6
66.71822479745835	0.023988329190194974	1.7453333231739853e-6
76.35362398484546	0.023988329190194974	5.530449448402013e-7
87.38056075858388	0.023988329190194974	1.7405298953113594e-7
100.00000000000031	0.023988329190194974	6.103532969056424e-8
111.55639876771902	0.023988329190194974	2.720411683997201e-8
138.21730389017998	0.023988329190194974	4.948295981480619e-9
171.24990861750976	0.023988329190194974	7.940220262634404e-10
212.17698780180757	0.023988329190194974	1.453412619820865e-10
262.885244821937	0.023988329190194974	2.1068135248191265e-11
325.7122869971341	0.023988329190194974	1.1383259054011377e-12
403.5543872869759	0.023988329190194974	1.6850671719870814e-14
499.9999999999984	0.023988329190194974	1.3567816313845841e-17
1000	0.023988329190194974	0
2000	0.023988329190194974	0
1.	0.027542287033381744	0.0497464983096696
1.9999999999999998	0.027542287033381744	0.07354231058198639
2.288838595949997	0.027542287033381744	0.08353637433134124
2.6193910591551774	0.027542287033381744	0.10075609502153864
2.9976816770403563	0.027542287033381744	0.1250461563770477
3.4306047603910415	0.027542287033381744	0.15777156996690916
3.926050291516404	0.027542287033381744	0.2113800872612813
4.493047718431742	0.027542287033381744	0.29202377168192944
5.141930515695824	0.027542287033381744	0.4687074728382215
5.884524511008838	0.027542287033381744	0.8519801499555407
6.734363409805407	0.027542287033381744	1.399310693517172
7.706935445758021	0.027542287033381744	1.6328880981717675
8.819965652373028	0.027542287033381744	1.1684708858029171
10.093738900052346	0.027542287033381744	0.514693280506322
11.551469585940843	0.027542287033381744	0.16822207947585152
13.219724714121972	0.027542287033381744	0.0517250081230089
15.128908076758211	0.027542287033381744	0.016866051812656997
17.313814360331925	0.027542287033381744	0.007064778576456921
19.814263275520517	0.027542287033381744	0.004080271540677861
22.675825267662994	0.027542287033381744	0.0027237592642127342
25.950652033822625	0.027542287033381744	0.0015275866374828639
29.698426982540767	0.027542287033381744	0.0007587878818001625
33.98745295832107	0.027542287033381744	0.0003316034963362311
38.895897054520105	0.027542287033381744	0.00013660104064669405
44.51321520124173	0.027542287033381744	0.00004848360472521355
50.941782491215115	0.027542287033381744	0.00001704407920985345
58.29875895619149	0.027542287033381744	6.015301366861676e-6
66.71822479745835	0.027542287033381744	2.0385798911252697e-6
76.35362398484546	0.027542287033381744	6.454447510534507e-7
87.38056075858388	0.027542287033381744	2.0283047438297853e-7
100.00000000000031	0.027542287033381744	7.097640894314483e-8
111.55639876771902	0.027542287033381744	3.161378737409815e-8
138.21730389017998	0.027542287033381744	5.748074115629375e-9
171.24990861750976	0.027542287033381744	9.218386359354083e-10
212.17698780180757	0.027542287033381744	1.6862203136434398e-10
262.885244821937	0.027542287033381744	2.4444705940616566e-11
325.7122869971341	0.027542287033381744	1.3214716472172331e-12
403.5543872869759	0.027542287033381744	1.957641770374983e-14
499.9999999999984	0.027542287033381744	1.578429316292263e-17
1000	0.027542287033381744	0
2000	0.027542287033381744	0
1.	0.03162277660168389	0.051813488147452666
1.9999999999999998	0.03162277660168389	0.06909842548211664
2.288838595949997	0.03162277660168389	0.07920707568663556
2.6193910591551774	0.03162277660168389	0.09488918863349731
2.9976816770403563	0.03162277660168389	0.11453018380088109
3.4306047603910415	0.03162277660168389	0.1464115514795473
3.926050291516404	0.03162277660168389	0.19702811857198843
4.493047718431742	0.03162277660168389	0.2675828562404537
5.141930515695824	0.03162277660168389	0.4117975643409731
5.884524511008838	0.03162277660168389	0.7545278021256899
6.734363409805407	0.03162277660168389	1.365541812821139
7.706935445758021	0.03162277660168389	1.8273767221352748
8.819965652373028	0.03162277660168389	1.479949571023363
10.093738900052346	0.03162277660168389	0.6956634487019497
11.551469585940843	0.03162277660168389	0.22673344824357264
13.219724714121972	0.03162277660168389	0.06721721609564493
15.128908076758211	0.03162277660168389	0.021247927920731432
17.313814360331925	0.03162277660168389	0.008546460192797894
19.814263275520517	0.03162277660168389	0.004835760167567183
22.675825267662994	0.03162277660168389	0.0032135364789407095
25.950652033822625	0.03162277660168389	0.0018251286297730962
29.698426982540767	0.03162277660168389	0.0009044359645594493
33.98745295832107	0.03162277660168389	0.00039573621163208506
38.895897054520105	0.03162277660168389	0.00016203199441431292
44.51321520124173	0.03162277660168389	0.00005718057261123806
50.941782491215115	0.03162277660168389	0.000020113458886912395
58.29875895619149	0.03162277660168389	7.079447820691307e-6
66.71822479745835	0.03162277660168389	2.391424213646227e-6
76.35362398484546	0.03162277660168389	7.56507124434386e-7
87.38056075858388	0.03162277660168389	2.3731457009873925e-7
100.00000000000031	0.03162277660168389	8.285971873950751e-8
111.55639876771902	0.03162277660168389	3.6875106488358485e-8
138.21730389017998	0.03162277660168389	6.701647124424338e-9
171.24990861750976	0.03162277660168389	1.074070719157001e-9
212.17698780180757	0.03162277660168389	1.963142219674487e-10
262.885244821937	0.03162277660168389	2.846190179130288e-11
325.7122869971341	0.03162277660168389	1.5395729343041788e-12
403.5543872869759	0.03162277660168389	2.2826995378886495e-14
499.9999999999984	0.03162277660168389	1.843427660610435e-17
1000	0.03162277660168389	0
2000	0.03162277660168389	0
1.	0.03630780547701025	0.05515350444689531
1.9999999999999998	0.03630780547701025	0.0658485986470132
2.288838595949997	0.03630780547701025	0.07367545787467057
2.6193910591551774	0.03630780547701025	0.08624164770677191
2.9976816770403563	0.03630780547701025	0.10604908983961918
3.4306047603910415	0.03630780547701025	0.13235938931820895
3.926050291516404	0.03630780547701025	0.174186016398026
4.493047718431742	0.03630780547701025	0.24369768639677183
5.141930515695824	0.03630780547701025	0.3568421472712287
5.884524511008838	0.03630780547701025	0.6384741609946364
6.734363409805407	0.03630780547701025	1.256112264375123
7.706935445758021	0.03630780547701025	1.954866732804247
8.819965652373028	0.03630780547701025	1.841580828879404
10.093738900052346	0.03630780547701025	0.9562522170349624
11.551469585940843	0.03630780547701025	0.3136195427523628
13.219724714121972	0.03630780547701025	0.08943832736825211
15.128908076758211	0.03630780547701025	0.027173346389330694
17.313814360331925	0.03630780547701025	0.01041167594155424
19.814263275520517	0.03630780547701025	0.005793048938300671
22.675825267662994	0.03630780547701025	0.003779668151914815
25.950652033822625	0.03630780547701025	0.00216114415078083
29.698426982540767	0.03630780547701025	0.0010656064496434182
33.98745295832107	0.03630780547701025	0.000475081562829083
38.895897054520105	0.03630780547701025	0.0001928602074931123
44.51321520124173	0.03630780547701025	0.0000677486914068328
50.941782491215115	0.03630780547701025	0.000023851426577899512
58.29875895619149	0.03630780547701025	8.365219735634685e-6
66.71822479745835	0.03630780547701025	2.8148283808363457e-6
76.35362398484546	0.03630780547701025	8.896053827757746e-7
87.38056075858388	0.03630780547701025	2.784851319228936e-7
100.00000000000031	0.03630780547701025	9.700772122237596e-8
111.55639876771902	0.03630780547701025	4.31249013306487e-8
138.21730389017998	0.03630780547701025	7.833440402481296e-9
171.24990861750976	0.03630780547701025	1.2545404334560309e-9
212.17698780180757	0.03630780547701025	2.290923737905789e-10
262.885244821937	0.03630780547701025	3.3217727516022714e-11
325.7122869971341	0.03630780547701025	1.7980815806239073e-12
403.5543872869759	0.03630780547701025	2.66860291560204e-14
499.9999999999984	0.03630780547701025	2.1589791844124928e-17
1000	0.03630780547701025	0
2000	0.03630780547701025	0
1.	0.04168693834703368	0.05952076522875066
1.9999999999999998	0.04168693834703368	0.0645198073755997
2.288838595949997	0.04168693834703368	0.06966956912802141
2.6193910591551774	0.04168693834703368	0.07862921618848068
2.9976816770403563	0.04168693834703368	0.09418524410898332
3.4306047603910415	0.04168693834703368	0.12001923992576957
3.926050291516404	0.04168693834703368	0.155190919082816
4.493047718431742	0.04168693834703368	0.2104116158780437
5.141930515695824	0.04168693834703368	0.30939789792247696
5.884524511008838	0.04168693834703368	0.5230983078674026
6.734363409805407	0.04168693834703368	1.0739917669241978
7.706935445758021	0.04168693834703368	1.95962487979997
8.819965652373028	0.04168693834703368	2.221030882404115
10.093738900052346	0.04168693834703368	1.3156198130608696
11.551469585940843	0.04168693834703368	0.44609344780355076
13.219724714121972	0.04168693834703368	0.12222419037329355
15.128908076758211	0.04168693834703368	0.0353751895560554
17.313814360331925	0.04168693834703368	0.012834386194564557
19.814263275520517	0.04168693834703368	0.0068771557563791315
22.675825267662994	0.04168693834703368	0.004408231201730584
25.950652033822625	0.04168693834703368	0.0025975699132664825
29.698426982540767	0.04168693834703368	0.0012273374887126383
33.98745295832107	0.04168693834703368	0.0005595471367210475
38.895897054520105	0.04168693834703368	0.00023031748653329072
44.51321520124173	0.04168693834703368	0.00008066420004081615
50.941782491215115	0.04168693834703368	0.000028416641465732315
58.29875895619149	0.04168693834703368	9.919323949453616e-6
66.71822479745835	0.04168693834703368	3.3235914190934003e-6
76.35362398484546	0.04168693834703368	1.0492458456880246e-6
87.38056075858388	0.04168693834703368	3.276396945028125e-7
100.00000000000031	0.04168693834703368	1.1384451646667164e-7
111.55639876771902	0.04168693834703368	5.054258864432665e-8
138.21730389017998	0.04168693834703368	9.175548359267127e-9
171.24990861750976	0.04168693834703368	1.468241301444392e-9
212.17698780180757	0.04168693834703368	2.678397615529236e-10
262.885244821937	0.04168693834703368	3.884055919530666e-11
325.7122869971341	0.04168693834703368	2.104135202496608e-12
403.5543872869759	0.04168693834703368	3.1263588020886836e-14
499.9999999999984	0.04168693834703368	2.534565412780696e-17
1000	0.04168693834703368	0
2000	0.04168693834703368	0
1.	0.047863009232264	0.03781490328156723
1.9999999999999998	0.047863009232264	0.06570769833897104
2.288838595949997	0.047863009232264	0.0687291840736931
2.6193910591551774	0.047863009232264	0.07422172904348907
2.9976816770403563	0.047863009232264	0.08517156606128792
3.4306047603910415	0.047863009232264	0.10423330538863779
3.926050291516404	0.047863009232264	0.13758599841254054
4.493047718431742	0.047863009232264	0.18433378220225669
5.141930515695824	0.047863009232264	0.2690560485809623
5.884524511008838	0.047863009232264	0.4238362072377978
6.734363409805407	0.047863009232264	0.8584850393561418
7.706935445758021	0.047863009232264	1.802905194237802
8.819965652373028	0.047863009232264	2.527597346989157
10.093738900052346	0.047863009232264	1.8014702061605419
11.551469585940843	0.047863009232264	0.6564443178932078
13.219724714121972	0.047863009232264	0.1728964770970458
15.128908076758211	0.047863009232264	0.047113207959307485
17.313814360331925	0.047863009232264	0.01612116025922778
19.814263275520517	0.047863009232264	0.008207778760527768
22.675825267662994	0.047863009232264	0.005241265134183662
25.950652033822625	0.047863009232264	0.00314398166470874
29.698426982540767	0.047863009232264	0.0014994954254752843
33.98745295832107	0.047863009232264	0.0006904000953409824
38.895897054520105	0.047863009232264	0.0002768583227795665
44.51321520124173	0.047863009232264	0.00009686747224042555
50.941782491215115	0.047863009232264	0.00003411605431145072
58.29875895619149	0.047863009232264	0.000011834100594680876
66.71822479745835	0.047863009232264	3.9483069423523496e-6
76.35362398484546	0.047863009232264	1.2447547248147574e-6
87.38056075858388	0.047863009232264	3.875228473411136e-7
100.00000000000031	0.047863009232264	1.3428588570636957e-7
111.55639876771902	0.047863009232264	5.952269133835625e-8
138.21730389017998	0.047863009232264	1.079882761709454e-8
171.24990861750976	0.047863009232264	1.7263317725971105e-9
212.17698780180757	0.047863009232264	3.145481143713543e-10
262.885244821937	0.047863009232264	4.562017642048307e-11
325.7122869971341	0.047863009232264	2.4736826971592816e-12
403.5543872869759	0.047863009232264	3.6801883259448716e-14
499.9999999999984	0.047863009232264	2.99062257439649e-17
1000	0.047863009232264	0
2000	0.047863009232264	0
1.	0.05495408738576265	0.04033539551632536
1.9999999999999998	0.05495408738576265	0.06443190226949895
2.288838595949997	0.05495408738576265	0.06777768542869052
2.6193910591551774	0.05495408738576265	0.07298181960644709
2.9976816770403563	0.05495408738576265	0.07919676276272423
3.4306047603910415	0.05495408738576265	0.09265516321426856
3.926050291516404	0.05495408738576265	0.11790605743821712
4.493047718431742	0.05495408738576265	0.16153186501410202
5.141930515695824	0.05495408738576265	0.22381216610256513
5.884524511008838	0.05495408738576265	0.34710274301902233
6.734363409805407	0.05495408738576265	0.64976038189263
7.706935445758021	0.05495408738576265	1.508466502729787
8.819965652373028	0.05495408738576265	2.6640952431578473
10.093738900052346	0.05495408738576265	2.386411569294196
11.551469585940843	0.05495408738576265	0.9852626486168831
13.219724714121972	0.05495408738576265	0.25381240431953156
15.128908076758211	0.05495408738576265	0.06441450690259076
17.313814360331925	0.05495408738576265	0.020504232767710937
19.814263275520517	0.05495408738576265	0.010155248532862211
22.675825267662994	0.05495408738576265	0.006252239824994349
25.950652033822625	0.05495408738576265	0.0038705335922508137
29.698426982540767	0.05495408738576265	0.0018954727835107043
33.98745295832107	0.05495408738576265	0.0008603400509495932
38.895897054520105	0.05495408738576265	0.00033417421378157503
44.51321520124173	0.05495408738576265	0.0001170881672887691
50.941782491215115	0.05495408738576265	0.00004115639058114577
58.29875895619149	0.05495408738576265	0.000014158145817292024
66.71822479745835	0.05495408738576265	4.705897526762004e-6
76.35362398484546	0.05495408738576265	1.480909608860723e-6
87.38056075858388	0.05495408738576265	4.593791840175574e-7
100.00000000000031	0.05495408738576265	1.5870966652926616e-7
111.55639876771902	0.05495408738576265	7.021572955187644e-8
138.21730389017998	0.05495408738576265	1.2729744761272266e-8
171.24990861750976	0.05495408738576265	2.0327827174209904e-9
212.17698780180757	0.05495408738576265	3.6988201178777535e-10
262.885244821937	0.05495408738576265	5.365358427360611e-11
325.7122869971341	0.05495408738576265	2.912335734121681e-12
403.5543872869759	0.05495408738576265	4.339214114447555e-14
499.9999999999984	0.05495408738576265	3.53572713020187e-17
1000	0.05495408738576265	0
2000	0.05495408738576265	0
1.	0.06309573444801955	0.041495497796674025
1.9999999999999998	0.06309573444801955	0.05892055036196594
2.288838595949997	0.06309573444801955	0.06318718734418466
2.6193910591551774	0.06309573444801955	0.06975352970759197
2.9976816770403563	0.06309573444801955	0.07537433157973604
3.4306047603910415	0.06309573444801955	0.08430316577837176
3.926050291516404	0.06309573444801955	0.1019369877623196
4.493047718431742	0.06309573444801955	0.13491579452885158
5.141930515695824	0.06309573444801955	0.18797095477915005
5.884524511008838	0.06309573444801955	0.2774749336511022
6.734363409805407	0.06309573444801955	0.4850328028861217
7.706935445758021	0.06309573444801955	1.1312756860878483
8.819965652373028	0.06309573444801955	2.5125629775070686
10.093738900052346	0.06309573444801955	2.993921660358062
11.551469585940843	0.06309573444801955	1.5015339254061664
13.219724714121972	0.06309573444801955	0.3888600455719773
15.128908076758211	0.06309573444801955	0.09135692481193639
17.313814360331925	0.06309573444801955	0.026828552048919943
19.814263275520517	0.06309573444801955	0.012440122829620799
22.675825267662994	0.06309573444801955	0.01753756787578848
25.950652033822625	0.06309573444801955	0.0046317115486198416
29.698426982540767	0.06309573444801955	0.0022787736550607283
33.98745295832107	0.06309573444801955	0.001034104300377088
38.895897054520105	0.06309573444801955	0.0004049576139692643
44.51321520124173	0.06309573444801955	0.00014248322230011264
50.941782491215115	0.06309573444801955	0.00004985839596710897
58.29875895619149	0.06309573444801955	0.0000169712304824265
66.71822479745835	0.06309573444801955	5.624692320428962e-6
76.35362398484546	0.06309573444801955	1.765853190650769e-6
87.38056075858388	0.06309573444801955	5.454029495462239e-7
100.00000000000031	0.06309573444801955	1.8779934947560815e-7
111.55639876771902	0.06309573444801955	8.290434339240797e-8
138.21730389017998	0.06309573444801955	1.5018236447927416e-8
171.24990861750976	0.06309573444801955	2.3952201155289846e-9
212.17698780180757	0.06309573444801955	4.351491229669805e-10
262.885244821937	0.06309573444801955	6.313215120438116e-11
325.7122869971341	0.06309573444801955	3.430967574073593e-12
403.5543872869759	0.06309573444801955	5.120606680660939e-14
499.9999999999984	0.06309573444801955	4.185366450547893e-17
1000	0.06309573444801955	0
2000	0.06309573444801955	0
1.	0.07244359600749928	0.040897600255363896
1.9999999999999998	0.07244359600749928	0.04545070575301249
2.288838595949997	0.07244359600749928	0.06538090218195464
2.6193910591551774	0.07244359600749928	0.07354450121851205
2.9976816770403563	0.07244359600749928	0.07455803425900964
3.4306047603910415	0.07244359600749928	0.08331190326203797
3.926050291516404	0.07244359600749928	0.09401501426009477
4.493047718431742	0.07244359600749928	0.11516992330728575
5.141930515695824	0.07244359600749928	0.15883306316236934
5.884524511008838	0.07244359600749928	0.23186569665136317
6.734363409805407	0.07244359600749928	0.3594405345140984
7.706935445758021	0.07244359600749928	0.7818271713502508
8.819965652373028	0.07244359600749928	2.071055152680423
10.093738900052346	0.07244359600749928	3.3969694381584445
11.551469585940843	0.07244359600749928	2.258153437072889
13.219724714121972	0.07244359600749928	0.6321934687946767
15.128908076758211	0.07244359600749928	0.13568361346176366
17.313814360331925	0.07244359600749928	0.036240177223967426
19.814263275520517	0.07244359600749928	0.015562102368712005
22.675825267662994	0.07244359600749928	0.008705867606679097
25.950652033822625	0.07244359600749928	0.005314689378608293
29.698426982540767	0.07244359600749928	0.0026818405697000853
33.98745295832107	0.07244359600749928	0.001210206065551866
38.895897054520105	0.07244359600749928	0.00046911641730839097
44.51321520124173	0.07244359600749928	0.0001662001607094436
50.941782491215115	0.07244359600749928	0.00005772065065434796
58.29875895619149	0.07244359600749928	0.00001940155347398871
66.71822479745835	0.07244359600749928	6.417658429494887e-6
76.35362398484546	0.07244359600749928	2.008916986313018e-6
87.38056075858388	0.07244359600749928	6.173155953203567e-7
100.00000000000031	0.07244359600749928	2.1174672958666152e-7
111.55639876771902	0.07244359600749928	9.32461741467636e-8
138.21730389017998	0.07244359600749928	1.6876665098816378e-8
171.24990861750976	0.07244359600749928	2.6877727362304055e-9
212.17698780180757	0.07244359600749928	4.874227047574695e-10
262.885244821937	0.07244359600749928	7.073011853306709e-11
325.7122869971341	0.07244359600749928	3.849190451899946e-12
403.5543872869759	0.07244359600749928	5.75595296681765e-14
499.9999999999984	0.07244359600749928	4.7212933914956235e-17
1000	0.07244359600749928	0
2000	0.07244359600749928	0
1.	0.08317637711026743	0.07487312754058607
1.9999999999999998	0.08317637711026743	0.08059592504597887
2.288838595949997	0.08317637711026743	0.08176835935153412
2.6193910591551774	0.08317637711026743	0.08289838627957194
2.9976816770403563	0.08317637711026743	0.08512298840543517
3.4306047603910415	0.08317637711026743	0.08794643606052878
3.926050291516404	0.08317637711026743	0.09272820925992604
4.493047718431742	0.08317637711026743	0.10540096983971445
5.141930515695824	0.08317637711026743	0.13541609040714875
5.884524511008838	0.08317637711026743	0.19368665739206237
6.734363409805407	0.08317637711026743	0.3021949459476515
7.706935445758021	0.08317637711026743	0.537183421376447
8.819965652373028	0.08317637711026743	1.4642876726633316
10.093738900052346	0.08317637711026743	3.3612359484485865
11.551469585940843	0.08317637711026743	3.2065512046532856
13.219724714121972	0.08317637711026743	1.0718079546610717
15.128908076758211	0.08317637711026743	0.21372823092410034
17.313814360331925	0.08317637711026743	0.050706988838267915
19.814263275520517	0.08317637711026743	0.019311353116884634
22.675825267662994	0.08317637711026743	0.010350966294987095
25.950652033822625	0.08317637711026743	0.006437334928464519
29.698426982540767	0.08317637711026743	0.003253197841245286
33.98745295832107	0.08317637711026743	0.0015141884250151028
38.895897054520105	0.08317637711026743	0.0005346324480849794
44.51321520124173	0.08317637711026743	0.00019109026802483558
50.941782491215115	0.08317637711026743	0.00006566713569714214
58.29875895619149	0.08317637711026743	0.000021775522577656834
66.71822479745835	0.08317637711026743	7.191356387126466e-6
76.35362398484546	0.08317637711026743	2.243794746038715e-6
87.38056075858388	0.08317637711026743	6.854239580049939e-7
100.00000000000031	0.08317637711026743	2.3404295762309838e-7
111.55639876771902	0.08317637711026743	1.0278480135396006e-7
138.21730389017998	0.08317637711026743	1.8584369402494848e-8
171.24990861750976	0.08317637711026743	2.954898335567999e-9
212.17698780180757	0.08317637711026743	5.3476259425271e-10
262.885244821937	0.08317637711026743	7.761705815151913e-11
325.7122869971341	0.08317637711026743	4.230674987502975e-12
403.5543872869759	0.08317637711026743	6.340432464744338e-14
499.9999999999984	0.08317637711026743	5.221718927863408e-17
1000	0.08317637711026743	0
2000	0.08317637711026743	0
1.	0.09549925860214398	0.03432873620653524
1.9999999999999998	0.09549925860214398	0.05098979946013881
2.288838595949997	0.09549925860214398	0.05678075579434861
2.6193910591551774	0.09549925860214398	0.06272378595337237
2.9976816770403563	0.09549925860214398	0.06921632727460067
3.4306047603910415	0.09549925860214398	0.08827699591042987
3.926050291516404	0.09549925860214398	0.09837458354724143
4.493047718431742	0.09549925860214398	0.10326798747484935
5.141930515695824	0.09549925860214398	0.11903608336884883
5.884524511008838	0.09549925860214398	0.15984754798089945
6.734363409805407	0.09549925860214398	0.24166674611554284
7.706935445758021	0.09549925860214398	0.39648174772893957
8.819965652373028	0.09549925860214398	0.918902791543025
10.093738900052346	0.09549925860214398	2.7560169709274778
11.551469585940843	0.09549925860214398	4.065259799115592
13.219724714121972	0.09549925860214398	1.8504081048322236
15.128908076758211	0.09549925860214398	0.36105944434015025
17.313814360331925	0.09549925860214398	0.07412043591206799
19.814263275520517	0.09549925860214398	0.024420512787483063
22.675825267662994	0.09549925860214398	0.01298165438450468
25.950652033822625	0.09549925860214398	0.008215043844189045
29.698426982540767	0.09549925860214398	0.004038133831780926
33.98745295832107	0.09549925860214398	0.0018872623372784179
38.895897054520105	0.09549925860214398	0.0007158780940394816
44.51321520124173	0.09549925860214398	0.0002581039137772232
50.941782491215115	0.09549925860214398	0.00008755985569705483
58.29875895619149	0.09549925860214398	0.000028669304712197765
66.71822479745835	0.09549925860214398	9.443894108444083e-6
76.35362398484546	0.09549925860214398	2.9372268646998034e-6
87.38056075858388	0.09549925860214398	8.91302680071082e-7
100.00000000000031	0.09549925860214398	3.0263553293650203e-7
111.55639876771902	0.09549925860214398	1.3251848706341772e-7
138.21730389017998	0.09549925860214398	2.3932319269555634e-8
171.24990861750976	0.09549925860214398	3.798125552130775e-9
212.17698780180757	0.09549925860214398	6.857424873502336e-10
262.885244821937	0.09549925860214398	9.955589692121736e-11
325.7122869971341	0.09549925860214398	5.4362950049264354e-12
403.5543872869759	0.09549925860214398	8.167944043471171e-14
499.9999999999984	0.09549925860214398	6.757767838412867e-17
1000	0.09549925860214398	0
2000	0.09549925860214398	0
1.	0.10964781961431896	0.07578977139334418
1.9999999999999998	0.10964781961431896	0.06472982482112327
2.288838595949997	0.10964781961431896	0.05606735120378532
2.6193910591551774	0.10964781961431896	0.061932902161405144
2.9976816770403563	0.10964781961431896	0.05910395187513544
3.4306047603910415	0.10964781961431896	0.06502853567192676
3.926050291516404	0.10964781961431896	0.10033798001327822
4.493047718431742	0.10964781961431896	0.11015087276016164
5.141930515695824	0.10964781961431896	0.1190020148005521
5.884524511008838	0.10964781961431896	0.13969054409183546
6.734363409805407	0.10964781961431896	0.19377902413100245
7.706935445758021	0.10964781961431896	0.3117475279013459
8.819965652373028	0.10964781961431896	0.5823962330709984
10.093738900052346	0.10964781961431896	1.7925996539026587
11.551469585940843	0.10964781961431896	4.317224113603884
13.219724714121972	0.10964781961431896	3.0705132556140504
15.128908076758211	0.10964781961431896	0.6611791580150722
17.313814360331925	0.10964781961431896	0.11592098523109688
19.814263275520517	0.10964781961431896	0.03202313529813652
22.675825267662994	0.10964781961431896	0.04144799210990682
25.950652033822625	0.10964781961431896	0.009700136079831296
29.698426982540767	0.10964781961431896	0.005073539281209788
33.98745295832107	0.10964781961431896	0.0022889654195895437
38.895897054520105	0.10964781961431896	0.0008792487630637984
44.51321520124173	0.10964781961431896	0.00031865672305893023
50.941782491215115	0.10964781961431896	0.0001065892130332388
58.29875895619149	0.10964781961431896	0.00003455575007367054
66.71822479745835	0.10964781961431896	0.00001132598199943448
76.35362398484546	0.10964781961431896	3.512674550710299e-6
87.38056075858388	0.10964781961431896	1.058300836664383e-6
100.00000000000031	0.10964781961431896	3.567636111294182e-7
111.55639876771902	0.10964781961431896	1.557267993811123e-7
138.21730389017998	0.10964781961431896	2.8084003804794603e-8
171.24990861750976	0.10964781961431896	4.4475388270113486e-9
212.17698780180757	0.10964781961431896	8.00816125928056e-10
262.885244821937	0.10964781961431896	1.1629516040667542e-10
325.7122869971341	0.10964781961431896	6.363491999873479e-12
403.5543872869759	0.10964781961431896	9.588765422875387e-14
499.9999999999984	0.10964781961431896	7.974887344704023e-17
1000	0.10964781961431896	0
2000	0.10964781961431896	0