1	0.001	0.076847
2	0.001	0.0816992
2.28884	0.001	0.0875702
2.61939	0.001	0.0902655
2.99768	0.001	0.0924015
3.4306	0.001	0.0924272
3.92605	0.001	0.08746
4.49305	0.001	0.0742561
5.14193	0.001	0.0542177
5.88452	0.001	0.0363213
6.73436	0.001	0.0277117
7.70694	0.001	0.022229
8.81997	0.001	0.0131145
10.0937	0.001	0.00466947
11.5515	0.001	0.0011853
13.2197	0.001	0.000379546
15.1289	0.001	0.000154116
17.3138	0.001	0.0000956969
19.8143	0.001	0.0000695801
22.6758	0.001	0.0000433096
25.9507	0.001	0.0000233019
29.6984	0.001	0.0000119176
33.9875	0.001	5.32277e-6
38.8959	0.001	2.00576e-6
1	0.00114815	0.0866927
2	0.00114815	0.0926995
2.28884	0.00114815	0.0995038
2.61939	0.00114815	0.10276
2.99768	0.00114815	0.105398
3.4306	0.00114815	0.105674
3.92605	0.00114815	0.100313
4.49305	0.00114815	0.0855276
5.14193	0.00114815	0.0626755
5.88452	0.00114815	0.0419539
6.73436	0.00114815	0.0318722
7.70694	0.00114815	0.0256211
8.81997	0.00114815	0.015181
10.0937	0.00114815	0.00542384
11.5515	0.00114815	0.00137249
13.2197	0.00114815	0.000438447
15.1289	0.00114815	0.000177659
17.3138	0.00114815	0.000110136
19.8143	0.00114815	0.0000801235
22.6758	0.00114815	0.000049806
25.9507	0.00114815	0.000026807
29.6984	0.00114815	0.0000137096
33.9875	0.00114815	6.12295e-6
38.8959	0.00114815	2.30621e-6
1	0.00131826	0.0975314
2	0.00131826	0.105
2.28884	0.00131826	0.112904
2.61939	0.00131826	0.116825
2.99768	0.00131826	0.120111
3.4306	0.00131826	0.120711
3.92605	0.00131826	0.114997
4.49305	0.00131826	0.0985319
5.14193	0.00131826	0.0725106
5.88452	0.00131826	0.0485145
6.73436	0.00131826	0.0366635
7.70694	0.00131826	0.0295024
8.81997	0.00131826	0.017593
10.0937	0.00131826	0.00631031
11.5515	0.00131826	0.00159154
13.2197	0.00131826	0.000507696
15.1289	0.00131826	0.000205625
17.3138	0.00131826	0.000127025
19.8143	0.00131826	0.000092192
22.6758	0.00131826	0.0000572804
25.9507	0.00131826	0.0000308505
29.6984	0.00131826	0.0000157775
33.9875	0.00131826	7.04687e-6
38.8959	0.00131826	2.65734e-6
1	0.00151356	0.109402
2	0.00151356	0.118669
2.28884	0.00151356	0.127923
2.61939	0.00151356	0.132602
2.99768	0.00151356	0.136638
3.4306	0.00151356	0.137768
3.92605	0.00151356	0.131792
4.49305	0.00151356	0.113551
5.14193	0.00151356	0.0839806
5.88452	0.00151356	0.0561106
6.73436	0.00151356	0.0422067
7.70694	0.00151356	0.0340327
8.81997	0.00151356	0.0204234
10.0937	0.00151356	0.00735205
11.5515	0.00151356	0.0018507
13.2197	0.00151356	0.000585954
15.1289	0.00151356	0.000237149
17.3138	0.00151356	0.000146137
19.8143	0.00151356	0.000106266
22.6758	0.00151356	0.0000660793
25.9507	0.00151356	0.0000355131
29.6984	0.00151356	0.0000181632
33.9875	0.00151356	8.11673e-6
38.8959	0.00151356	3.05873e-6
1	0.0017378	0.122291
2	0.0017378	0.133833
2.28884	0.0017378	0.144633
2.61939	0.0017378	0.150356
2.99768	0.0017378	0.155298
3.4306	0.0017378	0.15704
3.92605	0.0017378	0.150949
4.49305	0.0017378	0.130877
5.14193	0.0017378	0.0973535
5.88452	0.0017378	0.0649702
6.73436	0.0017378	0.0486306
7.70694	0.0017378	0.0392367
8.81997	0.0017378	0.0237168
10.0937	0.0017378	0.00859165
11.5515	0.0017378	0.00215424
13.2197	0.0017378	0.000679242
15.1289	0.0017378	0.000274067
17.3138	0.0017378	0.000168761
19.8143	0.0017378	0.000122314
22.6758	0.0017378	0.0000761807
25.9507	0.0017378	0.0000408979
29.6984	0.0017378	0.0000209168
33.9875	0.0017378	9.35e-6
38.8959	0.0017378	3.52024e-6
1	0.00199526	0.136161
2	0.00199526	0.15055
2.28884	0.00199526	0.163167
2.61939	0.00199526	0.170074
2.99768	0.00199526	0.176165
3.4306	0.00199526	0.178857
3.92605	0.00199526	0.172779
4.49305	0.00199526	0.150879
5.14193	0.00199526	0.112993
5.88452	0.00199526	0.0753727
6.73436	0.00199526	0.0559913
7.70694	0.00199526	0.0452949
8.81997	0.00199526	0.0275733
10.0937	0.00199526	0.0100588
11.5515	0.00199526	0.0025043
13.2197	0.00199526	0.000790946
15.1289	0.00199526	0.000317474
17.3138	0.00199526	0.000194889
19.8143	0.00199526	0.000140832
22.6758	0.00199526	0.0000878516
25.9507	0.00199526	0.0000471173
29.6984	0.00199526	0.000024098
33.9875	0.00199526	0.000010778
38.8959	0.00199526	4.05959e-6
1	0.00229087	0.150874
2	0.00229087	0.168839
2.28884	0.00229087	0.176161
2.61939	0.00229087	0.191942
2.99768	0.00229087	0.199449
3.4306	0.00229087	0.203352
3.92605	0.00229087	0.197615
4.49305	0.00229087	0.173948
5.14193	0.00229087	0.131306
5.88452	0.00229087	0.0876039
6.73436	0.00229087	0.0645172
7.70694	0.00229087	0.0522789
8.81997	0.00229087	0.0321419
10.0937	0.00229087	0.0118066
11.5515	0.00229087	0.00292477
13.2197	0.00229087	0.000916699
15.1289	0.00229087	0.000368076
17.3138	0.00229087	0.000224385
19.8143	0.00229087	0.00016238
22.6758	0.00229087	0.000101349
25.9507	0.00229087	0.000054318
29.6984	0.00229087	0.0000277777
33.9875	0.00229087	0.0000124233
38.8959	0.00229087	4.6767e-6
1	0.00263027	0.166282
2	0.00263027	0.188748
2.28884	0.00263027	0.197533
2.61939	0.00263027	0.215989
2.99768	0.00263027	0.22533
3.4306	0.00263027	0.230784
3.92605	0.00263027	0.225799
4.49305	0.00263027	0.200599
5.14193	0.00263027	0.152753
5.88452	0.00263027	0.102019
6.73436	0.00263027	0.0744252
7.70694	0.00263027	0.0604101
8.81997	0.00263027	0.0375226
10.0937	0.00263027	0.0139075
11.5515	0.00263027	0.00342781
13.2197	0.00263027	0.00107225
15.1289	0.00263027	0.000427256
17.3138	0.00263027	0.000259064
19.8143	0.00263027	0.000187436
22.6758	0.00263027	0.00011696
25.9507	0.00263027	0.0000626552
29.6984	0.00263027	0.0000320364
33.9875	0.00263027	0.0000143305
38.8959	0.00263027	5.39777e-6
1	0.00301995	0.182098
2	0.00301995	0.209992
2.28884	0.00301995	0.220624
2.61939	0.00301995	0.242332
2.99768	0.00301995	0.253897
3.4306	0.00301995	0.261377
3.92605	0.00301995	0.257461
4.49305	0.00301995	0.231169
5.14193	0.00301995	0.17791
5.88452	0.00301995	0.119
6.73436	0.00301995	0.0857683
7.70694	0.00301995	0.0698365
8.81997	0.00301995	0.0438428
10.0937	0.00301995	0.0164458
11.5515	0.00301995	0.0040304
13.2197	0.00301995	0.0012523
15.1289	0.00301995	0.000496295
17.3138	0.00301995	0.000299249
19.8143	0.00301995	0.000216601
22.6758	0.00301995	0.00013524
25.9507	0.00301995	0.0000723095
29.6984	0.00301995	0.0000369732
33.9875	0.00301995	0.000016536
38.8959	0.00301995	6.22405e-6
1	0.00346737	0.198015
2	0.00346737	0.232551
2.28884	0.00346737	0.245469
2.61939	0.00346737	0.27089
2.99768	0.00346737	0.28529
3.4306	0.00346737	0.295286
3.92605	0.00346737	0.293294
4.49305	0.00346737	0.266293
5.14193	0.00346737	0.207494
5.88452	0.00346737	0.139126
6.73436	0.00346737	0.0992144
7.70694	0.00346737	0.0807166
8.81997	0.00346737	0.0513862
10.0937	0.00346737	0.0195132
11.5515	0.00346737	0.00475679
13.2197	0.00346737	0.00146755
15.1289	0.00346737	0.000578551
17.3138	0.00346737	0.000346063
19.8143	0.00346737	0.000250134
22.6758	0.00346737	0.000156159
25.9507	0.00346737	0.0000835124
29.6984	0.00346737	0.0000427097
33.9875	0.00346737	0.0000191257
38.8959	0.00346737	7.18806e-6
1	0.00398107	0.213583
2	0.00398107	0.256074
2.28884	0.00398107	0.271737
2.61939	0.00398107	0.301606
2.99768	0.00398107	0.319362
3.4306	0.00398107	0.332605
3.92605	0.00398107	0.333131
4.49305	0.00398107	0.306392
5.14193	0.00398107	0.242248
5.88452	0.00398107	0.163312
6.73436	0.00398107	0.114837
7.70694	0.00398107	0.0933777
8.81997	0.00398107	0.0604566
10.0937	0.00398107	0.0232558
11.5515	0.00398107	0.00571743
13.2197	0.00398107	0.00171993
15.1289	0.00398107	0.000675685
17.3138	0.00398107	0.000400614
19.8143	0.00398107	0.000289425
22.6758	0.00398107	0.000180936
25.9507	0.00398107	0.0000965335
29.6984	0.00398107	0.0000493646
33.9875	0.00398107	0.0000221127
38.8959	0.00398107	8.31015e-6
1	0.00457088	0.228239
2	0.00457088	0.291156
2.28884	0.00457088	0.299209
2.61939	0.00457088	0.334047
2.99768	0.00457088	0.355961
3.4306	0.00457088	0.373332
3.92605	0.00457088	0.377654
4.49305	0.00457088	0.352015
5.14193	0.00457088	0.283048
5.88452	0.00457088	0.19228
6.73436	0.00457088	0.133216
7.70694	0.00457088	0.108211
8.81997	0.00457088	0.0712112
10.0937	0.00457088	0.0278756
11.5515	0.00457088	0.00673417
13.2197	0.00457088	0.00202101
15.1289	0.00457088	0.000790259
17.3138	0.00457088	0.000464194
19.8143	0.00457088	0.000334871
22.6758	0.00457088	0.000209348
25.9507	0.00457088	0.000111683
29.6984	0.00457088	0.0000571055
33.9875	0.00457088	0.000025572
38.8959	0.00457088	9.62179e-6
1	0.00524807	0.241058
2	0.00524807	0.316099
2.28884	0.00524807	0.327286
2.61939	0.00524807	0.352091
2.99768	0.00524807	0.394794
3.4306	0.00524807	0.417243
3.92605	0.00524807	0.426304
4.49305	0.00524807	0.403759
5.14193	0.00524807	0.330827
5.88452	0.00524807	0.227155
6.73436	0.00524807	0.155086
7.70694	0.00524807	0.125186
8.81997	0.00524807	0.0839835
10.0937	0.00524807	0.0335912
11.5515	0.00524807	0.00808583
13.2197	0.00524807	0.00237371
15.1289	0.00524807	0.000928568
17.3138	0.00524807	0.000536826
19.8143	0.00524807	0.000387693
22.6758	0.00524807	0.000243342
25.9507	0.00524807	0.000129328
29.6984	0.00524807	0.0000661324
33.9875	0.00524807	0.0000296475
38.8959	0.00524807	0.0000111485
1	0.0060256	0.251678
2	0.0060256	0.340234
2.28884	0.0060256	0.355289
2.61939	0.0060256	0.385255
2.99768	0.0060256	0.435408
3.4306	0.0060256	0.464122
3.92605	0.0060256	0.479665
4.49305	0.0060256	0.461852
5.14193	0.0060256	0.387503
5.88452	0.0060256	0.269926
6.73436	0.0060256	0.18098
7.70694	0.0060256	0.144862
8.81997	0.0060256	0.0995695
10.0937	0.0060256	0.0407316
11.5515	0.0060256	0.00978573
13.2197	0.0060256	0.00281435
15.1289	0.0060256	0.00109306
17.3138	0.0060256	0.000623103
19.8143	0.0060256	0.000449618
22.6758	0.0060256	0.000282264
25.9507	0.0060256	0.000149912
29.6984	0.0060256	0.000076651
33.9875	0.0060256	0.000034375
38.8959	0.0060256	0.0000129321
1	0.00691831	0.25928
2	0.00691831	0.362547
2.28884	0.00691831	0.382226
2.61939	0.00691831	0.418204
2.99768	0.00691831	0.477063
3.4306	0.00691831	0.513639
3.92605	0.00691831	0.537033
4.49305	0.00691831	0.526668
5.14193	0.00691831	0.452448
5.88452	0.00691831	0.321181
6.73436	0.00691831	0.212614
7.70694	0.00691831	0.167497
8.81997	0.00691831	0.118021
10.0937	0.00691831	0.0496756
11.5515	0.00691831	0.0119743
13.2197	0.00691831	0.00335342
15.1289	0.00691831	0.00129398
17.3138	0.00691831	0.000721678
19.8143	0.00691831	0.000522832
22.6758	0.00691831	0.000328306
25.9507	0.00691831	0.00017401
29.6984	0.00691831	0.000088936
33.9875	0.00691831	0.0000399322
38.8959	0.00691831	0.0000150122
1	0.00794328	0.263319
2	0.00794328	0.38169
2.28884	0.00794328	0.423016
2.61939	0.00794328	0.449995
2.99768	0.00794328	0.518894
3.4306	0.00794328	0.565151
3.92605	0.00794328	0.598398
4.49305	0.00794328	0.597552
5.14193	0.00794328	0.527232
5.88452	0.00794328	0.383157
6.73436	0.00794328	0.25073
7.70694	0.00794328	0.194312
8.81997	0.00794328	0.140318
10.0937	0.00794328	0.0609628
11.5515	0.00794328	0.0147161
13.2197	0.00794328	0.00401872
15.1289	0.00794328	0.00153738
17.3138	0.00794328	0.0008405
19.8143	0.00794328	0.000607146
22.6758	0.00794328	0.000381935
25.9507	0.00794328	0.000202231
29.6984	0.00794328	0.000103302
33.9875	0.00794328	0.0000464209
38.8959	0.00794328	0.0000174519
1	0.00912011	0.262344
2	0.00912011	0.39671
2.28884	0.00912011	0.44477
2.61939	0.00912011	0.479197
2.99768	0.00912011	0.559463
3.4306	0.00912011	0.616708
3.92605	0.00912011	0.661521
4.49305	0.00912011	0.6734
5.14193	0.00912011	0.612111
5.88452	0.00912011	0.458226
6.73436	0.00912011	0.298093
7.70694	0.00912011	0.225462
8.81997	0.00912011	0.166634
10.0937	0.00912011	0.0753285
11.5515	0.00912011	0.0183156
13.2197	0.00912011	0.00479394
15.1289	0.00912011	0.00183226
17.3138	0.00912011	0.000983426
19.8143	0.00912011	0.000707881
22.6758	0.00912011	0.000445507
25.9507	0.00912011	0.000235424
29.6984	0.00912011	0.000120135
33.9875	0.00912011	0.0000540715
38.8959	0.00912011	0.0000203304
1	0.0104713	0.25694
2	0.0104713	0.405732
2.28884	0.0104713	0.460814
2.61939	0.0104713	0.525725
2.99768	0.0104713	0.596182
3.4306	0.0104713	0.666261
3.92605	0.0104713	0.725183
4.49305	0.0104713	0.752953
5.14193	0.0104713	0.706338
5.88452	0.0104713	0.548474
6.73436	0.0104713	0.356731
7.70694	0.0104713	0.261959
8.81997	0.0104713	0.198216
10.0937	0.0104713	0.0937023
11.5515	0.0104713	0.0232293
13.2197	0.0104713	0.00575558
15.1289	0.0104713	0.00219746
17.3138	0.0104713	0.00115077
19.8143	0.0104713	0.000824836
22.6758	0.0104713	0.000520727
25.9507	0.0104713	0.000274481
29.6984	0.0104713	0.000139886
33.9875	0.0104713	0.0000631301
38.8959	0.0104713	0.0000237817
1	0.0120226	0.247317
2	0.0120226	0.408434
2.28884	0.0120226	0.47034
2.61939	0.0120226	0.544021
2.99768	0.0120226	0.626921
3.4306	0.0120226	0.711611
3.92605	0.0120226	0.787102
4.49305	0.0120226	0.834135
5.14193	0.0120226	0.809039
5.88452	0.0120226	0.65512
6.73436	0.0120226	0.431663
7.70694	0.0120226	0.30491
8.81997	0.0120226	0.235812
10.0937	0.0120226	0.117298
11.5515	0.0120226	0.0298014
13.2197	0.0120226	0.00700161
15.1289	0.0120226	0.00265319
17.3138	0.0120226	0.00135067
19.8143	0.0120226	0.000964547
22.6758	0.0120226	0.000611526
25.9507	0.0120226	0.000320584
29.6984	0.0120226	0.00016313
33.9875	0.0120226	0.0000736642
38.8959	0.0120226	0.0000278499
1	0.0138038	0.234194
2	0.0138038	0.403923
2.28884	0.0138038	0.470758
2.61939	0.0138038	0.552892
2.99768	0.0138038	0.648212
3.4306	0.0138038	0.74934
3.92605	0.0138038	0.843801
4.49305	0.0138038	0.914576
5.14193	0.0138038	0.917587
5.88452	0.0138038	0.781561
6.73436	0.0138038	0.52834
7.70694	0.0138038	0.357421
8.81997	0.0138038	0.279978
10.0937	0.0138038	0.147828
11.5515	0.0138038	0.0389379
13.2197	0.0138038	0.0085817
15.1289	0.0138038	0.0032162
17.3138	0.0138038	0.00158129
19.8143	0.0138038	0.00112857
22.6758	0.0138038	0.000716979
25.9507	0.0138038	0.00037525
29.6984	0.0138038	0.000190562
33.9875	0.0138038	0.0000860898
38.8959	0.0138038	0.0000325666
1	0.0158489	0.219496
2	0.0158489	0.391249
2.28884	0.0158489	0.461242
2.61939	0.0158489	0.550301
2.99768	0.0158489	0.657258
3.4306	0.0158489	0.775996
3.92605	0.0158489	0.893383
4.49305	0.0158489	0.990628
5.14193	0.0158489	1.02835
5.88452	0.0158489	0.92119
6.73436	0.0158489	0.648997
7.70694	0.0158489	0.423558
8.81997	0.0158489	0.331544
10.0937	0.0158489	0.187388
11.5515	0.0158489	0.0519629
13.2197	0.0158489	0.0107305
15.1289	0.0158489	0.00392868
17.3138	0.0158489	0.00187675
19.8143	0.0158489	0.00132353
22.6758	0.0158489	0.000845492
25.9507	0.0158489	0.000440848
29.6984	0.0158489	0.000222921
33.9875	0.0158489	0.000100945
38.8959	0.0158489	0.0000383157
1	0.018197	0.19175
2	0.018197	0.371518
2.28884	0.018197	0.442167
2.61939	0.018197	0.534688
2.99768	0.018197	0.650794
3.4306	0.018197	0.787138
3.92605	0.018197	0.930643
4.49305	0.018197	1.05715
5.14193	0.018197	1.13336
5.88452	0.018197	1.07207
6.73436	0.018197	0.799035
7.70694	0.018197	0.508102
8.81997	0.018197	0.390572
10.0937	0.018197	0.237559
11.5515	0.018197	0.0700819
13.2197	0.018197	0.013779
15.1289	0.018197	0.00484594
17.3138	0.018197	0.00222452
19.8143	0.018197	0.00155904
22.6758	0.018197	0.000998699
25.9507	0.018197	0.000519745
29.6984	0.018197	0.000261603
33.9875	0.018197	0.000118705
38.8959	0.018197	0.0000452493
1	0.020893	0.196153
2	0.020893	0.346653
2.28884	0.020893	0.414108
2.61939	0.020893	0.505629
2.99768	0.020893	0.626869
3.4306	0.020893	0.778666
3.92605	0.020893	0.947179
4.49305	0.020893	1.10837
5.14193	0.020893	1.22732
5.88452	0.020893	1.22667
6.73436	0.020893	0.980376
7.70694	0.020893	0.620841
8.81997	0.020893	0.458555
10.0937	0.020893	0.30042
11.5515	0.020893	0.0963864
13.2197	0.020893	0.0176435
15.1289	0.020893	0.00600805
17.3138	0.020893	0.00265583
19.8143	0.020893	0.00182918
22.6758	0.020893	0.00118244
25.9507	0.020893	0.00061445
29.6984	0.020893	0.00030809
33.9875	0.020893	0.00013974
38.8959	0.020893	0.0000535212
1	0.0239883	0.191585
2	0.0239883	0.319266
2.28884	0.0239883	0.380278
2.61939	0.0239883	0.466321
2.99768	0.0239883	0.585672
3.4306	0.0239883	0.745716
3.92605	0.0239883	0.93783
4.49305	0.0239883	1.13614
5.14193	0.0239883	1.30407
5.88452	0.0239883	1.37559
6.73436	0.0239883	1.18982
7.70694	0.0239883	0.778192
8.81997	0.0239883	0.538945
10.0937	0.0239883	0.378325
11.5515	0.0239883	0.134301
13.2197	0.0239883	0.023594
15.1289	0.0239883	0.0074947
17.3138	0.0239883	0.00320771
19.8143	0.0239883	0.00215147
22.6758	0.0239883	0.00140342
25.9507	0.0239883	0.000728853
29.6984	0.0239883	0.000363355
33.9875	0.0239883	0.000164784
38.8959	0.0239883	0.0000635339
1	0.0275423	0.193193
2	0.0275423	0.29307
2.28884	0.0275423	0.343871
2.61939	0.0275423	0.418229
2.99768	0.0275423	0.529407
3.4306	0.0275423	0.687596
3.92605	0.0275423	0.897004
4.49305	0.0275423	1.13473
5.14193	0.0275423	1.35851
5.88452	0.0275423	1.50036
6.73436	0.0275423	1.41137
7.70694	0.0275423	0.98298
8.81997	0.0275423	0.639635
10.0937	0.0275423	0.472236
11.5515	0.0275423	0.189491
13.2197	0.0275423	0.0332269
15.1289	0.0275423	0.00941976
17.3138	0.0275423	0.00392012
19.8143	0.0275423	0.00253665
22.6758	0.0275423	0.00167062
25.9507	0.0275423	0.000868621
29.6984	0.0275423	0.000429911
33.9875	0.0275423	0.000194876
38.8959	0.0275423	0.0000760726
1	0.0316228	0.200552
2	0.0316228	0.270414
2.28884	0.0316228	0.308329
2.61939	0.0316228	0.368859
2.99768	0.0316228	0.463228
3.4306	0.0316228	0.609781
3.92605	0.0316228	0.822893
4.49305	0.0316228	1.09594
5.14193	0.0316228	1.37394
5.88452	0.0316228	1.59219
6.73436	0.0316228	1.62229
7.70694	0.0316228	1.24695
8.81997	0.0316228	0.773529
10.0937	0.0316228	0.579382
11.5515	0.0316228	0.267315
13.2197	0.0316228	0.0489658
15.1289	0.0316228	0.0118984
17.3138	0.0316228	0.00485225
19.8143	0.0316228	0.00299188
22.6758	0.0316228	0.00199056
25.9507	0.0316228	0.00104093
29.6984	0.0316228	0.000510819
33.9875	0.0316228	0.000231381
38.8959	0.0316228	0.0000910269
1	0.0363078	0.209518
2	0.0363078	0.251305
2.28884	0.0363078	0.277653
2.61939	0.0363078	0.315455
2.99768	0.0363078	0.39636
3.4306	0.0363078	0.519751
3.92605	0.0363078	0.720677
4.49305	0.0363078	1.00773
5.14193	0.0363078	1.33926
5.88452	0.0363078	1.63818
6.73436	0.0363078	1.80186
7.70694	0.0363078	1.55334
8.81997	0.0363078	0.972708
10.0937	0.0363078	0.698087
11.5515	0.0363078	0.375112
13.2197	0.0363078	0.0765097
15.1289	0.0363078	0.0152365
17.3138	0.0363078	0.00612773
19.8143	0.0363078	0.00352586
22.6758	0.0363078	0.00237654
25.9507	0.0363078	0.00125659
29.6984	0.0363078	0.000610475
33.9875	0.0363078	0.00027552
38.8959	0.0363078	0.000110458
1	0.0416869	0.215113
2	0.0416869	0.2302
2.28884	0.0416869	0.247428
2.61939	0.0416869	0.263548
2.99768	0.0416869	0.307096
3.4306	0.0416869	0.39411
3.92605	0.0416869	0.601074
4.49305	0.0416869	0.875382
5.14193	0.0416869	1.24773
5.88452	0.0416869	1.63636
6.73436	0.0416869	1.91733
7.70694	0.0416869	1.8649
8.81997	0.0416869	1.2508
10.0937	0.0416869	0.834157
11.5515	0.0416869	0.518897
13.2197	0.0416869	0.122994
15.1289	0.0416869	0.0198823
17.3138	0.0416869	0.00791293
19.8143	0.0416869	0.00417857
22.6758	0.0416869	0.00285456
25.9507	0.0416869	0.00152117
29.6984	0.0416869	0.000734371
33.9875	0.0416869	0.000330504
38.8959	0.0416869	0.000134133
1	0.047863	0.208889
2	0.047863	0.223028
2.28884	0.047863	0.233812
2.61939	0.047863	0.253507
2.99768	0.047863	0.289064
3.4306	0.047863	0.331601
3.92605	0.047863	0.446455
4.49305	0.047863	0.713585
5.14193	0.047863	1.09094
5.88452	0.047863	1.55098
6.73436	0.047863	1.95161
7.70694	0.047863	2.12838
8.81997	0.047863	1.63941
10.0937	0.047863	1.00461
11.5515	0.047863	0.696304
13.2197	0.047863	0.20254
15.1289	0.047863	0.0274339
17.3138	0.047863	0.0103752
19.8143	0.047863	0.00498735
22.6758	0.047863	0.00342757
25.9507	0.047863	0.00185295
29.6984	0.047863	0.000886195
33.9875	0.047863	0.000398173
38.8959	0.047863	0.000163387
1	0.0549541	0.187471
2	0.0549541	0.2068
2.28884	0.0549541	0.216217
2.61939	0.0549541	0.230085
2.99768	0.0549541	0.254506
3.4306	0.0549541	0.2974
3.92605	0.0549541	0.381505
4.49305	0.0549541	0.554933
5.14193	0.0549541	0.883398
5.88452	0.0549541	1.38322
6.73436	0.0549541	1.9189
7.70694	0.0549541	2.2859
8.81997	0.0549541	2.0865
10.0937	0.0549541	1.2645
11.5515	0.0549541	0.894498
13.2197	0.0549541	0.334531
15.1289	0.0549541	0.0418651
17.3138	0.0549541	0.0137888
19.8143	0.0549541	0.00602503
22.6758	0.0549541	0.00413834
25.9507	0.0549541	0.0022787
29.6984	0.0549541	0.00107876
33.9875	0.0549541	0.000483453
38.8959	0.0549541	0.000198387
1	0.0630957	0.154542
2	0.0630957	0.18675
2.28884	0.0630957	0.197618
2.61939	0.0630957	0.211602
2.99768	0.0630957	0.230209
3.4306	0.0630957	0.258788
3.92605	0.0630957	0.310655
4.49305	0.0630957	0.422054
5.14193	0.0630957	0.663678
5.88452	0.0630957	1.1304
6.73436	0.0630957	1.76301
7.70694	0.0630957	2.3128
8.81997	0.0630957	2.46999
10.0937	0.0630957	1.67954
11.5515	0.0630957	1.10264
13.2197	0.0630957	0.535159
15.1289	0.0630957	0.0728866
17.3138	0.0630957	0.0184992
19.8143	0.0630957	0.00745678
22.6758	0.0630957	0.00500677
25.9507	0.0630957	0.00281429
29.6984	0.0630957	0.00131119
33.9875	0.0630957	0.000592642
38.8959	0.0630957	0.000247023
1	0.0724436	0.118257
2	0.0724436	0.160432
2.28884	0.0724436	0.174447
2.61939	0.0724436	0.190917
2.99768	0.0724436	0.209983
3.4306	0.0724436	0.234368
3.92605	0.0724436	0.266873
4.49305	0.0724436	0.332342
5.14193	0.0724436	0.483688
5.88452	0.0724436	0.840433
6.73436	0.0724436	1.48379
7.70694	0.0724436	2.22419
8.81997	0.0724436	2.6927
10.0937	0.0724436	2.2409
11.5515	0.0724436	1.34237
13.2197	0.0724436	0.81717
15.1289	0.0724436	0.141158
17.3138	0.0724436	0.0245385
19.8143	0.0724436	0.00960657
22.6758	0.0724436	0.00604259
25.9507	0.0724436	0.00350608
29.6984	0.0724436	0.00161245
33.9875	0.0724436	0.000715679
38.8959	0.0724436	0.000298501
1	0.0831764	0.0888951
2	0.0831764	0.13308
2.28884	0.0831764	0.147773
2.61939	0.0831764	0.166753
2.99768	0.0831764	0.187733
3.4306	0.0831764	0.209553
3.92605	0.0831764	0.238605
4.49305	0.0831764	0.278161
5.14193	0.0831764	0.360725
5.88452	0.0831764	0.58497
6.73436	0.0831764	1.12145
7.70694	0.0831764	1.96728
8.81997	0.0831764	2.68155
10.0937	0.0831764	2.7518
11.5515	0.0831764	1.6979
13.2197	0.0831764	1.1468
15.1289	0.0831764	0.284493
17.3138	0.0831764	0.0335559
19.8143	0.0831764	0.0130339
22.6758	0.0831764	0.00721729
25.9507	0.0831764	0.00431494
29.6984	0.0831764	0.00188177
33.9875	0.0831764	0.000823772
38.8959	0.0831764	0.000347813
1	0.0954993	0.0825684
2	0.0954993	0.109192
2.28884	0.0954993	0.122142
2.61939	0.0954993	0.137373
2.99768	0.0954993	0.159587
3.4306	0.0954993	0.182466
3.92605	0.0954993	0.212095
4.49305	0.0954993	0.246482
5.14193	0.0954993	0.299016
5.88452	0.0954993	0.416782
6.73436	0.0954993	0.755581
7.70694	0.0954993	1.53882
8.81997	0.0954993	2.49424
10.0937	0.0954993	3.01
11.5515	0.0954993	2.27759
13.2197	0.0954993	1.46524
15.1289	0.0954993	0.552983
17.3138	0.0954993	0.0519705
19.8143	0.0954993	0.0184836
22.6758	0.0954993	0.00868973
25.9507	0.0954993	0.00536618
29.6984	0.0954993	0.00243494
33.9875	0.0954993	0.00103319
38.8959	0.0954993	0.000434293
1	0.109648	0.0924213
2	0.109648	0.143429
2.28884	0.109648	0.108711
2.61939	0.109648	0.118151
2.99768	0.109648	0.133988
3.4306	0.109648	0.155359
3.92605	0.109648	0.185818
4.49305	0.109648	0.227218
5.14193	0.109648	0.265359
5.88452	0.109648	0.333437
6.73436	0.109648	0.499742
7.70694	0.109648	1.03361
8.81997	0.109648	2.0964
10.0937	0.109648	2.94073
11.5515	0.109648	2.92329
13.2197	0.109648	1.76289
15.1289	0.109648	0.982036
17.3138	0.109648	0.105309
19.8143	0.109648	0.0265962
22.6758	0.109648	0.0105796
25.9507	0.109648	0.00670983
29.6984	0.109648	0.00313905
33.9875	0.109648	0.00134364
38.8959	0.109648	0.000524868