1.	0.001	0.101859
1.9999999999999998	0.001	0.0950362
2.288838595949997	0.001	0.08641634190129699
2.6193910591551774	0.001	0.0760585733899476
2.9976816770403563	0.001	0.06655447611770882
3.4306047603910415	0.001	0.06038936990802563
3.926050291516404	0.001	0.057257497723909846
4.493047718431742	0.001	0.0528305178139377
5.141930515695824	0.001	0.04344099120228855
5.884524511008838	0.001	0.03077243669809965
6.734363409805407	0.001	0.01884686778354792
7.706935445758021	0.001	0.009657833029293747
8.819965652373028	0.001	0.0038750825880281
10.093738900052346	0.001	0.0013068972502738184
11.551469585940843	0.001	0.00045437978690454595
13.219724714121972	0.001	0.0001616487820269182
15.128908076758211	0.001	0.00006755975928016729
17.313814360331925	0.001	0.000029492691059036033
19.814263275520517	0.001	0.000010523678600816274
22.675825267662994	0.001	2.8515522565257347e-6
25.950652033822625	0.001	1.0709076954710713e-6
29.698426982540767	0.001	4.0625519770211877e-7
33.98745295832107	0.001	1.29075987555566e-7
38.895897054520105	0.001	4.334657359945521e-8
44.51321520124173	0.001	9.200675174166124e-9
50.941782491215115	0.001	2.2036673073628733e-9
58.29875895619149	0.001	3.8626345446745327e-10
66.71822479745835	0.001	5.462288797114063e-11
76.35362398484546	0.001	4.107965927737521e-12
87.38056075858388	0.001	1.2663658992005646e-13
100.00000000000031	0.001	1.3012379070492865e-15
111.55639876771902	0.001	2.2416692696212646e-17
138.21730389017998	0.001	8.360821635295154e-23
171.24990861750976	0.001	0
212.17698780180757	0.001	0
262.885244821937	0.001	0
325.7122869971341	0.001	0
403.5543872869759	0.001	0
499.9999999999984	0.001	0
1000	0.001	0
2000	0.001	0
1.	0.0011481536214968829	0.12037347338548404
1.9999999999999998	0.0011481536214968829	0.1099333686003
2.288838595949997	0.0011481536214968829	0.09987008094976728
2.6193910591551774	0.0011481536214968829	0.08781025925354526
2.9976816770403563	0.0011481536214968829	0.07661561921989497
3.4306047603910415	0.0011481536214968829	0.06923467914408478
3.926050291516404	0.0011481536214968829	0.06547309707872072
4.493047718431742	0.0011481536214968829	0.06060520820359272
5.141930515695824	0.0011481536214968829	0.050062654035906554
5.884524511008838	0.0011481536214968829	0.035661048193800594
6.734363409805407	0.0011481536214968829	0.021909438948009126
7.706935445758021	0.0011481536214968829	0.011261590003267864
8.819965652373028	0.0011481536214968829	0.004526722994381379
10.093738900052346	0.0011481536214968829	0.0015258289700007164
11.551469585940843	0.0011481536214968829	0.0005312736327020026
13.219724714121972	0.0011481536214968829	0.0001887312158340287
15.128908076758211	0.0011481536214968829	0.00007820430388245853
17.313814360331925	0.0011481536214968829	0.000034109387800101434
19.814263275520517	0.0011481536214968829	0.000012223963182630445
22.675825267662994	0.0011481536214968829	3.3313629198871474e-6
25.950652033822625	0.0011481536214968829	1.248043910929556e-6
29.698426982540767	0.0011481536214968829	4.736641100227606e-7
33.98745295832107	0.0011481536214968829	1.5053315252761776e-7
38.895897054520105	0.0011481536214968829	5.053090747354609e-8
44.51321520124173	0.0011481536214968829	1.0719611061190708e-8
50.941782491215115	0.0011481536214968829	2.5666135169589127e-9
58.29875895619149	0.0011481536214968829	4.499568800777e-10
66.71822479745835	0.0011481536214968829	6.365216603352302e-11
76.35362398484546	0.0011481536214968829	4.7893093430595014e-12
87.38056075858388	0.0011481536214968829	1.4768953850080866e-13
100.00000000000031	0.0011481536214968829	1.5207454552570321e-15
111.55639876771902	0.0011481536214968829	2.6215116364348268e-17
138.21730389017998	0.0011481536214968829	9.797547001225128e-23
171.24990861750976	0.0011481536214968829	0
212.17698780180757	0.0011481536214968829	0
262.885244821937	0.0011481536214968829	0
325.7122869971341	0.0011481536214968829	0
403.5543872869759	0.0011481536214968829	0
499.9999999999984	0.0011481536214968829	0
1000	0.0011481536214968829	0
2000	0.0011481536214968829	0
1.	0.0013182567385564075	0.14260857367903287
1.9999999999999998	0.0013182567385564075	0.12724666804635612
2.288838595949997	0.0013182567385564075	0.11546575824628695
2.6193910591551774	0.0013182567385564075	0.10145970132465455
2.9976816770403563	0.0013182567385564075	0.08825544231538733
3.4306047603910415	0.0013182567385564075	0.07934676288740782
3.926050291516404	0.0013182567385564075	0.07484751749351572
4.493047718431742	0.0013182567385564075	0.06946455179767581
5.141930515695824	0.0013182567385564075	0.05776754087271018
5.884524511008838	0.0013182567385564075	0.041353306668633114
6.734363409805407	0.0013182567385564075	0.025492288022984755
7.706935445758021	0.0013182567385564075	0.01314712165667019
8.819965652373028	0.0013182567385564075	0.005310535582310165
10.093738900052346	0.0013182567385564075	0.0017846339508391109
11.551469585940843	0.0013182567385564075	0.0006196906101708588
13.219724714121972	0.0013182567385564075	0.0002191017560604739
15.128908076758211	0.0013182567385564075	0.00009073997001222245
17.313814360331925	0.0013182567385564075	0.00003944005275030404
19.814263275520517	0.0013182567385564075	0.000014184933328456946
22.675825267662994	0.0013182567385564075	3.868688606845846e-6
25.950652033822625	0.0013182567385564075	1.4452642809281003e-6
29.698426982540767	0.0013182567385564075	5.487649872338354e-7
33.98745295832107	0.0013182567385564075	1.7445187135156422e-7
38.895897054520105	0.0013182567385564075	5.8530002788917033e-8
44.51321520124173	0.0013182567385564075	1.240986443716605e-8
50.941782491215115	0.0013182567385564075	2.969929536849152e-9
58.29875895619149	0.0013182567385564075	5.208346289868335e-10
66.71822479745835	0.0013182567385564075	7.370023692980708e-11
76.35362398484546	0.0013182567385564075	5.548457829467449e-12
87.38056075858388	0.0013182567385564075	1.7115973146586233e-13
100.00000000000031	0.0013182567385564075	1.7666602059009036e-15
111.55639876771902	0.0013182567385564075	3.047681697784368e-17
138.21730389017998	0.0013182567385564075	1.1417087489458185e-22
171.24990861750976	0.0013182567385564075	0
212.17698780180757	0.0013182567385564075	0
262.885244821937	0.0013182567385564075	0
325.7122869971341	0.0013182567385564075	0
403.5543872869759	0.0013182567385564075	0
499.9999999999984	0.0013182567385564075	0
1000	0.0013182567385564075	0
2000	0.0013182567385564075	0
1.	0.0015135612484362087	0.16200522120993527
1.9999999999999998	0.0015135612484362087	0.14737112969283572
2.288838595949997	0.0015135612484362087	0.13356818428481562
2.6193910591551774	0.0015135612484362087	0.11733505854865463
2.9976816770403563	0.0015135612484362087	0.10175604549948365
3.4306047603910415	0.0015135612484362087	0.0909978224876725
3.926050291516404	0.0015135612484362087	0.08555456506725623
4.493047718431742	0.0015135612484362087	0.07962338846931248
5.141930515695824	0.0015135612484362087	0.06663204423187549
5.884524511008838	0.0015135612484362087	0.04799564637734752
6.734363409805407	0.0015135612484362087	0.02972067776906837
7.706935445758021	0.0015135612484362087	0.01538748203005478
8.819965652373028	0.0015135612484362087	0.006237201998666695
10.093738900052346	0.0015135612484362087	0.002100585390107871
11.551469585940843	0.0015135612484362087	0.0007275413421056042
13.219724714121972	0.0015135612484362087	0.00025757126547605656
15.128908076758211	0.0015135612484362087	0.00010543787416114871
17.313814360331925	0.0015135612484362087	0.00004557767375253021
19.814263275520517	0.0015135612484362087	0.000016493042079447836
22.675825267662994	0.0015135612484362087	4.503288446779517e-6
25.950652033822625	0.0015135612484362087	1.6768769611920988e-6
29.698426982540767	0.0015135612484362087	6.369954383078527e-7
33.98745295832107	0.0015135612484362087	2.025669733051734e-7
38.895897054520105	0.0015135612484362087	6.792048183928764e-8
44.51321520124173	0.0015135612484362087	1.4393951209516153e-8
50.941782491215115	0.0015135612484362087	3.44259189296337e-9
58.29875895619149	0.0015135612484362087	6.040496018327645e-10
66.71822479745835	0.0015135612484362087	8.549371217249867e-11
76.35362398484546	0.0015135612484362087	6.440473300704611e-12
87.38056075858388	0.0015135612484362087	1.9874849581598145e-13
100.00000000000031	0.0015135612484362087	2.0571133877868292e-15
111.55639876771902	0.0015135612484362087	3.55174407912027e-17
138.21730389017998	0.0015135612484362087	1.334132812241146e-22
171.24990861750976	0.0015135612484362087	0
212.17698780180757	0.0015135612484362087	0
262.885244821937	0.0015135612484362087	0
325.7122869971341	0.0015135612484362087	0
403.5543872869759	0.0015135612484362087	0
499.9999999999984	0.0015135612484362087	0
1000	0.0015135612484362087	0
2000	0.0015135612484362087	0
1.	0.0017378008287493763	0.20173812570620928
1.9999999999999998	0.0017378008287493763	0.17066608702415673
2.288838595949997	0.0017378008287493763	0.15461715661112202
2.6193910591551774	0.0017378008287493763	0.135686017536605
2.9976816770403563	0.0017378008287493763	0.11741400840402225
3.4306047603910415	0.0017378008287493763	0.10443098606677788
3.926050291516404	0.0017378008287493763	0.09778944145818522
4.493047718431742	0.0017378008287493763	0.09122706907697077
5.141930515695824	0.0017378008287493763	0.0769014236320961
5.884524511008838	0.0017378008287493763	0.05578781778750556
6.734363409805407	0.0017378008287493763	0.034753660614746065
7.706935445758021	0.0017378008287493763	0.01806598862871044
8.819965652373028	0.0017378008287493763	0.007361016197276128
10.093738900052346	0.0017378008287493763	0.002465248408337775
11.551469585940843	0.0017378008287493763	0.0008523701567311851
13.219724714121972	0.0017378008287493763	0.00029974986534486036
15.128908076758211	0.0017378008287493763	0.00012258080779751704
17.313814360331925	0.0017378008287493763	0.00005290393354377362
19.814263275520517	0.0017378008287493763	0.000019171005765806723
22.675825267662994	0.0017378008287493763	5.278170167409639e-6
25.950652033822625	0.0017378008287493763	1.9580405770353584e-6
29.698426982540767	0.0017378008287493763	7.441302884193718e-7
33.98745295832107	0.0017378008287493763	2.367211598986631e-7
38.895897054520105	0.0017378008287493763	7.931209111121827e-8
44.51321520124173	0.0017378008287493763	1.6801818396515994e-8
50.941782491215115	0.0017378008287493763	4.0150677671988435e-9
58.29875895619149	0.0017378008287493763	7.050615810291414e-10
66.71822479745835	0.0017378008287493763	9.98004204628644e-11
76.35362398484546	0.0017378008287493763	7.523884432649874e-12
87.38056075858388	0.0017378008287493763	2.3226728119862016e-13
100.00000000000031	0.0017378008287493763	2.4116958394610136e-15
111.55639876771902	0.0017378008287493763	4.167970383740848e-17
138.21730389017998	0.0017378008287493763	1.5704386781006846e-22
171.24990861750976	0.0017378008287493763	0
212.17698780180757	0.0017378008287493763	0
262.885244821937	0.0017378008287493763	0
325.7122869971341	0.0017378008287493763	0
403.5543872869759	0.0017378008287493763	0
499.9999999999984	0.0017378008287493763	0
1000	0.0017378008287493763	0
2000	0.0017378008287493763	0
1.	0.0019952623149688807	0.24079036907468754
1.9999999999999998	0.0019952623149688807	0.19770124537370162
2.288838595949997	0.0019952623149688807	0.17903431233862585
2.6193910591551774	0.0019952623149688807	0.1570271351092612
2.9976816770403563	0.0019952623149688807	0.1356491048427366
3.4306047603910415	0.0019952623149688807	0.11992707539008676
3.926050291516404	0.0019952623149688807	0.11171712109373086
4.493047718431742	0.0019952623149688807	0.10448314753191948
5.141930515695824	0.0019952623149688807	0.08879809119158547
5.884524511008838	0.0019952623149688807	0.06493325572323583
6.734363409805407	0.0019952623149688807	0.04069388700335212
7.706935445758021	0.0019952623149688807	0.021323519962407254
8.819965652373028	0.0019952623149688807	0.008722512322003129
10.093738900052346	0.0019952623149688807	0.0029152534372038647
11.551469585940843	0.0019952623149688807	0.001009471218869785
13.219724714121972	0.0019952623149688807	0.00034907683653096063
15.128908076758211	0.0019952623149688807	0.00014288788542758982
17.313814360331925	0.0019952623149688807	0.00006137735748569932
19.814263275520517	0.0019952623149688807	0.00002237870279766412
22.675825267662994	0.0019952623149688807	6.160025186037191e-6
25.950652033822625	0.0019952623149688807	2.275249114363022e-6
29.698426982540767	0.0019952623149688807	8.650394855067698e-7
33.98745295832107	0.0019952623149688807	2.7529265146669843e-7
38.895897054520105	0.0019952623149688807	9.214987995502504e-8
44.51321520124173	0.0019952623149688807	1.9517595272042753e-8
50.941782491215115	0.0019952623149688807	4.658811869890572e-9
58.29875895619149	0.0019952623149688807	8.190162661385185e-10
66.71822479745835	0.0019952623149688807	1.1592434010351965e-10
76.35362398484546	0.0019952623149688807	8.747045939094365e-12
87.38056075858388	0.0019952623149688807	2.7012812921755803e-13
100.00000000000031	0.0019952623149688807	2.8150346794168695e-15
111.55639876771902	0.0019952623149688807	4.870362660021861e-17
138.21730389017998	0.0019952623149688807	1.8415669642028164e-22
171.24990861750976	0.0019952623149688807	0
212.17698780180757	0.0019952623149688807	0
262.885244821937	0.0019952623149688807	0
325.7122869971341	0.0019952623149688807	0
403.5543872869759	0.0019952623149688807	0
499.9999999999984	0.0019952623149688807	0
1000	0.0019952623149688807	0
2000	0.0019952623149688807	0
1.	0.0022908676527677745	0.28791862578157856
1.9999999999999998	0.0022908676527677745	0.229033751206565
2.288838595949997	0.0022908676527677745	0.20733088081139012
2.6193910591551774	0.0022908676527677745	0.18192273201693376
2.9976816770403563	0.0022908676527677745	0.15681376536478883
3.4306047603910415	0.0022908676527677745	0.13962672854679534
3.926050291516404	0.0022908676527677745	0.12765486930868108
4.493047718431742	0.0022908676527677745	0.1196049123193858
5.141930515695824	0.0022908676527677745	0.10255887208754613
5.884524511008838	0.0022908676527677745	0.07570896579496644
6.734363409805407	0.0022908676527677745	0.047706164920895536
7.706935445758021	0.0022908676527677745	0.025059476382194645
8.819965652373028	0.0022908676527677745	0.010395443995530653
10.093738900052346	0.0022908676527677745	0.003463515123338787
11.551469585940843	0.0022908676527677745	0.0011954858431349078
13.219724714121972	0.0022908676527677745	0.00041364129112889537
15.128908076758211	0.0022908676527677745	0.00016673345964434338
17.313814360331925	0.0022908676527677745	0.00007177905570921088
19.814263275520517	0.0022908676527677745	0.000026211938814525157
22.675825267662994	0.0022908676527677745	7.231873898188497e-6
25.950652033822625	0.0022908676527677745	2.657664058758456e-6
29.698426982540767	0.0022908676527677745	1.0107973627596836e-6
33.98745295832107	0.0022908676527677745	3.218157380132485e-7
38.895897054520105	0.0022908676527677745	1.076017007464422e-7
44.51321520124173	0.0022908676527677745	2.2791986439421064e-8
50.941782491215115	0.0022908676527677745	5.432293486342814e-9
58.29875895619149	0.0022908676527677745	9.56440273852706e-10
66.71822479745835	0.0022908676527677745	1.3534103589650257e-10
76.35362398484546	0.0022908676527677745	1.022234687427442e-11
87.38056075858388	0.0022908676527677745	3.158073624147916e-13
100.00000000000031	0.0022908676527677745	3.304738399052035e-15
111.55639876771902	0.0022908676527677745	5.724718914169126e-17
138.21730389017998	0.0022908676527677745	2.173317425135562e-22
171.24990861750976	0.0022908676527677745	0
212.17698780180757	0.0022908676527677745	0
262.885244821937	0.0022908676527677745	0
325.7122869971341	0.0022908676527677745	0
403.5543872869759	0.0022908676527677745	0
499.9999999999984	0.0022908676527677745	0
1000	0.0022908676527677745	0
2000	0.0022908676527677745	0
1.	0.0026302679918953843	0.34476966363360195
1.9999999999999998	0.0026302679918953843	0.26527978554578696
2.288838595949997	0.0026302679918953843	0.24005992894878958
2.6193910591551774	0.0026302679918953843	0.21083574705370448
2.9976816770403563	0.0026302679918953843	0.18159176421549655
3.4306047603910415	0.0026302679918953843	0.15856976559909028
3.926050291516404	0.0026302679918953843	0.1458388878058169
4.493047718431742	0.0026302679918953843	0.13687993384056313
5.141930515695824	0.0026302679918953843	0.11848288486344952
5.884524511008838	0.0026302679918953843	0.08835825549390719
6.734363409805407	0.0026302679918953843	0.056394755410611314
7.706935445758021	0.0026302679918953843	0.029816596310963082
8.819965652373028	0.0026302679918953843	0.01238645630395789
10.093738900052346	0.0026302679918953843	0.004126633780594597
11.551469585940843	0.0026302679918953843	0.0014174352115188724
13.219724714121972	0.0026302679918953843	0.0004877397726579214
15.128908076758211	0.0026302679918953843	0.00019504342056072654
17.313814360331925	0.0026302679918953843	0.00008360692666358908
19.814263275520517	0.0026302679918953843	0.00003078614872366268
22.675825267662994	0.0026302679918953843	8.493065693677225e-6
25.950652033822625	0.0026302679918953843	3.102848769933352e-6
29.698426982540767	0.0026302679918953843	1.1804507574573459e-6
33.98745295832107	0.0026302679918953843	3.7600214701288516e-7
38.895897054520105	0.0026302679918953843	1.255472503653787e-7
44.51321520124173	0.0026302679918953843	2.6605456703359052e-8
50.941782491215115	0.0026302679918953843	6.328865050920332e-9
58.29875895619149	0.0026302679918953843	1.1165056814278125e-9
66.71822479745835	0.0026302679918953843	1.5791078725405552e-10
76.35362398484546	0.0026302679918953843	1.1940791598134258e-11
87.38056075858388	0.0026302679918953843	3.6903559439639337e-13
100.00000000000031	0.0026302679918953843	3.879981455314058e-15
111.55639876771902	0.0026302679918953843	6.730631201195588e-17
138.21730389017998	0.0026302679918953843	2.5668931516463715e-22
171.24990861750976	0.0026302679918953843	0
212.17698780180757	0.0026302679918953843	0
262.885244821937	0.0026302679918953843	0
325.7122869971341	0.0026302679918953843	0
403.5543872869759	0.0026302679918953843	0
499.9999999999984	0.0026302679918953843	0
1000	0.0026302679918953843	0
2000	0.0026302679918953843	0
1.	0.003019951720402019	0.4131713147302885
1.9999999999999998	0.003019951720402019	0.3071441857212854
2.288838595949997	0.003019951720402019	0.27777830975497714
2.6193910591551774	0.003019951720402019	0.24445405534497386
2.9976816770403563	0.003019951720402019	0.2105920219741043
3.4306047603910415	0.003019951720402019	0.1827559541525751
3.926050291516404	0.003019951720402019	0.1666460872810019
4.493047718431742	0.003019951720402019	0.1565341262063921
5.141930515695824	0.003019951720402019	0.13697105783424998
5.884524511008838	0.003019951720402019	0.10327187169204931
6.734363409805407	0.003019951720402019	0.06634303815046715
7.706935445758021	0.003019951720402019	0.035437971149355936
8.819965652373028	0.003019951720402019	0.014838592176107904
10.093738900052346	0.003019951720402019	0.004933357445878099
11.551469585940843	0.003019951720402019	0.0016930488927362599
13.219724714121972	0.003019951720402019	0.0005759279034763022
15.128908076758211	0.003019951720402019	0.00022860367210947942
17.313814360331925	0.003019951720402019	0.0000977505122037218
19.814263275520517	0.003019951720402019	0.00003617642952810216
22.675825267662994	0.003019951720402019	0.000010033476235658826
25.950652033822625	0.003019951720402019	3.6406519492177584e-6
29.698426982540767	0.003019951720402019	1.3852856425812953e-6
33.98745295832107	0.003019951720402019	4.414661450341104e-7
38.895897054520105	0.003019951720402019	1.4715893814651056e-7
44.51321520124173	0.003019951720402019	3.12167061695053e-8
50.941782491215115	0.003019951720402019	7.406976114250101e-9
58.29875895619149	0.003019951720402019	1.310019327184986e-9
66.71822479745835	0.003019951720402019	1.8512926166870989e-10
76.35362398484546	0.003019951720402019	1.4017536728276155e-11
87.38056075858388	0.003019951720402019	4.3338152192368465e-13
100.00000000000031	0.003019951720402019	4.580833007897249e-15
111.55639876771902	0.003019951720402019	7.958944578226879e-17
138.21730389017998	0.003019951720402019	3.0510966160661157e-22
171.24990861750976	0.003019951720402019	0
212.17698780180757	0.003019951720402019	0
262.885244821937	0.003019951720402019	0
325.7122869971341	0.003019951720402019	0
403.5543872869759	0.003019951720402019	0
499.9999999999984	0.003019951720402019	0
1000	0.003019951720402019	0
2000	0.003019951720402019	0
1.	0.00346736850452532	0.49502172641791153
1.9999999999999998	0.00346736850452532	0.3554438385601291
2.288838595949997	0.00346736850452532	0.3212110212341738
2.6193910591551774	0.00346736850452532	0.2835037598524335
2.9976816770403563	0.00346736850452532	0.24434975831602684
3.4306047603910415	0.00346736850452532	0.21108770938096638
3.926050291516404	0.00346736850452532	0.19069691348089857
4.493047718431742	0.00346736850452532	0.17877397364141764
5.141930515695824	0.00346736850452532	0.1580979035394084
5.884524511008838	0.00346736850452532	0.1208817158382291
6.734363409805407	0.00346736850452532	0.07843673292418511
7.706935445758021	0.00346736850452532	0.042311746186425137
8.819965652373028	0.00346736850452532	0.017884685233296695
10.093738900052346	0.00346736850452532	0.005951401893694471
11.551469585940843	0.00346736850452532	0.0020277707438009153
13.219724714121972	0.00346736850452532	0.0006798373360952333
15.128908076758211	0.00346736850452532	0.0002691282943137543
17.313814360331925	0.00346736850452532	0.00011487052843787583
19.814263275520517	0.00346736850452532	0.00004272503772399612
22.675825267662994	0.00346736850452532	0.000011873021433041847
25.950652033822625	0.00346736850452532	4.273989601313028e-6
29.698426982540767	0.00346736850452532	1.6262879408771681e-6
33.98745295832107	0.00346736850452532	5.185490319631629e-7
38.895897054520105	0.00346736850452532	1.7250031320146294e-7
44.51321520124173	0.00346736850452532	3.6656294780374083e-8
50.941782491215115	0.00346736850452532	8.669250153036379e-9
58.29875895619149	0.00346736850452532	1.5381366422801004e-9
66.71822479745835	0.00346736850452532	2.1711138122613875e-10
76.35362398484546	0.00346736850452532	1.6464302233234216e-11
87.38056075858388	0.00346736850452532	5.092258993679531e-13
100.00000000000031	0.00346736850452532	5.414700011607159e-15
111.55639876771902	0.00346736850452532	9.424511178625641e-17
138.21730389017998	0.00346736850452532	3.63418629434237e-22
171.24990861750976	0.00346736850452532	0
212.17698780180757	0.00346736850452532	0
262.885244821937	0.00346736850452532	0
325.7122869971341	0.00346736850452532	0
403.5543872869759	0.00346736850452532	0
499.9999999999984	0.00346736850452532	0
1000	0.00346736850452532	0
2000	0.00346736850452532	0
1.	0.003981071705534978	0.5920193287827046
1.9999999999999998	0.003981071705534978	0.41110418524895703
2.288838595949997	0.003981071705534978	0.3711023600815241
2.6193910591551774	0.003981071705534978	0.3283840244662311
2.9976816770403563	0.003981071705534978	0.2837909809861347
3.4306047603910415	0.003981071705534978	0.24434186329332847
3.926050291516404	0.003981071705534978	0.21835708637367235
4.493047718431742	0.003981071705534978	0.20412114108236645
5.141930515695824	0.003981071705534978	0.1822840525787515
5.884524511008838	0.003981071705534978	0.14140581341869113
6.734363409805407	0.003981071705534978	0.09299520267929717
7.706935445758021	0.003981071705534978	0.05078992732451185
8.819965652373028	0.003981071705534978	0.021698327632893668
10.093738900052346	0.003981071705534978	0.007219527247834333
11.551469585940843	0.003981071705534978	0.0024445711153734703
13.219724714121972	0.003981071705534978	0.0008113101042460445
15.128908076758211	0.003981071705534978	0.00031706849475612517
17.313814360331925	0.003981071705534978	0.0001347585894937062
19.814263275520517	0.003981071705534978	0.00005063546275499454
22.675825267662994	0.003981071705534978	0.000014113985107803809
25.950652033822625	0.003981071705534978	5.0338380450384195e-6
29.698426982540767	0.003981071705534978	1.915035221720051e-6
33.98745295832107	0.003981071705534978	6.109782505579144e-7
38.895897054520105	0.003981071705534978	2.0274133619027698e-7
44.51321520124173	0.003981071705534978	4.3199090799560063e-8
50.941782491215115	0.003981071705534978	1.0174128701011267e-8
58.29875895619149	0.003981071705534978	1.8121340456270575e-9
66.71822479745835	0.003981071705534978	2.5538720022109206e-10
76.35362398484546	0.003981071705534978	1.9400750921099512e-11
87.38056075858388	0.003981071705534978	6.003003015439331e-13
100.00000000000031	0.003981071705534978	6.425563600981513e-15
111.55639876771902	0.003981071705534978	1.1206374279371898e-16
138.21730389017998	0.003981071705534978	4.350064292543161e-22
171.24990861750976	0.003981071705534978	0
212.17698780180757	0.003981071705534978	0
262.885244821937	0.003981071705534978	0
325.7122869971341	0.003981071705534978	0
403.5543872869759	0.003981071705534978	0
499.9999999999984	0.003981071705534978	0
1000	0.003981071705534978	0
2000	0.003981071705534978	0
1.	0.0045708818961487565	0.7057193672316452
1.9999999999999998	0.0045708818961487565	0.4751672082882407
2.288838595949997	0.0045708818961487565	0.4283814124746939
2.6193910591551774	0.0045708818961487565	0.38002202821613784
2.9976816770403563	0.0045708818961487565	0.33006296881378105
3.4306047603910415	0.0045708818961487565	0.2834068147774483
3.926050291516404	0.0045708818961487565	0.25075809702547697
4.493047718431742	0.0045708818961487565	0.233100163662627
5.141930515695824	0.0045708818961487565	0.21028405876141493
5.884524511008838	0.0045708818961487565	0.1657467875421374
6.734363409805407	0.0045708818961487565	0.1105108864999795
7.706935445758021	0.0045708818961487565	0.06105766787667509
8.819965652373028	0.0045708818961487565	0.026539151750222863
10.093738900052346	0.0045708818961487565	0.008834208993176235
11.551469585940843	0.0045708818961487565	0.002960144331564293
13.219724714121972	0.0045708818961487565	0.0009849646895724628
15.128908076758211	0.0045708818961487565	0.00037540440048371956
17.313814360331925	0.0045708818961487565	0.0001598725097994908
19.814263275520517	0.0045708818961487565	0.00006005089894082921
22.675825267662994	0.0045708818961487565	0.000016737527386384817
25.950652033822625	0.0045708818961487565	5.905603062450718e-6
29.698426982540767	0.0045708818961487565	2.2456149075682982e-6
33.98745295832107	0.0045708818961487565	7.169202342451158e-7
38.895897054520105	0.0045708818961487565	2.3717366937715288e-7
44.51321520124173	0.0045708818961487565	5.0734875224388895e-8
50.941782491215115	0.0045708818961487565	1.1886248494103641e-8
58.29875895619149	0.0045708818961487565	2.1268574133073573e-9
66.71822479745835	0.0045708818961487565	2.991500141193384e-10
76.35362398484546	0.0045708818961487565	2.277105040737868e-11
87.38056075858388	0.0045708818961487565	7.049207720985634e-13
100.00000000000031	0.0045708818961487565	7.600609188817125e-15
111.55639876771902	0.0045708818961487565	1.3285543335506792e-16
138.21730389017998	0.0045708818961487565	5.19604950861476e-22
171.24990861750976	0.0045708818961487565	0
212.17698780180757	0.0045708818961487565	0
262.885244821937	0.0045708818961487565	0
325.7122869971341	0.0045708818961487565	0
403.5543872869759	0.0045708818961487565	0
499.9999999999984	0.0045708818961487565	0
1000	0.0045708818961487565	0
2000	0.0045708818961487565	0
1.	0.005248074602497733	0.8368728749913315
1.9999999999999998	0.005248074602497733	0.5495555054383421
2.288838595949997	0.005248074602497733	0.4944697141182404
2.6193910591551774	0.005248074602497733	0.44005524435136534
2.9976816770403563	0.005248074602497733	0.383473157224426
3.4306047603910415	0.005248074602497733	0.32929092771573065
3.926050291516404	0.005248074602497733	0.2886522514709557
4.493047718431742	0.005248074602497733	0.26617431408433845
5.141930515695824	0.005248074602497733	0.24231618201448962
5.884524511008838	0.005248074602497733	0.19458186690651016
6.734363409805407	0.005248074602497733	0.13189695005292512
7.706935445758021	0.005248074602497733	0.07402306515789699
8.819965652373028	0.005248074602497733	0.032581006601058504
10.093738900052346	0.005248074602497733	0.010885821325306707
11.551469585940843	0.005248074602497733	0.0035941769949381264
13.219724714121972	0.005248074602497733	0.0011922019370845009
15.128908076758211	0.005248074602497733	0.00044584157033680864
17.313814360331925	0.005248074602497733	0.00018954553226299066
19.814263275520517	0.005248074602497733	0.00007178161314528319
22.675825267662994	0.005248074602497733	0.000020250467901488125
25.950652033822625	0.005248074602497733	7.056427897616586e-6
29.698426982540767	0.005248074602497733	2.6809671692689165e-6
33.98745295832107	0.005248074602497733	8.565569257562482e-7
38.895897054520105	0.005248074602497733	2.8232471455436216e-7
44.51321520124173	0.005248074602497733	6.072322084510527e-8
50.941782491215115	0.005248074602497733	1.4133515631291719e-8
58.29875895619149	0.005248074602497733	2.542551261530075e-9
66.71822479745835	0.005248074602497733	3.5677131394951967e-10
76.35362398484546	0.005248074602497733	2.7220004279112533e-11
87.38056075858388	0.005248074602497733	8.431481050232449e-13
100.00000000000031	0.005248074602497733	9.163146739104086e-15
111.55639876771902	0.005248074602497733	1.6057421598490578e-16
138.21730389017998	0.005248074602497733	6.333808139827335e-22
171.24990861750976	0.005248074602497733	0
212.17698780180757	0.005248074602497733	0
262.885244821937	0.005248074602497733	0
325.7122869971341	0.005248074602497733	0
403.5543872869759	0.005248074602497733	0
499.9999999999984	0.005248074602497733	0
1000	0.005248074602497733	0
2000	0.005248074602497733	0
1.	0.006025595860743587	0.9846892130765316
1.9999999999999998	0.006025595860743587	0.634941545434019
2.288838595949997	0.006025595860743587	0.5698729148793601
2.6193910591551774	0.006025595860743587	0.5080974624791799
2.9976816770403563	0.006025595860743587	0.4454914279256842
3.4306047603910415	0.006025595860743587	0.38304323384347505
3.926050291516404	0.006025595860743587	0.33308674846759295
4.493047718431742	0.006025595860743587	0.30395391610351097
5.141930515695824	0.006025595860743587	0.27866477152257174
5.884524511008838	0.006025595860743587	0.2283084458502631
6.734363409805407	0.006025595860743587	0.1577366247063756
7.706935445758021	0.006025595860743587	0.08992883284547401
8.819965652373028	0.006025595860743587	0.04013645427200846
10.093738900052346	0.006025595860743587	0.01357274133442599
11.551469585940843	0.006025595860743587	0.004415616681180132
13.219724714121972	0.006025595860743587	0.0014622665370076456
15.128908076758211	0.006025595860743587	0.0005333103938370551
17.313814360331925	0.006025595860743587	0.00022478401473521726
19.814263275520517	0.006025595860743587	0.00008589276479596558
22.675825267662994	0.006025595860743587	0.00002412123395975938
25.950652033822625	0.006025595860743587	8.284783701423468e-6
29.698426982540767	0.006025595860743587	3.1435863606946156e-6
33.98745295832107	0.006025595860743587	1.0052617319637773e-6
38.895897054520105	0.006025595860743587	3.2986084332485794e-7
44.51321520124173	0.006025595860743587	7.14655340213153e-8
50.941782491215115	0.006025595860743587	1.6500848707113326e-8
58.29875895619149	0.006025595860743587	2.986394255387964e-9
66.71822479745835	0.006025595860743587	4.179240620668827e-10
76.35362398484546	0.006025595860743587	3.1970542126676064e-11
87.38056075858388	0.006025595860743587	9.910902166200752e-13
100.00000000000031	0.006025595860743587	1.0862068644775372e-14
111.55639876771902	0.006025595860743587	1.908921417501177e-16
138.21730389017998	0.006025595860743587	7.602798112158913e-22
171.24990861750976	0.006025595860743587	0
212.17698780180757	0.006025595860743587	0
262.885244821937	0.006025595860743587	0
325.7122869971341	0.006025595860743587	0
403.5543872869759	0.006025595860743587	0
499.9999999999984	0.006025595860743587	0
1000	0.006025595860743587	0
2000	0.006025595860743587	0
1.	0.006918309709189377	1.1458899474872326
1.9999999999999998	0.006918309709189377	0.7338059677939068
2.288838595949997	0.006918309709189377	0.6563233484824225
2.6193910591551774	0.006918309709189377	0.5851637827943692
2.9976816770403563	0.006918309709189377	0.516552704732945
3.4306047603910415	0.006918309709189377	0.44630639567298824
3.926050291516404	0.006918309709189377	0.3855549633321277
4.493047718431742	0.006918309709189377	0.3474801390320208
5.141930515695824	0.006918309709189377	0.32007795038990283
5.884524511008838	0.006918309709189377	0.26806656878321244
6.734363409805407	0.006918309709189377	0.1892687117212207
7.706935445758021	0.006918309709189377	0.10997336478490581
8.819965652373028	0.006918309709189377	0.049830231767831155
10.093738900052346	0.006918309709189377	0.01691879285506171
11.551469585940843	0.006918309709189377	0.005449768952578144
13.219724714121972	0.006918309709189377	0.0017697052533140294
15.128908076758211	0.006918309709189377	0.0006382535976369333
17.313814360331925	0.006918309709189377	0.0002681390394845501
19.814263275520517	0.006918309709189377	0.00010335141457409228
22.675825267662994	0.006918309709189377	0.000029029142146611616
25.950652033822625	0.006918309709189377	9.806253102886986e-6
29.698426982540767	0.006918309709189377	3.713855272087584e-6
33.98745295832107	0.006918309709189377	1.1889371915178966e-6
38.895897054520105	0.006918309709189377	3.8804449858657803e-7
44.51321520124173	0.006918309709189377	8.486275761845662e-8
50.941782491215115	0.006918309709189377	1.9406117728307392e-8
58.29875895619149	0.006918309709189377	3.5353441384691564e-9
66.71822479745835	0.006918309709189377	4.933212389055927e-10
76.35362398484546	0.006918309709189377	3.785408816319675e-11
87.38056075858388	0.006918309709189377	1.1748049487891094e-12
100.00000000000031	0.006918309709189377	1.2989307143859557e-14
111.55639876771902	0.006918309709189377	2.2902215053552116e-16
138.21730389017998	0.006918309709189377	9.222342887664643e-22
171.24990861750976	0.006918309709189377	0
212.17698780180757	0.006918309709189377	0
262.885244821937	0.006918309709189377	0
325.7122869971341	0.006918309709189377	0
403.5543872869759	0.006918309709189377	0
499.9999999999984	0.006918309709189377	0
1000	0.006918309709189377	0
2000	0.006918309709189377	0
1.	0.00794328234724283	1.313670331872687
1.9999999999999998	0.00794328234724283	0.8467682584653767
2.288838595949997	0.00794328234724283	0.7548426735283323
2.6193910591551774	0.00794328234724283	0.6728219864628139
2.9976816770403563	0.00794328234724283	0.5968468814584875
3.4306047603910415	0.00794328234724283	0.519659475732052
3.926050291516404	0.00794328234724283	0.4477261190317133
4.493047718431742	0.00794328234724283	0.3979093184995135
5.141930515695824	0.00794328234724283	0.3668850678683026
5.884524511008838	0.00794328234724283	0.31390564625558015
6.734363409805407	0.00794328234724283	0.22749176678273256
7.706935445758021	0.00794328234724283	0.13541949273445977
8.819965652373028	0.00794328234724283	0.0625415172270197
10.093738900052346	0.00794328234724283	0.02145352044736745
11.551469585940843	0.00794328234724283	0.006776809707841461
13.219724714121972	0.00794328234724283	0.0021912427266665424
15.128908076758211	0.00794328234724283	0.0007706296639239051
17.313814360331925	0.00794328234724283	0.0003209390232070192
19.814263275520517	0.00794328234724283	0.00012512792899465407
22.675825267662994	0.00794328234724283	0.00003532672198416583
25.950652033822625	0.00794328234724283	0.000011709172884965122
29.698426982540767	0.00794328234724283	4.422802793127324e-6
33.98745295832107	0.00794328234724283	1.4178664589576733e-6
38.895897054520105	0.00794328234724283	4.5982206451836274e-7
44.51321520124173	0.00794328234724283	1.0174096519028453e-7
50.941782491215115	0.00794328234724283	2.3003402340405505e-8
58.29875895619149	0.00794328234724283	4.219583267005941e-9
66.71822479745835	0.00794328234724283	5.871146635172436e-10
76.35362398484546	0.00794328234724283	4.520985391894427e-11
87.38056075858388	0.00794328234724283	1.4053971083000494e-12
100.00000000000031	0.00794328234724283	1.567866704263738e-14
111.55639876771902	0.00794328234724283	2.7747737028914745e-16
138.21730389017998	0.00794328234724283	1.1315008047668055e-21
171.24990861750976	0.00794328234724283	0
212.17698780180757	0.00794328234724283	0
262.885244821937	0.00794328234724283	0
325.7122869971341	0.00794328234724283	0
403.5543872869759	0.00794328234724283	0
499.9999999999984	0.00794328234724283	0
1000	0.00794328234724283	0
2000	0.00794328234724283	0
1.	0.009120108393559116	1.4800597728680447
1.9999999999999998	0.009120108393559116	0.9763538231076295
2.288838595949997	0.009120108393559116	0.8684903691902557
2.6193910591551774	0.009120108393559116	0.7726846246888976
2.9976816770403563	0.009120108393559116	0.6873255511198917
3.4306047603910415	0.009120108393559116	0.6033320874637571
3.926050291516404	0.009120108393559116	0.5202458685351059
4.493047718431742	0.009120108393559116	0.45709017334976265
5.141930515695824	0.009120108393559116	0.4193578916797613
5.884524511008838	0.009120108393559116	0.3665224286006491
6.734363409805407	0.009120108393559116	0.2724065666768994
7.706935445758021	0.009120108393559116	0.166298454718537
8.819965652373028	0.009120108393559116	0.0788648192432794
10.093738900052346	0.009120108393559116	0.027520184913757233
11.551469585940843	0.009120108393559116	0.008528313855167051
13.219724714121972	0.009120108393559116	0.002750945718448568
15.128908076758211	0.009120108393559116	0.000934206783552823
17.313814360331925	0.009120108393559116	0.00039502550167969287
19.814263275520517	0.009120108393559116	0.00015174453677273674
22.675825267662994	0.009120108393559116	0.00004280482787057687
25.950652033822625	0.009120108393559116	0.000013885508290324772
29.698426982540767	0.009120108393559116	5.22581402589014e-6
33.98745295832107	0.009120108393559116	1.6782940500027206e-6
38.895897054520105	0.009120108393559116	5.402218405881648e-7
44.51321520124173	0.009120108393559116	1.2122243256485502e-7
50.941782491215115	0.009120108393559116	2.7055603844957677e-8
58.29875895619149	0.009120108393559116	4.9967626906172e-9
66.71822479745835	0.009120108393559116	6.934614270757601e-10
76.35362398484546	0.009120108393559116	5.3615673747557804e-11
87.38056075858388	0.009120108393559116	1.6706597118238012e-12
100.00000000000031	0.009120108393559116	1.8803783415019217e-14
111.55639876771902	0.009120108393559116	3.342351687319398e-16
138.21730389017998	0.009120108393559116	1.3827794875628841e-21
171.24990861750976	0.009120108393559116	0
212.17698780180757	0.009120108393559116	0
262.885244821937	0.009120108393559116	0
325.7122869971341	0.009120108393559116	0
403.5543872869759	0.009120108393559116	0
499.9999999999984	0.009120108393559116	0
1000	0.009120108393559116	0
2000	0.009120108393559116	0
1.	0.010471285480509017	1.6290883985673803
1.9999999999999998	0.010471285480509017	1.1233884199943194
2.288838595949997	0.010471285480509017	0.999295197616688
2.6193910591551774	0.010471285480509017	0.8879834898913473
2.9976816770403563	0.010471285480509017	0.7911465305238983
3.4306047603910415	0.010471285480509017	0.6998050550647743
3.926050291516404	0.010471285480509017	0.6052770457755953
4.493047718431742	0.010471285480509017	0.5265135709302218
5.141930515695824	0.010471285480509017	0.478445329020308
5.884524511008838	0.010471285480509017	0.42655182712777034
6.734363409805407	0.010471285480509017	0.32711698437831105
7.706935445758021	0.010471285480509017	0.20512115408667042
8.819965652373028	0.010471285480509017	0.10058317495646449
10.093738900052346	0.010471285480509017	0.03576034614928253
11.551469585940843	0.010471285480509017	0.010828995445764603
13.219724714121972	0.010471285480509017	0.0034938415825733937
15.128908076758211	0.010471285480509017	0.0011427752717354347
17.313814360331925	0.010471285480509017	0.00046999455548139705
19.814263275520517	0.010471285480509017	0.00018462383797573201
22.675825267662994	0.010471285480509017	0.00005273282873460097
25.950652033822625	0.010471285480509017	0.000016697336342725467
29.698426982540767	0.010471285480509017	6.253152728735116e-6
33.98745295832107	0.010471285480509017	2.0128654758268825e-6
38.895897054520105	0.010471285480509017	6.423451795350365e-7
44.51321520124173	0.010471285480509017	1.4650826634174335e-7
50.941782491215115	0.010471285480509017	3.223521028817336e-8
58.29875895619149	0.010471285480509017	5.990916431412067e-9
66.71822479745835	0.010471285480509017	8.29800017171438e-10
76.35362398484546	0.010471285480509017	6.445501050456495e-11
87.38056075858388	0.010471285480509017	2.015224561633147e-12
100.00000000000031	0.010471285480509017	2.287562818603417e-14
111.55639876771902	0.010471285480509017	4.086852614445879e-16
138.21730389017998	0.010471285480509017	1.719138049853229e-21
171.24990861750976	0.010471285480509017	0
212.17698780180757	0.010471285480509017	0
262.885244821937	0.010471285480509017	0
325.7122869971341	0.010471285480509017	0
403.5543872869759	0.010471285480509017	0
499.9999999999984	0.010471285480509017	0
1000	0.010471285480509017	0
2000	0.010471285480509017	0
1.	0.012022644346174156	1.7401713541367687
1.9999999999999998	0.012022644346174156	1.2819741751927949
2.288838595949997	0.012022644346174156	1.1488147926069738
2.6193910591551774	0.012022644346174156	1.0213334639465474
2.9976816770403563	0.012022644346174156	0.9077109283272605
3.4306047603910415	0.012022644346174156	0.8067849742242433
3.926050291516404	0.012022644346174156	0.7042167289117668
4.493047718431742	0.012022644346174156	0.6085767674985817
5.141930515695824	0.012022644346174156	0.5453868795615704
5.884524511008838	0.012022644346174156	0.492546330684631
6.734363409805407	0.012022644346174156	0.3919334111773454
7.706935445758021	0.012022644346174156	0.2547801743186618
8.819965652373028	0.012022644346174156	0.1289854237287385
10.093738900052346	0.012022644346174156	0.04685360090711193
11.551469585940843	0.012022644346174156	0.013899695312815107
13.219724714121972	0.012022644346174156	0.004416863945575849
15.128908076758211	0.012022644346174156	0.001412415705464511
17.313814360331925	0.012022644346174156	0.0005750172124322999
19.814263275520517	0.012022644346174156	0.0002258973995788594
22.675825267662994	0.012022644346174156	0.0000659163542921727
25.950652033822625	0.012022644346174156	0.00002031881742910155
29.698426982540767	0.012022644346174156	7.559157221484397e-6
33.98745295832107	0.012022644346174156	2.4404414998844996e-6
38.895897054520105	0.012022644346174156	7.712266305130826e-7
44.51321520124173	0.012022644346174156	1.7913030531879444e-7
50.941782491215115	0.012022644346174156	3.8821638580747096e-8
58.29875895619149	0.012022644346174156	7.2530167033149114e-9
66.71822479745835	0.012022644346174156	1.0035929929563771e-9
76.35362398484546	0.012022644346174156	7.836639789635588e-11
87.38056075858388	0.012022644346174156	2.4616981807138035e-12
100.00000000000031	0.012022644346174156	2.816605736534058e-14
111.55639876771902	0.012022644346174156	5.062308913826344e-16
138.21730389017998	0.012022644346174156	2.1706519263609873e-21
171.24990861750976	0.012022644346174156	0
212.17698780180757	0.012022644346174156	0
262.885244821937	0.012022644346174156	0
325.7122869971341	0.012022644346174156	0
403.5543872869759	0.012022644346174156	0
499.9999999999984	0.012022644346174156	0
1000	0.012022644346174156	0
2000	0.012022644346174156	0
1.	0.01380384264602888	1.7945596292374977
1.9999999999999998	0.01380384264602888	1.4496732811855872
2.288838595949997	0.01380384264602888	1.3153142619046185
2.6193910591551774	0.01380384264602888	1.173243198993343
2.9976816770403563	0.01380384264602888	1.0410327462780098
3.4306047603910415	0.01380384264602888	0.9256647469428751
3.926050291516404	0.01380384264602888	0.8158005357678817
4.493047718431742	0.01380384264602888	0.7042777629829903
5.141930515695824	0.01380384264602888	0.62235481165594
5.884524511008838	0.01380384264602888	0.5674451504069451
6.734363409805407	0.01380384264602888	0.46792830950736264
7.706935445758021	0.01380384264602888	0.3163172835593139
8.819965652373028	0.01380384264602888	0.16643460628619405
10.093738900052346	0.01380384264602888	0.06212817291551667
11.551469585940843	0.01380384264602888	0.018228341225277736
13.219724714121972	0.01380384264602888	0.005735815631006579
15.128908076758211	0.01380384264602888	0.0017659159894478419
17.313814360331925	0.01380384264602888	0.000704248982286102
19.814263275520517	0.01380384264602888	0.0002769896061117034
22.675825267662994	0.01380384264602888	0.00008065301045081318
25.950652033822625	0.01380384264602888	0.000024142389650544293
29.698426982540767	0.01380384264602888	8.902199363982566e-6
33.98745295832107	0.01380384264602888	2.8846415672292097e-6
38.895897054520105	0.01380384264602888	9.01845126699049e-7
44.51321520124173	0.01380384264602888	2.1356220111897928e-7
50.941782491215115	0.01380384264602888	4.558689629651884e-8
58.29875895619149	0.01380384264602888	8.548846453582778e-9
66.71822479745835	0.01380384264602888	1.1831285763544795e-9
76.35362398484546	0.01380384264602888	9.293432441409664e-11
87.38056075858388	0.01380384264602888	2.9376307067094694e-12
100.00000000000031	0.01380384264602888	3.3858130197183965e-14
111.55639876771902	0.01380384264602888	6.12869115269866e-16
138.21730389017998	0.01380384264602888	2.6863033500633594e-21
171.24990861750976	0.01380384264602888	0
212.17698780180757	0.01380384264602888	0
262.885244821937	0.01380384264602888	0
325.7122869971341	0.01380384264602888	0
403.5543872869759	0.01380384264602888	0
499.9999999999984	0.01380384264602888	0
1000	0.01380384264602888	0
2000	0.01380384264602888	0
1.	0.015848931924611172	1.7767787577395668
1.9999999999999998	0.015848931924611172	1.6070216686289038
2.288838595949997	0.015848931924611172	1.4883727848700599
2.6193910591551774	0.015848931924611172	1.3444020408941837
2.9976816770403563	0.015848931924611172	1.194161898288733
3.4306047603910415	0.015848931924611172	1.0600609785045225
3.926050291516404	0.015848931924611172	0.9401528038532532
4.493047718431742	0.015848931924611172	0.8152562366570402
5.141930515695824	0.015848931924611172	0.7110613839319277
5.884524511008838	0.015848931924611172	0.6479447143382521
6.734363409805407	0.015848931924611172	0.5562157293015965
7.706935445758021	0.015848931924611172	0.3917800004995716
8.819965652373028	0.015848931924611172	0.2153885432788838
10.093738900052346	0.015848931924611172	0.08343892561744232
11.551469585940843	0.015848931924611172	0.024237454368230073
13.219724714121972	0.015848931924611172	0.007511144824835385
15.128908076758211	0.015848931924611172	0.0022413437350361273
17.313814360331925	0.015848931924611172	0.0008690259037442606
19.814263275520517	0.015848931924611172	0.00034081382722533373
22.675825267662994	0.015848931924611172	0.0001019482513622756
25.950652033822625	0.015848931924611172	0.000029570585456378902
29.698426982540767	0.015848931924611172	0.000010775372162704436
33.98745295832107	0.015848931924611172	3.5072164476127145e-6
38.895897054520105	0.015848931924611172	1.0839085542922802e-6
44.51321520124173	0.015848931924611172	2.6174387768788694e-7
50.941782491215115	0.015848931924611172	5.508195542231464e-8
58.29875895619149	0.015848931924611172	1.034896092338859e-8
66.71822479745835	0.015848931924611172	1.4344450320121447e-9
76.35362398484546	0.015848931924611172	1.1341396966189176e-10
87.38056075858388	0.015848931924611172	3.613772404568804e-12
100.00000000000031	0.015848931924611172	4.1940755666293635e-14
111.55639876771902	0.015848931924611172	7.655290721033418e-16
138.21730389017998	0.015848931924611172	3.440383331717616e-21
171.24990861750976	0.015848931924611172	0
212.17698780180757	0.015848931924611172	0
262.885244821937	0.015848931924611172	0
325.7122869971341	0.015848931924611172	0
403.5543872869759	0.015848931924611172	0
499.9999999999984	0.015848931924611172	0
1000	0.015848931924611172	0
2000	0.015848931924611172	0
1.	0.01819700858609988	1.685409473496279
1.9999999999999998	0.01819700858609988	1.72975019184965
2.288838595949997	0.01819700858609988	1.6507807762655387
2.6193910591551774	0.01819700858609988	1.525450116234121
2.9976816770403563	0.01819700858609988	1.371990012444582
3.4306047603910415	0.01819700858609988	1.2167692271914528
3.926050291516404	0.01819700858609988	1.0775504154703994
4.493047718431742	0.01819700858609988	0.9427989872768168
5.141930515695824	0.01819700858609988	0.8160743285747344
5.884524511008838	0.01819700858609988	0.7362968647846249
6.734363409805407	0.01819700858609988	0.6522587386491474
7.706935445758021	0.01819700858609988	0.48228414546958803
8.819965652373028	0.01819700858609988	0.27822106078911746
10.093738900052346	0.01819700858609988	0.11325799137522016
11.551469585940843	0.01819700858609988	0.033004416152269775
13.219724714121972	0.01819700858609988	0.009941379517152342
15.128908076758211	0.01819700858609988	0.0028891762458789065
17.313814360331925	0.01819700858609988	0.0010850670648327714
19.814263275520517	0.01819700858609988	0.0004194631057274003
22.675825267662994	0.01819700858609988	0.00012846354319666491
25.950652033822625	0.01819700858609988	0.00003605239677661538
29.698426982540767	0.01819700858609988	0.000012932762284487263
33.98745295832107	0.01819700858609988	4.231133082654008e-6
38.895897054520105	0.01819700858609988	1.2920686031229354e-6
44.51321520124173	0.01819700858609988	3.178791092364806e-7
50.941782491215115	0.01819700858609988	6.60779429665732e-8
58.29875895619149	0.01819700858609988	1.241541160340057e-8
66.71822479745835	0.01819700858609988	1.7256123771387732e-9
76.35362398484546	0.01819700858609988	1.3739848641361e-10
87.38056075858388	0.01819700858609988	4.420815729483555e-12
100.00000000000031	0.01819700858609988	5.1678578729094876e-14
111.55639876771902	0.01819700858609988	9.523760263116921e-16
138.21730389017998	0.01819700858609988	4.4018131955587115e-21
171.24990861750976	0.01819700858609988	0
212.17698780180757	0.01819700858609988	0
262.885244821937	0.01819700858609988	0
325.7122869971341	0.01819700858609988	0
403.5543872869759	0.01819700858609988	0
499.9999999999984	0.01819700858609988	0
1000	0.01819700858609988	0
2000	0.01819700858609988	0
1.	0.02089296130854045	1.5200923725786692
1.9999999999999998	0.02089296130854045	1.7899891354697615
2.288838595949997	0.02089296130854045	1.773988309540439
2.6193910591551774	0.02089296130854045	1.6968571699921084
2.9976816770403563	0.02089296130854045	1.5646965735844323
3.4306047603910415	0.02089296130854045	1.394125875330958
3.926050291516404	0.02089296130854045	1.2297577398772535
4.493047718431742	0.02089296130854045	1.0825385869044888
5.141930515695824	0.02089296130854045	0.9366391983469701
5.884524511008838	0.02089296130854045	0.8339051925953141
6.734363409805407	0.02089296130854045	0.7573119128521535
7.706935445758021	0.02089296130854045	0.5920341988440476
8.819965652373028	0.02089296130854045	0.3610187140901555
10.093738900052346	0.02089296130854045	0.1550084948602791
11.551469585940843	0.02089296130854045	0.04611208390366861
13.219724714121972	0.02089296130854045	0.013334727930807776
15.128908076758211	0.02089296130854045	0.003804457841628466
17.313814360331925	0.02089296130854045	0.0013637211727751401
19.814263275520517	0.02089296130854045	0.0005230508604329993
22.675825267662994	0.02089296130854045	0.0001638423204943995
25.950652033822625	0.02089296130854045	0.00004446938961622869
29.698426982540767	0.02089296130854045	0.00001562784490149152
33.98745295832107	0.02089296130854045	5.141642019521073e-6
38.895897054520105	0.02089296130854045	1.551310325755362e-6
44.51321520124173	0.02089296130854045	3.8806832362314405e-7
50.941782491215115	0.02089296130854045	7.990098650208983e-8
58.29875895619149	0.02089296130854045	1.4992776209423227e-8
66.71822479745835	0.02089296130854045	2.091362697790597e-9
76.35362398484546	0.02089296130854045	1.6774853594208112e-10
87.38056075858388	0.02089296130854045	5.458415614914622e-12
100.00000000000031	0.02089296130854045	6.435864298376653e-14
111.55639876771902	0.02089296130854045	1.1988374532258964e-15
138.21730389017998	0.02089296130854045	5.714735564450126e-21
171.24990861750976	0.02089296130854045	0
212.17698780180757	0.02089296130854045	0
262.885244821937	0.02089296130854045	0
325.7122869971341	0.02089296130854045	0
403.5543872869759	0.02089296130854045	0
499.9999999999984	0.02089296130854045	0
1000	0.02089296130854045	0
2000	0.02089296130854045	0
1.	0.023988329190194974	1.3071581643194778
1.9999999999999998	0.023988329190194974	1.7623489681586397
2.288838595949997	0.023988329190194974	1.8242492951694647
2.6193910591551774	0.023988329190194974	1.8302301079170809
2.9976816770403563	0.023988329190194974	1.7493804924921759
3.4306047603910415	0.023988329190194974	1.5897098825867144
3.926050291516404	0.023988329190194974	1.4078516041161466
4.493047718431742	0.023988329190194974	1.2426121112014332
5.141930515695824	0.023988329190194974	1.0794012102138333
5.884524511008838	0.023988329190194974	0.9441876448249953
6.734363409805407	0.023988329190194974	0.8666454258792691
7.706935445758021	0.023988329190194974	0.7211798565789341
8.819965652373028	0.023988329190194974	0.4677020717049827
10.093738900052346	0.023988329190194974	0.21478369191503527
11.551469585940843	0.023988329190194974	0.0655325549589139
13.219724714121972	0.023988329190194974	0.018115690216808356
15.128908076758211	0.023988329190194974	0.005102453193455163
17.313814360331925	0.023988329190194974	0.0017276378036092054
19.814263275520517	0.023988329190194974	0.0006582531781208634
22.675825267662994	0.023988329190194974	0.00020875154221629207
25.950652033822625	0.023988329190194974	0.00005485632824726719
29.698426982540767	0.023988329190194974	0.000018776066146449447
33.98745295832107	0.023988329190194974	6.212374826989259e-6
38.895897054520105	0.023988329190194974	1.8524181505198839e-6
44.51321520124173	0.023988329190194974	4.6992543622428214e-7
50.941782491215115	0.023988329190194974	9.611613552592777e-8
58.29875895619149	0.023988329190194974	1.8005145347966384e-8
66.71822479745835	0.023988329190194974	2.5213960280581632e-9
76.35362398484546	0.023988329190194974	2.0374797829013986e-10
87.38056075858388	0.023988329190194974	6.712466278646439e-12
100.00000000000031	0.023988329190194974	8.004823982627512e-14
111.55639876771902	0.023988329190194974	1.5081617314414886e-15
138.21730389017998	0.023988329190194974	7.433373319892625e-21
171.24990861750976	0.023988329190194974	0
212.17698780180757	0.023988329190194974	0
262.885244821937	0.023988329190194974	0
325.7122869971341	0.023988329190194974	0
403.5543872869759	0.023988329190194974	0
499.9999999999984	0.023988329190194974	0
1000	0.023988329190194974	0
2000	0.023988329190194974	0
1.	0.027542287033381744	1.0836608154302703
1.9999999999999998	0.027542287033381744	1.636720458355726
2.288838595949997	0.027542287033381744	1.7750695069137423
2.6193910591551774	0.027542287033381744	1.8709298899207494
2.9976816770403563	0.027542287033381744	1.884649132690433
3.4306047603910415	0.027542287033381744	1.7881575977921838
3.926050291516404	0.027542287033381744	1.6134991495406164
4.493047718431742	0.027542287033381744	1.418700141404216
5.141930515695824	0.027542287033381744	1.23817930585585
5.884524511008838	0.027542287033381744	1.0728090412199658
6.734363409805407	0.027542287033381744	0.9805901765213447
7.706935445758021	0.027542287033381744	0.8642880224748094
8.819965652373028	0.027542287033381744	0.5993875542800756
10.093738900052346	0.027542287033381744	0.296932308284621
11.551469585940843	0.027542287033381744	0.09487420868646569
13.219724714121972	0.027542287033381744	0.025259037707273457
15.128908076758211	0.027542287033381744	0.007010165287736295
17.313814360331925	0.027542287033381744	0.00220797037654538
19.814263275520517	0.027542287033381744	0.0008374644749954542
22.675825267662994	0.027542287033381744	0.0002709947710738414
25.950652033822625	0.027542287033381744	0.00006916704864940041
29.698426982540767	0.027542287033381744	0.00002290369036954532
33.98745295832107	0.027542287033381744	7.61643991642321e-6
38.895897054520105	0.027542287033381744	2.2456841764028456e-6
44.51321520124173	0.027542287033381744	5.761733468319407e-7
50.941782491215115	0.027542287033381744	1.1733251919458755e-7
58.29875895619149	0.027542287033381744	2.1963986393526362e-8
66.71822479745835	0.027542287033381744	3.0871334205483966e-9
76.35362398484546	0.027542287033381744	2.5128914482830877e-10
87.38056075858388	0.027542287033381744	8.38822408274851e-12
100.00000000000031	0.027542287033381744	1.0157816116081739e-13
111.55639876771902	0.027542287033381744	1.9355786875923508e-15
138.21730389017998	0.027542287033381744	9.886152225372983e-21
171.24990861750976	0.027542287033381744	0
212.17698780180757	0.027542287033381744	0
262.885244821937	0.027542287033381744	0
325.7122869971341	0.027542287033381744	0
403.5543872869759	0.027542287033381744	0
499.9999999999984	0.027542287033381744	0
1000	0.027542287033381744	0
2000	0.027542287033381744	0
1.	0.03162277660168389	0.8803241659706906
1.9999999999999998	0.03162277660168389	1.4266012048656245
2.288838595949997	0.03162277660168389	1.6092100634056818
2.6193910591551774	0.03162277660168389	1.790370825868044
2.9976816770403563	0.03162277660168389	1.9203498968578199
3.4306047603910415	0.03162277660168389	1.9465679508620863
3.926050291516404	0.03162277660168389	1.8278386641239521
4.493047718431742	0.03162277660168389	1.620089681164895
5.141930515695824	0.03162277660168389	1.4201288251155502
5.884524511008838	0.03162277660168389	1.2306984132348895
6.734363409805407	0.03162277660168389	1.1023289825353417
7.706935445758021	0.03162277660168389	1.011229583997494
8.819965652373028	0.03162277660168389	0.7583780759873187
10.093738900052346	0.03162277660168389	0.41055413811138664
11.551469585940843	0.03162277660168389	0.14035537663080794
13.219724714121972	0.03162277660168389	0.0361545968748079
15.128908076758211	0.03162277660168389	0.009839438018449196
17.313814360331925	0.03162277660168389	0.002871505886443035
19.814263275520517	0.03162277660168389	0.0010765349921733815
22.675825267662994	0.03162277660168389	0.000354067144380835
25.950652033822625	0.03162277660168389	0.00008827470767963221
29.698426982540767	0.03162277660168389	0.00002807539731677834
33.98745295832107	0.03162277660168389	9.370558453579682e-6
38.895897054520105	0.03162277660168389	2.7338607881631816e-6
44.51321520124173	0.03162277660168389	7.080171098700828e-7
50.941782491215115	0.03162277660168389	1.4364099124560883e-7
58.29875895619149	0.03162277660168389	2.692776665191302e-8
66.71822479745835	0.03162277660168389	3.7969051052931084e-9
76.35362398484546	0.03162277660168389	3.1128197592115055e-10
87.38056075858388	0.03162277660168389	1.0535381242435717e-11
100.00000000000031	0.03162277660168389	1.3012580852456417e-13
111.55639876771902	0.03162277660168389	2.5054873413202133e-15
138.21730389017998	0.03162277660168389	1.3293952982037783e-20
171.24990861750976	0.03162277660168389	0
212.17698780180757	0.03162277660168389	0
262.885244821937	0.03162277660168389	0
325.7122869971341	0.03162277660168389	0
403.5543872869759	0.03162277660168389	0
499.9999999999984	0.03162277660168389	0
1000	0.03162277660168389	0
2000	0.03162277660168389	0
1.	0.03630780547701025	0.7243968936264031
1.9999999999999998	0.03630780547701025	1.175139752682813
2.288838595949997	0.03630780547701025	1.364908800435502
2.6193910591551774	0.03630780547701025	1.5899103673018176
2.9976816770403563	0.03630780547701025	1.822140407944275
3.4306047603910415	0.03630780547701025	1.9894300234904938
3.926050291516404	0.03630780547701025	2.0043199913143908
4.493047718431742	0.03630780547701025	1.8587008053764005
5.141930515695824	0.03630780547701025	1.632590098496406
5.884524511008838	0.03630780547701025	1.419399265378087
6.734363409805407	0.03630780547701025	1.2399298517028912
7.706935445758021	0.03630780547701025	1.1508505511352707
8.819965652373028	0.03630780547701025	0.9486349926705859
10.093738900052346	0.03630780547701025	0.5621638088777605
11.551469585940843	0.03630780547701025	0.2103404490592454
13.219724714121972	0.03630780547701025	0.052986724312233446
15.128908076758211	0.03630780547701025	0.01404496872559227
17.313814360331925	0.03630780547701025	0.003822877531548578
19.814263275520517	0.03630780547701025	0.0014017860028813487
22.675825267662994	0.03630780547701025	0.00047126193893898873
25.950652033822625	0.03630780547701025	0.0001157318963370222
29.698426982540767	0.03630780547701025	0.00003509478804785369
33.98745295832107	0.03630780547701025	0.000011728647038510043
38.895897054520105	0.03630780547701025	3.389061344133793e-6
44.51321520124173	0.03630780547701025	8.851440248743001e-7
50.941782491215115	0.03630780547701025	1.7865848369612544e-7
58.29875895619149	0.03630780547701025	3.362286389457601e-8
66.71822479745835	0.03630780547701025	4.754669920039775e-9
76.35362398484546	0.03630780547701025	3.926843501365673e-10
87.38056075858388	0.03630780547701025	1.3491184778820403e-11
100.00000000000031	0.03630780547701025	1.7055379474075953e-13
111.55639876771902	0.03630780547701025	3.3134624910079275e-15
138.21730389017998	0.03630780547701025	1.8326279399938865e-20
171.24990861750976	0.03630780547701025	0
212.17698780180757	0.03630780547701025	0
262.885244821937	0.03630780547701025	0
325.7122869971341	0.03630780547701025	0
403.5543872869759	0.03630780547701025	0
499.9999999999984	0.03630780547701025	0
1000	0.03630780547701025	0
2000	0.03630780547701025	0
1.	0.04168693834703368	0.6199245863728421
1.9999999999999998	0.04168693834703368	0.932242743645848
2.288838595949997	0.04168693834703368	1.0927676574042504
2.6193910591551774	0.04168693834703368	1.3120589168431642
2.9976816770403563	0.04168693834703368	1.5863291172431082
3.4306047603910415	0.04168693834703368	1.8719901992819552
3.926050291516404	0.04168693834703368	2.0693192974173185
4.493047718431742	0.04168693834703368	2.0741905973184096
5.141930515695824	0.04168693834703368	1.874731381682954
5.884524511008838	0.04168693834703368	1.6335203281754047
6.734363409805407	0.04168693834703368	1.4010109281083145
7.706935445758021	0.04168693834703368	1.2824614767218931
8.819965652373028	0.04168693834703368	1.1478017398445124
10.093738900052346	0.04168693834703368	0.7560407304817008
11.551469585940843	0.04168693834703368	0.3170261437878249
13.219724714121972	0.04168693834703368	0.08088851032643828
15.128908076758211	0.04168693834703368	0.02044150362457438
17.313814360331925	0.04168693834703368	0.0052333341148319765
19.814263275520517	0.04168693834703368	0.001837803584000035
22.675825267662994	0.04168693834703368	0.0006237656397465469
25.950652033822625	0.04168693834703368	0.00015249357737083974
29.698426982540767	0.04168693834703368	0.00004378532007340281
33.98745295832107	0.04168693834703368	0.000014599247668869319
38.895897054520105	0.04168693834703368	4.184329778284288e-6
44.51321520124173	0.04168693834703368	1.1016873188072778e-6
50.941782491215115	0.04168693834703368	2.2067173880013827e-7
58.29875895619149	0.04168693834703368	4.1744208228072243e-8
66.71822479745835	0.04168693834703368	5.921001077924742e-9
76.35362398484546	0.04168693834703368	4.93165162447016e-10
87.38056075858388	0.04168693834703368	1.7237019611836947e-11
100.00000000000031	0.04168693834703368	2.2329884062824408e-13
111.55639876771902	0.04168693834703368	4.372633259173765e-15
138.21730389017998	0.04168693834703368	2.5338275189861876e-20
171.24990861750976	0.04168693834703368	0
212.17698780180757	0.04168693834703368	0
262.885244821937	0.04168693834703368	0
325.7122869971341	0.04168693834703368	0
403.5543872869759	0.04168693834703368	0
499.9999999999984	0.04168693834703368	0
1000	0.04168693834703368	0
2000	0.04168693834703368	0
1.	0.047863009232264	0.5533069388330449
1.9999999999999998	0.047863009232264	0.7298978115933841
2.288838595949997	0.047863009232264	0.841151213842413
2.6193910591551774	0.047863009232264	1.0139303392750707
2.9976816770403563	0.047863009232264	1.2659308809453647
3.4306047603910415	0.047863009232264	1.5987229694063627
3.926050291516404	0.047863009232264	1.955759709671483
4.493047718431742	0.047863009232264	2.173548982053116
5.141930515695824	0.047863009232264	2.124240058028445
5.884524511008838	0.047863009232264	1.8851489446028205
6.734363409805407	0.047863009232264	1.6174297005231062
7.706935445758021	0.047863009232264	1.4308911126165014
8.819965652373028	0.047863009232264	1.3433005561256586
10.093738900052346	0.047863009232264	0.9888856489184663
11.551469585940843	0.047863009232264	0.47554000016523545
13.219724714121972	0.047863009232264	0.128046840484246
15.128908076758211	0.047863009232264	0.030079736365086165
17.313814360331925	0.047863009232264	0.007426236010053802
19.814263275520517	0.047863009232264	0.0024358843471617747
22.675825267662994	0.047863009232264	0.0008427083183182602
25.950652033822625	0.047863009232264	0.00020749304288587988
29.698426982540767	0.047863009232264	0.000056079094777649755
33.98745295832107	0.047863009232264	0.00001855466334279828
38.895897054520105	0.047863009232264	5.287919387106684e-6
44.51321520124173	0.047863009232264	1.4016525026476979e-6
50.941782491215115	0.047863009232264	2.782497308178219e-7
58.29875895619149	0.047863009232264	5.283065684684604e-8
66.71822479745835	0.047863009232264	7.518487634762202e-9
76.35362398484546	0.047863009232264	6.330412562411194e-10
87.38056075858388	0.047863009232264	2.2580464182512682e-11
100.00000000000031	0.047863009232264	2.9933613435254445e-13
111.55639876771902	0.047863009232264	5.912247713883812e-15
138.21730389017998	0.047863009232264	3.613238087018188e-20
171.24990861750976	0.047863009232264	0
212.17698780180757	0.047863009232264	0
262.885244821937	0.047863009232264	0
325.7122869971341	0.047863009232264	0
403.5543872869759	0.047863009232264	0
499.9999999999984	0.047863009232264	0
1000	0.047863009232264	0
2000	0.047863009232264	0
1.	0.05495408738576265	0.506326083573703
1.9999999999999998	0.05495408738576265	0.5851872574239401
2.288838595949997	0.05495408738576265	0.6527020070400001
2.6193910591551774	0.05495408738576265	0.7325941158671556
2.9976816770403563	0.05495408738576265	0.9523926895115473
3.4306047603910415	0.05495408738576265	1.2445544945471272
3.926050291516404	0.05495408738576265	1.6467607646101758
4.493047718431742	0.05495408738576265	2.0648085112332746
5.141930515695824	0.05495408738576265	2.2963396033526378
5.884524511008838	0.05495408738576265	2.166018033798994
6.734363409805407	0.05495408738576265	1.8897285508466246
7.706935445758021	0.05495408738576265	1.614550961858473
8.819965652373028	0.05495408738576265	1.50766012514765
10.093738900052346	0.05495408738576265	1.2559646375009352
11.551469585940843	0.05495408738576265	0.698078243859685
13.219724714121972	0.05495408738576265	0.2115047029211042
15.128908076758211	0.05495408738576265	0.04552324495678629
17.313814360331925	0.05495408738576265	0.011013249003984716
19.814263275520517	0.05495408738576265	0.0032447826577979696
22.675825267662994	0.05495408738576265	0.0011389008788791851
25.950652033822625	0.05495408738576265	0.00028550436917962037
29.698426982540767	0.05495408738576265	0.00007236260604947396
33.98745295832107	0.05495408738576265	0.00002356826008060302
38.895897054520105	0.05495408738576265	6.702715446874208e-6
44.51321520124173	0.05495408738576265	1.7819253885829618e-6
50.941782491215115	0.05495408738576265	3.5162226603744604e-7
58.29875895619149	0.05495408738576265	6.667666457880303e-8
66.71822479745835	0.05495408738576265	9.518494533526264e-9
76.35362398484546	0.05495408738576265	8.130764268273968e-10
87.38056075858388	0.05495408738576265	2.969035373038237e-11
100.00000000000031	0.05495408738576265	4.017798710635519e-13
111.55639876771902	0.05495408738576265	8.032361134553109e-15
138.21730389017998	0.05495408738576265	5.2099315651376184e-20
171.24990861750976	0.05495408738576265	0
212.17698780180757	0.05495408738576265	0
262.885244821937	0.05495408738576265	0
325.7122869971341	0.05495408738576265	0
403.5543872869759	0.05495408738576265	0
499.9999999999984	0.05495408738576265	0
1000	0.05495408738576265	0
2000	0.05495408738576265	0
1.	0.06309573444801955	0.44586970176422275
1.9999999999999998	0.06309573444801955	0.48463471569024524
2.288838595949997	0.06309573444801955	0.519509498721172
2.6193910591551774	0.06309573444801955	0.582699877734054
2.9976816770403563	0.06309573444801955	0.6966481749339375
3.4306047603910415	0.06309573444801955	0.9028553536459003
3.926050291516404	0.06309573444801955	1.2467988473464107
4.493047718431742	0.06309573444801955	1.6830067804074362
5.141930515695824	0.06309573444801955	2.2288688353775865
5.884524511008838	0.06309573444801955	2.4124987868016263
6.734363409805407	0.06309573444801955	2.1814699173888856
7.706935445758021	0.06309573444801955	1.848842644545924
8.819965652373028	0.06309573444801955	1.6605613581184586
10.093738900052346	0.06309573444801955	1.5218366677895212
11.551469585940843	0.06309573444801955	0.9933462705258845
13.219724714121972	0.06309573444801955	0.3522931766828389
15.128908076758211	0.06309573444801955	0.07209058108046809
17.313814360331925	0.06309573444801955	0.01699646432189556
19.814263275520517	0.06309573444801955	0.004424521236332789
22.675825267662994	0.06309573444801955	0.001527836551101956
25.950652033822625	0.06309573444801955	0.00039317886421173353
29.698426982540767	0.06309573444801955	0.0000935020139791565
33.98745295832107	0.06309573444801955	0.00002963554105862749
38.895897054520105	0.06309573444801955	8.442791292712728e-6
44.51321520124173	0.06309573444801955	2.237608868068982e-6
50.941782491215115	0.06309573444801955	4.427921929375711e-7
58.29875895619149	0.06309573444801955	8.320510882058972e-8
66.71822479745835	0.06309573444801955	1.1903209938601004e-8
76.35362398484546	0.06309573444801955	1.0355592147364828e-9
87.38056075858388	0.06309573444801955	3.878082914124149e-11
100.00000000000031	0.06309573444801955	5.35352430822124e-13
111.55639876771902	0.06309573444801955	1.0897089333284763e-14
138.21730389017998	0.06309573444801955	7.523615433551357e-20
171.24990861750976	0.06309573444801955	0
212.17698780180757	0.06309573444801955	0
262.885244821937	0.06309573444801955	0
325.7122869971341	0.06309573444801955	0
403.5543872869759	0.06309573444801955	0
499.9999999999984	0.06309573444801955	0
1000	0.06309573444801955	0
2000	0.06309573444801955	0
1.	0.07244359600749928	0.3649400345653123
1.9999999999999998	0.07244359600749928	0.4074840329512963
2.288838595949997	0.07244359600749928	0.42948493150300565
2.6193910591551774	0.07244359600749928	0.4629472314822525
2.9976816770403563	0.07244359600749928	0.5273565271380743
3.4306047603910415	0.07244359600749928	0.644771304601106
3.926050291516404	0.07244359600749928	0.8731543716646999
4.493047718431742	0.07244359600749928	1.2856485098579606
5.141930515695824	0.07244359600749928	1.878230523257797
5.884524511008838	0.07244359600749928	2.416060314043526
6.734363409805407	0.07244359600749928	2.4755087114603462
7.706935445758021	0.07244359600749928	2.143801427300691
8.819965652373028	0.07244359600749928	1.8295311554083067
10.093738900052346	0.07244359600749928	1.7309892354371008
11.551469585940843	0.07244359600749928	1.3309482022548418
13.219724714121972	0.07244359600749928	0.5704331047864553
15.128908076758211	0.07244359600749928	0.12222262624342875
17.313814360331925	0.07244359600749928	0.026907576915760695
19.814263275520517	0.07244359600749928	0.006212983180888348
22.675825267662994	0.07244359600749928	0.002105173483570417
25.950652033822625	0.07244359600749928	0.0005592344191198064
29.698426982540767	0.07244359600749928	0.00012567555681498082
33.98745295832107	0.07244359600749928	0.00003818502331672808
38.895897054520105	0.07244359600749928	0.00001092121476877115
44.51321520124173	0.07244359600749928	2.869146240509964e-6
50.941782491215115	0.07244359600749928	5.766543010040273e-7
58.29875895619149	0.07244359600749928	1.0645241163057427e-7
66.71822479745835	0.07244359600749928	1.525134317677911e-8
76.35362398484546	0.07244359600749928	1.3548167525167792e-9
87.38056075858388	0.07244359600749928	5.205297274839207e-11
100.00000000000031	0.07244359600749928	7.349372289332612e-13
111.55639876771902	0.07244359600749928	1.531718533331796e-14
138.21730389017998	0.07244359600749928	1.1235208378801216e-19
171.24990861750976	0.07244359600749928	0
212.17698780180757	0.07244359600749928	0
262.885244821937	0.07244359600749928	0
325.7122869971341	0.07244359600749928	0
403.5543872869759	0.07244359600749928	0
499.9999999999984	0.07244359600749928	0
1000	0.07244359600749928	0
2000	0.07244359600749928	0
1.	0.08317637711026743	0.27554419065393304
1.9999999999999998	0.08317637711026743	0.33517115422119403
2.288838595949997	0.08317637711026743	0.3549480628283606
2.6193910591551774	0.08317637711026743	0.3812802757266936
2.9976816770403563	0.08317637711026743	0.41755248447537396
3.4306047603910415	0.08317637711026743	0.48216661694408275
3.926050291516404	0.08317637711026743	0.6143606858790087
4.493047718431742	0.08317637711026743	0.8748958276309396
5.141930515695824	0.08317637711026743	1.3692415817824495
5.884524511008838	0.08317637711026743	2.083853451121541
6.734363409805407	0.08317637711026743	2.600539297560127
7.706935445758021	0.08317637711026743	2.476239873062838
8.819965652373028	0.08317637711026743	2.102220879402741
10.093738900052346	0.08317637711026743	1.8678845356022276
11.551469585940843	0.08317637711026743	1.6740533123429575
13.219724714121972	0.08317637711026743	0.9127332865401966
15.128908076758211	0.08317637711026743	0.2187591456258196
17.313814360331925	0.08317637711026743	0.04333186875934308
19.814263275520517	0.08317637711026743	0.00916696548569445
22.675825267662994	0.08317637711026743	0.0029238031305192343
25.950652033822625	0.08317637711026743	0.000805878232703466
29.698426982540767	0.08317637711026743	0.00017366046771280684
33.98745295832107	0.08317637711026743	0.00004970545437970196
38.895897054520105	0.08317637711026743	0.000014254431629135673
44.51321520124173	0.08317637711026743	3.703784055436834e-6
50.941782491215115	0.08317637711026743	7.644909805900703e-7
58.29875895619149	0.08317637711026743	1.3772185142908707e-7
66.71822479745835	0.08317637711026743	1.9788825315385945e-8
76.35362398484546	0.08317637711026743	1.794982508436779e-9
87.38056075858388	0.08317637711026743	7.079301822488746e-11
100.00000000000031	0.08317637711026743	1.0267924294163366e-12
111.55639876771902	0.08317637711026743	2.1956252580407287e-14
138.21730389017998	0.08317637711026743	1.7053939978727507e-19
171.24990861750976	0.08317637711026743	0
212.17698780180757	0.08317637711026743	0
262.885244821937	0.08317637711026743	0
325.7122869971341	0.08317637711026743	0
403.5543872869759	0.08317637711026743	0
499.9999999999984	0.08317637711026743	0
1000	0.08317637711026743	0
2000	0.08317637711026743	0
1.	0.09549925860214398	0.1943212728625615
1.9999999999999998	0.09549925860214398	0.2592862549299519
2.288838595949997	0.09549925860214398	0.2812101411448318
2.6193910591551774	0.09549925860214398	0.3086103333718547
2.9976816770403563	0.09549925860214398	0.3404844290450691
3.4306047603910415	0.09549925860214398	0.3844060095650577
3.926050291516404	0.09549925860214398	0.45529760630325233
4.493047718431742	0.09549925860214398	0.5952263764642187
5.141930515695824	0.09549925860214398	0.9034889843379659
5.884524511008838	0.09549925860214398	1.5078163472239035
6.734363409805407	0.09549925860214398	2.3390122373457642
7.706935445758021	0.09549925860214398	2.7265673442392933
8.819965652373028	0.09549925860214398	2.3963403018440306
10.093738900052346	0.09549925860214398	1.9897684121708976
11.551469585940843	0.09549925860214398	1.945610009034495
13.219724714121972	0.09549925860214398	1.3247866769323389
15.128908076758211	0.09549925860214398	0.40250915817730215
17.313814360331925	0.09549925860214398	0.0712552800881828
19.814263275520517	0.09549925860214398	0.014473316140267244
22.675825267662994	0.09549925860214398	0.004081214355304944
25.950652033822625	0.09549925860214398	0.001175240990891226
29.698426982540767	0.09549925860214398	0.00024779481378136984
33.98745295832107	0.09549925860214398	0.00006560949939331777
38.895897054520105	0.09549925860214398	0.00001877703787574791
44.51321520124173	0.09549925860214398	4.827723287689369e-6
50.941782491215115	0.09549925860214398	1.0281028448920192e-6
58.29875895619149	0.09549925860214398	1.8049874461679367e-7
66.71822479745835	0.09549925860214398	2.6083745502648117e-8
76.35362398484546	0.09549925860214398	2.411322829225576e-9
87.38056075858388	0.09549925860214398	9.776785979516429e-11
100.00000000000031	0.09549925860214398	1.4626474868354363e-12
111.55639876771902	0.09549925860214398	3.2022188110195963e-14
138.21730389017998	0.09549925860214398	2.6425743129855723e-19
171.24990861750976	0.09549925860214398	0
212.17698780180757	0.09549925860214398	0
262.885244821937	0.09549925860214398	0
325.7122869971341	0.09549925860214398	0
403.5543872869759	0.09549925860214398	0
499.9999999999984	0.09549925860214398	0
1000	0.09549925860214398	0
2000	0.09549925860214398	0
1.	0.10964781961431896	0.13703773032952513
1.9999999999999998	0.10964781961431896	0.1853449427069644
2.288838595949997	0.10964781961431896	0.20756983083382116
2.6193910591551774	0.10964781961431896	0.23500103608246148
2.9976816770403563	0.10964781961431896	0.26986305510641
3.4306047603910415	0.10964781961431896	0.30980542385488
3.926050291516404	0.10964781961431896	0.3590072660573728
4.493047718431742	0.10964781961431896	0.43372775833668237
5.141930515695824	0.10964781961431896	0.5854883106357566
5.884524511008838	0.10964781961431896	0.9545980485970152
6.734363409805407	0.10964781961431896	1.7073012300139565
7.706935445758021	0.10964781961431896	2.6131972033659907
8.819965652373028	0.10964781961431896	2.7134955646773946
10.093738900052346	0.10964781961431896	2.1929135170787104
11.551469585940843	0.10964781961431896	2.047031750642215
13.219724714121972	0.10964781961431896	1.7370516002354104
15.128908076758211	0.10964781961431896	0.7216997280464439
17.313814360331925	0.10964781961431896	0.12590171946489712
19.814263275520517	0.10964781961431896	0.024245568457493438
22.675825267662994	0.10964781961431896	0.005815155162463987
25.950652033822625	0.10964781961431896	0.0017562821353522909
29.698426982540767	0.10964781961431896	0.00037042112167956433
33.98745295832107	0.10964781961431896	0.00008924259773069896
38.895897054520105	0.10964781961431896	0.000025321568235949956
44.51321520124173	0.10964781961431896	6.425856439721339e-6
50.941782491215115	0.10964781961431896	1.4097628676286843e-6
58.29875895619149	0.10964781961431896	2.427482032936421e-7
66.71822479745835	0.10964781961431896	3.5271292815482934e-8
76.35362398484546	0.10964781961431896	3.318718935653346e-9
87.38056075858388	0.10964781961431896	1.383106277312365e-10
100.00000000000031	0.10964781961431896	2.1473985419499876e-12
111.55639876771902	0.10964781961431896	4.7982239934350694e-14
138.21730389017998	0.10964781961431896	4.2651515122861205e-19
171.24990861750976	0.10964781961431896	0
212.17698780180757	0.10964781961431896	0
262.885244821937	0.10964781961431896	0
325.7122869971341	0.10964781961431896	0
403.5543872869759	0.10964781961431896	0
499.9999999999984	0.10964781961431896	0
1000	0.10964781961431896	0
2000	0.10964781961431896	0