1	0.001	0.164414
2	0.001	0.101282
2.28884	0.001	0.0901584
2.61939	0.001	0.0818071
2.99768	0.001	0.0760334
3.4306	0.001	0.0710599
3.92605	0.001	0.0642478
4.49305	0.001	0.0538939
5.14193	0.001	0.0408442
5.88452	0.001	0.027584
6.73436	0.001	0.0162553
7.70694	0.001	0.00809047
8.81997	0.001	0.00332886
10.0937	0.001	0.00115345
11.5515	0.001	0.000371769
13.2197	0.001	0.000139048
15.1289	0.001	0.0000665121
17.3138	0.001	0.0000276646
19.8143	0.001	8.95951e-6
22.6758	0.001	2.58387e-6
25.9507	0.001	7.69394e-7
29.6984	0.001	2.83243e-7
33.9875	0.001	9.61101e-8
1	0.00114815	0.190485
2	0.00114815	0.117243
2.28884	0.00114815	0.104096
2.61939	0.00114815	0.0940972
2.99768	0.00114815	0.0872003
3.4306	0.00114815	0.0814586
3.92605	0.00114815	0.0737919
4.49305	0.00114815	0.062106
5.14193	0.00114815	0.0472409
5.88452	0.00114815	0.0319874
6.73436	0.00114815	0.0189037
7.70694	0.00114815	0.00943212
8.81997	0.00114815	0.00389097
10.0937	0.00114815	0.00134676
11.5515	0.00114815	0.000434725
13.2197	0.00114815	0.000160609
15.1289	0.00114815	0.0000768307
17.3138	0.00114815	0.0000320634
19.8143	0.00114815	0.0000103153
22.6758	0.00114815	2.99749e-6
25.9507	0.00114815	8.89325e-7
29.6984	0.00114815	3.27585e-7
33.9875	0.00114815	1.10955e-7
1	0.00131826	0.220737
2	0.00131826	0.135873
2.28884	0.00131826	0.120274
2.61939	0.00131826	0.108288
2.99768	0.00131826	0.100012
3.4306	0.00131826	0.0933626
3.92605	0.00131826	0.0847412
4.49305	0.00131826	0.0716144
5.14193	0.00131826	0.0546987
5.88452	0.00131826	0.0371528
6.73436	0.00131826	0.022037
7.70694	0.00131826	0.0110126
8.81997	0.00131826	0.00455729
10.0937	0.00131826	0.00158034
11.5515	0.00131826	0.000508163
13.2197	0.00131826	0.000185717
15.1289	0.00131826	0.0000887847
17.3138	0.00131826	0.0000371098
19.8143	0.00131826	0.000011938
22.6758	0.00131826	3.46648e-6
25.9507	0.00131826	1.02879e-6
29.6984	0.00131826	3.79007e-7
33.9875	0.00131826	1.28829e-7
1	0.00151356	0.25579
2	0.00151356	0.157649
2.28884	0.00151356	0.139127
2.61939	0.00151356	0.124707
2.99768	0.00151356	0.114706
3.4306	0.00151356	0.106956
3.92605	0.00151356	0.0973452
4.49305	0.00151356	0.0826038
5.14193	0.00151356	0.0633774
5.88452	0.00151356	0.0432427
6.73436	0.00151356	0.0257328
7.70694	0.00151356	0.0129199
8.81997	0.00151356	0.00535089
10.0937	0.00151356	0.00185611
11.5515	0.00151356	0.000594066
13.2197	0.00151356	0.000216764
15.1289	0.00151356	0.000102919
17.3138	0.00151356	0.0000431227
19.8143	0.00151356	0.0000139064
22.6758	0.00151356	4.04165e-6
25.9507	0.00151356	1.19157e-6
29.6984	0.00151356	4.39602e-7
33.9875	0.00151356	1.49288e-7
1	0.0017378	0.296327
2	0.0017378	0.183134
2.28884	0.0017378	0.161116
2.61939	0.0017378	0.143741
2.99768	0.0017378	0.131602
3.4306	0.0017378	0.122534
3.92605	0.0017378	0.111772
4.49305	0.0017378	0.0952825
5.14193	0.0017378	0.0735099
5.88452	0.0017378	0.0503588
6.73436	0.0017378	0.0300852
7.70694	0.0017378	0.015191
8.81997	0.0017378	0.00630072
10.0937	0.0017378	0.00218813
11.5515	0.0017378	0.000699761
13.2197	0.0017378	0.00025211
15.1289	0.0017378	0.000119379
17.3138	0.0017378	0.0000500116
19.8143	0.0017378	0.0000161873
22.6758	0.0017378	4.71437e-6
25.9507	0.0017378	1.38214e-6
29.6984	0.0017378	5.10064e-7
33.9875	0.0017378	1.7362e-7
1	0.00199526	0.343054
2	0.00199526	0.213039
2.28884	0.00199526	0.186828
2.61939	0.00199526	0.165797
2.99768	0.00199526	0.151071
3.4306	0.00199526	0.140335
3.92605	0.00199526	0.128318
4.49305	0.00199526	0.110007
5.14193	0.00199526	0.0853422
5.88452	0.00199526	0.0588199
6.73436	0.00199526	0.0352862
7.70694	0.00199526	0.0178813
8.81997	0.00199526	0.00745867
10.0937	0.00199526	0.00259185
11.5515	0.00199526	0.000826092
13.2197	0.00199526	0.000294806
15.1289	0.00199526	0.000138551
17.3138	0.00199526	0.0000582074
19.8143	0.00199526	0.0000188885
22.6758	0.00199526	5.50168e-6
25.9507	0.00199526	1.60485e-6
29.6984	0.00199526	5.9279e-7
33.9875	0.00199526	2.01371e-7
1	0.00229087	0.396761
2	0.00229087	0.248057
2.28884	0.00229087	0.216995
2.61939	0.00229087	0.191471
2.99768	0.00229087	0.173459
3.4306	0.00229087	0.160708
3.92605	0.00229087	0.147264
4.49305	0.00229087	0.126994
5.14193	0.00229087	0.0991866
5.88452	0.00229087	0.0687648
6.73436	0.00229087	0.0415123
7.70694	0.00229087	0.0211148
8.81997	0.00229087	0.00887062
10.0937	0.00229087	0.00307337
11.5515	0.00229087	0.000976959
13.2197	0.00229087	0.000348201
15.1289	0.00229087	0.000161001
17.3138	0.00229087	0.0000676839
19.8143	0.00229087	0.0000220536
22.6758	0.00229087	6.42626e-6
25.9507	0.00229087	1.86657e-6
29.6984	0.00229087	6.898e-7
33.9875	0.00229087	2.34024e-7
1	0.00263027	0.457992
2	0.00263027	0.289109
2.28884	0.00263027	0.252317
2.61939	0.00263027	0.221468
2.99768	0.00263027	0.199278
3.4306	0.00263027	0.183993
3.92605	0.00263027	0.168916
4.49305	0.00263027	0.146683
5.14193	0.00263027	0.1155
5.88452	0.00263027	0.0806826
6.73436	0.00263027	0.0490201
7.70694	0.00263027	0.0250362
8.81997	0.00263027	0.0105626
10.0937	0.00263027	0.00366743
11.5515	0.00263027	0.00115866
13.2197	0.00263027	0.000406928
15.1289	0.00263027	0.000187465
17.3138	0.00263027	0.0000793082
19.8143	0.00263027	0.0000258613
22.6758	0.00263027	7.54502e-6
25.9507	0.00263027	2.17542e-6
29.6984	0.00263027	8.04572e-7
33.9875	0.00263027	2.73984e-7
1	0.00301995	0.52743
2	0.00301995	0.33724
2.28884	0.00301995	0.293854
2.61939	0.00301995	0.256605
2.99768	0.00301995	0.229314
3.4306	0.00301995	0.210622
3.92605	0.00301995	0.193715
4.49305	0.00301995	0.169468
5.14193	0.00301995	0.134549
5.88452	0.00301995	0.0947196
6.73436	0.00301995	0.0579437
7.70694	0.00301995	0.0298268
8.81997	0.00301995	0.0126434
10.0937	0.00301995	0.00440044
11.5515	0.00301995	0.00138675
13.2197	0.00301995	0.000478818
15.1289	0.00301995	0.000218666
17.3138	0.00301995	0.0000923368
19.8143	0.00301995	0.0000304288
22.6758	0.00301995	8.80144e-6
25.9507	0.00301995	2.54097e-6
29.6984	0.00301995	9.40474e-7
33.9875	0.00301995	3.18507e-7
1	0.00346737	0.604868
2	0.00346737	0.393619
2.28884	0.00346737	0.342791
2.61939	0.00346737	0.298092
2.99768	0.00346737	0.263978
3.4306	0.00346737	0.241151
3.92605	0.00346737	0.22199
4.49305	0.00346737	0.19559
5.14193	0.00346737	0.156882
5.88452	0.00346737	0.111425
6.73436	0.00346737	0.0687549
7.70694	0.00346737	0.0356862
8.81997	0.00346737	0.0151949
10.0937	0.00346737	0.00530524
11.5515	0.00346737	0.00167124
13.2197	0.00346737	0.000563825
15.1289	0.00346737	0.000255334
17.3138	0.00346737	0.000108695
19.8143	0.00346737	0.0000357955
22.6758	0.00346737	0.0000103731
25.9507	0.00346737	2.97565e-6
29.6984	0.00346737	1.10097e-6
33.9875	0.00346737	3.70413e-7
1	0.00398107	0.690295
2	0.00398107	0.459326
2.28884	0.00398107	0.400278
2.61939	0.00398107	0.346713
2.99768	0.00398107	0.304475
3.4306	0.00398107	0.276269
3.92605	0.00398107	0.254128
4.49305	0.00398107	0.225689
5.14193	0.00398107	0.183084
5.88452	0.00398107	0.131392
6.73436	0.00398107	0.0817705
7.70694	0.00398107	0.0428668
8.81997	0.00398107	0.0183052
10.0937	0.00398107	0.00643944
11.5515	0.00398107	0.00201358
13.2197	0.00398107	0.000668925
15.1289	0.00398107	0.000298962
17.3138	0.00398107	0.00012782
19.8143	0.00398107	0.0000422972
22.6758	0.00398107	0.0000123051
25.9507	0.00398107	3.49491e-6
29.6984	0.00398107	1.30172e-6
33.9875	0.00398107	4.3437e-7
1	0.00457088	0.782675
2	0.00457088	0.535788
2.28884	0.00457088	0.467749
2.61939	0.00457088	0.404187
2.99768	0.00457088	0.352067
3.4306	0.00457088	0.316645
3.92605	0.00457088	0.290823
4.49305	0.00457088	0.260226
5.14193	0.00457088	0.213819
5.88452	0.00457088	0.155247
6.73436	0.00457088	0.0978286
7.70694	0.00457088	0.0516785
8.81997	0.00457088	0.022357
10.0937	0.00457088	0.00786079
11.5515	0.00457088	0.0024591
13.2197	0.00457088	0.000800618
15.1289	0.00457088	0.000351238
17.3138	0.00457088	0.000150905
19.8143	0.00457088	0.0000501993
22.6758	0.00457088	0.0000145926
25.9507	0.00457088	4.11854e-6
29.6984	0.00457088	1.52129e-6
33.9875	0.00457088	5.08047e-7
1	0.00524807	0.880437
2	0.00524807	0.623139
2.28884	0.00524807	0.546578
2.61939	0.00524807	0.471986
2.99768	0.00524807	0.408045
3.4306	0.00524807	0.363304
3.92605	0.00524807	0.332468
4.49305	0.00524807	0.299633
5.14193	0.00524807	0.249471
5.88452	0.00524807	0.183624
6.73436	0.00524807	0.117153
7.70694	0.00524807	0.0627289
8.81997	0.00524807	0.0275759
10.0937	0.00524807	0.00967543
11.5515	0.00524807	0.003014
13.2197	0.00524807	0.000955552
15.1289	0.00524807	0.000413753
17.3138	0.00524807	0.000178903
19.8143	0.00524807	0.0000599009
22.6758	0.00524807	0.0000172063
25.9507	0.00524807	4.87354e-6
29.6984	0.00524807	1.79352e-6
33.9875	0.00524807	5.98259e-7
1	0.0060256	0.980431
2	0.0060256	0.722166
2.28884	0.0060256	0.638104
2.61939	0.0060256	0.552124
2.99768	0.0060256	0.474607
3.4306	0.0060256	0.418561
3.92605	0.0060256	0.380262
4.49305	0.0060256	0.34448
5.14193	0.0060256	0.291256
5.88452	0.0060256	0.217925
6.73436	0.0060256	0.140999
7.70694	0.0060256	0.0765409
8.81997	0.0060256	0.0337593
10.0937	0.0060256	0.0119871
11.5515	0.0060256	0.00373043
13.2197	0.0060256	0.00116434
15.1289	0.0060256	0.000490151
17.3138	0.0060256	0.000211636
19.8143	0.0060256	0.0000714419
22.6758	0.0060256	0.0000211131
25.9507	0.0060256	5.79455e-6
29.6984	0.0060256	2.12536e-6
33.9875	0.0060256	7.02689e-7
1	0.00691831	1.07841
2	0.00691831	0.832693
2.28884	0.00691831	0.743055
2.61939	0.00691831	0.646339
2.99768	0.00691831	0.555307
3.4306	0.00691831	0.483346
3.92605	0.00691831	0.434919
4.49305	0.00691831	0.395587
5.14193	0.00691831	0.339602
5.88452	0.00691831	0.259038
6.73436	0.00691831	0.17021
7.70694	0.00691831	0.0938244
8.81997	0.00691831	0.0419049
10.0937	0.00691831	0.01502
11.5515	0.00691831	0.00467511
13.2197	0.00691831	0.00155971
15.1289	0.00691831	0.000581917
17.3138	0.00691831	0.000252098
19.8143	0.00691831	0.0000857872
22.6758	0.00691831	0.000024983
25.9507	0.00691831	6.92095e-6
29.6984	0.00691831	2.52414e-6
33.9875	0.00691831	8.29238e-7
1	0.00794328	1.16912
2	0.00794328	0.953358
2.28884	0.00794328	0.861234
2.61939	0.00794328	0.755514
2.99768	0.00794328	0.649148
3.4306	0.00794328	0.559781
3.92605	0.00794328	0.498241
4.49305	0.00794328	0.453355
5.14193	0.00794328	0.395678
5.88452	0.00794328	0.308617
6.73436	0.00794328	0.206511
7.70694	0.00794328	0.115671
8.81997	0.00794328	0.0526251
10.0937	0.00794328	0.0189309
11.5515	0.00794328	0.00588154
13.2197	0.00794328	0.00178846
15.1289	0.00794328	0.00069483
17.3138	0.00794328	0.000303118
19.8143	0.00794328	0.000103456
22.6758	0.00794328	0.0000299712
25.9507	0.00794328	8.31471e-6
29.6984	0.00794328	3.0069e-6
33.9875	0.00794328	9.78938e-7
1	0.00912011	1.24627
2	0.00912011	1.07862
2.28884	0.00912011	0.989922
2.61939	0.00912011	0.879705
2.99768	0.00912011	0.759934
3.4306	0.00912011	0.65076
3.92605	0.00912011	0.571336
4.49305	0.00912011	0.518614
5.14193	0.00912011	0.459277
5.88452	0.00912011	0.36633
6.73436	0.00912011	0.250767
7.70694	0.00912011	0.143295
8.81997	0.00912011	0.0663622
10.0937	0.00912011	0.0241798
11.5515	0.00912011	0.00750199
13.2197	0.00912011	0.00222074
15.1289	0.00912011	0.000834102
17.3138	0.00912011	0.000365645
19.8143	0.00912011	0.000125684
22.6758	0.00912011	0.0000362075
25.9507	0.00912011	0.0000100516
29.6984	0.00912011	3.59606e-6
33.9875	0.00912011	1.15956e-6
1	0.0104713	1.30423
2	0.0104713	1.20332
2.28884	0.0104713	1.12527
2.61939	0.0104713	1.0174
2.99768	0.0104713	0.888611
3.4306	0.0104713	0.759743
3.92605	0.0104713	0.657769
4.49305	0.0104713	0.591646
5.14193	0.0104713	0.530991
5.88452	0.0104713	0.434444
6.73436	0.0104713	0.304832
7.70694	0.0104713	0.178392
8.81997	0.0104713	0.0839078
10.0937	0.0104713	0.0311675
11.5515	0.0104713	0.00967586
13.2197	0.0104713	0.00282087
15.1289	0.0104713	0.00100886
17.3138	0.0104713	0.000443656
19.8143	0.0104713	0.000153221
22.6758	0.0104713	0.0000443046
25.9507	0.0104713	0.0000122447
29.6984	0.0104713	4.31939e-6
33.9875	0.0104713	1.38304e-6
1	0.0120226	1.33482
2	0.0120226	1.31811
2.28884	0.0120226	1.25951
2.61939	0.0120226	1.16424
2.99768	0.0120226	1.03462
3.4306	0.0120226	0.889544
3.92605	0.0120226	0.763474
4.49305	0.0120226	0.676639
5.14193	0.0120226	0.610884
5.88452	0.0120226	0.513373
6.73436	0.0120226	0.371348
7.70694	0.0120226	0.223564
8.81997	0.0120226	0.107385
10.0937	0.0120226	0.0405396
11.5515	0.0120226	0.012579
13.2197	0.0120226	0.0036391
15.1289	0.0120226	0.00123169
17.3138	0.0120226	0.000539063
19.8143	0.0120226	0.000188048
22.6758	0.0120226	0.0000541168
25.9507	0.0120226	0.0000150418
29.6984	0.0120226	5.21116e-6
33.9875	0.0120226	1.65858e-6
1	0.0138038	1.33397
2	0.0138038	1.41255
2.28884	0.0138038	1.38254
2.61939	0.0138038	1.31184
2.99768	0.0138038	1.19489
3.4306	0.0138038	1.04176
3.92605	0.0138038	0.888458
4.49305	0.0138038	0.775081
5.14193	0.0138038	0.698928
5.88452	0.0138038	0.604216
6.73436	0.0138038	0.454366
7.70694	0.0138038	0.2805
8.81997	0.0138038	0.138582
10.0937	0.0138038	0.0532621
11.5515	0.0138038	0.0165922
13.2197	0.0138038	0.00473538
15.1289	0.0138038	0.00152254
17.3138	0.0138038	0.00065929
19.8143	0.0138038	0.000233236
22.6758	0.0138038	0.0000673497
25.9507	0.0138038	0.0000186353
29.6984	0.0138038	6.31089e-6
33.9875	0.0138038	1.99134e-6
1	0.0158489	1.30148
2	0.0158489	1.47552
2.28884	0.0158489	1.48189
2.61939	0.0158489	1.44782
2.99768	0.0158489	1.35877
3.4306	0.0158489	1.21181
3.92605	0.0158489	1.03767
4.49305	0.0158489	0.890695
5.14193	0.0158489	0.797373
5.88452	0.0158489	0.706436
6.73436	0.0158489	0.552052
7.70694	0.0158489	0.354189
8.81997	0.0158489	0.180256
10.0937	0.0158489	0.0708976
11.5515	0.0158489	0.0222388
13.2197	0.0158489	0.00626749
15.1289	0.0158489	0.00190566
17.3138	0.0158489	0.000819087
19.8143	0.0158489	0.000289786
22.6758	0.0158489	0.000084249
25.9507	0.0158489	0.0000232604
29.6984	0.0158489	7.68791e-6
33.9875	0.0158489	2.41654e-6
1	0.018197	1.23886
2	0.018197	1.49566
2.28884	0.018197	1.54103
2.61939	0.018197	1.55472
2.99768	0.018197	1.50992
3.4306	0.018197	1.39184
3.92605	0.018197	1.21268
4.49305	0.018197	1.03198
5.14193	0.018197	0.908648
5.88452	0.018197	0.817047
6.73436	0.018197	0.665776
7.70694	0.018197	0.445999
8.81997	0.018197	0.23614
10.0937	0.018197	0.0955196
11.5515	0.018197	0.0303552
13.2197	0.018197	0.00843808
15.1289	0.018197	0.00242092
17.3138	0.018197	0.00101015
19.8143	0.018197	0.000364356
22.6758	0.018197	0.000105491
25.9507	0.018197	0.0000292975
29.6984	0.018197	9.40486e-6
33.9875	0.018197	2.94426e-6
1	0.020893	1.15284
2	0.020893	1.4669
2.28884	0.020893	1.5498
2.61939	0.020893	1.61451
2.99768	0.020893	1.63016
3.4306	0.020893	1.56457
3.92605	0.020893	1.40933
4.49305	0.020893	1.20653
5.14193	0.020893	1.04019
5.88452	0.020893	0.935634
6.73436	0.020893	0.797443
7.70694	0.020893	0.563241
8.81997	0.020893	0.310951
10.0937	0.020893	0.129249
11.5515	0.020893	0.0418032
13.2197	0.020893	0.0116154
15.1289	0.020893	0.00314782
17.3138	0.020893	0.0012602
19.8143	0.020893	0.00046215
22.6758	0.020893	0.0001343
25.9507	0.020893	0.0000372144
29.6984	0.020893	0.0000115753
33.9875	0.020893	3.60776e-6
1	0.0239883	1.05251
2	0.0239883	1.39067
2.28884	0.0239883	1.50291
2.61939	0.0239883	1.61412
2.99768	0.0239883	1.69718
3.4306	0.0239883	1.7088
3.92605	0.0239883	1.61024
4.49305	0.0239883	1.40912
5.14193	0.0239883	1.19704
5.88452	0.0239883	1.06353
6.73436	0.0239883	0.940358
7.70694	0.0239883	0.705174
8.81997	0.0239883	0.411797
10.0937	0.0239883	0.177422
11.5515	0.0239883	0.0587282
13.2197	0.0239883	0.0162147
15.1289	0.0239883	0.00418747
17.3138	0.0239883	0.00158433
19.8143	0.0239883	0.000589789
22.6758	0.0239883	0.000171912
25.9507	0.0239883	0.0000476032
29.6984	0.0239883	0.000014309
33.9875	0.0239883	4.4927e-6
1	0.0275423	0.944902
2	0.0275423	1.27525
2.28884	0.0275423	1.40163
2.61939	0.0275423	1.5472
2.99768	0.0275423	1.69069
3.4306	0.0275423	1.78937
3.92605	0.0275423	1.78344
4.49305	0.0275423	1.63117
5.14193	0.0275423	1.39433
5.88452	0.0275423	1.21352
6.73436	0.0275423	1.09375
7.70694	0.0275423	0.873745
8.81997	0.0275423	0.54179
10.0937	0.0275423	0.245937
11.5515	0.0275423	0.0834773
13.2197	0.0275423	0.0229588
15.1289	0.0275423	0.00572633
17.3138	0.0275423	0.00201882
19.8143	0.0275423	0.000762602
22.6758	0.0275423	0.000222704
25.9507	0.0275423	0.0000612025
29.6984	0.0275423	0.0000178185
33.9875	0.0275423	5.64142e-6
1	0.0316228	0.839727
2	0.0316228	1.13467
2.28884	0.0316228	1.26018
2.61939	0.0316228	1.41972
2.99768	0.0316228	1.60353
3.4306	0.0316228	1.78489
3.92605	0.0316228	1.89159
4.49305	0.0316228	1.84415
5.14193	0.0316228	1.63238
5.88452	0.0316228	1.39001
6.73436	0.0316228	1.24521
7.70694	0.0316228	1.06296
8.81997	0.0316228	0.711014
10.0937	0.0316228	0.342319
11.5515	0.0316228	0.120146
13.2197	0.0316228	0.0333659
15.1289	0.0316228	0.00805049
17.3138	0.0316228	0.00257739
19.8143	0.0316228	0.00099009
22.6758	0.0316228	0.000295262
25.9507	0.0316228	0.0000791525
29.6984	0.0316228	0.0000222901
33.9875	0.0316228	7.15042e-6
1	0.0363078	0.745295
2	0.0363078	0.984231
2.28884	0.0363078	1.09724
2.61939	0.0363078	1.25076
2.99768	0.0363078	1.45002
3.4306	0.0363078	1.6841
3.92605	0.0363078	1.89866
4.49305	0.0363078	1.99717
5.14193	0.0363078	1.87759
5.88452	0.0363078	1.6078
6.73436	0.0363078	1.4077
7.70694	0.0363078	1.26166
8.81997	0.0363078	0.924587
10.0937	0.0363078	0.47889
11.5515	0.0363078	0.175884
13.2197	0.0363078	0.0492145
15.1289	0.0363078	0.0116528
17.3138	0.0363078	0.00336899
19.8143	0.0363078	0.00130298
22.6758	0.0363078	0.000393327
25.9507	0.0363078	0.000102922
29.6984	0.0363078	0.0000282757
33.9875	0.0363078	9.1729e-6
1	0.0416869	0.655198
2	0.0416869	0.838649
2.28884	0.0416869	0.931639
2.61939	0.0416869	1.06349
2.99768	0.0416869	1.25082
3.4306	0.0416869	1.49723
3.92605	0.0416869	1.78638
4.49305	0.0416869	2.03333
5.14193	0.0416869	2.08796
5.88452	0.0416869	1.88283
6.73436	0.0416869	1.60236
7.70694	0.0416869	1.4481
8.81997	0.0416869	1.16715
10.0937	0.0416869	0.667479
11.5515	0.0416869	0.259715
13.2197	0.0416869	0.0747187
15.1289	0.0416869	0.0173745
17.3138	0.0416869	0.0045051
19.8143	0.0416869	0.00171697
22.6758	0.0416869	0.00052681
25.9507	0.0416869	0.000134439
29.6984	0.0416869	0.0000362523
33.9875	0.0416869	0.0000119299
1	0.047863	0.570771
2	0.047863	0.706863
2.28884	0.047863	0.777477
2.61939	0.047863	0.88037
2.99768	0.047863	1.03614
3.4306	0.047863	1.26304
3.92605	0.047863	1.57155
4.49305	0.047863	1.9278
5.14193	0.047863	2.18521
5.88452	0.047863	2.15609
6.73436	0.047863	1.85996
7.70694	0.047863	1.63332
8.81997	0.047863	1.43016
10.0937	0.047863	0.91893
11.5515	0.047863	0.388135
13.2197	0.047863	0.114906
15.1289	0.047863	0.0265937
17.3138	0.047863	0.00625505
19.8143	0.047863	0.00227683
22.6758	0.047863	0.000718404
25.9507	0.047863	0.000177891
29.6984	0.047863	0.0000471847
33.9875	0.047863	0.0000154079
1	0.0549541	0.48938
2	0.0549541	0.589186
2.28884	0.0549541	0.640731
2.61939	0.0549541	0.718417
2.99768	0.0549541	0.838211
3.4306	0.0549541	1.02064
3.92605	0.0549541	1.29833
4.49305	0.0549541	1.68004
5.14193	0.0549541	2.09903
5.88452	0.0549541	2.33516
6.73436	0.0549541	2.17091
7.70694	0.0549541	1.84871
8.81997	0.0549541	1.67916
10.0937	0.0549541	1.23456
11.5515	0.0549541	0.584104
13.2197	0.0549541	0.181637
15.1289	0.0549541	0.0420015
17.3138	0.0549541	0.00906601
19.8143	0.0549541	0.0030268
22.6758	0.0549541	0.000988788
25.9507	0.0549541	0.000239065
29.6984	0.0549541	0.0000625401
33.9875	0.0549541	0.0000200456
1	0.0630957	0.401383
2	0.0630957	0.481604
2.28884	0.0630957	0.520564
2.61939	0.0630957	0.578518
2.99768	0.0630957	0.666341
3.4306	0.0630957	0.805614
3.92605	0.0630957	1.02497
4.49305	0.0630957	1.36838
5.14193	0.0630957	1.84826
5.88452	0.0630957	2.33044
6.73436	0.0630957	2.46103
7.70694	0.0630957	2.14311
8.81997	0.0630957	1.90708
10.0937	0.0630957	1.58832
11.5515	0.0630957	0.866818
13.2197	0.0630957	0.289516
15.1289	0.0630957	0.0679558
17.3138	0.0630957	0.0138785
19.8143	0.0630957	0.00405578
22.6758	0.0630957	0.00136273
25.9507	0.0630957	0.000330104
29.6984	0.0630957	0.0000842791
33.9875	0.0630957	0.0000258619
1	0.0724436	0.311907
2	0.0724436	0.385767
2.28884	0.0724436	0.415468
2.61939	0.0724436	0.459809
2.99768	0.0724436	0.524648
3.4306	0.0724436	0.623896
3.92605	0.0724436	0.782101
4.49305	0.0724436	1.05007
5.14193	0.0724436	1.48083
5.88452	0.0724436	2.07622
6.73436	0.0724436	2.56993
7.70694	0.0724436	2.50053
8.81997	0.0724436	2.1319
10.0937	0.0724436	1.91734
11.5515	0.0724436	1.2556
13.2197	0.0724436	0.470692
15.1289	0.0724436	0.113112
17.3138	0.0724436	0.0225314
19.8143	0.0724436	0.00554147
22.6758	0.0724436	0.00191461
25.9507	0.0724436	0.000469786
29.6984	0.0724436	0.000115094
33.9875	0.0724436	0.0000333397
1	0.0831764	0.232527
2	0.0831764	0.295999
2.28884	0.0831764	0.323805
2.61939	0.0831764	0.360249
2.99768	0.0831764	0.408405
3.4306	0.0831764	0.479507
3.92605	0.0831764	0.592918
4.49305	0.0831764	0.782993
5.14193	0.0831764	1.1139
5.88452	0.0831764	1.67215
6.73436	0.0831764	2.37756
7.70694	0.0831764	2.77615
8.81997	0.0831764	2.45863
10.0937	0.0831764	2.16112
11.5515	0.0831764	1.70975
13.2197	0.0831764	0.761531
15.1289	0.0831764	0.193522
17.3138	0.0831764	0.0381043
19.8143	0.0831764	0.00788498
22.6758	0.0831764	0.00270457
25.9507	0.0831764	0.000687062
29.6984	0.0831764	0.000158006
33.9875	0.0831764	0.0000433442
1	0.0954993	0.168656
2	0.0954993	0.221265
2.28884	0.0954993	0.244575
2.61939	0.0954993	0.275264
2.99768	0.0954993	0.31467
3.4306	0.0954993	0.369924
3.92605	0.0954993	0.451787
4.49305	0.0954993	0.581617
5.14193	0.0954993	0.80924
5.88452	0.0954993	1.22224
6.73436	0.0954993	1.92769
7.70694	0.0954993	2.71562
8.81997	0.0954993	2.81598
10.0937	0.0954993	2.36173
11.5515	0.0954993	2.13521
13.2197	0.0954993	1.19441
15.1289	0.0954993	0.336936
17.3138	0.0954993	0.0670519
19.8143	0.0954993	0.0120362
22.6758	0.0954993	0.00382152
25.9507	0.0954993	0.00101702
29.6984	0.0954993	0.000217603
33.9875	0.0954993	0.0000572741
1	0.109648	0.127949
2	0.109648	0.166065
2.28884	0.109648	0.182577
2.61939	0.109648	0.206474
2.99768	0.109648	0.236843
3.4306	0.109648	0.283237
3.92605	0.109648	0.342623
4.49305	0.109648	0.43313
5.14193	0.109648	0.58213
5.88452	0.109648	0.861702
6.73436	0.109648	1.39606
7.70694	0.109648	2.27183
8.81997	0.109648	3.0019
10.0937	0.109648	2.65439
11.5515	0.109648	2.39839
13.2197	0.109648	1.74606
15.1289	0.109648	0.590995
17.3138	0.109648	0.120642
19.8143	0.109648	0.020183
22.6758	0.109648	0.00540369
25.9507	0.109648	0.00151453
29.6984	0.109648	0.000306666
33.9875	0.109648	0.0000772906