1.	0.001	0.0781441
1.9999999999999998	0.001	0.0852287
2.288838595949997	0.001	0.07868033183174435
2.6193910591551774	0.001	0.07030487792290442
2.9976816770403563	0.001	0.062419775643169764
3.4306047603910415	0.001	0.05613213499176557
3.926050291516404	0.001	0.04936629476463274
4.493047718431742	0.001	0.03918354097487347
5.141930515695824	0.001	0.028274696160285245
5.884524511008838	0.001	0.0227455877362388
6.734363409805407	0.001	0.020435181831526886
7.706935445758021	0.001	0.015253024266376836
8.819965652373028	0.001	0.008117717871365736
10.093738900052346	0.001	0.0030109756466897217
11.551469585940843	0.001	0.0009741534962100185
13.219724714121972	0.001	0.00035319955704036935
15.128908076758211	0.001	0.00016447970750631374
17.313814360331925	0.001	0.00008535516902378193
19.814263275520517	0.001	0.00002772494642398194
22.675825267662994	0.001	6.356492520133782e-6
25.950652033822625	0.001	2.794952165652896e-6
29.698426982540767	0.001	9.5178579878613e-7
33.98745295832107	0.001	2.839793244456732e-7
38.895897054520105	0.001	9.164547946807992e-8
44.51321520124173	0.001	1.8514821475702302e-8
50.941782491215115	0.001	4.6207170464818235e-9
58.29875895619149	0.001	1.1429742822335265e-9
66.71822479745835	0.001	2.5508734590421807e-10
76.35362398484546	0.001	4.4080372888080247e-11
87.38056075858388	0.001	4.50200794599659e-12
100.00000000000031	0.001	2.4530761900341113e-13
111.55639876771902	0.001	1.5097758948826012e-14
138.21730389017998	0.001	6.03709061472794e-18
171.24990861750976	0.001	9.548410224835791e-20
212.17698780180757	0.001	1.753995147172469e-20
262.885244821937	0.001	2.5411751644939936e-21
325.7122869971341	0.001	1.3683122974024825e-22
403.5543872869759	0.001	2.015694808087204e-24
499.9999999999984	0.001	0
1000	0.001	0
2000	0.001	0
1.	0.0011481536214968829	0.09231776388688273
1.9999999999999998	0.0011481536214968829	0.0986909331836742
2.288838595949997	0.0011481536214968829	0.09105524317215039
2.6193910591551774	0.0011481536214968829	0.08126254569568436
2.9976816770403563	0.0011481536214968829	0.07197000684692431
3.4306047603910415	0.0011481536214968829	0.06454953310187143
3.926050291516404	0.0011481536214968829	0.05687477864147099
4.493047718431742	0.0011481536214968829	0.0453717994159724
5.141930515695824	0.0011481536214968829	0.03275140711805061
5.884524511008838	0.0011481536214968829	0.026168970044613736
6.734363409805407	0.0011481536214968829	0.02349925511411049
7.706935445758021	0.0011481536214968829	0.017660386929865293
8.819965652373028	0.0011481536214968829	0.009452035566180912
10.093738900052346	0.0011481536214968829	0.003503648983671566
11.551469585940843	0.0011481536214968829	0.0011298234212264544
13.219724714121972	0.0011481536214968829	0.0004091205627802009
15.128908076758211	0.0011481536214968829	0.00018976828609962353
17.313814360331925	0.0011481536214968829	0.00009826664186133449
19.814263275520517	0.0011481536214968829	0.000032101280849438815
22.675825267662994	0.0011481536214968829	7.3263027709492225e-6
25.950652033822625	0.0011481536214968829	3.220090590436626e-6
29.698426982540767	0.0011481536214968829	1.099728799181476e-6
33.98745295832107	0.0011481536214968829	3.2815255341849445e-7
38.895897054520105	0.0011481536214968829	1.0578889072638575e-7
44.51321520124173	0.0011481536214968829	2.140981637910556e-8
50.941782491215115	0.0011481536214968829	5.3383328208748405e-9
58.29875895619149	0.0011481536214968829	1.3182164960905713e-9
66.71822479745835	0.0011481536214968829	2.943916675893228e-10
76.35362398484546	0.0011481536214968829	5.0851861793992555e-11
87.38056075858388	0.0011481536214968829	5.193592690088567e-12
100.00000000000031	0.0011481536214968829	2.8331398612649897e-13
111.55639876771902	0.0011481536214968829	1.7434295377755613e-14
138.21730389017998	0.0011481536214968829	6.97605629131743e-18
171.24990861750976	0.0011481536214968829	1.1010774872908303e-19
212.17698780180757	0.0011481536214968829	2.0225571393126005e-20
262.885244821937	0.0011481536214968829	2.930274680306707e-21
325.7122869971341	0.0011481536214968829	1.5778596956113434e-22
403.5543872869759	0.0011481536214968829	2.324458084433484e-24
499.9999999999984	0.0011481536214968829	0
1000	0.0011481536214968829	0
2000	0.0011481536214968829	0
1.	0.0013182567385564075	0.10940967229116014
1.9999999999999998	0.0013182567385564075	0.11434069994182118
2.288838595949997	0.0013182567385564075	0.10543076768476305
2.6193910591551774	0.0013182567385564075	0.09402502453264269
2.9976816770403563	0.0013182567385564075	0.08303585385461698
3.4306047603910415	0.0013182567385564075	0.07426502992156585
3.926050291516404	0.0013182567385564075	0.06554342712001839
4.493047718431742	0.0013182567385564075	0.05256431432291252
5.141930515695824	0.0013182567385564075	0.03799749394765391
5.884524511008838	0.0013182567385564075	0.030124607834401018
6.734363409805407	0.0013182567385564075	0.027049508824621045
7.706935445758021	0.0013182567385564075	0.02045927719594897
8.819965652373028	0.0013182567385564075	0.011025706676239451
10.093738900052346	0.0013182567385564075	0.004082784975793756
11.551469585940843	0.0013182567385564075	0.001312724287821236
13.219724714121972	0.0013182567385564075	0.00047498542465360707
15.128908076758211	0.0013182567385564075	0.0002190940469571039
17.313814360331925	0.0013182567385564075	0.00011338427274977568
19.814263275520517	0.0013182567385564075	0.00003722442034667564
22.675825267662994	0.0013182567385564075	8.474881219488324e-6
25.950652033822625	0.0013182567385564075	3.7108003708293587e-6
29.698426982540767	0.0013182567385564075	1.2713210987979047e-6
33.98745295832107	0.0013182567385564075	3.793908002344467e-7
38.895897054520105	0.0013182567385564075	1.2215715110580076e-7
44.51321520124173	0.0013182567385564075	2.477272228886688e-8
50.941782491215115	0.0013182567385564075	6.170116556772761e-9
58.29875895619149	0.0013182567385564075	1.5206973623216226e-9
66.71822479745835	0.0013182567385564075	3.3986713706078473e-10
76.35362398484546	0.0013182567385564075	5.868026841145821e-11
87.38056075858388	0.0013182567385564075	5.993243339751409e-12
100.00000000000031	0.0013182567385564075	3.2734907461788086e-13
111.55639876771902	0.0013182567385564075	2.0140874149208244e-14
138.21730389017998	0.0013182567385564075	8.065212560029506e-18
171.24990861750976	0.0013182567385564075	1.2699798202546504e-19
212.17698780180757	0.0013182567385564075	2.3327253753824717e-20
262.885244821937	0.0013182567385564075	3.379658228994362e-21
325.7122869971341	0.0013182567385564075	1.8198827700879358e-22
403.5543872869759	0.0013182567385564075	2.6811049075091203e-24
499.9999999999984	0.0013182567385564075	0
1000	0.0013182567385564075	0
2000	0.0013182567385564075	0
1.	0.0015135612484362087	0.13009414002038283
1.9999999999999998	0.0015135612484362087	0.1325611180235426
2.288838595949997	0.0015135612484362087	0.122228159093865
2.6193910591551774	0.0015135612484362087	0.10892106025650765
2.9976816770403563	0.0015135612484362087	0.09589674304137158
3.4306047603910415	0.0015135612484362087	0.08548797680863762
3.926050291516404	0.0015135612484362087	0.07554815681442906
4.493047718431742	0.0015135612484362087	0.060979613553922125
5.141930515695824	0.0015135612484362087	0.044142533864561274
5.884524511008838	0.0015135612484362087	0.03470771064990678
6.734363409805407	0.0015135612484362087	0.031156900320766782
7.706935445758021	0.0015135612484362087	0.02374295595511865
8.819965652373028	0.0015135612484362087	0.012863554590903648
10.093738900052346	0.0015135612484362087	0.004772328040186524
11.551469585940843	0.0015135612484362087	0.0015295290602803798
13.219724714121972	0.0015135612484362087	0.0005489086432850405
15.128908076758211	0.0015135612484362087	0.00025320176844138706
17.313814360331925	0.0015135612484362087	0.00013070960919275607
19.814263275520517	0.0015135612484362087	0.00004319092429604722
22.675825267662994	0.0015135612484362087	9.795856155682113e-6
25.950652033822625	0.0015135612484362087	4.279034471842185e-6
29.698426982540767	0.0015135612484362087	1.4708248048586294e-6
33.98745295832107	0.0015135612484362087	4.390067072315178e-7
38.895897054520105	0.0015135612484362087	1.411513767681709e-7
44.51321520124173	0.0015135612484362087	2.8691773696109074e-8
50.941782491215115	0.0015135612484362087	7.136838628578171e-9
58.29875895619149	0.0015135612484362087	1.755258148773342e-9
66.71822479745835	0.0015135612484362087	3.926246071927166e-10
76.35362398484546	0.0015135612484362087	6.775460443996811e-11
87.38056075858388	0.0015135612484362087	6.920262287508222e-12
100.00000000000031	0.0015135612484362087	3.785159587198789e-13
111.55639876771902	0.0015135612484362087	2.3285160042384015e-14
138.21730389017998	0.0015135612484362087	9.332496591991264e-18
171.24990861750976	0.0015135612484362087	1.4655462707046057e-19
212.17698780180757	0.0015135612484362087	2.6918344789281577e-20
262.885244821937	0.0015135612484362087	3.89995609204404e-21
325.7122869971341	0.0015135612484362087	2.1001135119116226e-22
403.5543872869759	0.0015135612484362087	3.0940715563177133e-24
499.9999999999984	0.0015135612484362087	0
1000	0.0015135612484362087	0
2000	0.0015135612484362087	0
1.	0.0017378008287493763	0.1552440986735158
1.9999999999999998	0.0017378008287493763	0.15376008005836145
2.288838595949997	0.0017378008287493763	0.14178213170387816
2.6193910591551774	0.0017378008287493763	0.1262940223527952
2.9976816770403563	0.0017378008287493763	0.11087000834500717
3.4306047603910415	0.0017378008287493763	0.09847663910057641
3.926050291516404	0.0017378008287493763	0.08709833473188877
4.493047718431742	0.0017378008287493763	0.0708461022611683
5.141930515695824	0.0017378008287493763	0.051402019613101244
5.884524511008838	0.0017378008287493763	0.04000599781989418
6.734363409805407	0.0017378008287493763	0.035883288311998655
7.706935445758021	0.0017378008287493763	0.027557653330851438
8.819965652373028	0.0017378008287493763	0.015035957201657325
10.093738900052346	0.0017378008287493763	0.0055941313983437916
11.551469585940843	0.0017378008287493763	0.0017814705147217642
13.219724714121972	0.0017378008287493763	0.0006335399246936461
15.128908076758211	0.0017378008287493763	0.0002929416227549339
17.313814360331925	0.0017378008287493763	0.00015079449706031242
19.814263275520517	0.0017378008287493763	0.000050177404391404434
22.675825267662994	0.0017378008287493763	0.00001136245624026544
25.950652033822625	0.0017378008287493763	4.9377565580250295e-6
29.698426982540767	0.0017378008287493763	1.7036233563441568e-6
33.98745295832107	0.0017378008287493763	5.091193626466595e-7
38.895897054520105	0.0017378008287493763	1.6342429173852225e-7
44.51321520124173	0.0017378008287493763	3.330911990602728e-8
50.941782491215115	0.0017378008287493763	8.272340716132481e-9
58.29875895619149	0.0017378008287493763	2.029830484229463e-9
66.71822479745835	0.0017378008287493763	4.544746362295011e-10
76.35362398484546	0.0017378008287493763	7.838374657850274e-11
87.38056075858388	0.0017378008287493763	8.006414330733286e-12
100.00000000000031	0.0017378008287493763	4.386074606238923e-13
111.55639876771902	0.0017378008287493763	2.6977302962706937e-14
138.21730389017998	0.0017378008287493763	1.0823104108013046e-17
171.24990861750976	0.0017378008287493763	1.6943377532124542e-19
212.17698780180757	0.0017378008287493763	3.111913521854022e-20
262.885244821937	0.0017378008287493763	4.508589907508409e-21
325.7122869971341	0.0017378008287493763	2.427945697212158e-22
403.5543872869759	0.0017378008287493763	3.577213188529876e-24
499.9999999999984	0.0017378008287493763	0
1000	0.0017378008287493763	0
2000	0.0017378008287493763	0
1.	0.0019952623149688807	0.18589829330039406
1.9999999999999998	0.0019952623149688807	0.1786312242687284
2.288838595949997	0.0019952623149688807	0.16460927716675586
2.6193910591551774	0.0019952623149688807	0.14665413535744665
2.9976816770403563	0.0019952623149688807	0.12837710310713654
3.4306047603910415	0.0019952623149688807	0.11352101171232513
3.926050291516404	0.0019952623149688807	0.10048411181351238
4.493047718431742	0.0019952623149688807	0.0822980790161996
5.141930515695824	0.0019952623149688807	0.059953669760622816
5.884524511008838	0.0019952623149688807	0.0461271300064917
6.734363409805407	0.0019952623149688807	0.041320316203499984
7.706935445758021	0.0019952623149688807	0.032013984501844645
8.819965652373028	0.0019952623149688807	0.017611480441337535
10.093738900052346	0.0019952623149688807	0.006569759445391513
11.551469585940843	0.0019952623149688807	0.0020820364491643483
13.219724714121972	0.0019952623149688807	0.0007372087572585335
15.128908076758211	0.0019952623149688807	0.0003389878121143838
17.313814360331925	0.0019952623149688807	0.00017406754781748633
19.814263275520517	0.0019952623149688807	0.00005844517484636085
22.675825267662994	0.0019952623149688807	0.000013167859176366343
25.950652033822625	0.0019952623149688807	5.700716311048363e-6
29.698426982540767	0.0019952623149688807	1.9742237688374995e-6
33.98745295832107	0.0019952623149688807	5.903369233883807e-7
38.895897054520105	0.0019952623149688807	1.891312314839876e-7
44.51321520124173	0.0019952623149688807	3.866910047559767e-8
50.941782491215115	0.0019952623149688807	9.585516717313604e-9
58.29875895619149	0.0019952623149688807	2.346101474577535e-9
66.71822479745835	0.0019952623149688807	5.258458835924361e-10
76.35362398484546	0.0019952623149688807	9.063770349038872e-11
87.38056075858388	0.0019952623149688807	9.258973462248536e-12
100.00000000000031	0.0019952623149688807	5.0809115816599e-13
111.55639876771902	0.0019952623149688807	3.1246148420635205e-14
138.21730389017998	0.0019952623149688807	1.2550112999538349e-17
171.24990861750976	0.0019952623149688807	1.9576763167057752e-19
212.17698780180757	0.0019952623149688807	3.595366581860859e-20
262.885244821937	0.0019952623149688807	5.209052183574925e-21
325.7122869971341	0.0019952623149688807	2.8052671165193984e-22
403.5543872869759	0.0019952623149688807	4.133366970160636e-24
499.9999999999984	0.0019952623149688807	0
1000	0.0019952623149688807	0
2000	0.0019952623149688807	0
1.	0.0022908676527677745	0.22335070261192605
1.9999999999999998	0.0022908676527677745	0.2072687726056748
2.288838595949997	0.0022908676527677745	0.19129786571620783
2.6193910591551774	0.0022908676527677745	0.17047275044649796
2.9976816770403563	0.0022908676527677745	0.1488917678414969
3.4306047603910415	0.0022908676527677745	0.13101171645504534
3.926050291516404	0.0022908676527677745	0.11595586679123734
4.493047718431742	0.0022908676527677745	0.09581267374359184
5.141930515695824	0.0022908676527677745	0.07008770781533177
5.884524511008838	0.0022908676527677745	0.05321681365538771
6.734363409805407	0.0022908676527677745	0.04755571432032445
7.706935445758021	0.0022908676527677745	0.03723960681338465
8.819965652373028	0.0022908676527677745	0.02069954008708086
10.093738900052346	0.0022908676527677745	0.007744749159333349
11.551469585940843	0.0022908676527677745	0.002441817783555097
13.219724714121972	0.0022908676527677745	0.0008536881095150461
15.128908076758211	0.0022908676527677745	0.0003928438636243983
17.313814360331925	0.0022908676527677745	0.0002011190220456238
19.814263275520517	0.0022908676527677745	0.00006823727390334
22.675825267662994	0.0022908676527677745	0.00001531191565584845
25.950652033822625	0.0022908676527677745	6.5869607568423016e-6
29.698426982540767	0.0022908676527677745	2.290257394756271e-6
33.98745295832107	0.0022908676527677745	6.854748457046904e-7
38.895897054520105	0.0022908676527677745	2.1912470233277937e-7
44.51321520124173	0.0022908676527677745	4.4963379931134864e-8
50.941782491215115	0.0022908676527677745	1.1120881434496725e-8
58.29875895619149	0.0022908676527677745	2.7143997608167617e-9
66.71822479745835	0.0022908676527677745	6.091050201106052e-10
76.35362398484546	0.0022908676527677745	1.0492028805881728e-10
87.38056075858388	0.0022908676527677745	1.0719429904196544e-11
100.00000000000031	0.0022908676527677745	5.893408483721816e-13
111.55639876771902	0.0022908676527677745	3.623763358034905e-14
138.21730389017998	0.0022908676527677745	1.4574047258508686e-17
171.24990861750976	0.0022908676527677745	2.2640427940192653e-19
212.17698780180757	0.0022908676527677745	4.157769823666081e-20
262.885244821937	0.0022908676527677745	6.023924109607279e-21
325.7122869971341	0.0022908676527677745	3.2442458390283127e-22
403.5543872869759	0.0022908676527677745	4.7804643230293986e-24
499.9999999999984	0.0022908676527677745	0
1000	0.0022908676527677745	0
2000	0.0022908676527677745	0
1.	0.0026302679918953843	0.26918272882896066
1.9999999999999998	0.0026302679918953843	0.24079980160944056
2.288838595949997	0.0026302679918953843	0.22238790555252017
2.6193910591551774	0.0026302679918953843	0.19836476373120976
2.9976816770403563	0.0026302679918953843	0.17291977476188178
3.4306047603910415	0.0026302679918953843	0.15147470968899027
3.926050291516404	0.0026302679918953843	0.13386088261749332
4.493047718431742	0.0026302679918953843	0.11159999616902215
5.141930515695824	0.0026302679918953843	0.08216761418455461
5.884524511008838	0.0026302679918953843	0.06151381508081466
6.734363409805407	0.0026302679918953843	0.05476391742263099
7.706935445758021	0.0026302679918953843	0.043375017029658035
8.819965652373028	0.0026302679918953843	0.024369852520693243
10.093738900052346	0.0026302679918953843	0.009166513588181865
11.551469585940843	0.0026302679918953843	0.0028709388118994127
13.219724714121972	0.0026302679918953843	0.0009962031625473915
15.128908076758211	0.0026302679918953843	0.0004558948013097568
17.313814360331925	0.0026302679918953843	0.00023254493695243383
19.814263275520517	0.0026302679918953843	0.00007982057455396441
22.675825267662994	0.0026302679918953843	0.000017847506068527847
25.950652033822625	0.0026302679918953843	7.617843733988999e-6
29.698426982540767	0.0026302679918953843	2.6610760849651384e-6
33.98745295832107	0.0026302679918953843	7.979527691079359e-7
38.895897054520105	0.0026302679918953843	2.544249779637606e-7
44.51321520124173	0.0026302679918953843	5.2424084679234695e-8
50.941782491215115	0.0026302679918953843	1.293199153125335e-8
58.29875895619149	0.0026302679918953843	3.1470573875625604e-9
66.71822479745835	0.0026302679918953843	7.070866421621735e-10
76.35362398484546	0.0026302679918953843	1.217149832038015e-10
87.38056075858388	0.0026302679918953843	1.2437609211130073e-11
100.00000000000031	0.0026302679918953843	6.852065059628958e-13
111.55639876771902	0.0026302679918953843	4.2127538732161144e-14
138.21730389017998	0.0026302679918953843	1.6968324528567322e-17
171.24990861750976	0.0026302679918953843	2.623521079091658e-19
212.17698780180757	0.0026302679918953843	4.817579642312581e-20
262.885244821937	0.0026302679918953843	6.979919192169359e-21
325.7122869971341	0.0026302679918953843	3.759291400240743e-22
403.5543872869759	0.0026302679918953843	5.5398107847681245e-24
499.9999999999984	0.0026302679918953843	0
1000	0.0026302679918953843	0
2000	0.0026302679918953843	0
1.	0.003019951720402019	0.3251612626514253
1.9999999999999998	0.003019951720402019	0.2797151735167438
2.288838595949997	0.003019951720402019	0.2585212642977533
2.6193910591551774	0.003019951720402019	0.23105706329872483
2.9976816770403563	0.003019951720402019	0.20119902789921928
3.4306047603910415	0.003019951720402019	0.1753679097158712
3.926050291516404	0.003019951720402019	0.1547700803875046
4.493047718431742	0.003019951720402019	0.13006118270197947
5.141930515695824	0.003019951720402019	0.09654824844435547
5.884524511008838	0.003019951720402019	0.0712886008304719
6.734363409805407	0.003019951720402019	0.06298559315755126
7.706935445758021	0.003019951720402019	0.05059849035454324
8.819965652373028	0.003019951720402019	0.028739505828610814
10.093738900052346	0.003019951720402019	0.010896307744619148
11.551469585940843	0.003019951720402019	0.003386619115187064
13.219724714121972	0.003019951720402019	0.001166692546909721
15.128908076758211	0.003019951720402019	0.0005294353727845434
17.313814360331925	0.003019951720402019	0.00026934515472732323
19.814263275520517	0.003019951720402019	0.0000935865448047925
22.675825267662994	0.003019951720402019	0.000020822521046191143
25.950652033822625	0.003019951720402019	8.829641086157054e-6
29.698426982540767	0.003019951720402019	3.0956483103310812e-6
33.98745295832107	0.003019951720402019	9.259823881082284e-7
38.895897054520105	0.003019951720402019	2.9437116251599785e-7
44.51321520124173	0.003019951720402019	6.094630241535499e-8
50.941782491215115	0.003019951720402019	1.498755782777694e-8
58.29875895619149	0.003019951720402019	3.635581314873413e-9
66.71822479745835	0.003019951720402019	8.179583638229335e-10
76.35362398484546	0.003019951720402019	1.4070300793882272e-10
87.38056075858388	0.003019951720402019	1.4381435655068408e-11
100.00000000000031	0.003019951720402019	7.940592683273236e-13
111.55639876771902	0.003019951720402019	4.8816955114871855e-14
138.21730389017998	0.003019951720402019	1.9696581053769023e-17
171.24990861750976	0.003019951720402019	3.0287609956273835e-19
212.17698780180757	0.003019951720402019	5.561256072150517e-20
262.885244821937	0.003019951720402019	8.057461254231686e-21
325.7122869971341	0.003019951720402019	4.339901813941665e-22
403.5543872869759	0.003019951720402019	6.395932638101864e-24
499.9999999999984	0.003019951720402019	0
1000	0.003019951720402019	0
2000	0.003019951720402019	0
1.	0.00346736850452532	0.3934677716879242
1.9999999999999998	0.00346736850452532	0.3248408491690349
2.288838595949997	0.00346736850452532	0.300462978312667
2.6193910591551774	0.00346736850452532	0.26925977492442044
2.9976816770403563	0.00346736850452532	0.23447776821470814
3.4306047603910415	0.00346736850452532	0.20335767221610435
3.926050291516404	0.00346736850452532	0.17897990506308475
4.493047718431742	0.00346736850452532	0.15171803731311126
5.141930515695824	0.00346736850452532	0.11370892129175875
5.884524511008838	0.00346736850452532	0.08296640541311
6.734363409805407	0.00346736850452532	0.072500420905426
7.706935445758021	0.00346736850452532	0.05901153504382802
8.819965652373028	0.00346736850452532	0.03405647970577949
10.093738900052346	0.00346736850452532	0.013014052897142005
11.551469585940843	0.00346736850452532	0.004019445548182444
13.219724714121972	0.00346736850452532	0.0013737395037395652
15.128908076758211	0.00346736850452532	0.0006163595844610194
17.313814360331925	0.00346736850452532	0.0003120286975074084
19.814263275520517	0.00346736850452532	0.00011007791096188027
22.675825267662994	0.00346736850452532	0.000024354179302878816
25.950652033822625	0.00346736850452532	0.000010241101995683093
29.698426982540767	0.00346736850452532	3.6053324080226592e-6
33.98745295832107	0.00346736850452532	1.0797871858951885e-6
38.895897054520105	0.00346736850452532	3.420925816375868e-7
44.51321520124173	0.00346736850452532	7.121751350362811e-8
50.941782491215115	0.00346736850452532	1.744982713159102e-8
58.29875895619149	0.00346736850452532	4.218326367281093e-9
66.71822479745835	0.00346736850452532	9.50416434348012e-10
76.35362398484546	0.00346736850452532	1.6337860711622693e-10
87.38056075858388	0.00346736850452532	1.6704590947394523e-11
100.00000000000031	0.00346736850452532	9.245425664537734e-13
111.55639876771902	0.00346736850452532	5.68391979098834e-14
138.21730389017998	0.00346736850452532	2.2978663855579196e-17
171.24990861750976	0.00346736850452532	3.5112740670455713e-19
212.17698780180757	0.00346736850452532	6.446613878468083e-20
262.885244821937	0.00346736850452532	9.340334931335767e-21
325.7122869971341	0.00346736850452532	5.031213311654244e-22
403.5543872869759	0.00346736850452532	7.415455437037278e-24
499.9999999999984	0.00346736850452532	0
1000	0.00346736850452532	0
2000	0.00346736850452532	0
1.	0.003981071705534978	0.4764172888285214
1.9999999999999998	0.003981071705534978	0.37697717400325825
2.288838595949997	0.003981071705534978	0.3489882973604129
2.6193910591551774	0.003981071705534978	0.3138450375010019
2.9976816770403563	0.003981071705534978	0.27376498870343285
3.4306047603910415	0.003981071705534978	0.23634683286178246
3.926050291516404	0.003981071705534978	0.20717708000268945
4.493047718431742	0.003981071705534978	0.17693320700978046
5.141930515695824	0.003981071705534978	0.13419504532258847
5.884524511008838	0.003981071705534978	0.09670087730899561
6.734363409805407	0.003981071705534978	0.08338668517223345
7.706935445758021	0.003981071705534978	0.06892750157695067
8.819965652373028	0.003981071705534978	0.04049313379784758
10.093738900052346	0.003981071705534978	0.015642019663402954
11.551469585940843	0.003981071705534978	0.004784289256899762
13.219724714121972	0.003981071705534978	0.001612579293324022
15.128908076758211	0.003981071705534978	0.0007186650304969714
17.313814360331925	0.003981071705534978	0.00036204983835893894
19.814263275520517	0.003981071705534978	0.00012986247982032942
22.675825267662994	0.003981071705534978	0.0000285026862294607
25.950652033822625	0.003981071705534978	0.00001188464898829295
29.698426982540767	0.003981071705534978	4.199423524623426e-6
33.98745295832107	0.003981071705534978	1.2604628518489975e-6
38.895897054520105	0.003981071705534978	3.9776313019468354e-7
44.51321520124173	0.003981071705534978	8.333260320313941e-8
50.941782491215115	0.003981071705534978	2.0332305422965675e-8
58.29875895619149	0.003981071705534978	4.897186513224778e-9
66.71822479745835	0.003981071705534978	1.1049687954229419e-9
76.35362398484546	0.003981071705534978	1.898300759879159e-10
87.38056075858388	0.003981071705534978	1.9417223763927958e-11
100.00000000000031	0.003981071705534978	1.0774431827374663e-12
111.55639876771902	0.003981071705534978	6.624607023162971e-14
138.21730389017998	0.003981071705534978	2.6842391135692246e-17
171.24990861750976	0.003981071705534978	4.072005831645217e-19
212.17698780180757	0.003981071705534978	7.475272574122594e-20
262.885244821937	0.003981071705534978	1.083086219759453e-20
325.7122869971341	0.003981071705534978	5.834527210771766e-22
403.5543872869759	0.003981071705534978	8.600393513429502e-24
499.9999999999984	0.003981071705534978	0
1000	0.003981071705534978	0
2000	0.003981071705534978	0
1.	0.0045708818961487565	0.5763003327661407
1.9999999999999998	0.0045708818961487565	0.43715119365251137
2.288838595949997	0.0045708818961487565	0.4047713361778935
2.6193910591551774	0.0045708818961487565	0.365621039057088
2.9976816770403563	0.0045708818961487565	0.3199849796566558
3.4306047603910415	0.0045708818961487565	0.2754707918332941
3.926050291516404	0.0045708818961487565	0.24022109075227355
4.493047718431742	0.0045708818961487565	0.2064352323181948
5.141930515695824	0.0045708818961487565	0.15887305115811895
5.884524511008838	0.0045708818961487565	0.11329396309532067
6.734363409805407	0.0045708818961487565	0.0957897871369949
7.706935445758021	0.0045708818961487565	0.08064020881345653
8.819965652373028	0.0045708818961487565	0.048353552713992276
10.093738900052346	0.0045708818961487565	0.018894660034322115
11.551469585940843	0.0045708818961487565	0.0057254780636598075
13.219724714121972	0.0045708818961487565	0.001911697116114025
15.128908076758211	0.0045708818961487565	0.0008392768587721484
17.313814360331925	0.0045708818961487565	0.00042147365849411254
19.814263275520517	0.0045708818961487565	0.00015394901020015223
22.675825267662994	0.0045708818961487565	0.00003349966517801205
25.950652033822625	0.0045708818961487565	0.000013816094656409741
29.698426982540767	0.0045708818961487565	4.895840765318514e-6
33.98745295832107	0.0045708818961487565	1.4740382428467702e-6
38.895897054520105	0.0045708818961487565	4.630738610463736e-7
44.51321520124173	0.0045708818961487565	9.771799480439854e-8
50.941782491215115	0.0045708818961487565	2.3726869829728156e-8
58.29875895619149	0.0045708818961487565	5.69269360415278e-9
66.71822479745835	0.0045708818961487565	1.286314439393864e-9
76.35362398484546	0.0045708818961487565	2.2086999907327803e-10
87.38056075858388	0.0045708818961487565	2.2604415046721976e-11
100.00000000000031	0.0045708818961487565	1.257720645692341e-12
111.55639876771902	0.0045708818961487565	7.734899002582142e-14
138.21730389017998	0.0045708818961487565	3.142291787496612e-17
171.24990861750976	0.0045708818961487565	4.727084424388384e-19
212.17698780180757	0.0045708818961487565	8.676778012870221e-20
262.885244821937	0.0045708818961487565	1.2571864931334057e-20
325.7122869971341	0.0045708818961487565	6.772988132208735e-22
403.5543872869759	0.0045708818961487565	9.984985920759238e-24
499.9999999999984	0.0045708818961487565	0
1000	0.0045708818961487565	0
2000	0.0045708818961487565	0
1.	0.005248074602497733	0.6951448233447163
1.9999999999999998	0.005248074602497733	0.5063124697089472
2.288838595949997	0.005248074602497733	0.4686206124885708
2.6193910591551774	0.005248074602497733	0.42520326221040755
2.9976816770403563	0.005248074602497733	0.37430417351628176
3.4306047603910415	0.005248074602497733	0.32208591163204714
3.926050291516404	0.005248074602497733	0.2788362514065113
4.493047718431742	0.005248074602497733	0.24085138921599256
5.141930515695824	0.005248074602497733	0.1884481704825845
5.884524511008838	0.005248074602497733	0.13329702313813402
6.734363409805407	0.005248074602497733	0.11016504205184914
7.706935445758021	0.005248074602497733	0.09416616951523048
8.819965652373028	0.005248074602497733	0.057852911435371523
10.093738900052346	0.005248074602497733	0.022986901462904694
11.551469585940843	0.005248074602497733	0.006904874266249802
13.219724714121972	0.005248074602497733	0.002268295921157711
15.128908076758211	0.005248074602497733	0.0009832881976448026
17.313814360331925	0.005248074602497733	0.0004910857212552077
19.814263275520517	0.005248074602497733	0.0001828867368048147
22.675825267662994	0.005248074602497733	0.00003958926189824421
25.950652033822625	0.005248074602497733	0.000016084860107732335
29.698426982540767	0.005248074602497733	5.714440629956468e-6
33.98745295832107	0.005248074602497733	1.7286153501262418e-6
38.895897054520105	0.005248074602497733	5.402855097313721e-7
44.51321520124173	0.005248074602497733	1.1494941774953813e-7
50.941782491215115	0.005248074602497733	2.7757804277037233e-8
58.29875895619149	0.005248074602497733	6.63270708618645e-9
66.71822479745835	0.005248074602497733	1.500768873030878e-9
76.35362398484546	0.005248074602497733	2.575986797886e-10
87.38056075858388	0.005248074602497733	2.6381336139896342e-11
100.00000000000031	0.005248074602497733	1.472084059872479e-12
111.55639876771902	0.005248074602497733	9.057068810144254e-14
138.21730389017998	0.005248074602497733	3.690449422641493e-17
171.24990861750976	0.005248074602497733	5.498196776382299e-19
212.17698780180757	0.005248074602497733	1.0090754207857291e-19
262.885244821937	0.005248074602497733	1.462082115498058e-20
325.7122869971341	0.005248074602497733	7.8776572523959635e-22
403.5543872869759	0.005248074602497733	1.1615166250499205e-23
499.9999999999984	0.005248074602497733	0
1000	0.005248074602497733	0
2000	0.005248074602497733	0
1.	0.006025595860743587	0.8342362595249159
1.9999999999999998	0.006025595860743587	0.5856625775672507
2.288838595949997	0.006025595860743587	0.5411388303688622
2.6193910591551774	0.006025595860743587	0.4935744798254749
2.9976816770403563	0.006025595860743587	0.43778942793327064
3.4306047603910415	0.006025595860743587	0.37735919888171904
3.926050291516404	0.006025595860743587	0.3246067338015454
4.493047718431742	0.006025595860743587	0.2807819637720494
5.141930515695824	0.006025595860743587	0.22371876655709944
5.884524511008838	0.006025595860743587	0.15794870312994777
6.734363409805407	0.006025595860743587	0.12674485354320933
7.706935445758021	0.006025595860743587	0.11014699264603882
8.819965652373028	0.006025595860743587	0.06960929575849024
10.093738900052346	0.006025595860743587	0.028159144649639773
11.551469585940843	0.006025595860743587	0.008379954820144881
13.219724714121972	0.006025595860743587	0.0026999977034192863
15.128908076758211	0.006025595860743587	0.0011551169373588525
17.313814360331925	0.006025595860743587	0.0005740785154987417
19.814263275520517	0.006025595860743587	0.00021840403476784613
22.675825267662994	0.006025595860743587	0.000046895944019259855
25.950652033822625	0.006025595860743587	0.000018760897846269124
29.698426982540767	0.006025595860743587	6.678215467465413e-6
33.98745295832107	0.006025595860743587	2.004649789805788e-6
38.895897054520105	0.006025595860743587	6.229684139279782e-7
44.51321520124173	0.006025595860743587	1.337721443512271e-7
50.941782491215115	0.006025595860743587	3.210498351393749e-8
58.29875895619149	0.006025595860743587	7.63869319432155e-9
66.71822479745835	0.006025595860743587	1.7304937339433989e-9
76.35362398484546	0.006025595860743587	2.969838457833482e-10
87.38056075858388	0.006025595860743587	3.044099038350485e-11
100.00000000000031	0.006025595860743587	1.7036966302279182e-12
111.55639876771902	0.006025595860743587	1.0489002734516675e-13
138.21730389017998	0.006025595860743587	4.2886313456329133e-17
171.24990861750976	0.006025595860743587	6.318331383479783e-19
212.17698780180757	0.006025595860743587	1.1594066531874984e-19
262.885244821937	0.006025595860743587	1.679933616148293e-20
325.7122869971341	0.006025595860743587	9.052480882641965e-22
403.5543872869759	0.006025595860743587	1.334958569823486e-23
499.9999999999984	0.006025595860743587	0
1000	0.006025595860743587	0
2000	0.006025595860743587	0
1.	0.006918309709189377	0.9927439483645085
1.9999999999999998	0.006918309709189377	0.6765009704084693
2.288838595949997	0.006918309709189377	0.6237122297079786
2.6193910591551774	0.006918309709189377	0.5710318060625399
2.9976816770403563	0.006918309709189377	0.510776711225551
3.4306047603910415	0.006918309709189377	0.4423683673556786
3.926050291516404	0.006918309709189377	0.3787289558159473
4.493047718431742	0.006918309709189377	0.32708319273678665
5.141930515695824	0.006918309709189377	0.2657039325921741
5.884524511008838	0.006918309709189377	0.18833276625552708
6.734363409805407	0.006918309709189377	0.1461619315599809
7.706935445758021	0.006918309709189377	0.12844507700154512
8.819965652373028	0.006918309709189377	0.08384926955804833
10.093738900052346	0.006918309709189377	0.03481104242936739
11.551469585940843	0.006918309709189377	0.01025061181890022
13.219724714121972	0.006918309709189377	0.003231955605394009
15.128908076758211	0.006918309709189377	0.0013608473846529003
17.313814360331925	0.006918309709189377	0.0006714816135545473
19.814263275520517	0.006918309709189377	0.0002614740078148171
22.675825267662994	0.006918309709189377	0.00005592093481378666
25.950652033822625	0.006918309709189377	0.00002193239679481377
29.698426982540767	0.006918309709189377	7.817085444510986e-6
33.98745295832107	0.006918309709189377	2.3832694743034433e-6
38.895897054520105	0.006918309709189377	7.359096274413431e-7
44.51321520124173	0.006918309709189377	1.5966555540147683e-7
50.941782491215115	0.006918309709189377	3.8060900526846215e-8
58.29875895619149	0.006918309709189377	9.015240992952941e-9
66.71822479745835	0.006918309709189377	2.0443403823882467e-9
76.35362398484546	0.006918309709189377	3.5088702303756114e-10
87.38056075858388	0.006918309709189377	3.600478690569219e-11
100.00000000000031	0.006918309709189377	2.0212935349982025e-12
111.55639876771902	0.006918309709189377	1.2456289458357703e-13
138.21730389017998	0.006918309709189377	5.113177641033912e-17
171.24990861750976	0.006918309709189377	7.436454599370435e-19
212.17698780180757	0.006918309709189377	1.3643266136435964e-19
262.885244821937	0.006918309709189377	1.976898217346684e-20
325.7122869971341	0.006918309709189377	1.06541000995595e-21
403.5543872869759	0.006918309709189377	1.5714471115415e-23
499.9999999999984	0.006918309709189377	0
1000	0.006918309709189377	0
2000	0.006918309709189377	0
1.	0.00794328234724283	1.168050368273171
1.9999999999999998	0.00794328234724283	0.7817612380551766
2.288838595949997	0.00794328234724283	0.7172215223045777
2.6193910591551774	0.00794328234724283	0.6578520107789944
2.9976816770403563	0.00794328234724283	0.5936868918009669
3.4306047603910415	0.00794328234724283	0.5184304483106462
3.926050291516404	0.00794328234724283	0.4428211200789902
4.493047718431742	0.00794328234724283	0.38107937569169875
5.141930515695824	0.00794328234724283	0.314949054584555
5.884524511008838	0.00794328234724283	0.22635279026817762
6.734363409805407	0.00794328234724283	0.16903698687850757
7.706935445758021	0.00794328234724283	0.14930313964611125
8.819965652373028	0.00794328234724283	0.10132623051001027
10.093738900052346	0.00794328234724283	0.04339990277873239
11.551469585940843	0.00794328234724283	0.012695946992361965
13.219724714121972	0.00794328234724283	0.003936491606597684
15.128908076758211	0.00794328234724283	0.001612617567172975
17.313814360331925	0.00794328234724283	0.000790109553788654
19.814263275520517	0.00794328234724283	0.00031482410944247224
22.675825267662994	0.00794328234724283	0.00006679411062353061
25.950652033822625	0.00794328234724283	0.000025706010813557783
29.698426982540767	0.00794328234724283	9.173453232590905e-6
33.98745295832107	0.00794328234724283	2.8126307953127216e-6
38.895897054520105	0.00794328234724283	8.624192153387749e-7
44.51321520124173	0.00794328234724283	1.8926388276208313e-7
50.941782491215115	0.00794328234724283	4.478813007337678e-8
58.29875895619149	0.00794328234724283	1.0558901519447176e-8
66.71822479745835	0.00794328234724283	2.3959121662313215e-9
76.35362398484546	0.00794328234724283	4.1141872637351254e-10
87.38056075858388	0.00794328234724283	4.2272460118580404e-11
100.00000000000031	0.00794328234724283	2.3805961730589613e-12
111.55639876771902	0.00794328234724283	1.4690037142977304e-13
138.21730389017998	0.00794328234724283	6.05761826379219e-17
171.24990861750976	0.00794328234724283	8.67964680848088e-19
212.17698780180757	0.00794328234724283	1.5920722707909634e-19
262.885244821937	0.00794328234724283	2.3069484326548557e-20
325.7122869971341	0.00794328234724283	1.2434789132945098e-21
403.5543872869759	0.00794328234724283	1.834486218601876e-23
499.9999999999984	0.00794328234724283	0
1000	0.00794328234724283	0
2000	0.00794328234724283	0
1.	0.009120108393559116	1.3526897479557412
1.9999999999999998	0.009120108393559116	0.9011138370762652
2.288838595949997	0.009120108393559116	0.8217942428259005
2.6193910591551774	0.009120108393559116	0.7533276800443353
2.9976816770403563	0.009120108393559116	0.6856005664226203
3.4306047603910415	0.009120108393559116	0.606063043269762
3.926050291516404	0.009120108393559116	0.518939858014042
4.493047718431742	0.009120108393559116	0.44487621094168917
5.141930515695824	0.009120108393559116	0.37316285148620304
5.884524511008838	0.009120108393559116	0.27373452878132476
6.734363409805407	0.009120108393559116	0.19714587692965174
7.706935445758021	0.009120108393559116	0.17298708079784347
8.819965652373028	0.009120108393559116	0.12293816599568154
10.093738900052346	0.009120108393559116	0.054492154951613886
11.551469585940843	0.009120108393559116	0.01589770086342446
13.219724714121972	0.009120108393559116	0.0047832517444582326
15.128908076758211	0.009120108393559116	0.0019172859425993477
17.313814360331925	0.009120108393559116	0.0009321966314297511
19.814263275520517	0.009120108393559116	0.00037942703042706153
22.675825267662994	0.009120108393559116	0.00008065579191241544
25.950652033822625	0.009120108393559116	0.00003021783260282058
29.698426982540767	0.009120108393559116	0.000010802350762501117
33.98745295832107	0.009120108393559116	3.3292212594991353e-6
38.895897054520105	0.009120108393559116	1.0131583159284544e-6
44.51321520124173	0.009120108393559116	2.251335970980402e-7
50.941782491215115	0.009120108393559116	5.286653003872497e-8
58.29875895619149	0.009120108393559116	1.2401980962384653e-8
66.71822479745835	0.009120108393559116	2.8146711570600483e-9
76.35362398484546	0.009120108393559116	4.837369449031933e-10
87.38056075858388	0.009120108393559116	4.978435080415043e-11
100.00000000000031	0.009120108393559116	2.812528787462484e-12
111.55639876771902	0.009120108393559116	1.738628781912874e-13
138.21730389017998	0.009120108393559116	7.207024010744865e-17
171.24990861750976	0.009120108393559116	1.0150623565600805e-18
212.17698780180757	0.009120108393559116	1.8614353559773415e-19
262.885244821937	0.009120108393559116	2.6973331891036532e-20
325.7122869971341	0.009120108393559116	1.4541582636114013e-21
403.5543872869759	0.009120108393559116	2.1458347003924705e-23
499.9999999999984	0.009120108393559116	0
1000	0.009120108393559116	0
2000	0.009120108393559116	0
1.	0.010471285480509017	1.5367780218229155
1.9999999999999998	0.010471285480509017	1.0360185503397374
2.288838595949997	0.010471285480509017	0.9391072104661016
2.6193910591551774	0.010471285480509017	0.8582606698718531
2.9976816770403563	0.010471285480509017	0.7859216082273324
3.4306047603910415	0.010471285480509017	0.7049300248329312
3.926050291516404	0.010471285480509017	0.6099329757009642
4.493047718431742	0.010471285480509017	0.5194825622628608
5.141930515695824	0.010471285480509017	0.4397022103052481
5.884524511008838	0.010471285480509017	0.3321708421234758
6.734363409805407	0.010471285480509017	0.23233650733020128
7.706935445758021	0.010471285480509017	0.19967286619340385
8.819965652373028	0.010471285480509017	0.1491339159167737
10.093738900052346	0.010471285480509017	0.06895324356016974
11.551469585940843	0.010471285480509017	0.020198371008617787
13.219724714121972	0.010471285480509017	0.005858262315889352
15.128908076758211	0.010471285480509017	0.002294531545431077
17.313814360331925	0.010471285480509017	0.0011040544543704646
19.814263275520517	0.010471285480509017	0.0004599995935301804
22.675825267662994	0.010471285480509017	0.00009811643053349268
25.950652033822625	0.010471285480509017	0.000035667756119773946
29.698426982540767	0.010471285480509017	0.000012781623159638117
33.98745295832107	0.010471285480509017	3.948240232106987e-6
38.895897054520105	0.010471285480509017	1.192087187880647e-6
44.51321520124173	0.010471285480509017	2.6846259829022235e-7
50.941782491215115	0.010471285480509017	6.254014997013203e-8
58.29875895619149	0.010471285480509017	1.4595024999126912e-8
66.71822479745835	0.010471285480509017	3.3112735263748294e-9
76.35362398484546	0.010471285480509017	5.698094581845506e-10
87.38056075858388	0.010471285480509017	5.875914061584989e-11
100.00000000000031	0.010471285480509017	3.3301098170381416e-12
111.55639876771902	0.010471285480509017	2.0633470049883553e-13
138.21730389017998	0.010471285480509017	8.604560226777459e-17
171.24990861750976	0.010471285480509017	1.1881564782222452e-18
212.17698780180757	0.010471285480509017	2.1782520637604925e-19
262.885244821937	0.010471285480509017	3.1565250562760076e-20
325.7122869971341	0.010471285480509017	1.702051156551788e-21
403.5543872869759	0.010471285480509017	2.512359343387201e-23
499.9999999999984	0.010471285480509017	0
1000	0.010471285480509017	0
2000	0.010471285480509017	0
1.	0.012022644346174156	1.7033231566648446
1.9999999999999998	0.012022644346174156	1.1865340439866767
2.288838595949997	0.012022644346174156	1.071004213454871
2.6193910591551774	0.012022644346174156	0.9736589644846704
2.9976816770403563	0.012022644346174156	0.8938686187853753
3.4306047603910415	0.012022644346174156	0.815404924957098
3.926050291516404	0.012022644346174156	0.7150628680095998
4.493047718431742	0.012022644346174156	0.6078000142644655
5.141930515695824	0.012022644346174156	0.5159211021747256
5.884524511008838	0.012022644346174156	0.40247243772309194
6.734363409805407	0.012022644346174156	0.27712430504198154
7.706935445758021	0.012022644346174156	0.22988007972085062
8.819965652373028	0.012022644346174156	0.1805261227772299
10.093738900052346	0.012022644346174156	0.0878644681006916
11.551469585940843	0.012022644346174156	0.02604959443293619
13.219724714121972	0.012022644346174156	0.007276598014485169
15.128908076758211	0.012022644346174156	0.0027662194501331923
17.313814360331925	0.012022644346174156	0.001312552081980529
19.814263275520517	0.012022644346174156	0.0005585710771111728
22.675825267662994	0.012022644346174156	0.00011995912580343587
25.950652033822625	0.012022644346174156	0.00004223613644022426
29.698426982540767	0.012022644346174156	0.000015205109114910572
33.98745295832107	0.012022644346174156	4.709097429648559e-6
38.895897054520105	0.012022644346174156	1.4104676134247921e-6
44.51321520124173	0.012022644346174156	3.2215752004493735e-7
50.941782491215115	0.012022644346174156	7.444563018540179e-8
58.29875895619149	0.012022644346174156	1.7277767752835296e-8
66.71822479745835	0.012022644346174156	3.916283552212017e-9
76.35362398484546	0.012022644346174156	6.750655141548549e-10
87.38056075858388	0.012022644346174156	6.977904157052817e-11
100.00000000000031	0.012022644346174156	3.967289208333476e-12
111.55639876771902	0.012022644346174156	2.465326131897412e-13
138.21730389017998	0.012022644346174156	1.0351842030629465e-16
171.24990861750976	0.012022644346174156	1.3973176951884943e-18
212.17698780180757	0.012022644346174156	2.56088560147652e-19
262.885244821937	0.012022644346174156	3.711132333093957e-20
325.7122869971341	0.012022644346174156	2.001573234177414e-21
403.5543872869759	0.012022644346174156	2.9554494279653085e-23
499.9999999999984	0.012022644346174156	0
1000	0.012022644346174156	0
2000	0.012022644346174156	0
1.	0.01380384264602888	1.8301113902551196
1.9999999999999998	0.01380384264602888	1.3489634459225819
2.288838595949997	0.01380384264602888	1.217684005042432
2.6193910591551774	0.01380384264602888	1.1017027556286578
2.9976816770403563	0.01380384264602888	1.0112622878188924
3.4306047603910415	0.01380384264602888	0.931446530623265
3.926050291516404	0.01380384264602888	0.832473559015049
4.493047718431742	0.01380384264602888	0.7115340375545991
5.141930515695824	0.01380384264602888	0.6035210620836946
5.884524511008838	0.01380384264602888	0.4869442406529727
6.734363409805407	0.01380384264602888	0.33619538228358636
7.706935445758021	0.01380384264602888	0.26436217671814255
8.819965652373028	0.01380384264602888	0.21788005387773782
10.093738900052346	0.01380384264602888	0.11267258194805667
11.551469585940843	0.01380384264602888	0.034273075984993885
13.219724714121972	0.01380384264602888	0.009140317822844673
15.128908076758211	0.01380384264602888	0.0033616292179954772
17.313814360331925	0.01380384264602888	0.0015701015221667245
19.814263275520517	0.01380384264602888	0.0006792021298048068
22.675825267662994	0.01380384264602888	0.00014909902118675898
25.950652033822625	0.01380384264602888	0.00005019075214491355
29.698426982540767	0.01380384264602888	0.000018223399056036606
33.98745295832107	0.01380384264602888	5.605231499684921e-6
38.895897054520105	0.01380384264602888	1.6658966524385587e-6
44.51321520124173	0.01380384264602888	3.860878061977576e-7
50.941782491215115	0.01380384264602888	8.850464053804703e-8
58.29875895619149	0.01380384264602888	2.0420792225410182e-8
66.71822479745835	0.01380384264602888	4.621707986084777e-9
76.35362398484546	0.01380384264602888	7.983193013719651e-10
87.38056075858388	0.01380384264602888	8.275130430222418e-11
100.00000000000031	0.01380384264602888	4.720084194718643e-12
111.55639876771902	0.01380384264602888	2.943669997984682e-13
138.21730389017998	0.01380384264602888	1.2457809951822395e-16
171.24990861750976	0.01380384264602888	1.638413630557815e-18
212.17698780180757	0.01380384264602888	3.001647470414349e-19
262.885244821937	0.01380384264602888	4.350042056297076e-20
325.7122869971341	0.01380384264602888	2.3467916841760235e-21
403.5543872869759	0.01380384264602888	3.4664918736804014e-23
499.9999999999984	0.01380384264602888	0
1000	0.01380384264602888	0
2000	0.01380384264602888	0
1.	0.015848931924611172	1.8967798647204628
1.9999999999999998	0.015848931924611172	1.514212097444643
2.288838595949997	0.015848931924611172	1.3791428981355276
2.6193910591551774	0.015848931924611172	1.2459918124493516
2.9976816770403563	0.015848931924611172	1.1358015019673144
3.4306047603910415	0.015848931924611172	1.0504507576566973
3.926050291516404	0.015848931924611172	0.9581727008255692
4.493047718431742	0.015848931924611172	0.8338623732892692
5.141930515695824	0.015848931924611172	0.7062905367642173
5.884524511008838	0.015848931924611172	0.5848125648767178
6.734363409805407	0.015848931924611172	0.4145599606144959
7.706935445758021	0.015848931924611172	0.3046612252254788
8.819965652373028	0.015848931924611172	0.25971182149197214
10.093738900052346	0.015848931924611172	0.14499692730409408
11.551469585940843	0.015848931924611172	0.04579519521895189
13.219724714121972	0.015848931924611172	0.011664051867564734
15.128908076758211	0.015848931924611172	0.004121265088105317
17.313814360331925	0.015848931924611172	0.0018884592740793299
19.814263275520517	0.015848931924611172	0.0008252289997246485
22.675825267662994	0.015848931924611172	0.0001867116912072144
25.950652033822625	0.015848931924611172	0.00005994722140810817
29.698426982540767	0.015848931924611172	0.000021984868300618145
33.98745295832107	0.015848931924611172	6.713246029271608e-6
38.895897054520105	0.015848931924611172	1.9811764825756747e-6
44.51321520124173	0.015848931924611172	4.6597653508568694e-7
50.941782491215115	0.015848931924611172	1.0596601572636158e-7
58.29875895619149	0.015848931924611172	2.4299885505028346e-8
66.71822479745835	0.015848931924611172	5.488489383788525e-9
76.35362398484546	0.015848931924611172	9.502832910754249e-10
87.38056075858388	0.015848931924611172	9.88243914045551e-11
100.00000000000031	0.015848931924611172	5.6559222582831545e-12
111.55639876771902	0.015848931924611172	3.5424935329070715e-13
138.21730389017998	0.015848931924611172	1.5126906601496322e-16
171.24990861750976	0.015848931924611172	1.9312465379255687e-18
212.17698780180757	0.015848931924611172	3.5366461588421403e-19
262.885244821937	0.015848931924611172	5.1256098455736466e-20
325.7122869971341	0.015848931924611172	2.7660472504540067e-21
403.5543872869759	0.015848931924611172	4.087541033414577e-23
499.9999999999984	0.015848931924611172	0
1000	0.015848931924611172	0
2000	0.015848931924611172	0
1.	0.01819700858609988	1.8868296968113099
1.9999999999999998	0.01819700858609988	1.6684803569792046
2.288838595949997	0.01819700858609988	1.5440110769009014
2.6193910591551774	0.01819700858609988	1.401990147743324
2.9976816770403563	0.01819700858609988	1.2705900887198223
3.4306047603910415	0.01819700858609988	1.1713896120866787
3.926050291516404	0.01819700858609988	1.0879703514629158
4.493047718431742	0.01819700858609988	0.9716279291905866
5.141930515695824	0.01819700858609988	0.825525346968885
5.884524511008838	0.01819700858609988	0.6928284344945315
6.734363409805407	0.01819700858609988	0.5135528386888423
7.706935445758021	0.01819700858609988	0.35692695751435854
8.819965652373028	0.01819700858609988	0.3072193583644523
10.093738900052346	0.01819700858609988	0.1872538400452517
11.551469585940843	0.01819700858609988	0.06237968189897078
13.219724714121972	0.01819700858609988	0.01530538407737235
15.128908076758211	0.01819700858609988	0.0051025737580718735
17.313814360331925	0.01819700858609988	0.0022841842122634315
19.814263275520517	0.01819700858609988	0.001000569545554078
22.675825267662994	0.01819700858609988	0.00023593794500910756
25.950652033822625	0.01819700858609988	0.00007206134906195608
29.698426982540767	0.01819700858609988	0.000026719701487475434
33.98745295832107	0.01819700858609988	8.076279980040905e-6
38.895897054520105	0.01819700858609988	2.3696169978434393e-6
44.51321520124173	0.01819700858609988	5.655281846106995e-7
50.941782491215115	0.01819700858609988	1.2755850252642585e-7
58.29875895619149	0.01819700858609988	2.9066540408233842e-8
66.71822479745835	0.01819700858609988	6.549681928235295e-9
76.35362398484546	0.01819700858609988	1.1368578484289895e-9
87.38056075858388	0.01819700858609988	1.186629343114921e-10
100.00000000000031	0.01819700858609988	6.816244521358661e-12
111.55639876771902	0.01819700858609988	4.2907135774144227e-13
138.21730389017998	0.01819700858609988	1.8508572552312995e-16
171.24990861750976	0.01819700858609988	2.2846040067226435e-18
212.17698780180757	0.01819700858609988	4.1817109516804327e-19
262.885244821937	0.01819700858609988	6.06082459998628e-20
325.7122869971341	0.01819700858609988	3.271888757068733e-21
403.5543872869759	0.01819700858609988	4.837450973344007e-23
499.9999999999984	0.01819700858609988	0
1000	0.01819700858609988	0
2000	0.01819700858609988	0
1.	0.02089296130854045	1.7916313662562868
1.9999999999999998	0.02089296130854045	1.780568391348034
2.288838595949997	0.02089296130854045	1.6921683034064343
2.6193910591551774	0.02089296130854045	1.5638972709699994
2.9976816770403563	0.02089296130854045	1.4191074120004874
3.4306047603910415	0.02089296130854045	1.3012573276482327
3.926050291516404	0.02089296130854045	1.2171080948720026
4.493047718431742	0.02089296130854045	1.1163883277348325
5.141930515695824	0.02089296130854045	0.9634049174839858
5.884524511008838	0.02089296130854045	0.8140613113453159
6.734363409805407	0.02089296130854045	0.6353225230351878
7.706935445758021	0.02089296130854045	0.4272879643634869
8.819965652373028	0.02089296130854045	0.35877752766165705
10.093738900052346	0.02089296130854045	0.24137108810246938
11.551469585940843	0.02089296130854045	0.08640918826662244
13.219724714121972	0.02089296130854045	0.020376846467359745
15.128908076758211	0.02089296130854045	0.006413987751377361
17.313814360331925	0.02089296130854045	0.0027816038820346993
19.814263275520517	0.02089296130854045	0.0012181398403969313
22.675825267662994	0.02089296130854045	0.00030169840256857026
25.950652033822625	0.02089296130854045	0.00008737601938549192
29.698426982540767	0.02089296130854045	0.000032614671889969425
33.98745295832107	0.02089296130854045	9.80344540455313e-6
38.895897054520105	0.02089296130854045	2.8649485900176837e-6
44.51321520124173	0.02089296130854045	6.934836696229252e-7
50.941782491215115	0.02089296130854045	1.550496750578642e-7
58.29875895619149	0.02089296130854045	3.510837227291625e-8
66.71822479745835	0.02089296130854045	7.892037872750491e-9
76.35362398484546	0.02089296130854045	1.3732037472063926e-9
87.38056075858388	0.02089296130854045	1.4391789934200634e-10
100.00000000000031	0.02089296130854045	8.30160747099411e-12
111.55639876771902	0.02089296130854045	5.255575575464938e-13
138.21730389017998	0.02089296130854045	2.293141994873937e-16
171.24990861750976	0.02089296130854045	2.7245213025735288e-18
212.17698780180757	0.02089296130854045	4.984149100386604e-19
262.885244821937	0.02089296130854045	7.224313574135709e-20
325.7122869971341	0.02089296130854045	3.901556379678438e-21
403.5543872869759	0.02089296130854045	5.771693039678907e-23
499.9999999999984	0.02089296130854045	0
1000	0.02089296130854045	0
2000	0.02089296130854045	0
1.	0.023988329190194974	1.6205779854330267
1.9999999999999998	0.023988329190194974	1.8224695687998773
2.288838595949997	0.023988329190194974	1.7951503225274386
2.6193910591551774	0.023988329190194974	1.7120504666352674
2.9976816770403563	0.023988329190194974	1.5829307309037324
3.4306047603910415	0.023988329190194974	1.4438002910537908
3.926050291516404	0.023988329190194974	1.3406810122173054
4.493047718431742	0.023988329190194974	1.2585814329226324
5.141930515695824	0.023988329190194974	1.1251012487079186
5.884524511008838	0.023988329190194974	0.9531853424008283
6.734363409805407	0.023988329190194974	0.7762843866338393
7.706935445758021	0.023988329190194974	0.5280872988377902
8.819965652373028	0.023988329190194974	0.41308298535138
10.093738900052346	0.023988329190194974	0.3075086590775886
11.551469585940843	0.023988329190194974	0.12080129982516002
13.219724714121972	0.023988329190194974	0.027952741563072144
15.128908076758211	0.023988329190194974	0.008179112448559473
17.313814360331925	0.023988329190194974	0.003402215687522297
19.814263275520517	0.023988329190194974	0.0014833809710600259
22.675825267662994	0.023988329190194974	0.000392746819950449
25.950652033822625	0.023988329190194974	0.00010710839612451418
29.698426982540767	0.023988329190194974	0.00003993259706183827
33.98745295832107	0.023988329190194974	0.000011951728952845653
38.895897054520105	0.023988329190194974	3.4872051877140455e-6
44.51321520124173	0.023988329190194974	8.555767506098351e-7
50.941782491215115	0.023988329190194974	1.8935360042525172e-7
58.29875895619149	0.023988329190194974	4.2621161237224286e-8
66.71822479745835	0.023988329190194974	9.560056683639442e-9
76.35362398484546	0.023988329190194974	1.6670814153626428e-9
87.38056075858388	0.023988329190194974	1.754902415557408e-10
100.00000000000031	0.023988329190194974	1.0173712972862329e-11
111.55639876771902	0.023988329190194974	6.481405752969007e-13
138.21730389017998	0.023988329190194974	2.864581402038484e-16
171.24990861750976	0.023988329190194974	3.2601206673218948e-18
212.17698780180757	0.023988329190194974	5.960133121103759e-19
262.885244821937	0.023988329190194974	8.639558945907407e-20
325.7122869971341	0.023988329190194974	4.668035200248149e-21
403.5543872869759	0.023988329190194974	6.91007949941514e-23
499.9999999999984	0.023988329190194974	0
1000	0.023988329190194974	0
2000	0.023988329190194974	0
1.	0.027542287033381744	1.3753008948936762
1.9999999999999998	0.027542287033381744	1.7699701915440231
2.288838595949997	0.027542287033381744	1.8182496810330973
2.6193910591551774	0.027542287033381744	1.8128794211847892
2.9976816770403563	0.027542287033381744	1.7375389026075407
3.4306047603910415	0.027542287033381744	1.5998681737353486
3.926050291516404	0.027542287033381744	1.469059492413102
4.493047718431742	0.027542287033381744	1.3928198170155561
5.141930515695824	0.027542287033381744	1.2916692655591238
5.884524511008838	0.027542287033381744	1.1091984758856774
6.734363409805407	0.027542287033381744	0.929302520236944
7.706935445758021	0.027542287033381744	0.6664717258566092
8.819965652373028	0.027542287033381744	0.47835849663389285
10.093738900052346	0.027542287033381744	0.38560296254550697
11.551469585940843	0.027542287033381744	0.1700343179946785
13.219724714121972	0.027542287033381744	0.039827178684147396
15.128908076758211	0.027542287033381744	0.010627167379143924
17.313814360331925	0.027542287033381744	0.004218873260291493
19.814263275520517	0.027542287033381744	0.0018229339506969876
22.675825267662994	0.027542287033381744	0.0005174025790109082
25.950652033822625	0.027542287033381744	0.00013296953641697842
29.698426982540767	0.027542287033381744	0.00004883155241667681
33.98745295832107	0.027542287033381744	0.000014637765234846808
38.895897054520105	0.027542287033381744	4.27624656187361e-6
44.51321520124173	0.027542287033381744	1.0625868449031382e-6
50.941782491215115	0.027542287033381744	2.3226995738641686e-7
58.29875895619149	0.027542287033381744	5.200761519859884e-8
66.71822479745835	0.027542287033381744	1.164574393145337e-8
76.35362398484546	0.027542287033381744	2.0343808139746875e-9
87.38056075858388	0.027542287033381744	2.151626710232299e-10
100.00000000000031	0.027542287033381744	1.2551394954067352e-11
111.55639876771902	0.027542287033381744	8.050340930969786e-13
138.21730389017998	0.027542287033381744	3.609546342348779e-16
171.24990861750976	0.027542287033381744	3.9142260233045165e-18
212.17698780180757	0.027542287033381744	7.150626959185391e-19
262.885244821937	0.027542287033381744	1.0366084253567599e-19
325.7122869971341	0.027542287033381744	5.603869598636053e-21
403.5543872869759	0.027542287033381744	8.301635378288748e-23
499.9999999999984	0.027542287033381744	0
1000	0.027542287033381744	0
2000	0.027542287033381744	0
1.	0.03162277660168389	1.1171314803929102
1.9999999999999998	0.03162277660168389	1.617670873315413
2.288838595949997	0.03162277660168389	1.7380998741867182
2.6193910591551774	0.03162277660168389	1.828919945904315
2.9976816770403563	0.03162277660168389	1.842449070471234
3.4306047603910415	0.03162277660168389	1.7577877739055432
3.926050291516404	0.03162277660168389	1.62034907954565
4.493047718431742	0.03162277660168389	1.5173996998989876
5.141930515695824	0.03162277660168389	1.4457790119427996
5.884524511008838	0.03162277660168389	1.2954978605549778
6.734363409805407	0.03162277660168389	1.0936981772210375
7.706935445758021	0.03162277660168389	0.8426681651477119
8.819965652373028	0.03162277660168389	0.5613556229201722
10.093738900052346	0.03162277660168389	0.4705243558796442
11.551469585940843	0.03162277660168389	0.23979241398103782
13.219724714121972	0.03162277660168389	0.05904580809043978
15.128908076758211	0.03162277660168389	0.014108847443577186
17.313814360331925	0.03162277660168389	0.00529224644170123
19.814263275520517	0.03162277660168389	0.002261941989245168
22.675825267662994	0.03162277660168389	0.0006920129478069719
25.950652033822625	0.03162277660168389	0.0001669894949195138
29.698426982540767	0.03162277660168389	0.00005937328025356716
33.98745295832107	0.03162277660168389	0.00001815643188667168
38.895897054520105	0.03162277660168389	5.327429008424012e-6
44.51321520124173	0.03162277660168389	1.339431176584389e-6
50.941782491215115	0.03162277660168389	2.883402413476974e-7
58.29875895619149	0.03162277660168389	6.428912383033627e-8
66.71822479745835	0.03162277660168389	1.4378633538724781e-8
76.35362398484546	0.03162277660168389	2.514926283337197e-9
87.38056075858388	0.03162277660168389	2.673217822936021e-10
100.00000000000031	0.03162277660168389	1.57153339255924e-11
111.55639876771902	0.03162277660168389	1.0151243900050837e-12
138.21730389017998	0.03162277660168389	4.625310960987561e-16
171.24990861750976	0.03162277660168389	4.751587601331146e-18
212.17698780180757	0.03162277660168389	8.672900818566153e-19
262.885244821937	0.03162277660168389	1.2574076051541507e-19
325.7122869971341	0.03162277660168389	6.801629067330812e-21
403.5543872869759	0.03162277660168389	1.0084661990229515e-22
499.9999999999984	0.03162277660168389	0
1000	0.03162277660168389	0
2000	0.03162277660168389	0
1.	0.03630780547701025	0.8722497686258194
1.9999999999999998	0.03630780547701025	1.383189718782796
2.288838595949997	0.03630780547701025	1.5548388953792274
2.6193910591551774	0.03630780547701025	1.7231601300267099
2.9976816770403563	0.03630780547701025	1.8493299696540035
3.4306047603910415	0.03630780547701025	1.874879146072015
3.926050291516404	0.03630780547701025	1.7846900688740601
4.493047718431742	0.03630780547701025	1.6498307043677485
5.141930515695824	0.03630780547701025	1.5806400587586462
5.884524511008838	0.03630780547701025	1.489029037346954
6.734363409805407	0.03630780547701025	1.2756194156713803
7.706935445758021	0.03630780547701025	1.0454812898051922
8.819965652373028	0.03630780547701025	0.6942955703500107
10.093738900052346	0.03630780547701025	0.555930173424942
11.551469585940843	0.03630780547701025	0.3343347472546025
13.219724714121972	0.03630780547701025	0.09069822715881355
15.128908076758211	0.03630780547701025	0.01926136188230575
17.313814360331925	0.03630780547701025	0.006737589703057354
19.814263275520517	0.03630780547701025	0.002844007962096966
22.675825267662994	0.03630780547701025	0.000940697726043176
25.950652033822625	0.03630780547701025	0.00021151674039292308
29.698426982540767	0.03630780547701025	0.0000724098058453491
33.98745295832107	0.03630780547701025	0.000022908549210197467
38.895897054520105	0.03630780547701025	6.773070819683619e-6
44.51321520124173	0.03630780547701025	1.720607644363117e-6
50.941782491215115	0.03630780547701025	3.6375156300687e-7
58.29875895619149	0.03630780547701025	8.08366787204689e-8
66.71822479745835	0.03630780547701025	1.8060215929272693e-8
76.35362398484546	0.03630780547701025	3.161158115856364e-9
87.38056075858388	0.03630780547701025	3.3785745594484493e-10
100.00000000000031	0.03630780547701025	2.0051524869230874e-11
111.55639876771902	0.03630780547701025	1.3047282323869479e-12
138.21730389017998	0.03630780547701025	6.052850530731778e-16
171.24990861750976	0.03630780547701025	5.853067354252294e-18
212.17698780180757	0.03630780547701025	1.0672764170389605e-18
262.885244821937	0.03630780547701025	1.5475143779812366e-19
325.7122869971341	0.03630780547701025	8.376730522374062e-21
403.5543872869759	0.03630780547701025	1.243222993637664e-22
499.9999999999984	0.03630780547701025	1.0058030704016162e-25
1000	0.03630780547701025	0
2000	0.03630780547701025	0
1.	0.04168693834703368	0.6450108599579192
1.9999999999999998	0.04168693834703368	1.1069981581862787
2.288838595949997	0.04168693834703368	1.2894371336263937
2.6193910591551774	0.04168693834703368	1.5039187814650312
2.9976816770403563	0.04168693834703368	1.7223190880682768
3.4306047603910415	0.04168693834703368	1.887289447622742
3.926050291516404	0.04168693834703368	1.9204301390999143
4.493047718431742	0.04168693834703368	1.8086414152600947
5.141930515695824	0.04168693834703368	1.7008308706200266
5.884524511008838	0.04168693834703368	1.6561299599502624
6.734363409805407	0.04168693834703368	1.4941705163334331
7.706935445758021	0.04168693834703368	1.2538324710892952
8.819965652373028	0.04168693834703368	0.8893230264697826
10.093738900052346	0.04168693834703368	0.6411567328578713
11.551469585940843	0.04168693834703368	0.45601274178987683
13.219724714121972	0.04168693834703368	0.14167302995678333
15.128908076758211	0.04168693834703368	0.027293316699797558
17.313814360331925	0.04168693834703368	0.008764987999619745
19.814263275520517	0.04168693834703368	0.0036066119860171655
22.675825267662994	0.04168693834703368	0.0012866049450333897
25.950652033822625	0.04168693834703368	0.0002705723985645837
29.698426982540767	0.04168693834703368	0.00008936226274282098
33.98745295832107	0.04168693834703368	0.000029080909871222266
38.895897054520105	0.04168693834703368	8.690204707776419e-6
44.51321520124173	0.04168693834703368	2.2255858018563024e-6
50.941782491215115	0.04168693834703368	4.6138121370228595e-7
58.29875895619149	0.04168693834703368	1.0222858038179964e-7
66.71822479745835	0.04168693834703368	2.2799234805322897e-8
76.35362398484546	0.04168693834703368	3.991894815980396e-9
87.38056075858388	0.04168693834703368	4.2934103817300894e-10
100.00000000000031	0.04168693834703368	2.57685778768678e-11
111.55639876771902	0.04168693834703368	1.6894675454354002e-12
138.21730389017998	0.04168693834703368	7.997928359039717e-16
171.24990861750976	0.04168693834703368	7.228087432026093e-18
212.17698780180757	0.04168693834703368	1.3164871995421344e-18
262.885244821937	0.04168693834703368	1.9090808722078848e-19
325.7122869971341	0.04168693834703368	1.0342190591680026e-20
403.5543872869759	0.04168693834703368	1.5366587752394424e-22
499.9999999999984	0.04168693834703368	1.2457756233509533e-25
1000	0.04168693834703368	0
2000	0.04168693834703368	0
1.	0.047863009232264	0.46139883436971296
1.9999999999999998	0.047863009232264	0.8103607197615794
2.288838595949997	0.047863009232264	0.9706188998882463
2.6193910591551774	0.047863009232264	1.2091803394322826
2.9976816770403563	0.047863009232264	1.4725206435533655
3.4306047603910415	0.047863009232264	1.74704160504736
3.926050291516404	0.047863009232264	1.9520898079032454
4.493047718431742	0.047863009232264	1.9641300289387358
5.141930515695824	0.047863009232264	1.8460501754782297
5.884524511008838	0.047863009232264	1.78813974761267
6.734363409805407	0.047863009232264	1.7130393831118855
7.706935445758021	0.047863009232264	1.4705614556739741
8.819965652373028	0.047863009232264	1.147441621730644
10.093738900052346	0.047863009232264	0.7496281812145622
11.551469585940843	0.047863009232264	0.5975733545865627
13.219724714121972	0.047863009232264	0.22390679745483832
15.128908076758211	0.047863009232264	0.04101412387451142
17.313814360331925	0.047863009232264	0.011603565333723555
19.814263275520517	0.047863009232264	0.004609084487357449
22.675825267662994	0.047863009232264	0.0017350600972571135
25.950652033822625	0.047863009232264	0.00035381238774411726
29.698426982540767	0.047863009232264	0.00011222856726399069
33.98745295832107	0.047863009232264	0.000036926238213226195
38.895897054520105	0.047863009232264	0.000011181588390515725
44.51321520124173	0.047863009232264	2.8766763589411158e-6
50.941782491215115	0.047863009232264	5.855915376182837e-7
58.29875895619149	0.047863009232264	1.292243222591186e-7
66.71822479745835	0.047863009232264	2.8716618205083285e-8
76.35362398484546	0.047863009232264	5.028396327691948e-9
87.38056075858388	0.047863009232264	5.449933320734038e-10
100.00000000000031	0.047863009232264	3.312271772588597e-11
111.55639876771902	0.047863009232264	2.1891447898269173e-12
138.21730389017998	0.047863009232264	1.0602916142917952e-15
171.24990861750976	0.047863009232264	8.884005025106995e-18
212.17698780180757	0.047863009232264	1.6159037702800413e-18
262.885244821937	0.047863009232264	2.3436103217803923e-19
325.7122869971341	0.047863009232264	1.2707832746362343e-20
403.5543872869759	0.047863009232264	1.8905913396629072e-22
499.9999999999984	0.047863009232264	1.5363449191403623e-25
1000	0.047863009232264	0
2000	0.047863009232264	0
1.	0.05495408738576265	0.3341822263041605
1.9999999999999998	0.05495408738576265	0.5951163828956745
2.288838595949997	0.05495408738576265	0.7239948122364853
2.6193910591551774	0.05495408738576265	0.9035782336354522
2.9976816770403563	0.05495408738576265	1.1500218000533282
3.4306047603910415	0.05495408738576265	1.4666037002295367
3.926050291516404	0.05495408738576265	1.7997903859775535
4.493047718431742	0.05495408738576265	2.023568993789674
5.141930515695824	0.05495408738576265	2.0117196280343252
5.884524511008838	0.05495408738576265	1.9004697561735533
6.734363409805407	0.05495408738576265	1.8921790654773698
7.706935445758021	0.05495408738576265	1.716520385019027
8.819965652373028	0.05495408738576265	1.4236306527535305
10.093738900052346	0.05495408738576265	0.9330824532618771
11.551469585940843	0.05495408738576265	0.7374548327381938
13.219724714121972	0.05495408738576265	0.3506260907549993
15.128908076758211	0.05495408738576265	0.06604916982643051
17.313814360331925	0.05495408738576265	0.015830835788978113
19.814263275520517	0.05495408738576265	0.005959662576993179
22.675825267662994	0.05495408738576265	0.0023146347685114145
25.950652033822625	0.05495408738576265	0.00047417474300057876
29.698426982540767	0.05495408738576265	0.00014371633161565326
33.98745295832107	0.05495408738576265	0.000046376550803969246
38.895897054520105	0.05495408738576265	0.000014249298690679975
44.51321520124173	0.05495408738576265	3.6651231133601713e-6
50.941782491215115	0.05495408738576265	7.364273254558853e-7
58.29875895619149	0.05495408738576265	1.6135181814819935e-7
66.71822479745835	0.05495408738576265	3.562475037175359e-8
76.35362398484546	0.05495408738576265	6.239236382588065e-9
87.38056075858388	0.05495408738576265	6.827693093979131e-10
100.00000000000031	0.05495408738576265	4.204420256099195e-11
111.55639876771902	0.05495408738576265	2.803616965027326e-12
138.21730389017998	0.05495408738576265	1.3935037343887884e-15
171.24990861750976	0.05495408738576265	1.072806124282271e-17
212.17698780180757	0.05495408738576265	1.948261359840745e-18
262.885244821937	0.05495408738576265	2.8260683736140526e-19
325.7122869971341	0.05495408738576265	1.534001139245799e-20
403.5543872869759	0.05495408738576265	2.2855692628275645e-22
499.9999999999984	0.05495408738576265	1.8623472818794334e-25
1000	0.05495408738576265	0
2000	0.05495408738576265	0
1.	0.06309573444801955	0.2591998708664512
1.9999999999999998	0.06309573444801955	0.4167855754571516
2.288838595949997	0.06309573444801955	0.505008006225711
2.6193910591551774	0.06309573444801955	0.6350007967310335
2.9976816770403563	0.06309573444801955	0.8298111082181754
3.4306047603910415	0.06309573444801955	1.1118723560651929
3.926050291516404	0.06309573444801955	1.4872987496342773
4.493047718431742	0.06309573444801955	1.8854371226065538
5.141930515695824	0.06309573444801955	2.1134095691582444
5.884524511008838	0.06309573444801955	2.0606402625774973
6.734363409805407	0.06309573444801955	2.0067902673232823
7.706935445758021	0.06309573444801955	1.967890790122829
8.819965652373028	0.06309573444801955	1.6815120840941955
10.093738900052346	0.06309573444801955	1.224761555302588
11.551469585940843	0.06309573444801955	0.8617001148769378
13.219724714121972	0.06309573444801955	0.5312540350215978
15.128908076758211	0.06309573444801955	0.2373890931372518
17.313814360331925	0.06309573444801955	0.0224630559453763
19.814263275520517	0.06309573444801955	0.00785277474458906
22.675825267662994	0.06309573444801955	0.0030349851434675616
25.950652033822625	0.06309573444801955	0.0006549609023692006
29.698426982540767	0.06309573444801955	0.00018730941075956648
33.98745295832107	0.06309573444801955	0.00005848617346404575
38.895897054520105	0.06309573444801955	0.000018212598464127462
44.51321520124173	0.06309573444801955	4.6609072335237535e-6
50.941782491215115	0.06309573444801955	9.324355422931002e-7
58.29875895619149	0.06309573444801955	2.018129043015831e-7
66.71822479745835	0.06309573444801955	4.411789783043464e-8
76.35362398484546	0.06309573444801955	7.73336849173896e-9
87.38056075858388	0.06309573444801955	8.563401295042805e-10
100.00000000000031	0.06309573444801955	5.341273290645377e-11
111.55639876771902	0.06309573444801955	3.5983110330162905e-12
138.21730389017998	0.06309573444801955	1.8414568016313525e-15
171.24990861750976	0.06309573444801955	1.289775305730418e-17
212.17698780180757	0.06309573444801955	2.337979829938224e-18
262.885244821937	0.06309573444801955	3.391988623254767e-19
325.7122869971341	0.06309573444801955	1.843406347212368e-20
403.5543872869759	0.06309573444801955	2.7512195796417936e-22
499.9999999999984	0.06309573444801955	2.2487187578669536e-25
1000	0.06309573444801955	0
2000	0.06309573444801955	0
1.	0.07244359600749928	0.22415801496648555
1.9999999999999998	0.07244359600749928	0.30158104920421114
2.288838595949997	0.07244359600749928	0.3517098217972766
2.6193910591551774	0.07244359600749928	0.43183045312663065
2.9976816770403563	0.07244359600749928	0.5626779263454329
3.4306047603910415	0.07244359600749928	0.7723592205396815
3.926050291516404	0.07244359600749928	1.0924503984196372
4.493047718431742	0.07244359600749928	1.5393683494322936
5.141930515695824	0.07244359600749928	2.0064401866753423
5.884524511008838	0.07244359600749928	2.209459442151538
6.734363409805407	0.07244359600749928	2.116340011164123
7.706935445758021	0.07244359600749928	2.1328698521328913
8.819965652373028	0.07244359600749928	1.9435006278055218
10.093738900052346	0.07244359600749928	1.5622550715407484
11.551469585940843	0.07244359600749928	1.008231496552688
13.219724714121972	0.07244359600749928	0.7589417566160495
15.128908076758211	0.07244359600749928	0.20689937120628085
17.313814360331925	0.07244359600749928	0.03327776519903884
19.814263275520517	0.07244359600749928	0.010610231743897587
22.675825267662994	0.07244359600749928	0.0039866660694162556
25.950652033822625	0.07244359600749928	0.0009378125355593248
29.698426982540767	0.07244359600749928	0.00024733288967332173
33.98745295832107	0.07244359600749928	0.00007491528404518799
38.895897054520105	0.07244359600749928	0.000023517129373962303
44.51321520124173	0.07244359600749928	5.971291480785875e-6
50.941782491215115	0.07244359600749928	1.2016676259060318e-6
58.29875895619149	0.07244359600749928	2.5536741007074124e-7
66.71822479745835	0.07244359600749928	5.508095310632019e-8
76.35362398484546	0.07244359600749928	9.67805716692071e-9
87.38056075858388	0.07244359600749928	1.0863709610216977e-9
100.00000000000031	0.07244359600749928	6.857730889281604e-11
111.55639876771902	0.07244359600749928	4.675151278999841e-12
138.21730389017998	0.07244359600749928	2.471669126496408e-15
171.24990861750976	0.07244359600749928	1.5584762052098476e-17
212.17698780180757	0.07244359600749928	2.8189490665570416e-18
262.885244821937	0.07244359600749928	4.090597868307014e-19
325.7122869971341	0.07244359600749928	2.2261403337843325e-20
403.5543872869759	0.07244359600749928	3.3288838964853016e-22
499.9999999999984	0.07244359600749928	2.7305036024015383e-25
1000	0.07244359600749928	0
2000	0.07244359600749928	0
1.	0.08317637711026743	0.20822903397161505
1.9999999999999998	0.08317637711026743	0.23881813385400688
2.288838595949997	0.08317637711026743	0.2620130785447978
2.6193910591551774	0.08317637711026743	0.30255548121838505
2.9976816770403563	0.08317637711026743	0.3759579027076623
3.4306047603910415	0.08317637711026743	0.506191737064025
3.926050291516404	0.08317637711026743	0.7319769610073619
4.493047718431742	0.08317637711026743	1.1058594200586978
5.141930515695824	0.08317637711026743	1.6423211349214242
5.884524511008838	0.08317637711026743	2.1583608138893706
6.734363409805407	0.08317637711026743	2.291159332665118
7.706935445758021	0.08317637711026743	2.2071602349032315
8.819965652373028	0.08317637711026743	2.201619471151549
10.093738900052346	0.08317637711026743	1.8400042951172109
11.551469585940843	0.08317637711026743	1.273681249628367
13.219724714121972	0.08317637711026743	0.9799246411368483
15.128908076758211	0.08317637711026743	0.37060547980222547
17.313814360331925	0.08317637711026743	0.053814431835246604
19.814263275520517	0.08317637711026743	0.014747364961321955
22.675825267662994	0.08317637711026743	0.005343426690502646
25.950652033822625	0.08317637711026743	0.0014013567506753538
29.698426982540767	0.08317637711026743	0.0003317343500394757
33.98745295832107	0.08317637711026743	0.00009807641334658676
38.895897054520105	0.08317637711026743	0.000030697830334898855
44.51321520124173	0.08317637711026743	7.74296613562637e-6
50.941782491215115	0.08317637711026743	1.5821199672297371e-6
58.29875895619149	0.08317637711026743	3.2840756790950933e-7
66.71822479745835	0.08317637711026743	6.964064415938422e-8
76.35362398484546	0.08317637711026743	1.2293647331009644e-8
87.38056075858388	0.08317637711026743	1.3998116206472524e-9
100.00000000000031	0.08317637711026743	8.938928950484133e-11
111.55639876771902	0.08317637711026743	6.176855099649811e-12
138.21730389017998	0.08317637711026743	3.384138196728298e-15
171.24990861750976	0.08317637711026743	1.900140102436782e-17
212.17698780180757	0.08317637711026743	3.4281468077049986e-18
262.885244821937	0.08317637711026743	4.975716911071745e-19
325.7122869971341	0.08317637711026743	2.7121076775117175e-20
403.5543872869759	0.08317637711026743	4.064587935962255e-22
499.9999999999984	0.08317637711026743	3.3474385685238983e-25
1000	0.08317637711026743	0
2000	0.08317637711026743	0
1.	0.09549925860214398	0.2002650267544592
1.9999999999999998	0.09549925860214398	0.20983309737292818
2.288838595949997	0.09549925860214398	0.21827910586487406
2.6193910591551774	0.09549925860214398	0.23496431489016625
2.9976816770403563	0.09549925860214398	0.2663316293240829
3.4306047603910415	0.09549925860214398	0.3337197946250057
3.926050291516404	0.09549925860214398	0.4601960404459139
4.493047718431742	0.09549925860214398	0.7080233392592836
5.141930515695824	0.09549925860214398	1.1454121150747958
5.884524511008838	0.09549925860214398	1.7872741592317414
6.734363409805407	0.09549925860214398	2.335979820470638
7.706935445758021	0.09549925860214398	2.327719633667542
8.819965652373028	0.09549925860214398	2.3159996615286165
10.093738900052346	0.09549925860214398	2.078657746254204
11.551469585940843	0.09549925860214398	1.6495076912041493
13.219724714121972	0.09549925860214398	1.1456628195401128
15.128908076758211	0.09549925860214398	0.6339791356657922
17.313814360331925	0.09549925860214398	0.09848000603872589
19.814263275520517	0.09549925860214398	0.02118561360771282
22.675825267662994	0.09549925860214398	0.007248164372055579
25.950652033822625	0.09549925860214398	0.0021638619079239188
29.698426982540767	0.09549925860214398	0.0004511125739045406
33.98745295832107	0.09549925860214398	0.0001292194258776378
38.895897054520105	0.09549925860214398	0.000039674880337128106
44.51321520124173	0.09549925860214398	9.993693083632735e-6
50.941782491215115	0.09549925860214398	2.0871163874597226e-6
58.29875895619149	0.09549925860214398	4.220053322485213e-7
66.71822479745835	0.09549925860214398	8.761227030642398e-8
76.35362398484546	0.09549925860214398	1.5570288425814304e-8
87.38056075858388	0.09549925860214398	1.7970490973201462e-9
100.00000000000031	0.09549925860214398	1.1622906905581461e-10
111.55639876771902	0.09549925860214398	8.15123298352553e-12
138.21730389017998	0.09549925860214398	4.6409333439832384e-15
171.24990861750976	0.09549925860214398	2.2948771520474737e-17
212.17698780180757	0.09549925860214398	4.127667819903136e-18
262.885244821937	0.09549925860214398	5.992542940529837e-19
325.7122869971341	0.09549925860214398	3.2722568733587734e-20
403.5543872869759	0.09549925860214398	4.916514191505713e-22
499.9999999999984	0.09549925860214398	4.0676853166532133e-25
1000	0.09549925860214398	0
2000	0.09549925860214398	0
1.	0.10964781961431896	0.19238510046429472
1.9999999999999998	0.10964781961431896	0.1947061928582977
2.288838595949997	0.10964781961431896	0.1979152440269962
2.6193910591551774	0.10964781961431896	0.20248544665509155
2.9976816770403563	0.10964781961431896	0.2141187669872903
3.4306047603910415	0.10964781961431896	0.240271751273493
3.926050291516404	0.10964781961431896	0.2985421302558281
4.493047718431742	0.10964781961431896	0.43327496071839783
5.141930515695824	0.10964781961431896	0.7147538568939498
5.884524511008838	0.10964781961431896	1.242171004948266
6.734363409805407	0.10964781961431896	2.006135815570154
7.706935445758021	0.10964781961431896	2.4654160937629004
8.819965652373028	0.10964781961431896	2.3429201352834785
10.093738900052346	0.10964781961431896	2.3015374064556884
11.551469585940843	0.10964781961431896	1.9360939707883476
13.219724714121972	0.10964781961431896	1.324663275678651
15.128908076758211	0.10964781961431896	0.9814986858455446
17.313814360331925	0.10964781961431896	0.20147171105212475
19.814263275520517	0.10964781961431896	0.03155366344341966
22.675825267662994	0.10964781961431896	0.010055311919295064
25.950652033822625	0.10964781961431896	0.0032781050596879546
29.698426982540767	0.10964781961431896	0.0006135401390050724
33.98745295832107	0.10964781961431896	0.00017003334400931042
38.895897054520105	0.10964781961431896	0.00005026636830457963
44.51321520124173	0.10964781961431896	0.000012733228361717043
50.941782491215115	0.10964781961431896	2.726686046506749e-6
58.29875895619149	0.10964781961431896	5.365010817968848e-7
66.71822479745835	0.10964781961431896	1.0862087721155849e-7
76.35362398484546	0.10964781961431896	1.9427701513776967e-8
87.38056075858388	0.10964781961431896	2.269078327869433e-9
100.00000000000031	0.10964781961431896	1.4918009379161005e-10
111.55639876771902	0.10964781961431896	1.0630431817475204e-11
138.21730389017998	0.10964781961431896	6.307084583177073e-15
171.24990861750976	0.10964781961431896	2.7149905482921975e-17
212.17698780180757	0.10964781961431896	4.8654910402646e-18
262.885244821937	0.10964781961431896	7.065704934126412e-19
325.7122869971341	0.10964781961431896	3.866251050135597e-20
403.5543872869759	0.10964781961431896	5.825797020882998e-22
499.9999999999984	0.10964781961431896	4.845265080574664e-25
1000	0.10964781961431896	0
2000	0.10964781961431896	0