1.	0.001	0.117409
1.9999999999999998	0.001	0.137963
2.288838595949997	0.001	0.13480101537046846
2.6193910591551774	0.001	0.12562095516880517
2.9976816770403563	0.001	0.10960891694288351
3.4306047603910415	0.001	0.0881679878236688
3.926050291516404	0.001	0.06608539149183412
4.493047718431742	0.001	0.04953706658960169
5.141930515695824	0.001	0.040414294985335726
5.884524511008838	0.001	0.033193245383161145
6.734363409805407	0.001	0.022903862439831925
7.706935445758021	0.001	0.012190650166526758
8.819965652373028	0.001	0.005237747158772555
10.093738900052346	0.001	0.0020235066950656235
11.551469585940843	0.001	0.0007754460395085166
13.219724714121972	0.001	0.000339740677271233
15.128908076758211	0.001	0.0001603086742403761
17.313814360331925	0.001	0.00007218523197378006
19.814263275520517	0.001	0.00002551598543843325
22.675825267662994	0.001	8.69273145439828e-6
25.950652033822625	0.001	3.2748998493563285e-6
29.698426982540767	0.001	1.392429190363563e-6
33.98745295832107	0.001	5.07626987803222e-7
38.895897054520105	0.001	1.842029445000037e-7
44.51321520124173	0.001	5.0336535942979086e-8
50.941782491215115	0.001	1.6866058190286457e-8
58.29875895619149	0.001	5.804928732898807e-9
66.71822479745835	0.001	2.003489763713487e-9
76.35362398484546	0.001	6.718514176804339e-10
87.38056075858388	0.001	2.2846800368884714e-10
100.00000000000031	0.001	8.289833600500217e-11
111.55639876771902	0.001	3.735573412654304e-11
138.21730389017998	0.001	6.810761164644829e-12
171.24990861750976	0.001	1.0968837192629229e-12
212.17698780180757	0.001	2.0166515974055243e-13
262.885244821937	0.001	2.9217042519502194e-14
325.7122869971341	0.001	1.5732145214368054e-15
403.5543872869759	0.001	2.3175366813867484e-17
499.9999999999984	0.001	1.8493596902883378e-20
1000	0.001	0
2000	0.001	0
1.	0.0011481536214968829	0.1317503330687128
1.9999999999999998	0.0011481536214968829	0.15728046352860875
2.288838595949997	0.0011481536214968829	0.15418748386464046
2.6193910591551774	0.0011481536214968829	0.1442294034847867
2.9976816770403563	0.0011481536214968829	0.12636531756198263
3.4306047603910415	0.0011481536214968829	0.10205010003550488
3.926050291516404	0.0011481536214968829	0.07662025213323972
4.493047718431742	0.0011481536214968829	0.05725306923894859
5.141930515695824	0.0011481536214968829	0.04650254410964436
5.884524511008838	0.0011481536214968829	0.038251762540413514
6.734363409805407	0.0011481536214968829	0.02649784669314279
7.706935445758021	0.0011481536214968829	0.014166807352390924
8.819965652373028	0.0011481536214968829	0.006082383298229488
10.093738900052346	0.0011481536214968829	0.002348929453579867
11.551469585940843	0.0011481536214968829	0.0008972533352782661
13.219724714121972	0.0011481536214968829	0.0003921486045001117
15.128908076758211	0.0011481536214968829	0.0001849312281850595
17.313814360331925	0.0011481536214968829	0.00008334336487024303
19.814263275520517	0.0011481536214968829	0.000029532686705971385
22.675825267662994	0.0011481536214968829	0.000010018260502736525
25.950652033822625	0.0011481536214968829	3.7756397514327214e-6
29.698426982540767	0.0011481536214968829	1.6027754388973787e-6
33.98745295832107	0.0011481536214968829	5.84874535413643e-7
38.895897054520105	0.0011481536214968829	2.1200462250940204e-7
44.51321520124173	0.0011481536214968829	5.8045029049718426e-8
50.941782491215115	0.0011481536214968829	1.9419150446547546e-8
58.29875895619149	0.0011481536214968829	6.680272801600865e-9
66.71822479745835	0.0011481536214968829	2.305299068299537e-9
76.35362398484546	0.0011481536214968829	7.730376113978357e-10
87.38056075858388	0.0011481536214968829	2.628449285679484e-10
100.00000000000031	0.0011481536214968829	9.537544638694781e-11
111.55639876771902	0.0011481536214968829	4.297604956228071e-11
138.21730389017998	0.0011481536214968829	7.835389680187334e-12
171.24990861750976	0.0011481536214968829	1.2618712618759077e-12
212.17698780180757	0.0011481536214968829	2.3199182984022847e-13
262.885244821937	0.0011481536214968829	3.361094735726924e-14
325.7122869971341	0.0011481536214968829	1.809840306822962e-15
403.5543872869759	0.0011481536214968829	2.6662078615868387e-17
499.9999999999984	0.0011481536214968829	2.1277203902034836e-20
1000	0.0011481536214968829	0
2000	0.0011481536214968829	0
1.	0.0013182567385564075	0.147394700045353
1.9999999999999998	0.0013182567385564075	0.17905258255592651
2.288838595949997	0.0013182567385564075	0.17620859160665497
2.6193910591551774	0.0013182567385564075	0.16553053607928384
2.9976816770403563	0.0013182567385564075	0.14570552273212134
3.4306047603910415	0.0013182567385564075	0.11822540839272466
3.926050291516404	0.0013182567385564075	0.08893075229981202
4.493047718431742	0.0013182567385564075	0.06623881902465306
5.141930515695824	0.0013182567385564075	0.05354055851555253
5.884524511008838	0.0013182567385564075	0.04411981637129196
6.734363409805407	0.0013182567385564075	0.0307216691439783
7.706935445758021	0.0013182567385564075	0.016497021931638493
8.819965652373028	0.0013182567385564075	0.007102567135510334
10.093738900052346	0.0013182567385564075	0.0027337074359690366
11.551469585940843	0.0013182567385564075	0.0010404025845216055
13.219724714121972	0.0013182567385564075	0.00045259474323731106
15.128908076758211	0.0013182567385564075	0.00021328802350698215
17.313814360331925	0.0013182567385564075	0.00009620899639305914
19.814263275520517	0.0013182567385564075	0.000034059825996468354
22.675825267662994	0.0013182567385564075	0.00001155937177720022
25.950652033822625	0.0013182567385564075	4.3582345456308315e-6
29.698426982540767	0.0013182567385564075	1.8467483137855028e-6
33.98745295832107	0.0013182567385564075	6.746382050106206e-7
38.895897054520105	0.0013182567385564075	2.4424023179077044e-7
44.51321520124173	0.0013182567385564075	6.701488808107603e-8
50.941782491215115	0.0013182567385564075	2.238156076873245e-8
58.29875895619149	0.0013182567385564075	7.695006323408492e-9
66.71822479745835	0.0013182567385564075	2.655039461584638e-9
76.35362398484546	0.0013182567385564075	8.90287590981736e-10
87.38056075858388	0.0013182567385564075	3.0267024724342963e-10
100.00000000000031	0.0013182567385564075	1.0983082626993282e-10
111.55639876771902	0.0013182567385564075	4.948683544485612e-11
138.21730389017998	0.0013182567385564075	9.022310789897683e-12
171.24990861750976	0.0013182567385564075	1.4529922344964124e-12
212.17698780180757	0.0013182567385564075	2.671201040453799e-13
262.885244821937	0.0013182567385564075	3.8700364149904605e-14
325.7122869971341	0.0013182567385564075	2.0839420660542823e-15
403.5543872869759	0.0013182567385564075	3.07011738536516e-17
499.9999999999984	0.0013182567385564075	2.4502109959497157e-20
1000	0.0013182567385564075	0
2000	0.0013182567385564075	0
1.	0.0015135612484362087	0.1643021008425127
1.9999999999999998	0.0015135612484362087	0.20353715261943361
2.288838595949997	0.0015135612484362087	0.20116016863349484
2.6193910591551774	0.0015135612484362087	0.18986709371988408
2.9976816770403563	0.0015135612484362087	0.16802502359747062
3.4306047603910415	0.0015135612484362087	0.13706679896566948
3.926050291516404	0.0015135612484362087	0.10337708109031198
4.493047718431742	0.0015135612484362087	0.07674067574840608
5.141930515695824	0.0015135612484362087	0.061688145154125754
5.884524511008838	0.0015135612484362087	0.050903162698210186
6.734363409805407	0.0015135612484362087	0.03565087461758067
7.706935445758021	0.0015135612484362087	0.0192231949773121
8.819965652373028	0.0015135612484362087	0.008285770643162296
10.093738900052346	0.0015135612484362087	0.00318826009892616
11.551469585940843	0.0015135612484362087	0.0012064324502068997
13.219724714121972	0.0015135612484362087	0.0005213148887857431
15.128908076758211	0.0015135612484362087	0.000246118713892409
17.313814360331925	0.0015135612484362087	0.00011107968639087826
19.814263275520517	0.0015135612484362087	0.0000393478875456533
22.675825267662994	0.0015135612484362087	0.000013339281908784394
25.950652033822625	0.0015135612484362087	5.0316522850233706e-6
29.698426982540767	0.0015135612484362087	2.1277380159588624e-6
33.98745295832107	0.0015135612484362087	7.782483912335772e-7
38.895897054520105	0.0015135612484362087	2.813542726930984e-7
44.51321520124173	0.0015135612484362087	7.738380458876112e-8
50.941782491215115	0.0015135612484362087	2.57950636607294e-8
58.29875895619149	0.0015135612484362087	8.862893624432532e-9
66.71822479745835	0.0015135612484362087	3.057420078897645e-9
76.35362398484546	0.0015135612484362087	1.0251818078893095e-9
87.38056075858388	0.0015135612484362087	3.4847475541070166e-10
100.00000000000031	0.0015135612484362087	1.264572609973484e-10
111.55639876771902	0.0015135612484362087	5.6974483484216914e-11
138.21730389017998	0.0015135612484362087	1.0387334851254299e-11
171.24990861750976	0.0015135612484362087	1.6727647228644357e-12
212.17698780180757	0.0015135612484362087	3.0751232982863724e-13
262.885244821937	0.0015135612484362087	4.455256476747006e-14
325.7122869971341	0.0015135612484362087	2.399148770018213e-15
403.5543872869759	0.0015135612484362087	3.53462672106735e-17
499.9999999999984	0.0015135612484362087	2.821142292339637e-20
1000	0.0015135612484362087	0
2000	0.0015135612484362087	0
1.	0.0017378008287493763	0.18241506237991983
1.9999999999999998	0.0017378008287493763	0.2309500982293015
2.288838595949997	0.0017378008287493763	0.22937410984307502
2.6193910591551774	0.0017378008287493763	0.21768503491012942
2.9976816770403563	0.0017378008287493763	0.19380396134047123
3.4306047603910415	0.0017378008287493763	0.1590997106375249
3.926050291516404	0.0017378008287493763	0.12040204822401787
4.493047718431742	0.0017378008287493763	0.0890560727902797
5.141930515695824	0.0017378008287493763	0.07114382675740653
5.884524511008838	0.0017378008287493763	0.0587449372872665
6.734363409805407	0.0017378008287493763	0.04143675514159924
7.706935445758021	0.0017378008287493763	0.022465601233574568
8.819965652373028	0.0017378008287493763	0.009708415255942052
10.093738900052346	0.0017378008287493763	0.0037243501363003273
11.551469585940843	0.0017378008287493763	0.0014042691435438507
13.219724714121972	0.0017378008287493763	0.0006023521934374033
15.128908076758211	0.0017378008287493763	0.0002843915681802528
17.313814360331925	0.0017378008287493763	0.0001287455866670927
19.814263275520517	0.0017378008287493763	0.000045456745894947905
22.675825267662994	0.0017378008287493763	0.000015415442685981172
25.950652033822625	0.0017378008287493763	5.817803180245169e-6
29.698426982540767	0.0017378008287493763	2.454488701412508e-6
33.98745295832107	0.0017378008287493763	8.990138741164903e-7
38.895897054520105	0.0017378008287493763	3.2449368835568586e-7
44.51321520124173	0.0017378008287493763	8.948889940591498e-8
50.941782491215115	0.0017378008287493763	2.9766590327700384e-8
58.29875895619149	0.0017378008287493763	1.0219931359641288e-8
66.71822479745835	0.0017378008287493763	3.524768513125731e-9
76.35362398484546	0.0017378008287493763	1.1818391157067777e-9
87.38056075858388	0.0017378008287493763	4.0165487330417894e-10
100.00000000000031	0.0017378008287493763	1.4576151800328712e-10
111.55639876771902	0.0017378008287493763	6.566721053881999e-11
138.21730389017998	0.0017378008287493763	1.1971973499456651e-11
171.24990861750976	0.0017378008287493763	1.9278876270570904e-12
212.17698780180757	0.0017378008287493763	3.543969179928316e-13
262.885244821937	0.0017378008287493763	5.134547885310926e-14
325.7122869971341	0.0017378008287493763	2.7650378408404757e-15
403.5543872869759	0.0017378008287493763	4.073880741058647e-17
499.9999999999984	0.0017378008287493763	3.251836108585803e-20
1000	0.0017378008287493763	0
2000	0.0017378008287493763	0
1.	0.0019952623149688807	0.20179415876108425
1.9999999999999998	0.0019952623149688807	0.26146626587567556
2.288838595949997	0.0019952623149688807	0.26111828033202905
2.6193910591551774	0.0019952623149688807	0.2493022093881407
2.9976816770403563	0.0019952623149688807	0.22355811698392986
3.4306047603910415	0.0019952623149688807	0.18471580793627937
3.926050291516404	0.0019952623149688807	0.14039016559254788
4.493047718431742	0.0019952623149688807	0.10355028200580717
5.141930515695824	0.0019952623149688807	0.08213129012397906
5.884524511008838	0.0019952623149688807	0.06780397812041672
6.734363409805407	0.0019952623149688807	0.04816378630076014
7.706935445758021	0.0019952623149688807	0.02631713812681129
8.819965652373028	0.0019952623149688807	0.011393774252939371
10.093738900052346	0.0019952623149688807	0.004360723168778009
11.551469585940843	0.0019952623149688807	0.0016333690569431986
13.219724714121972	0.0019952623149688807	0.0006984721283643607
15.128908076758211	0.0019952623149688807	0.0003289857386652215
17.313814360331925	0.0019952623149688807	0.0001489396316270677
19.814263275520517	0.0019952623149688807	0.00005248378187202579
22.675825267662994	0.0019952623149688807	0.000017883316405038236
25.950652033822625	0.0019952623149688807	6.753003319361324e-6
29.698426982540767	0.0019952623149688807	2.8416007325897485e-6
33.98745295832107	0.0019952623149688807	1.0424297133047583e-6
38.895897054520105	0.0019952623149688807	3.755771246980779e-7
44.51321520124173	0.0019952623149688807	1.0388547643768471e-7
50.941782491215115	0.0019952623149688807	3.4474196696447084e-8
58.29875895619149	0.0019952623149688807	1.182638770505489e-8
66.71822479745835	0.0019952623149688807	4.0776984393895334e-9
76.35362398484546	0.0019952623149688807	1.367173139478366e-9
87.38056075858388	0.0019952623149688807	4.6455107305848157e-10
100.00000000000031	0.0019952623149688807	1.6859438243988125e-10
111.55639876771902	0.0019952623149688807	7.594700271895077e-11
138.21730389017998	0.0019952623149688807	1.3845868900785604e-11
171.24990861750976	0.0019952623149688807	2.2295564534339062e-12
212.17698780180757	0.0019952623149688807	4.0983214564033606e-13
262.885244821937	0.0019952623149688807	5.937755162083206e-14
325.7122869971341	0.0019952623149688807	3.1976878225867756e-15
403.5543872869759	0.0019952623149688807	4.711573226270731e-17
499.9999999999984	0.0019952623149688807	3.761239442829758e-20
1000	0.0019952623149688807	0
2000	0.0019952623149688807	0
1.	0.0022908676527677745	0.22206683902628832
1.9999999999999998	0.0022908676527677745	0.29541673041885835
2.288838595949997	0.0022908676527677745	0.296698711244435
2.6193910591551774	0.0022908676527677745	0.28524363751869575
2.9976816770403563	0.0022908676527677745	0.25770956172713905
3.4306047603910415	0.0022908676527677745	0.2145742765335027
3.926050291516404	0.0022908676527677745	0.16395379062077325
4.493047718431742	0.0022908676527677745	0.12063103870023574
5.141930515695824	0.0022908676527677745	0.09490998701235404
5.884524511008838	0.0022908676527677745	0.0783222990263018
6.734363409805407	0.0022908676527677745	0.05619494751735406
7.706935445758021	0.0022908676527677745	0.030891882160828717
8.819965652373028	0.0022908676527677745	0.01343185201762231
10.093738900052346	0.0022908676527677745	0.005120378254212824
11.551469585940843	0.0022908676527677745	0.0019083648318701772
13.219724714121972	0.0022908676527677745	0.0008148414547967899
15.128908076758211	0.0022908676527677745	0.0003806028213658604
17.313814360331925	0.0022908676527677745	0.00017263716960100594
19.814263275520517	0.0022908676527677745	0.00006081087629116246
22.675825267662994	0.0022908676527677745	0.00002068222344805943
25.950652033822625	0.0022908676527677745	7.81458094894462e-6
29.698426982540767	0.0022908676527677745	3.2786344133760217e-6
33.98745295832107	0.0022908676527677745	1.2048624254958409e-6
38.895897054520105	0.0022908676527677745	4.332064236846033e-7
44.51321520124173	0.0022908676527677745	1.2022261436306588e-7
50.941782491215115	0.0022908676527677745	3.979259625146713e-8
58.29875895619149	0.0022908676527677745	1.36378635283848e-8
66.71822479745835	0.0022908676527677745	4.7007876866920945e-9
76.35362398484546	0.0022908676527677745	1.5760072913112624e-9
87.38056075858388	0.0022908676527677745	5.353913286905327e-10
100.00000000000031	0.0022908676527677745	1.9431208143057734e-10
111.55639876771902	0.0022908676527677745	8.752362723047174e-11
138.21730389017998	0.0022908676527677745	1.595611402843977e-11
171.24990861750976	0.0022908676527677745	2.5692380142761613e-12
212.17698780180757	0.0022908676527677745	4.722446765780798e-13
262.885244821937	0.0022908676527677745	6.842030932804564e-14
325.7122869971341	0.0022908676527677745	3.6848486125114824e-15
403.5543872869759	0.0022908676527677745	5.4297037734548956e-17
499.9999999999984	0.0022908676527677745	4.335017850456005e-20
1000	0.0022908676527677745	0
2000	0.0022908676527677745	0
1.	0.0026302679918953843	0.24304787586316162
1.9999999999999998	0.0026302679918953843	0.33271777930374113
2.288838595949997	0.0026302679918953843	0.3363187480786945
2.6193910591551774	0.0026302679918953843	0.325683679740204
2.9976816770403563	0.0026302679918953843	0.29675658537908617
3.4306047603910415	0.0026302679918953843	0.24936224063365126
3.926050291516404	0.0026302679918953843	0.1917518093351932
4.493047718431742	0.0026302679918953843	0.14080408565479904
5.141930515695824	0.0026302679918953843	0.10975389886752562
5.884524511008838	0.0026302679918953843	0.09059259429559961
6.734363409805407	0.0026302679918953843	0.06551654265126422
7.706935445758021	0.0026302679918953843	0.036367304100584905
8.819965652373028	0.0026302679918953843	0.015842965904685827
10.093738900052346	0.0026302679918953843	0.006034573289740908
11.551469585940843	0.0026302679918953843	0.0022384372496508497
13.219724714121972	0.0026302679918953843	0.0009489186350140825
15.128908076758211	0.0026302679918953843	0.00044125174869763626
17.313814360331925	0.0026302679918953843	0.00019982509601373165
19.814263275520517	0.0026302679918953843	0.0000704307435192186
22.675825267662994	0.0026302679918953843	0.0000239979703906212
25.950652033822625	0.0026302679918953843	9.072892386998843e-6
29.698426982540767	0.0026302679918953843	3.793986288751493e-6
33.98745295832107	0.0026302679918953843	1.3969741199622669e-6
38.895897054520105	0.0026302679918953843	5.011105699258829e-7
44.51321520124173	0.0026302679918953843	1.3957562539967228e-7
50.941782491215115	0.0026302679918953843	4.6068079310604985e-8
58.29875895619149	0.0026302679918953843	1.5771446322271852e-8
66.71822479745835	0.0026302679918953843	5.434147495115086e-9
76.35362398484546	0.0026302679918953843	1.821778121441998e-9
87.38056075858388	0.0026302679918953843	6.187291133683064e-10
100.00000000000031	0.0026302679918953843	2.2456781747996608e-10
111.55639876771902	0.0026302679918953843	1.0114016152557421e-10
138.21730389017998	0.0026302679918953843	1.843807036594748e-11
171.24990861750976	0.0026302679918953843	2.968724240006831e-12
212.17698780180757	0.0026302679918953843	5.456390659987212e-13
262.885244821937	0.0026302679918953843	7.905456990025906e-14
325.7122869971341	0.0026302679918953843	4.2577778288419505e-15
403.5543872869759	0.0026302679918953843	6.274390122448122e-17
499.9999999999984	0.0026302679918953843	5.0100652022737974e-20
1000	0.0026302679918953843	0
2000	0.0026302679918953843	0
1.	0.003019951720402019	0.2645490835861139
1.9999999999999998	0.003019951720402019	0.3733681683834536
2.288838595949997	0.003019951720402019	0.3801711506831343
2.6193910591551774	0.003019951720402019	0.3711491103935665
2.9976816770403563	0.003019951720402019	0.3412769946835401
3.4306047603910415	0.003019951720402019	0.2897485549657236
3.926050291516404	0.003019951720402019	0.22468511858452422
4.493047718431742	0.003019951720402019	0.16477935107930058
5.141930515695824	0.003019951720402019	0.12710106287388429
5.884524511008838	0.003019951720402019	0.1047119140781946
6.734363409805407	0.003019951720402019	0.07660783260921115
7.706935445758021	0.003019951720402019	0.04296418824943651
8.819965652373028	0.003019951720402019	0.018763508344216695
10.093738900052346	0.003019951720402019	0.007134084882771012
11.551469585940843	0.003019951720402019	0.0026268258391525497
13.219724714121972	0.003019951720402019	0.0010992631261649382
15.128908076758211	0.003019951720402019	0.0005121002868899763
17.313814360331925	0.003019951720402019	0.00023226728011295386
19.814263275520517	0.003019951720402019	0.00008192235958925204
22.675825267662994	0.003019951720402019	0.000027885940322107764
25.950652033822625	0.003019951720402019	0.000010548873640019504
29.698426982540767	0.003019951720402019	4.394841845819087e-6
33.98745295832107	0.003019951720402019	1.6217119022782256e-6
38.895897054520105	0.003019951720402019	5.802005499051552e-7
44.51321520124173	0.003019951720402019	1.6225384977590367e-7
50.941782491215115	0.003019951720402019	5.3389903169548046e-8
58.29875895619149	0.003019951720402019	1.82553656167283e-8
66.71822479745835	0.003019951720402019	6.287250569194051e-9
76.35362398484546	0.003019951720402019	2.107636714671199e-9
87.38056075858388	0.003019951720402019	7.156120860702617e-10
100.00000000000031	0.003019951720402019	2.5974296208380623e-10
111.55639876771902	0.003019951720402019	1.169676269240486e-10
138.21730389017998	0.003019951720402019	2.132286597186767e-11
171.24990861750976	0.003019951720402019	3.4329952530117825e-12
212.17698780180757	0.003019951720402019	6.309209636924345e-13
262.885244821937	0.003019951720402019	9.141182191938332e-14
325.7122869971341	0.003019951720402019	4.923596869541755e-15
403.5543872869759	0.003019951720402019	7.256155407470497e-17
499.9999999999984	0.003019951720402019	5.794906050764101e-20
1000	0.003019951720402019	0
2000	0.003019951720402019	0
1.	0.00346736850452532	0.28628692734203076
1.9999999999999998	0.00346736850452532	0.41715885363119276
2.288838595949997	0.00346736850452532	0.4279587877727698
2.6193910591551774	0.00346736850452532	0.4216097478903916
2.9976816770403563	0.00346736850452532	0.3918056172186657
3.4306047603910415	0.00346736850452532	0.3365901414957732
3.926050291516404	0.00346736850452532	0.26353483408300715
4.493047718431742	0.00346736850452532	0.19339218661313093
5.141930515695824	0.00346736850452532	0.14749591354383665
5.884524511008838	0.00346736850452532	0.12116277831156079
6.734363409805407	0.00346736850452532	0.08975741999057293
7.706935445758021	0.00346736850452532	0.05095005503001151
8.819965652373028	0.00346736850452532	0.022355999683775284
10.093738900052346	0.00346736850452532	0.008476141914110525
11.551469585940843	0.00346736850452532	0.0030949107093867388
13.219724714121972	0.00346736850452532	0.0012883104019073182
15.128908076758211	0.00346736850452532	0.0005956665153424889
17.313814360331925	0.00346736850452532	0.0002696018741945233
19.814263275520517	0.00346736850452532	0.00009530311522927463
22.675825267662994	0.00346736850452532	0.000032424429625133836
25.950652033822625	0.00346736850452532	0.000012271586113982291
29.698426982540767	0.00346736850452532	5.091361366862072e-6
33.98745295832107	0.00346736850452532	1.8832003309355887e-6
38.895897054520105	0.00346736850452532	6.717678525277301e-7
44.51321520124173	0.00346736850452532	1.8868555016013908e-7
50.941782491215115	0.00346736850452532	6.188424330507531e-8
58.29875895619149	0.00346736850452532	2.1129704344779953e-8
66.71822479745835	0.00346736850452532	7.273441868288726e-9
76.35362398484546	0.00346736850452532	2.4380426342632776e-9
87.38056075858388	0.00346736850452532	8.275409811046695e-10
100.00000000000031	0.00346736850452532	3.003797059473806e-10
111.55639876771902	0.00346736850452532	1.352472793370259e-10
138.21730389017998	0.00346736850452532	2.4654454288897853e-11
171.24990861750976	0.00346736850452532	3.969103436190756e-12
212.17698780180757	0.00346736850452532	7.293880395719174e-13
262.885244821937	0.00346736850452532	1.0567900368828702e-13
325.7122869971341	0.00346736850452532	5.692454941187739e-15
403.5543872869759	0.00346736850452532	8.390041087993064e-17
499.9999999999984	0.00346736850452532	6.701575333867735e-20
1000	0.00346736850452532	0
2000	0.00346736850452532	0
1.	0.003981071705534978	0.3079600618036301
1.9999999999999998	0.003981071705534978	0.46353813985265363
2.288838595949997	0.003981071705534978	0.47974507958286766
2.6193910591551774	0.003981071705534978	0.4771250953291152
2.9976816770403563	0.003981071705534978	0.4487239581671193
3.4306047603910415	0.003981071705534978	0.39061239902104816
3.926050291516404	0.003981071705534978	0.30946911427663937
4.493047718431742	0.003981071705534978	0.22763744801829083
5.141930515695824	0.003981071705534978	0.17161106142537136
5.884524511008838	0.003981071705534978	0.14032387884661737
6.734363409805407	0.003981071705534978	0.10536589626919252
7.706935445758021	0.003981071705534978	0.060616943561959805
8.819965652373028	0.003981071705534978	0.026772847924792623
10.093738900052346	0.003981071705534978	0.010113933896357341
11.551469585940843	0.003981071705534978	0.0036693364858335488
13.219724714121972	0.003981071705534978	0.001507440221590816
15.128908076758211	0.003981071705534978	0.0006938529324891575
17.313814360331925	0.003981071705534978	0.00031449798353367736
19.814263275520517	0.003981071705534978	0.00011101104215446732
22.675825267662994	0.003981071705534978	0.00003783367247725756
25.950652033822625	0.003981071705534978	0.000014323012946305123
29.698426982540767	0.003981071705534978	5.9150243986490965e-6
33.98745295832107	0.003981071705534978	2.1935114289603077e-6
38.895897054520105	0.003981071705534978	7.79877155937342e-7
44.51321520124173	0.003981071705534978	2.200991313184315e-7
50.941782491215115	0.003981071705534978	7.19363033273994e-8
58.29875895619149	0.003981071705534978	2.452186107962582e-8
66.71822479745835	0.003981071705534978	8.436081800997012e-9
76.35362398484546	0.003981071705534978	2.8274878019506944e-9
87.38056075858388	0.003981071705534978	9.593980719237335e-10
100.00000000000031	0.003981071705534978	3.482526907176685e-10
111.55639876771902	0.003981071705534978	1.5677574364398327e-10
138.21730389017998	0.003981071705534978	2.8577957438951906e-11
171.24990861750976	0.003981071705534978	4.600379445667479e-12
212.17698780180757	0.003981071705534978	8.453095165666867e-13
262.885244821937	0.003981071705534978	1.2247633385339482e-13
325.7122869971341	0.003981071705534978	6.597723720673389e-15
403.5543872869759	0.003981071705534978	9.725389879569671e-17
499.9999999999984	0.003981071705534978	7.769783479597151e-20
1000	0.003981071705534978	0
2000	0.003981071705534978	0
1.	0.0045708818961487565	0.3293330588285199
1.9999999999999998	0.0045708818961487565	0.5119021378844184
2.288838595949997	0.0045708818961487565	0.5345110505250559
2.6193910591551774	0.0045708818961487565	0.537591109275465
2.9976816770403563	0.0045708818961487565	0.5121049638138828
3.4306047603910415	0.0045708818961487565	0.4524003425813792
3.926050291516404	0.0045708818961487565	0.36353812870696023
4.493047718431742	0.0045708818961487565	0.2686975210161214
5.141930515695824	0.0045708818961487565	0.2003670703600472
5.884524511008838	0.0045708818961487565	0.16259686690634123
6.734363409805407	0.0045708818961487565	0.12374888092607936
7.706935445758021	0.0045708818961487565	0.07238078109276536
8.819965652373028	0.0045708818961487565	0.032211275635043515
10.093738900052346	0.0045708818961487565	0.012144799558637148
11.551469585940843	0.0045708818961487565	0.004369964622164733
13.219724714121972	0.0045708818961487565	0.0017679784653484205
15.128908076758211	0.0045708818961487565	0.0008096417483091434
17.313814360331925	0.0045708818961487565	0.00036712480571999
19.814263275520517	0.0045708818961487565	0.00012951655270007333
22.675825267662994	0.0045708818961487565	0.00004427176883784057
25.950652033822625	0.0045708818961487565	0.00001675978781820329
29.698426982540767	0.0045708818961487565	6.885820316614285e-6
33.98745295832107	0.0045708818961487565	2.56061498823753e-6
38.895897054520105	0.0045708818961487565	9.070617417118065e-7
44.51321520124173	0.0045708818961487565	2.5731417536927844e-7
50.941782491215115	0.0045708818961487565	8.379216511094144e-8
58.29875895619149	0.0045708818961487565	2.8510192626617882e-8
66.71822479745835	0.0045708818961487565	9.801526204568423e-9
76.35362398484546	0.0045708818961487565	3.2847279905696256e-9
87.38056075858388	0.0045708818961487565	1.1141147761944534e-9
100.00000000000031	0.0045708818961487565	4.044240846298425e-10
111.55639876771902	0.0045708818961487565	1.8202800461190285e-10
138.21730389017998	0.0045708818961487565	3.317978013485703e-11
171.24990861750976	0.0045708818961487565	5.34066138131902e-12
212.17698780180757	0.0045708818961487565	9.812253177836977e-13
262.885244821937	0.0045708818961487565	1.4217083435018248e-13
325.7122869971341	0.0045708818961487565	7.659353974824797e-15
403.5543872869759	0.0045708818961487565	1.1291690384412588e-16
499.9999999999984	0.0045708818961487565	9.023189203302846e-20
1000	0.0045708818961487565	0
2000	0.0045708818961487565	0
1.	0.005248074602497733	0.35034312270288676
1.9999999999999998	0.005248074602497733	0.5611462887770915
2.288838595949997	0.005248074602497733	0.5918061955051974
2.6193910591551774	0.005248074602497733	0.6021023435565476
2.9976816770403563	0.005248074602497733	0.581781216374577
3.4306047603910415	0.005248074602497733	0.522541547136008
3.926050291516404	0.005248074602497733	0.42691938355225695
4.493047718431742	0.005248074602497733	0.31847679279708235
5.141930515695824	0.005248074602497733	0.2348632176927263
5.884524511008838	0.005248074602497733	0.1887089507505908
6.734363409805407	0.005248074602497733	0.14554194664712192
7.706935445758021	0.005248074602497733	0.08686378026385017
8.819965652373028	0.005248074602497733	0.03890003778604153
10.093738900052346	0.005248074602497733	0.0146564671980253
11.551469585940843	0.005248074602497733	0.005230063116293455
13.219724714121972	0.005248074602497733	0.0020790175443009275
15.128908076758211	0.005248074602497733	0.0009468300518590338
17.313814360331925	0.005248074602497733	0.0004279558485608512
19.814263275520517	0.005248074602497733	0.00015198520945367913
22.675825267662994	0.005248074602497733	0.000051960970868500324
25.950652033822625	0.005248074602497733	0.000019660010051062977
29.698426982540767	0.005248074602497733	8.031478934702135e-6
33.98745295832107	0.005248074602497733	2.9954265098408264e-6
38.895897054520105	0.005248074602497733	1.056792092607604e-6
44.51321520124173	0.005248074602497733	3.014495091726846e-7
50.941782491215115	0.005248074602497733	9.77917100282229e-8
58.29875895619149	0.005248074602497733	3.3202954604268376e-8
66.71822479745835	0.005248074602497733	1.1406013815828391e-8
76.35362398484546	0.005248074602497733	3.821838261489889e-9
87.38056075858388	0.005248074602497733	1.2957363623532865e-9
100.00000000000031	0.005248074602497733	4.703617442497975e-10
111.55639876771902	0.005248074602497733	2.1165930301516802e-10
138.21730389017998	0.005248074602497733	3.857915942275296e-11
171.24990861750976	0.005248074602497733	6.209086314841026e-12
212.17698780180757	0.005248074602497733	1.1406346868202785e-12
262.885244821937	0.005248074602497733	1.652703245130235e-13
325.7122869971341	0.005248074602497733	8.90471605923558e-15
403.5543872869759	0.005248074602497733	1.3129519247290326e-16
499.9999999999984	0.005248074602497733	1.0494602397246939e-19
1000	0.005248074602497733	0
2000	0.005248074602497733	0
1.	0.006025595860743587	0.3710718896471568
1.9999999999999998	0.006025595860743587	0.6099307402883181
2.288838595949997	0.006025595860743587	0.6500114953013847
2.6193910591551774	0.006025595860743587	0.6697526044323222
2.9976816770403563	0.006025595860743587	0.6571013826624623
3.4306047603910415	0.006025595860743587	0.6012486190543146
3.926050291516404	0.006025595860743587	0.501133541956136
4.493047718431742	0.006025595860743587	0.3786901721507011
5.141930515695824	0.006025595860743587	0.27705373514428877
5.884524511008838	0.006025595860743587	0.21909758441605076
6.734363409805407	0.006025595860743587	0.17128262947696174
7.706935445758021	0.006025595860743587	0.10468521697924195
8.819965652373028	0.006025595860743587	0.04742017832556563
10.093738900052346	0.006025595860743587	0.017823076144117482
11.551469585940843	0.006025595860743587	0.006318724231103535
13.219724714121972	0.006025595860743587	0.0024507306743814443
15.128908076758211	0.006025595860743587	0.0011106868745852333
17.313814360331925	0.006025595860743587	0.0005011867562223373
19.814263275520517	0.006025595860743587	0.0001783786006275512
22.675825267662994	0.006025595860743587	0.00006109351577903356
25.950652033822625	0.006025595860743587	0.000023085197902687205
29.698426982540767	0.006025595860743587	9.371756756522539e-6
33.98745295832107	0.006025595860743587	3.5059150409343185e-6
38.895897054520105	0.006025595860743587	1.2314079147347368e-6
44.51321520124173	0.006025595860743587	3.5332831566789546e-7
50.941782491215115	0.006025595860743587	1.1417436830479013e-7
58.29875895619149	0.006025595860743587	3.8671942133343935e-8
66.71822479745835	0.006025595860743587	1.3273194207110744e-8
76.35362398484546	0.006025595860743587	4.446600258841251e-9
87.38056075858388	0.006025595860743587	1.5068349978539146e-9
100.00000000000031	0.006025595860743587	5.469894438719824e-10
111.55639876771902	0.006025595860743587	2.460820077748963e-10
138.21730389017998	0.006025595860743587	4.4850968522103105e-11
171.24990861750976	0.006025595860743587	7.217660188636377e-12
212.17698780180757	0.006025595860743587	1.325710709511673e-12
262.885244821937	0.006025595860743587	1.9208997358156105e-13
325.7122869971341	0.006025595860743587	1.0350947967220844e-14
403.5543872869759	0.006025595860743587	1.526442342003986e-16
499.9999999999984	0.006025595860743587	1.2204759613992106e-19
1000	0.006025595860743587	0
2000	0.006025595860743587	0
1.	0.006918309709189377	0.39231999307821785
1.9999999999999998	0.006918309709189377	0.6564909848325405
2.288838595949997	0.006918309709189377	0.7071827349623063
2.6193910591551774	0.006918309709189377	0.7389389726657063
2.9976816770403563	0.006918309709189377	0.7372257838041393
3.4306047603910415	0.006918309709189377	0.688153002624482
3.926050291516404	0.006918309709189377	0.5872959016341202
4.493047718431742	0.006918309709189377	0.4505675267731283
5.141930515695824	0.006918309709189377	0.32799493304276395
5.884524511008838	0.006918309709189377	0.2554737004634172
6.734363409805407	0.006918309709189377	0.2012757279361792
7.706935445758021	0.006918309709189377	0.12646234323290392
8.819965652373028	0.006918309709189377	0.058243062946606465
10.093738900052346	0.006918309709189377	0.02182602093107485
11.551469585940843	0.006918309709189377	0.007669754915911067
13.219724714121972	0.006918309709189377	0.0029348987449191854
15.128908076758211	0.006918309709189377	0.0013051173060655867
17.313814360331925	0.006918309709189377	0.0005934967652204104
19.814263275520517	0.006918309709189377	0.00020960862805116445
22.675825267662994	0.006918309709189377	0.00007172307903861284
25.950652033822625	0.006918309709189377	0.000027036542395126795
29.698426982540767	0.006918309709189377	0.000010900634437660355
33.98745295832107	0.006918309709189377	4.090358569246583e-6
38.895897054520105	0.006918309709189377	1.4297634212019767e-6
44.51321520124173	0.006918309709189377	4.1279356017093535e-7
50.941782491215115	0.006918309709189377	1.3286131588579486e-7
58.29875895619149	0.006918309709189377	4.4879287395828796e-8
66.71822479745835	0.006918309709189377	1.5388839690077796e-8
76.35362398484546	0.006918309709189377	5.153990213154108e-9
87.38056075858388	0.006918309709189377	1.7456397044240817e-9
100.00000000000031	0.006918309709189377	6.336667047080988e-10
111.55639876771902	0.006918309709189377	2.8499588977572253e-10
138.21730389017998	0.006918309709189377	5.1940449700047177e-11
171.24990861750976	0.006918309709189377	8.357317926500151e-12
212.17698780180757	0.006918309709189377	1.5347819031567522e-12
262.885244821937	0.006918309709189377	2.2238794497737661e-13
325.7122869971341	0.006918309709189377	1.1985189399215918e-14
403.5543872869759	0.006918309709189377	1.7677757695929526e-16
499.9999999999984	0.006918309709189377	1.4139294790245878e-19
1000	0.006918309709189377	0
2000	0.006918309709189377	0
1.	0.00794328234724283	0.4146920495126365
1.9999999999999998	0.00794328234724283	0.6988210720350619
2.288838595949997	0.00794328234724283	0.7613697924316855
2.6193910591551774	0.00794328234724283	0.8069511651720158
2.9976816770403563	0.00794328234724283	0.8199410219255656
3.4306047603910415	0.00794328234724283	0.783049247969354
3.926050291516404	0.00794328234724283	0.6842821388201582
4.493047718431742	0.00794328234724283	0.5365197961629187
5.141930515695824	0.00794328234724283	0.3905370892078927
5.884524511008838	0.00794328234724283	0.29861777557323066
6.734363409805407	0.00794328234724283	0.23695178935976546
7.706935445758021	0.00794328234724283	0.15301045944877154
8.819965652373028	0.00794328234724283	0.07178785238381202
10.093738900052346	0.00794328234724283	0.026913245087803454
11.551469585940843	0.00794328234724283	0.009369970429027675
13.219724714121972	0.00794328234724283	0.0034831763234407314
15.128908076758211	0.00794328234724283	0.0015412174305517886
17.313814360331925	0.00794328234724283	0.0006925856906984653
19.814263275520517	0.00794328234724283	0.00024919960492610137
22.675825267662994	0.00794328234724283	0.00008461907838336447
25.950652033822625	0.00794328234724283	0.00003177246709451831
29.698426982540767	0.00794328234724283	0.000012714409075742663
33.98745295832107	0.00794328234724283	4.785126892111817e-6
38.895897054520105	0.00794328234724283	1.6639721902551195e-6
44.51321520124173	0.00794328234724283	4.835410083741427e-7
50.941782491215115	0.00794328234724283	1.5500935342517088e-7
58.29875895619149	0.00794328234724283	5.22019464006647e-8
66.71822479745835	0.00794328234724283	1.7880776237578145e-8
76.35362398484546	0.00794328234724283	5.986533974315568e-9
87.38056075858388	0.00794328234724283	2.0264432377403475e-9
100.00000000000031	0.00794328234724283	7.355636748715219e-10
111.55639876771902	0.00794328234724283	3.3072134760069614e-10
138.21730389017998	0.00794328234724283	6.02697406306163e-11
171.24990861750976	0.00794328234724283	9.69596452379874e-12
212.17698780180757	0.00794328234724283	1.7802632145147896e-12
262.885244821937	0.00794328234724283	2.5796454968220244e-13
325.7122869971341	0.00794328234724283	1.3904634579883327e-14
403.5543872869759	0.00794328234724283	2.051335994108099e-16
499.9999999999984	0.00794328234724283	1.641389591560364e-19
1000	0.00794328234724283	0
2000	0.00794328234724283	0
1.	0.009120108393559116	0.439515966113807
1.9999999999999998	0.009120108393559116	0.734936950699575
2.288838595949997	0.009120108393559116	0.8097425703364982
2.6193910591551774	0.009120108393559116	0.8715279987979334
2.9976816770403563	0.009120108393559116	0.9025828066643804
3.4306047603910415	0.009120108393559116	0.8817950021478134
3.926050291516404	0.009120108393559116	0.7919707736210084
4.493047718431742	0.009120108393559116	0.6375824832936491
5.141930515695824	0.009120108393559116	0.46726681396755454
5.884524511008838	0.009120108393559116	0.35020855103047976
6.734363409805407	0.009120108393559116	0.2788936180828861
7.706935445758021	0.009120108393559116	0.186290388202015
8.819965652373028	0.009120108393559116	0.08939535444800563
10.093738900052346	0.009120108393559116	0.033549304665435625
11.551469585940843	0.009120108393559116	0.011579355364689662
13.219724714121972	0.009120108393559116	0.004216118057128546
15.128908076758211	0.009120108393559116	0.0018258058618723211
17.313814360331925	0.009120108393559116	0.0008114638759291
19.814263275520517	0.009120108393559116	0.0002957505108184227
22.675825267662994	0.009120108393559116	0.00010045925399493841
25.950652033822625	0.009120108393559116	0.00003749573122415096
29.698426982540767	0.009120108393559116	0.000014883494636867332
33.98745295832107	0.009120108393559116	5.616754123971026e-6
38.895897054520105	0.009120108393559116	1.9424557039275764e-6
44.51321520124173	0.009120108393559116	5.682815311343203e-7
50.941782491215115	0.009120108393559116	1.81440357784606e-7
58.29875895619149	0.009120108393559116	6.089867906044989e-8
66.71822479745835	0.009120108393559116	2.0835777880095205e-8
76.35362398484546	0.009120108393559116	6.972781441246749e-9
87.38056075858388	0.009120108393559116	2.358772737037909e-9
100.00000000000031	0.009120108393559116	8.561204675983704e-10
111.55639876771902	0.009120108393559116	3.847907666744437e-10
138.21730389017998	0.009120108393559116	7.01179424076971e-11
171.24990861750976	0.009120108393559116	1.1278178875106966e-11
212.17698780180757	0.009120108393559116	2.0703061917547486e-12
262.885244821937	0.009120108393559116	3.000009064615201e-13
325.7122869971341	0.009120108393559116	1.61732737741827e-14
403.5543872869759	0.009120108393559116	2.38661889203774e-16
499.9999999999984	0.009120108393559116	1.9105477558160247e-19
1000	0.009120108393559116	0
2000	0.009120108393559116	0
1.	0.010471285480509017	0.46820869167344725
1.9999999999999998	0.010471285480509017	0.7614897146692587
2.288838595949997	0.010471285480509017	0.8475281757281156
2.6193910591551774	0.010471285480509017	0.9266985543696882
2.9976816770403563	0.010471285480509017	0.9792801841418817
3.4306047603910415	0.010471285480509017	0.9814262341986653
3.926050291516404	0.010471285480509017	0.9090736626323099
4.493047718431742	0.010471285480509017	0.7554143521182831
5.141930515695824	0.010471285480509017	0.5624178741300612
5.884524511008838	0.010471285480509017	0.41353186428792116
6.734363409805407	0.010471285480509017	0.3277661210587081
7.706935445758021	0.010471285480509017	0.22686203652656955
8.819965652373028	0.010471285480509017	0.11208220455567984
10.093738900052346	0.010471285480509017	0.04227376454591345
11.551469585940843	0.010471285480509017	0.01447944873741072
13.219724714121972	0.010471285480509017	0.005102692567825636
15.128908076758211	0.010471285480509017	0.0021745017726914743
17.313814360331925	0.010471285480509017	0.000962510882156797
19.814263275520517	0.010471285480509017	0.0003540043112603749
22.675825267662994	0.010471285480509017	0.00011936172502641319
25.950652033822625	0.010471285480509017	0.000044171176423979004
29.698426982540767	0.010471285480509017	0.000017381250192568366
33.98745295832107	0.010471285480509017	6.574417955188065e-6
38.895897054520105	0.010471285480509017	2.2606414298041695e-6
44.51321520124173	0.010471285480509017	6.659746457888238e-7
50.941782491215115	0.010471285480509017	2.1176030659833752e-7
58.29875895619149	0.010471285480509017	7.081733304560792e-8
66.71822479745835	0.010471285480509017	2.4199778109945267e-8
76.35362398484546	0.010471285480509017	8.093878908524113e-9
87.38056075858388	0.010471285480509017	2.7360799391327616e-9
100.00000000000031	0.010471285480509017	9.929357622735671e-10
111.55639876771902	0.010471285480509017	4.4610642915084693e-10
138.21730389017998	0.010471285480509017	8.128396610108038e-11
171.24990861750976	0.010471285480509017	1.3071397927775199e-11
212.17698780180757	0.010471285480509017	2.398861042663747e-12
262.885244821937	0.010471285480509017	3.476209254349214e-13
325.7122869971341	0.010471285480509017	1.8744336054414252e-14
403.5543872869759	0.010471285480509017	2.76680590203896e-16
499.9999999999984	0.010471285480509017	2.2160739857340616e-19
1000	0.010471285480509017	0
2000	0.010471285480509017	0
1.	0.012022644346174156	0.5024850137975588
1.9999999999999998	0.012022644346174156	0.7775001299363815
2.288838595949997	0.012022644346174156	0.8726017882952569
2.6193910591551774	0.012022644346174156	0.968656841761233
2.9976816770403563	0.012022644346174156	1.0464813838465519
3.4306047603910415	0.012022644346174156	1.0773516978443962
3.926050291516404	0.012022644346174156	1.031682949990608
4.493047718431742	0.012022644346174156	0.8781185980862826
5.141930515695824	0.012022644346174156	0.6805913462721542
5.884524511008838	0.012022644346174156	0.49419290078101685
6.734363409805407	0.012022644346174156	0.3843653535551644
7.706935445758021	0.012022644346174156	0.27596199871208554
8.819965652373028	0.012022644346174156	0.14188248489625063
10.093738900052346	0.012022644346174156	0.05395093895828372
11.551469585940843	0.012022644346174156	0.018312371053768817
13.219724714121972	0.012022644346174156	0.006245890732439793
15.128908076758211	0.012022644346174156	0.0026027777384688834
17.313814360331925	0.012022644346174156	0.0011464813288299554
19.814263275520517	0.012022644346174156	0.00042418583525988035
22.675825267662994	0.012022644346174156	0.00014288323225943232
25.950652033822625	0.012022644346174156	0.00005225944726428013
29.698426982540767	0.012022644346174156	0.000020374189700294568
33.98745295832107	0.012022644346174156	7.719197484507193e-6
38.895897054520105	0.012022644346174156	2.6386869929932246e-6
44.51321520124173	0.012022644346174156	7.828913201919982e-7
50.941782491215115	0.012022644346174156	2.4787203127349155e-7
58.29875895619149	0.012022644346174156	8.257421372324299e-8
66.71822479745835	0.012022644346174156	2.818118166265751e-8
76.35362398484546	0.012022644346174156	9.418663613040048e-9
87.38056075858388	0.012022644346174156	3.1813859251674067e-9
100.00000000000031	0.012022644346174156	1.154316311644266e-9
111.55639876771902	0.012022644346174156	5.18385868748521e-10
138.21730389017998	0.012022644346174156	9.444351633670985e-11
171.24990861750976	0.012022644346174156	1.5183908459720298e-11
212.17698780180757	0.012022644346174156	2.7857183339422e-12
262.885244821937	0.012022644346174156	4.036956298792429e-13
325.7122869971341	0.012022644346174156	2.177303110101811e-14
403.5543872869759	0.012022644346174156	3.2149174126906367e-16
499.9999999999984	0.012022644346174156	2.576549195618063e-19
1000	0.012022644346174156	0
2000	0.012022644346174156	0
1.	0.01380384264602888	0.5432049704677219
1.9999999999999998	0.01380384264602888	0.7827189185073196
2.288838595949997	0.01380384264602888	0.8826664003180086
2.6193910591551774	0.01380384264602888	0.9937143843778007
2.9976816770403563	0.01380384264602888	1.0972608648513518
3.4306047603910415	0.01380384264602888	1.163171314166263
3.926050291516404	0.01380384264602888	1.153342334380508
4.493047718431742	0.01380384264602888	1.037983648626041
5.141930515695824	0.01380384264602888	0.8201962399086205
5.884524511008838	0.01380384264602888	0.5939548827931571
6.734363409805407	0.01380384264602888	0.4539973287490753
7.706935445758021	0.01380384264602888	0.3358530214763178
8.819965652373028	0.01380384264602888	0.18048865566259795
10.093738900052346	0.01380384264602888	0.06961481236044129
11.551469585940843	0.01380384264602888	0.02343340852340063
13.219724714121972	0.01380384264602888	0.007767852098860117
15.128908076758211	0.01380384264602888	0.003129827241651194
17.313814360331925	0.01380384264602888	0.0013664707523126998
19.814263275520517	0.01380384264602888	0.000513628835412794
22.675825267662994	0.01380384264602888	0.00017164571201407026
25.950652033822625	0.01380384264602888	0.00006182223458170744
29.698426982540767	0.01380384264602888	0.000023867940417898028
33.98745295832107	0.01380384264602888	9.049754089265233e-6
38.895897054520105	0.01380384264602888	3.075228794236031e-6
44.51321520124173	0.01380384264602888	9.190554587962568e-7
50.941782491215115	0.01380384264602888	2.8962997977753073e-7
58.29875895619149	0.01380384264602888	9.61010258162243e-8
66.71822479745835	0.01380384264602888	3.275383904483682e-8
76.35362398484546	0.01380384264602888	1.0936981914850489e-8
87.38056075858388	0.01380384264602888	3.690963660272022e-9
100.00000000000031	0.01380384264602888	1.3388326620492877e-9
111.55639876771902	0.01380384264602888	6.009552328263988e-10
138.21730389017998	0.01380384264602888	1.0947417461780297e-10
171.24990861750976	0.01380384264602888	1.759543755873908e-11
212.17698780180757	0.01380384264602888	3.2270572301080214e-12
262.885244821937	0.01380384264602888	4.676711212672101e-13
325.7122869971341	0.01380384264602888	2.5230206289704732e-14
403.5543872869759	0.01380384264602888	3.7267990897113915e-16
499.9999999999984	0.01380384264602888	2.9888679591903528e-19
1000	0.01380384264602888	0
2000	0.01380384264602888	0
1.	0.015848931924611172	0.5897436824886639
1.9999999999999998	0.015848931924611172	0.7788108386162708
2.288838595949997	0.015848931924611172	0.8772072373614472
2.6193910591551774	0.015848931924611172	0.9982441105638169
2.9976816770403563	0.015848931924611172	1.1264904234811008
3.4306047603910415	0.015848931924611172	1.2307209111733124
3.926050291516404	0.015848931924611172	1.2681312345323594
4.493047718431742	0.015848931924611172	1.1906923480089675
5.141930515695824	0.015848931924611172	0.9831002930455979
5.884524511008838	0.015848931924611172	0.7198702267090457
6.734363409805407	0.015848931924611172	0.537580953144734
7.706935445758021	0.015848931924611172	0.40626275322681304
8.819965652373028	0.015848931924611172	0.23078357559567172
10.093738900052346	0.015848931924611172	0.09094138504806701
11.551469585940843	0.015848931924611172	0.03038699497595389
13.219724714121972	0.015848931924611172	0.009788550015773698
15.128908076758211	0.015848931924611172	0.0037896936387580796
17.313814360331925	0.015848931924611172	0.0016374288818444608
19.814263275520517	0.015848931924611172	0.0006243877946978516
22.675825267662994	0.015848931924611172	0.00020673187906804897
25.950652033822625	0.015848931924611172	0.00007303873974690436
29.698426982540767	0.015848931924611172	0.00002791124921309254
33.98745295832107	0.015848931924611172	0.000010578890387374871
38.895897054520105	0.015848931924611172	3.5740191578611296e-6
44.51321520124173	0.015848931924611172	1.0760223499062306e-6
50.941782491215115	0.015848931924611172	3.3729166655346084e-7
58.29875895619149	0.015848931924611172	1.1147074915327467e-7
66.71822479745835	0.015848931924611172	3.7939180020811015e-8
76.35362398484546	0.015848931924611172	1.2654554479031309e-8
87.38056075858388	0.015848931924611172	4.266316100408094e-9
100.00000000000031	0.015848931924611172	1.5469285530697414e-9
111.55639876771902	0.015848931924611172	6.939918450158695e-10
138.21730389017998	0.015848931924611172	1.264046496275199e-10
171.24990861750976	0.015848931924611172	2.0310090301587608e-11
212.17698780180757	0.015848931924611172	3.723450827176364e-12
262.885244821937	0.015848931924611172	5.396374233775354e-13
325.7122869971341	0.015848931924611172	2.912154366281782e-14
403.5543872869759	0.015848931924611172	4.303462284757513e-16
499.9999999999984	0.015848931924611172	3.4540913784950504e-19
1000	0.015848931924611172	0
2000	0.015848931924611172	0
1.	0.01819700858609988	0.6399411523045454
1.9999999999999998	0.01819700858609988	0.7669409505407525
2.288838595949997	0.01819700858609988	0.8562944659934746
2.6193910591551774	0.01819700858609988	0.979966289602783
2.9976816770403563	0.01819700858609988	1.1279404601543663
3.4306047603910415	0.01819700858609988	1.2713008863960091
3.926050291516404	0.01819700858609988	1.3618601917760584
4.493047718431742	0.01819700858609988	1.3404705141338937
5.141930515695824	0.01819700858609988	1.1652004219035945
5.884524511008838	0.01819700858609988	0.8812633491896685
6.734363409805407	0.01819700858609988	0.6415478964531621
7.706935445758021	0.01819700858609988	0.489986022222785
8.819965652373028	0.01819700858609988	0.29625501866342524
10.093738900052346	0.01819700858609988	0.12043198584552707
11.551469585940843	0.01819700858609988	0.04006451986767338
13.219724714121972	0.01819700858609988	0.012559209995909384
15.128908076758211	0.01819700858609988	0.0046425036347718645
17.313814360331925	0.01819700858609988	0.001983104380617373
19.814263275520517	0.01819700858609988	0.000765314463927166
22.675825267662994	0.01819700858609988	0.00024842661053602906
25.950652033822625	0.01819700858609988	0.00008576979004851131
29.698426982540767	0.01819700858609988	0.00003242879785275529
33.98745295832107	0.01819700858609988	0.000012269893104209115
38.895897054520105	0.01819700858609988	4.122576438298728e-6
44.51321520124173	0.01819700858609988	1.250427455637601e-6
50.941782491215115	0.01819700858609988	3.894616384497071e-7
58.29875895619149	0.01819700858609988	1.2822165174181433e-7
66.71822479745835	0.01819700858609988	4.357518142311949e-8
76.35362398484546	0.01819700858609988	1.451585279451771e-8
87.38056075858388	0.01819700858609988	4.888186079740302e-9
100.00000000000031	0.01819700858609988	1.7714817129297566e-9
111.55639876771902	0.01819700858609988	7.942651719582743e-10
138.21730389017998	0.01819700858609988	1.446455045465585e-10
171.24990861750976	0.01819700858609988	2.323227966373965e-11
212.17698780180757	0.01819700858609988	4.257272015583321e-12
262.885244821937	0.01819700858609988	6.170350191172387e-13
325.7122869971341	0.01819700858609988	3.331018614391801e-14
403.5543872869759	0.01819700858609988	4.92486777629327e-16
499.9999999999984	0.01819700858609988	3.9564725976339476e-19
1000	0.01819700858609988	0
2000	0.01819700858609988	0
1.	0.02089296130854045	0.6877633136714875
1.9999999999999998	0.02089296130854045	0.7514112228777325
2.288838595949997	0.02089296130854045	0.8250030913535007
2.6193910591551774	0.02089296130854045	0.9408110021926639
2.9976816770403563	0.02089296130854045	1.0980511198911946
3.4306047603910415	0.02089296130854045	1.2764113594334072
3.926050291516404	0.02089296130854045	1.4255291116165532
4.493047718431742	0.02089296130854045	1.4748778724472251
5.141930515695824	0.02089296130854045	1.359587013597033
5.884524511008838	0.02089296130854045	1.0764456033759198
6.734363409805407	0.02089296130854045	0.7758804137852262
7.706935445758021	0.02089296130854045	0.5881104710176631
8.819965652373028	0.02089296130854045	0.37849763845316836
10.093738900052346	0.02089296130854045	0.16140053513092792
11.551469585940843	0.02089296130854045	0.053592655157806486
13.219724714121972	0.02089296130854045	0.016476804667596098
15.128908076758211	0.02089296130854045	0.005730662125119067
17.313814360331925	0.02089296130854045	0.0024146853759827594
19.814263275520517	0.02089296130854045	0.0009468229538225035
22.675825267662994	0.02089296130854045	0.000303238530591726
25.950652033822625	0.02089296130854045	0.0001019855715424067
29.698426982540767	0.02089296130854045	0.00003813170819721535
33.98745295832107	0.02089296130854045	0.000014380664661773192
38.895897054520105	0.02089296130854045	4.8078624408530455e-6
44.51321520124173	0.02089296130854045	1.4690849169663904e-6
50.941782491215115	0.02089296130854045	4.5396016727442183e-7
58.29875895619149	0.02089296130854045	1.489347005221339e-7
66.71822479745835	0.02089296130854045	5.0530667560979665e-8
76.35362398484546	0.02089296130854045	1.6808786516481125e-8
87.38056075858388	0.02089296130854045	5.652819595948344e-9
100.00000000000031	0.02089296130854045	2.047116993332138e-9
111.55639876771902	0.02089296130854045	9.172612646486865e-10
138.21730389017998	0.02089296130854045	1.6701367901730843e-10
171.24990861750976	0.02089296130854045	2.6813531713512695e-11
212.17698780180757	0.02089296130854045	4.9109860028254345e-12
262.885244821937	0.02089296130854045	7.118249922563497e-13
325.7122869971341	0.02089296130854045	3.844285785819004e-14
403.5543872869759	0.02089296130854045	5.686968073819695e-16
499.9999999999984	0.02089296130854045	4.573533704170042e-19
1000	0.02089296130854045	0
2000	0.02089296130854045	0
1.	0.023988329190194974	0.7246481405383867
1.9999999999999998	0.023988329190194974	0.736737901489252
2.288838595949997	0.023988329190194974	0.7899804704506586
2.6193910591551774	0.023988329190194974	0.8872359590307191
2.9976816770403563	0.023988329190194974	1.0403201505252668
3.4306047603910415	0.023988329190194974	1.2415313694171175
3.926050291516404	0.023988329190194974	1.4465598340027321
4.493047718431742	0.023988329190194974	1.579299912994796
5.141930515695824	0.023988329190194974	1.5470711529406738
5.884524511008838	0.023988329190194974	1.2995801140628531
6.734363409805407	0.023988329190194974	0.9467550177593138
7.706935445758021	0.023988329190194974	0.704849305425633
8.819965652373028	0.023988329190194974	0.48427489306047333
10.093738900052346	0.023988329190194974	0.21921676295445855
11.551469585940843	0.023988329190194974	0.07312358006797501
13.219724714121972	0.023988329190194974	0.02211647319708642
15.128908076758211	0.023988329190194974	0.007171100903146446
17.313814360331925	0.023988329190194974	0.002968485610160351
19.814263275520517	0.023988329190194974	0.0011715987311345048
22.675825267662994	0.023988329190194974	0.0003708475929303882
25.950652033822625	0.023988329190194974	0.00012126236153229304
29.698426982540767	0.023988329190194974	0.00004480028334393627
33.98745295832107	0.023988329190194974	0.000016812571043161255
38.895897054520105	0.023988329190194974	5.59783057243932e-6
44.51321520124173	0.023988329190194974	1.7226252841264657e-6
50.941782491215115	0.023988329190194974	5.271114769209937e-7
58.29875895619149	0.023988329190194974	1.7240033802312065e-7
66.71822479745835	0.023988329190194974	5.837999044322281e-8
76.35362398484546	0.023988329190194974	1.93899309081865e-8
87.38056075858388	0.023988329190194974	6.510836423066309e-9
100.00000000000031	0.023988329190194974	2.3555916541028926e-9
111.55639876771902	0.023988329190194974	1.05474533531061e-9
138.21730389017998	0.023988329190194974	1.9200484907763156e-10
171.24990861750976	0.023988329190194974	3.081078647277821e-11
212.17698780180757	0.023988329190194974	5.639720337523505e-12
262.885244821937	0.023988329190194974	8.175111482381498e-13
325.7122869971341	0.023988329190194974	4.4170954895824885e-14
403.5543872869759	0.023988329190194974	6.538606972170031e-16
499.9999999999984	0.023988329190194974	5.264757447335334e-19
1000	0.023988329190194974	0
2000	0.023988329190194974	0
1.	0.027542287033381744	0.7417589375712422
1.9999999999999998	0.027542287033381744	0.7247440437596003
2.288838595949997	0.027542287033381744	0.7570179633799596
2.6193910591551774	0.027542287033381744	0.8300635828885831
2.9976816770403563	0.027542287033381744	0.9637480721943934
3.4306047603910415	0.027542287033381744	1.1684126652728288
3.926050291516404	0.027542287033381744	1.4180402149534812
4.493047718431742	0.027542287033381744	1.6337389334175059
5.141930515695824	0.027542287033381744	1.7083692956128278
5.884524511008838	0.027542287033381744	1.5414871663682952
6.734363409805407	0.027542287033381744	1.1739280271433863
7.706935445758021	0.027542287033381744	0.8476230070729087
8.819965652373028	0.027542287033381744	0.6098584705425464
10.093738900052346	0.027542287033381744	0.29975441217019483
11.551469585940843	0.027542287033381744	0.10136903605828743
13.219724714121972	0.027542287033381744	0.030232797764099498
15.128908076758211	0.027542287033381744	0.00917253243253875
17.313814360331925	0.027542287033381744	0.0036904545360691094
19.814263275520517	0.027542287033381744	0.0014565017709637924
22.675825267662994	0.027542287033381744	0.00045162083234455224
25.950652033822625	0.027542287033381744	0.00014354979044160201
29.698426982540767	0.027542287033381744	0.00005232868086125128
33.98745295832107	0.027542287033381744	0.00001950749114225227
38.895897054520105	0.027542287033381744	6.476183096083125e-6
44.51321520124173	0.027542287033381744	2.0056312950661728e-6
50.941782491215115	0.027542287033381744	6.064511800444889e-7
58.29875895619149	0.027542287033381744	1.9780815682846588e-7
66.71822479745835	0.027542287033381744	6.682843350026616e-8
76.35362398484546	0.027542287033381744	2.216075838477987e-8
87.38056075858388	0.027542287033381744	7.4278823739337035e-9
100.00000000000031	0.027542287033381744	2.684010696108837e-9
111.55639876771902	0.027542287033381744	1.2008993621674319e-9
138.21730389017998	0.027542287033381744	2.185540749529389e-10
171.24990861750976	0.027542287033381744	3.505144742455821e-11
212.17698780180757	0.027542287033381744	6.411573016294083e-12
262.885244821937	0.027542287033381744	9.294720690475365e-13
325.7122869971341	0.027542287033381744	5.0246850535973865e-14
403.5543872869759	0.027542287033381744	7.443609035507812e-16
499.9999999999984	0.027542287033381744	6.001720627262995e-19
1000	0.027542287033381744	0
2000	0.027542287033381744	0
1.	0.03162277660168389	0.730672063574839
1.9999999999999998	0.03162277660168389	0.7125800697505494
2.288838595949997	0.03162277660168389	0.7297570728217008
2.6193910591551774	0.03162277660168389	0.7776675891438288
2.9976816770403563	0.03162277660168389	0.8807791892028333
3.4306047603910415	0.03162277660168389	1.0649531658571914
3.926050291516404	0.03162277660168389	1.3327006397194632
4.493047718431742	0.03162277660168389	1.6251588723624832
5.141930515695824	0.03162277660168389	1.8193993340762273
5.884524511008838	0.03162277660168389	1.777266879452079
6.734363409805407	0.03162277660168389	1.4440870153144902
7.706935445758021	0.03162277660168389	1.0346308450142412
8.819965652373028	0.03162277660168389	0.7561672487465898
10.093738900052346	0.03162277660168389	0.41060322736694244
11.551469585940843	0.03162277660168389	0.14315334047703754
13.219724714121972	0.03162277660168389	0.042284638533025484
15.128908076758211	0.03162277660168389	0.011974756737635138
17.313814360331925	0.03162277660168389	0.004618378584446582
19.814263275520517	0.03162277660168389	0.0018159490986215873
22.675825267662994	0.03162277660168389	0.0005637983004389407
25.950652033822625	0.03162277660168389	0.0001745222631958288
29.698426982540767	0.03162277660168389	0.00006261055448957041
33.98745295832107	0.03162277660168389	0.000023143744379172212
38.895897054520105	0.03162277660168389	7.672965312089534e-6
44.51321520124173	0.03162277660168389	2.388158567804558e-6
50.941782491215115	0.03162277660168389	7.122296042552076e-7
58.29875895619149	0.03162277660168389	2.3169368071085643e-7
66.71822479745835	0.03162277660168389	7.805036856815708e-8
76.35362398484546	0.03162277660168389	2.5841058775498158e-8
87.38056075858388	0.03162277660168389	8.643452789647642e-9
100.00000000000031	0.03162277660168389	3.1182284733894953e-9
111.55639876771902	0.03162277660168389	1.3940422866429462e-9
138.21730389017998	0.03162277660168389	2.5362877800380564e-10
171.24990861750976	0.03162277660168389	4.065035130943614e-11
212.17698780180757	0.03162277660168389	7.429898230648773e-12
262.885244821937	0.03162277660168389	1.077195303370074e-12
325.7122869971341	0.03162277660168389	5.826821151518e-14
403.5543872869759	0.03162277660168389	8.639304497437644e-16
499.9999999999984	0.03162277660168389	6.976806232692421e-19
1000	0.03162277660168389	0
2000	0.03162277660168389	0
1.	0.03630780547701025	0.6854779212838235
1.9999999999999998	0.03630780547701025	0.690628960134338
2.288838595949997	0.03630780547701025	0.7017759103026292
2.6193910591551774	0.03630780547701025	0.7318211581273336
2.9976816770403563	0.03630780547701025	0.8030175009153452
3.4306047603910415	0.03630780547701025	0.948997324084947
3.926050291516404	0.03630780547701025	1.2020400197151977
4.493047718431742	0.03630780547701025	1.5411684793252032
5.141930515695824	0.03630780547701025	1.8567800164542914
5.884524511008838	0.03630780547701025	1.971038919294854
6.734363409805407	0.03630780547701025	1.745608659271666
7.706935445758021	0.03630780547701025	1.2784625139204944
8.819965652373028	0.03630780547701025	0.928006583897236
10.093738900052346	0.03630780547701025	0.5596107730595157
11.551469585940843	0.03630780547701025	0.2066054621200892
13.219724714121972	0.03630780547701025	0.06093294975798545
15.128908076758211	0.03630780547701025	0.016224668411039936
17.313814360331925	0.03630780547701025	0.005862391193128397
19.814263275520517	0.03630780547701025	0.0022877731197190037
22.675825267662994	0.03630780547701025	0.0007294504567220456
25.950652033822625	0.03630780547701025	0.00022070647542717727
29.698426982540767	0.03630780547701025	0.00007759279403058713
33.98745295832107	0.03630780547701025	0.000028386514413254586
38.895897054520105	0.03630780547701025	9.415501495250746e-6
44.51321520124173	0.03630780547701025	2.9389613297528754e-6
50.941782491215115	0.03630780547701025	8.634852695899383e-7
58.29875895619149	0.03630780547701025	2.8000591128675995e-7
66.71822479745835	0.03630780547701025	9.398831375237755e-8
76.35362398484546	0.03630780547701025	3.106824197395238e-8
87.38056075858388	0.03630780547701025	1.03671809315235e-8
100.00000000000031	0.03630780547701025	3.7324586910555916e-9
111.55639876771902	0.03630780547701025	1.6671728739265001e-9
138.21730389017998	0.03630780547701025	3.0321128295323346e-10
171.24990861750976	0.03630780547701025	4.856154424823594e-11
212.17698780180757	0.03630780547701025	8.867887766974403e-12
262.885244821937	0.03630780547701025	1.2858120875592165e-12
325.7122869971341	0.03630780547701025	6.96013446066958e-14
403.5543872869759	0.03630780547701025	1.0329810693837488e-15
499.9999999999984	0.03630780547701025	8.357103410753742e-19
1000	0.03630780547701025	0
2000	0.03630780547701025	0
1.	0.04168693834703368	0.608168352407569
1.9999999999999998	0.04168693834703368	0.6514756178335406
2.288838595949997	0.04168693834703368	0.6668986039642841
2.6193910591551774	0.04168693834703368	0.6913468433711715
2.9976816770403563	0.04168693834703368	0.7395990616005277
3.4306047603910415	0.04168693834703368	0.8436874374753329
3.926050291516404	0.04168693834703368	1.0501592577744614
4.493047718431742	0.04168693834703368	1.38791741417843
5.141930515695824	0.04168693834703368	1.7950091969305628
5.884524511008838	0.04168693834703368	2.084859764381018
6.734363409805407	0.04168693834703368	2.0373698917089165
7.706935445758021	0.04168693834703368	1.5990543509781356
8.819965652373028	0.04168693834703368	1.139143486228287
10.093738900052346	0.04168693834703368	0.749286456862089
11.551469585940843	0.04168693834703368	0.30189924066373763
13.219724714121972	0.04168693834703368	0.0889260156497024
15.128908076758211	0.04168693834703368	0.022821210295638793
17.313814360331925	0.04168693834703368	0.007554127493023918
19.814263275520517	0.04168693834703368	0.0028954835414322297
22.675825267662994	0.04168693834703368	0.0009420415632913193
25.950652033822625	0.04168693834703368	0.00027992355741470484
29.698426982540767	0.04168693834703368	0.00009583922760863203
33.98745295832107	0.04168693834703368	0.00003463011732815141
38.895897054520105	0.04168693834703368	0.00001151218434217452
44.51321520124173	0.04168693834703368	3.593853526087289e-6
50.941782491215115	0.04168693834703368	1.0403487218809541e-6
58.29875895619149	0.04168693834703368	3.358106551282551e-7
66.71822479745835	0.04168693834703368	1.1223526689073605e-7
76.35362398484546	0.04168693834703368	3.703613172390633e-8
87.38056075858388	0.04168693834703368	1.2325682808055342e-8
100.00000000000031	0.04168693834703368	4.426404609815991e-9
111.55639876771902	0.04168693834703368	1.9752273322121774e-9
138.21730389017998	0.04168693834703368	3.590832382183248e-10
171.24990861750976	0.04168693834703368	5.746118754263955e-11
212.17698780180757	0.04168693834703368	1.0482231262657569e-11
262.885244821937	0.04168693834703368	1.5200697842662994e-12
325.7122869971341	0.04168693834703368	8.234766041937811e-14
403.5543872869759	0.04168693834703368	1.22353138753356e-15
499.9999999999984	0.04168693834703368	9.919240978876334e-19
1000	0.04168693834703368	0
2000	0.04168693834703368	0
1.	0.047863009232264	0.5038688459648876
1.9999999999999998	0.047863009232264	0.589924889252151
2.288838595949997	0.047863009232264	0.6151887806976443
2.6193910591551774	0.047863009232264	0.6443620292196265
2.9976816770403563	0.047863009232264	0.6845801972880959
3.4306047603910415	0.047863009232264	0.7556903167050604
3.926050291516404	0.047863009232264	0.9026499948797106
4.493047718431742	0.047863009232264	1.190348584021751
5.141930515695824	0.047863009232264	1.6332499990113318
5.884524511008838	0.047863009232264	2.0875107699179805
6.734363409805407	0.047863009232264	2.2674290887184947
7.706935445758021	0.047863009232264	1.9692418716310474
8.819965652373028	0.047863009232264	1.4112926481601722
10.093738900052346	0.047863009232264	0.9740472980760899
11.551469585940843	0.047863009232264	0.44788125490484937
13.219724714121972	0.047863009232264	0.13263180904228603
15.128908076758211	0.047863009232264	0.033568935188563645
17.313814360331925	0.047863009232264	0.009848879289377718
19.814263275520517	0.047863009232264	0.003719991515912155
22.675825267662994	0.047863009232264	0.0012338486014123785
25.950652033822625	0.047863009232264	0.0003617128595855383
29.698426982540767	0.047863009232264	0.00011966311619058592
33.98745295832107	0.047863009232264	0.000042611358325149896
38.895897054520105	0.047863009232264	0.000014214028631391466
44.51321520124173	0.047863009232264	4.424859129033713e-6
50.941782491215115	0.047863009232264	1.264242498258363e-6
58.29875895619149	0.047863009232264	4.052196533342689e-7
66.71822479745835	0.047863009232264	1.347578376949472e-7
76.35362398484546	0.047863009232264	4.43765023456601e-8
87.38056075858388	0.047863009232264	1.472522630606776e-8
100.00000000000031	0.047863009232264	5.2720413799832995e-9
111.55639876771902	0.047863009232264	2.3500737098294388e-9
138.21730389017998	0.047863009232264	4.270086648709007e-10
171.24990861750976	0.047863009232264	6.826460572779513e-11
212.17698780180757	0.047863009232264	1.2438239125020374e-11
262.885244821937	0.047863009232264	1.8039645170685437e-12
325.7122869971341	0.047863009232264	9.781693807589529e-14
403.5543872869759	0.047863009232264	1.455259465531705e-15
499.9999999999984	0.047863009232264	1.1825826072171666e-18
1000	0.047863009232264	0
2000	0.047863009232264	0
1.	0.05495408738576265	0.3855582104614284
1.9999999999999998	0.05495408738576265	0.504862151317126
2.288838595949997	0.05495408738576265	0.5410739558156326
2.6193910591551774	0.05495408738576265	0.5803162377424793
2.9976816770403563	0.05495408738576265	0.6245373312297313
3.4306047603910415	0.05495408738576265	0.6824711163881301
3.926050291516404	0.05495408738576265	0.7851053154509516
4.493047718431742	0.05495408738576265	0.9919595205420015
5.141930515695824	0.05495408738576265	1.3901908178952929
5.884524511008838	0.05495408738576265	1.9453325095914653
6.734363409805407	0.05495408738576265	2.3704696899625928
7.706935445758021	0.05495408738576265	2.3343195198450064
8.819965652373028	0.05495408738576265	1.7713215586933764
10.093738900052346	0.05495408738576265	1.2344242249328052
11.551469585940843	0.05495408738576265	0.6606305931614175
13.219724714121972	0.05495408738576265	0.2028349114001039
15.128908076758211	0.05495408738576265	0.05113702886429469
17.313814360331925	0.05495408738576265	0.013296145487707977
19.814263275520517	0.05495408738576265	0.004872131675323279
22.675825267662994	0.05495408738576265	0.0016590508727467785
25.950652033822625	0.05495408738576265	0.0004814620030294708
29.698426982540767	0.05495408738576265	0.00015265126878763103
33.98745295832107	0.05495408738576265	0.00005344066235069608
38.895897054520105	0.05495408738576265	0.00001788601477170776
44.51321520124173	0.05495408738576265	5.538565281401417e-6
50.941782491215115	0.05495408738576265	1.5670457044911357e-6
58.29875895619149	0.05495408738576265	4.971418881058784e-7
66.71822479745835	0.05495408738576265	1.643966253702412e-7
76.35362398484546	0.05495408738576265	5.398968377544061e-8
87.38056075858388	0.05495408738576265	1.7858176635290615e-8
100.00000000000031	0.05495408738576265	6.370916767417934e-9
111.55639876771902	0.05495408738576265	2.8365025367648433e-9
138.21730389017998	0.05495408738576265	5.150708267248838e-10
171.24990861750976	0.05495408738576265	8.225183695992754e-11
212.17698780180757	0.05495408738576265	1.496639236368084e-11
262.885244821937	0.05495408738576265	2.1709691994276822e-12
325.7122869971341	0.05495408738576265	1.178410121212955e-13
403.5543872869759	0.05495408738576265	1.75576404398419e-15
499.9999999999984	0.05495408738576265	1.4306480466896086e-18
1000	0.05495408738576265	0
2000	0.05495408738576265	0
1.	0.06309573444801955	0.2817436886636644
1.9999999999999998	0.06309573444801955	0.4028786107936507
2.288838595949997	0.06309573444801955	0.4444424081284445
2.6193910591551774	0.06309573444801955	0.4921917762963563
2.9976816770403563	0.06309573444801955	0.5470768893774065
3.4306047603910415	0.06309573444801955	0.6096184514011794
3.926050291516404	0.06309573444801955	0.6901077497914285
4.493047718431742	0.06309573444801955	0.8314279738359754
5.141930515695824	0.06309573444801955	1.1270695542650988
5.884524511008838	0.06309573444801955	1.6784321365266686
6.734363409805407	0.06309573444801955	2.320359997418856
7.706935445758021	0.06309573444801955	2.6031989732390737
8.819965652373028	0.06309573444801955	2.226003103821769
10.093738900052346	0.06309573444801955	1.5464654798359723
11.551469585940843	0.06309573444801955	0.9465088135159456
13.219724714121972	0.06309573444801955	0.31999260505560523
15.128908076758211	0.06309573444801955	0.08021235040916841
17.313814360331925	0.06309573444801955	0.01864126450143795
19.814263275520517	0.06309573444801955	0.006471077097461386
22.675825267662994	0.06309573444801955	0.0022327054531355336
25.950652033822625	0.06309573444801955	0.0006429023980665568
29.698426982540767	0.06309573444801955	0.00019408385448720675
33.98745295832107	0.06309573444801955	0.00006661357182473412
38.895897054520105	0.06309573444801955	0.000022326682194120858
44.51321520124173	0.06309573444801955	6.8664259107645914e-6
50.941782491215115	0.06309573444801955	1.932140698860379e-6
58.29875895619149	0.06309573444801955	6.046894719449927e-7
66.71822479745835	0.06309573444801955	1.9867856622989024e-7
76.35362398484546	0.06309573444801955	6.500948355119858e-8
87.38056075858388	0.06309573444801955	2.142995638283115e-8
100.00000000000031	0.06309573444801955	7.61407599220596e-9
111.55639876771902	0.06309573444801955	3.3852337608336708e-9
138.21730389017998	0.06309573444801955	6.142571779452237e-10
171.24990861750976	0.06309573444801955	9.796697750581852e-11
212.17698780180757	0.06309573444801955	1.7798108117937207e-11
262.885244821937	0.06309573444801955	2.582173430032755e-12
325.7122869971341	0.06309573444801955	1.4033028878005726e-13
403.5543872869759	0.06309573444801955	2.0943809382926732e-15
499.9999999999984	0.06309573444801955	1.7118568142245009e-18
1000	0.06309573444801955	0
2000	0.06309573444801955	0
1.	0.07244359600749928	0.19725903608365764
1.9999999999999998	0.07244359600749928	0.2972630451087363
2.288838595949997	0.07244359600749928	0.3386578439599984
2.6193910591551774	0.07244359600749928	0.3897872160064638
2.9976816770403563	0.07244359600749928	0.4513153156833528
3.4306047603910415	0.07244359600749928	0.5222498083267806
3.926050291516404	0.07244359600749928	0.6024940912950735
4.493047718431742	0.07244359600749928	0.7072806313681724
5.141930515695824	0.07244359600749928	0.9022113955903699
5.884524511008838	0.07244359600749928	1.3335639532323866
6.734363409805407	0.07244359600749928	2.050572335923485
7.706935445758021	0.07244359600749928	2.6839769994684723
8.819965652373028	0.07244359600749928	2.6684398717349613
10.093738900052346	0.07244359600749928	1.9507624135595227
11.551469585940843	0.07244359600749928	1.2982034647653347
13.219724714121972	0.07244359600749928	0.5123829487401886
15.128908076758211	0.07244359600749928	0.12851860769504958
17.313814360331925	0.07244359600749928	0.027974985531272686
19.814263275520517	0.07244359600749928	0.008737601574434617
22.675825267662994	0.07244359600749928	0.003013389123470999
25.950652033822625	0.07244359600749928	0.0008635560537810926
29.698426982540767	0.07244359600749928	0.0002474975402879465
33.98745295832107	0.07244359600749928	0.00008296055918486323
38.895897054520105	0.07244359600749928	0.000027738899536318504
44.51321520124173	0.07244359600749928	8.465643448496185e-6
50.941782491215115	0.07244359600749928	2.3795624024234053e-6
58.29875895619149	0.07244359600749928	7.328576625276516e-7
66.71822479745835	0.07244359600749928	2.389316192932597e-7
76.35362398484546	0.07244359600749928	7.78097377249526e-8
87.38056075858388	0.07244359600749928	2.5555232085009988e-8
100.00000000000031	0.07244359600749928	9.038827688842927e-9
111.55639876771902	0.07244359600749928	4.01197901008994e-9
138.21730389017998	0.07244359600749928	7.273326833685711e-10
171.24990861750976	0.07244359600749928	1.1583401674392998e-10
212.17698780180757	0.07244359600749928	2.1006215998516972e-11
262.885244821937	0.07244359600749928	3.048231453866481e-12
325.7122869971341	0.07244359600749928	1.6588791161635772e-13
403.5543872869759	0.07244359600749928	2.480623870366071e-15
499.9999999999984	0.07244359600749928	2.0347191971273654e-18
1000	0.07244359600749928	0
2000	0.07244359600749928	0
1.	0.08317637711026743	0.1431821153294637
1.9999999999999998	0.08317637711026743	0.21303117964072313
2.288838595949997	0.08317637711026743	0.24383505248981846
2.6193910591551774	0.08317637711026743	0.28598838080293754
2.9976816770403563	0.08317637711026743	0.34293151367641905
3.4306047603910415	0.08317637711026743	0.4158650450545886
3.926050291516404	0.08317637711026743	0.5010172691155634
4.493047718431742	0.08317637711026743	0.6035118088743673
5.141930515695824	0.08317637711026743	0.7470015272258027
5.884524511008838	0.08317637711026743	1.0295439252113237
6.734363409805407	0.08317637711026743	1.6468739227710367
7.706935445758021	0.08317637711026743	2.520186259872514
8.819965652373028	0.08317637711026743	2.9681776108494495
10.093738900052346	0.08317637711026743	2.4491885308930565
11.551469585940843	0.08317637711026743	1.6844951307086082
13.219724714121972	0.08317637711026743	0.825704388143182
15.128908076758211	0.08317637711026743	0.21205520551391066
17.313814360331925	0.08317637711026743	0.04532857159482949
19.814263275520517	0.08317637711026743	0.012002482502869071
22.675825267662994	0.08317637711026743	0.004096137880995504
25.950652033822625	0.08317637711026743	0.0011755254121840174
29.698426982540767	0.08317637711026743	0.00032042494437177564
33.98745295832107	0.08317637711026743	0.00010421950311557816
38.895897054520105	0.08317637711026743	0.000034582126099869155
44.51321520124173	0.08317637711026743	0.000010465295532729464
50.941782491215115	0.08317637711026743	2.9485914962124224e-6
58.29875895619149	0.08317637711026743	8.926883541216189e-7
66.71822479745835	0.08317637711026743	2.8818283949779396e-7
76.35362398484546	0.08317637711026743	9.330400824665286e-8
87.38056075858388	0.08317637711026743	3.052058721956574e-8
100.00000000000031	0.08317637711026743	1.0742146487456349e-8
111.55639876771902	0.08317637711026743	4.758367130401288e-9
138.21730389017998	0.08317637711026743	8.617315029737047e-10
171.24990861750976	0.08317637711026743	1.3701282645490238e-10
212.17698780180757	0.08317637711026743	2.479580453139805e-11
262.885244821937	0.08317637711026743	3.598943115025554e-12
325.7122869971341	0.08317637711026743	1.9616761516285426e-13
403.5543872869759	0.08317637711026743	2.939926051211566e-15
499.9999999999984	0.08317637711026743	2.421198400199938e-18
1000	0.08317637711026743	0
2000	0.08317637711026743	0
1.	0.09549925860214398	0.11469909568649692
1.9999999999999998	0.09549925860214398	0.15221720430006053
2.288838595949997	0.09549925860214398	0.1724891411392455
2.6193910591551774	0.09549925860214398	0.20192540218103527
2.9976816770403563	0.09549925860214398	0.24470557173062052
3.4306047603910415	0.09549925860214398	0.30711218027805837
3.926050291516404	0.09549925860214398	0.39192741897162925
4.493047718431742	0.09549925860214398	0.49402395698552665
5.141930515695824	0.09549925860214398	0.6247305387576652
5.884524511008838	0.09549925860214398	0.8090458877915456
6.734363409805407	0.09549925860214398	1.2135345468185526
7.706935445758021	0.09549925860214398	2.0951872992593232
8.819965652373028	0.09549925860214398	2.985556463728355
10.093738900052346	0.09549925860214398	2.93365635489649
11.551469585940843	0.09549925860214398	2.1085757897968636
13.219724714121972	0.09549925860214398	1.2668167817403104
15.128908076758211	0.09549925860214398	0.3601774578188873
17.313814360331925	0.09549925860214398	0.07760344353613044
19.814263275520517	0.09549925860214398	0.017002373261836318
22.675825267662994	0.09549925860214398	0.005675044681654618
25.950652033822625	0.09549925860214398	0.001647485445294189
29.698426982540767	0.09549925860214398	0.0004298391922396669
33.98745295832107	0.09549925860214398	0.00013423345113577022
38.895897054520105	0.09549925860214398	0.00004395526450226736
44.51321520124173	0.09549925860214398	0.000013176827860670045
50.941782491215115	0.09549925860214398	3.72732242883592e-6
58.29875895619149	0.09549925860214398	1.108550726661597e-6
66.71822479745835	0.09549925860214398	3.53451513602588e-7
76.35362398484546	0.09549925860214398	1.1366124157554985e-7
87.38056075858388	0.09549925860214398	3.7012069047108154e-8
100.00000000000031	0.09549925860214398	1.2958245842169578e-8
111.55639876771902	0.09549925860214398	5.725838498180088e-9
138.21730389017998	0.09549925860214398	1.0356375995680062e-9
171.24990861750976	0.09549925860214398	1.6435559780988054e-10
212.17698780180757	0.09549925860214398	2.967402434398044e-11
262.885244821937	0.09549925860214398	4.3080599870680786e-12
325.7122869971341	0.09549925860214398	2.352436661333538e-13
403.5543872869759	0.09549925860214398	3.534499205729301e-15
499.9999999999984	0.09549925860214398	2.924282445598496e-18
1000	0.09549925860214398	0
2000	0.09549925860214398	0
1.	0.10964781961431896	0.09398396410507667
1.9999999999999998	0.10964781961431896	0.11963541539690992
2.288838595949997	0.10964781961431896	0.13025848677571833
2.6193910591551774	0.10964781961431896	0.14732777357695165
2.9976816770403563	0.10964781961431896	0.17500505048129789
3.4306047603910415	0.10964781961431896	0.2167847904980085
3.926050291516404	0.10964781961431896	0.2832774335012789
4.493047718431742	0.10964781961431896	0.377181111812868
5.141930515695824	0.10964781961431896	0.5012086848426272
5.884524511008838	0.10964781961431896	0.6596271909276932
6.734363409805407	0.10964781961431896	0.9018901813681127
7.706935445758021	0.10964781961431896	1.5317042348729122
8.819965652373028	0.10964781961431896	2.6394700853269617
10.093738900052346	0.10964781961431896	3.2016811949459094
11.551469585940843	0.10964781961431896	2.6250354465049317
13.219724714121972	0.10964781961431896	1.7663489499728793
15.128908076758211	0.10964781961431896	0.6322146978842148
17.313814360331925	0.10964781961431896	0.1361446183683354
19.814263275520517	0.10964781961431896	0.025531515859523686
22.675825267662994	0.10964781961431896	0.008049305372898356
25.950652033822625	0.10964781961431896	0.0023874843892977113
29.698426982540767	0.10964781961431896	0.0006021187759262945
33.98745295832107	0.10964781961431896	0.00017800213558024844
38.895897054520105	0.10964781961431896	0.00005722001324430771
44.51321520124173	0.10964781961431896	0.00001699877196131373
50.941782491215115	0.10964781961431896	4.822281842242416e-6
58.29875895619149	0.10964781961431896	1.405131617350904e-6
66.71822479745835	0.10964781961431896	4.4164259658112487e-7
76.35362398484546	0.10964781961431896	1.4093950640927449e-7
87.38056075858388	0.10964781961431896	4.565896733608794e-8
100.00000000000031	0.10964781961431896	1.5894565855481282e-8
111.55639876771902	0.10964781961431896	7.002293534808979e-9
138.21730389017998	0.10964781961431896	1.264654560048452e-9
171.24990861750976	0.10964781961431896	2.0027385113319728e-10
212.17698780180757	0.10964781961431896	3.606100636358837e-11
262.885244821937	0.10964781961431896	5.2368088775038425e-12
325.7122869971341	0.10964781961431896	2.865501660498009e-13
403.5543872869759	0.10964781961431896	4.317839526762001e-15
499.9999999999984	0.10964781961431896	3.5911184463893714e-18
1000	0.10964781961431896	0
2000	0.10964781961431896	0