1	0.001	0.208869
2	0.001	0.114285
2.28884	0.001	0.0998077
2.61939	0.001	0.0900768
2.99768	0.001	0.0838091
3.4306	0.001	0.0775691
3.92605	0.001	0.0679641
4.49305	0.001	0.0549023
5.14193	0.001	0.0411342
5.88452	0.001	0.0281419
6.73436	0.001	0.0166724
7.70694	0.001	0.00864206
8.81997	0.001	0.00424607
10.0937	0.001	0.00188603
11.5515	0.001	0.000653625
13.2197	0.001	0.000241475
15.1289	0.001	0.000103781
17.3138	0.001	0.0000450763
19.8143	0.001	0.0000155808
22.6758	0.001	4.79284e-6
1	0.00114815	0.239124
2	0.00114815	0.131887
2.28884	0.00114815	0.114957
2.61939	0.00114815	0.103387
2.99768	0.00114815	0.0959891
3.4306	0.00114815	0.0889309
3.92605	0.00114815	0.0781681
4.49305	0.00114815	0.0633489
5.14193	0.00114815	0.0475796
5.88452	0.00114815	0.0326514
6.73436	0.00114815	0.0193864
7.70694	0.00114815	0.0100146
8.81997	0.00114815	0.00492521
10.0937	0.00114815	0.00219109
11.5515	0.00114815	0.000759402
13.2197	0.00114815	0.00027972
15.1289	0.00114815	0.000119841
17.3138	0.00114815	0.0000521237
19.8143	0.00114815	0.0000180185
22.6758	0.00114815	5.5204e-6
1	0.00131826	0.273426
2	0.00131826	0.152358
2.28884	0.00131826	0.132528
2.61939	0.00131826	0.118737
2.99768	0.00131826	0.109947
3.4306	0.00131826	0.101926
3.92605	0.00131826	0.0898936
4.49305	0.00131826	0.0731341
5.14193	0.00131826	0.0551107
5.88452	0.00131826	0.037931
6.73436	0.00131826	0.0225816
7.70694	0.00131826	0.0116635
8.81997	0.00131826	0.00572309
10.0937	0.00131826	0.00255172
11.5515	0.00131826	0.000886637
13.2197	0.00131826	0.000326612
15.1289	0.00131826	0.000138693
17.3138	0.00131826	0.000060197
19.8143	0.00131826	0.0000208009
22.6758	0.00131826	6.38248e-6
1	0.00151356	0.312107
2	0.00151356	0.176194
2.28884	0.00151356	0.152916
2.61939	0.00151356	0.136428
2.99768	0.00151356	0.125896
3.4306	0.00151356	0.116772
3.92605	0.00151356	0.103373
4.49305	0.00151356	0.0844911
5.14193	0.00151356	0.0638713
5.88452	0.00151356	0.0441355
6.73436	0.00151356	0.0263564
7.70694	0.00151356	0.0136454
8.81997	0.00151356	0.00666299
10.0937	0.00151356	0.00297763
11.5515	0.00151356	0.00103468
13.2197	0.00151356	0.000375166
15.1289	0.00151356	0.000160519
17.3138	0.00151356	0.0000695743
19.8143	0.00151356	0.0000240774
22.6758	0.00151356	7.39544e-6
1	0.0017378	0.35548
2	0.0017378	0.203945
2.28884	0.0017378	0.176603
2.61939	0.0017378	0.156817
2.99768	0.0017378	0.144188
3.4306	0.0017378	0.133712
3.92605	0.0017378	0.118893
4.49305	0.0017378	0.0976341
5.14193	0.0017378	0.0741036
5.88452	0.0017378	0.05143
6.73436	0.0017378	0.0308299
7.70694	0.0017378	0.0159386
8.81997	0.0017378	0.00776389
10.0937	0.0017378	0.00348053
11.5515	0.0017378	0.00120895
13.2197	0.0017378	0.000438657
15.1289	0.0017378	0.000185805
17.3138	0.0017378	0.0000806354
19.8143	0.0017378	0.000027881
22.6758	0.0017378	8.60903e-6
1	0.00199526	0.403716
2	0.00199526	0.236218
2.28884	0.00199526	0.20421
2.61939	0.00199526	0.180402
2.99768	0.00199526	0.165086
3.4306	0.00199526	0.153083
3.92605	0.00199526	0.136696
4.49305	0.00199526	0.112899
5.14193	0.00199526	0.086083
5.88452	0.00199526	0.0600069
6.73436	0.00199526	0.0361643
7.70694	0.00199526	0.0186668
8.81997	0.00199526	0.00908369
10.0937	0.00199526	0.0040739
11.5515	0.00199526	0.00141815
13.2197	0.00199526	0.000507319
15.1289	0.00199526	0.00021558
17.3138	0.00199526	0.000093376
19.8143	0.00199526	0.0000324406
22.6758	0.00199526	9.97437e-6
1	0.00229087	0.456912
2	0.00229087	0.273876
2.28884	0.00229087	0.236456
2.61939	0.00229087	0.207775
2.99768	0.00229087	0.189081
3.4306	0.00229087	0.175159
3.92605	0.00229087	0.15711
4.49305	0.00229087	0.130578
5.14193	0.00229087	0.100136
5.88452	0.00229087	0.0702722
6.73436	0.00229087	0.0425328
7.70694	0.00229087	0.0219388
8.81997	0.00229087	0.0106281
10.0937	0.00229087	0.0047874
11.5515	0.00229087	0.00166332
13.2197	0.00229087	0.000595077
15.1289	0.00229087	0.00024992
17.3138	0.00229087	0.000108553
19.8143	0.00229087	0.0000376111
22.6758	0.00229087	0.0000115482
1	0.00263027	0.515065
2	0.00263027	0.317803
2.28884	0.00263027	0.274166
2.61939	0.00263027	0.239672
2.99768	0.00263027	0.216658
3.4306	0.00263027	0.200293
3.92605	0.00263027	0.180492
4.49305	0.00263027	0.151256
5.14193	0.00263027	0.116681
5.88452	0.00263027	0.0823686
6.73436	0.00263027	0.0501515
7.70694	0.00263027	0.0259013
8.81997	0.00263027	0.0124908
10.0937	0.00263027	0.00563627
11.5515	0.00263027	0.00196829
13.2197	0.00263027	0.000695641
15.1289	0.00263027	0.000291122
17.3138	0.00263027	0.000126066
19.8143	0.00263027	0.0000437594
22.6758	0.00263027	0.0000134544
1	0.00301995	0.577181
2	0.00301995	0.368856
2.28884	0.00301995	0.318491
2.61939	0.00301995	0.276947
2.99768	0.00301995	0.248399
3.4306	0.00301995	0.229042
3.92605	0.00301995	0.207274
4.49305	0.00301995	0.17512
5.14193	0.00301995	0.136094
5.88452	0.00301995	0.0967374
6.73436	0.00301995	0.0593965
7.70694	0.00301995	0.0306637
8.81997	0.00301995	0.0147129
10.0937	0.00301995	0.00666811
11.5515	0.00301995	0.0023326
13.2197	0.00301995	0.000812603
15.1289	0.00301995	0.00033956
17.3138	0.00301995	0.00014675
19.8143	0.00301995	0.0000509996
22.6758	0.00301995	0.00001602
1	0.00346737	0.642144
2	0.00346737	0.428146
2.28884	0.00346737	0.370498
2.61939	0.00346737	0.320778
2.99768	0.00346737	0.285223
3.4306	0.00346737	0.261664
3.92605	0.00346737	0.237835
4.49305	0.00346737	0.202723
5.14193	0.00346737	0.158795
5.88452	0.00346737	0.113871
6.73436	0.00346737	0.0705534
7.70694	0.00346737	0.0365871
8.81997	0.00346737	0.0174275
10.0937	0.00346737	0.00790989
11.5515	0.00346737	0.00278623
13.2197	0.00346737	0.000957068
15.1289	0.00346737	0.000396756
17.3138	0.00346737	0.00017134
19.8143	0.00346737	0.0000595788
22.6758	0.00346737	0.0000184712
1	0.00398107	0.708607
2	0.00398107	0.496527
2.28884	0.00398107	0.43142
2.61939	0.00398107	0.372306
2.99768	0.00398107	0.328043
3.4306	0.00398107	0.298964
3.92605	0.00398107	0.272524
4.49305	0.00398107	0.234505
5.14193	0.00398107	0.185448
5.88452	0.00398107	0.134347
6.73436	0.00398107	0.0841859
7.70694	0.00398107	0.043794
8.81997	0.00398107	0.0208012
10.0937	0.00398107	0.00940616
11.5515	0.00398107	0.00332443
13.2197	0.00398107	0.00112995
15.1289	0.00398107	0.000464821
17.3138	0.00398107	0.000200478
19.8143	0.00398107	0.0000696231
22.6758	0.00398107	0.0000216716
1	0.00457088	0.773909
2	0.00457088	0.574723
2.28884	0.00457088	0.502553
2.61939	0.00457088	0.433203
2.99768	0.00457088	0.37822
3.4306	0.00457088	0.341625
3.92605	0.00457088	0.311823
4.49305	0.00457088	0.271161
5.14193	0.00457088	0.216752
5.88452	0.00457088	0.158656
6.73436	0.00457088	0.10083
7.70694	0.00457088	0.0526712
8.81997	0.00457088	0.0247396
10.0937	0.00457088	0.0112621
11.5515	0.00457088	0.00399308
13.2197	0.00457088	0.00133984
15.1289	0.00457088	0.000545932
17.3138	0.00457088	0.000235705
19.8143	0.00457088	0.000081611
22.6758	0.00457088	0.0000254717
1	0.00524807	0.834744
2	0.00524807	0.662855
2.28884	0.00524807	0.58532
2.61939	0.00524807	0.505378
2.99768	0.00524807	0.437647
3.4306	0.00524807	0.39122
3.92605	0.00524807	0.356684
4.49305	0.00524807	0.313407
5.14193	0.00524807	0.253516
5.88452	0.00524807	0.187841
6.73436	0.00524807	0.121246
7.70694	0.00524807	0.0638057
8.81997	0.00524807	0.0297386
10.0937	0.00524807	0.0135062
11.5515	0.00524807	0.00485143
13.2197	0.00524807	0.00159903
15.1289	0.00524807	0.00064351
17.3138	0.00524807	0.000277779
19.8143	0.00524807	0.0000963345
22.6758	0.00524807	0.0000304896
1	0.0060256	0.887861
2	0.0060256	0.7602
2.28884	0.0060256	0.68039
2.61939	0.0060256	0.590803
2.99768	0.0060256	0.508891
3.4306	0.0060256	0.449349
3.92605	0.0060256	0.407636
4.49305	0.0060256	0.36146
5.14193	0.0060256	0.296615
5.88452	0.0060256	0.222622
6.73436	0.0060256	0.14615
7.70694	0.0060256	0.0777687
8.81997	0.0060256	0.0358909
10.0937	0.0060256	0.0162789
11.5515	0.0060256	0.00593107
13.2197	0.0060256	0.00192241
15.1289	0.0060256	0.000761385
17.3138	0.0060256	0.00032895
19.8143	0.0060256	0.00011397
22.6758	0.0060256	0.0000362545
1	0.00691831	0.928058
2	0.00691831	0.865299
2.28884	0.00691831	0.787759
2.61939	0.00691831	0.690772
2.99768	0.00691831	0.593228
3.4306	0.00691831	0.517053
3.92605	0.00691831	0.465812
4.49305	0.00691831	0.416228
5.14193	0.00691831	0.346839
5.88452	0.00691831	0.264387
6.73436	0.00691831	0.177056
7.70694	0.00691831	0.0955672
8.81997	0.00691831	0.0438814
10.0937	0.00691831	0.019754
11.5515	0.00691831	0.0072966
13.2197	0.00691831	0.0023302
15.1289	0.00691831	0.000905058
17.3138	0.00691831	0.000386828
19.8143	0.00691831	0.0001352
22.6758	0.00691831	0.0000428121
1	0.00794328	0.952917
2	0.00794328	0.973313
2.28884	0.00794328	0.904874
2.61939	0.00794328	0.805302
2.99768	0.00794328	0.693486
3.4306	0.00794328	0.597509
3.92605	0.00794328	0.532422
4.49305	0.00794328	0.478177
5.14193	0.00794328	0.405357
5.88452	0.00794328	0.31382
6.73436	0.00794328	0.215035
7.70694	0.00794328	0.118522
8.81997	0.00794328	0.054114
10.0937	0.00794328	0.0240671
11.5515	0.00794328	0.00904929
13.2197	0.00794328	0.00282198
15.1289	0.00794328	0.00107988
17.3138	0.00794328	0.000456987
19.8143	0.00794328	0.00016104
22.6758	0.00794328	0.0000515828
1	0.00912011	0.959318
2	0.00912011	1.0783
2.28884	0.00912011	1.02749
2.61939	0.00912011	0.934021
2.99768	0.00912011	0.811988
3.4306	0.00912011	0.694463
3.92605	0.00912011	0.609672
4.49305	0.00912011	0.548371
5.14193	0.00912011	0.472063
5.88452	0.00912011	0.372269
6.73436	0.00912011	0.261402
7.70694	0.00912011	0.147627
8.81997	0.00912011	0.0672858
10.0937	0.00912011	0.0295615
11.5515	0.00912011	0.01133
13.2197	0.00912011	0.00348812
15.1289	0.00912011	0.0012967
17.3138	0.00912011	0.000544093
19.8143	0.00912011	0.000192346
22.6758	0.00912011	0.0000618043
1	0.0104713	0.946422
2	0.0104713	1.17032
2.28884	0.0104713	1.14775
2.61939	0.0104713	1.07195
2.99768	0.0104713	0.948769
3.4306	0.0104713	0.811176
3.92605	0.0104713	0.701794
4.49305	0.0104713	0.627136
5.14193	0.0104713	0.548356
5.88452	0.0104713	0.441293
6.73436	0.0104713	0.317647
7.70694	0.0104713	0.185261
8.81997	0.0104713	0.0848689
10.0937	0.0104713	0.0366125
11.5515	0.0104713	0.0142416
13.2197	0.0104713	0.00434409
15.1289	0.0104713	0.00156496
17.3138	0.0104713	0.000650229
19.8143	0.0104713	0.000232084
22.6758	0.0104713	0.0000750215
1	0.0120226	0.917517
2	0.0120226	1.23985
2.28884	0.0120226	1.25432
2.61939	0.0120226	1.21048
2.99768	0.0120226	1.10197
3.4306	0.0120226	0.951074
3.92605	0.0120226	0.813033
4.49305	0.0120226	0.717609
5.14193	0.0120226	0.634242
5.88452	0.0120226	0.520957
6.73436	0.0120226	0.38569
7.70694	0.0120226	0.233698
8.81997	0.0120226	0.107755
10.0937	0.0120226	0.04567
11.5515	0.0120226	0.0181014
13.2197	0.0120226	0.0054463
15.1289	0.0120226	0.00190195
17.3138	0.0120226	0.000783406
19.8143	0.0120226	0.000280725
22.6758	0.0120226	0.0000914749
1	0.0138038	0.878967
2	0.0138038	1.27579
2.28884	0.0138038	1.3354
2.61939	0.0138038	1.33792
2.99768	0.0138038	1.26054
3.4306	0.0138038	1.11247
3.92605	0.0138038	0.94689
4.49305	0.0138038	0.823077
5.14193	0.0138038	0.730593
5.88452	0.0138038	0.613814
6.73436	0.0138038	0.466733
7.70694	0.0138038	0.296362
8.81997	0.0138038	0.139438
10.0937	0.0138038	0.0577562
11.5515	0.0138038	0.0231557
13.2197	0.0138038	0.00693616
15.1289	0.0138038	0.00233554
17.3138	0.0138038	0.000948729
19.8143	0.0138038	0.000343546
22.6758	0.0138038	0.000111726
1	0.0158489	0.840561
2	0.0158489	1.27151
2.28884	0.0158489	1.37317
2.61939	0.0158489	1.43166
2.99768	0.0158489	1.40979
3.4306	0.0158489	1.28907
3.92605	0.0158489	1.10729
4.49305	0.0158489	0.947266
5.14193	0.0158489	0.838408
5.88452	0.0158489	0.719268
6.73436	0.0158489	0.562085
7.70694	0.0158489	0.373637
8.81997	0.0158489	0.182747
10.0937	0.0158489	0.0741373
11.5515	0.0158489	0.0297938
13.2197	0.0158489	0.00902036
15.1289	0.0158489	0.00289231
17.3138	0.0158489	0.00115752
19.8143	0.0158489	0.000422825
22.6758	0.0158489	0.000136758
1	0.018197	0.809046
2	0.018197	1.22408
2.28884	0.018197	1.35947
2.61939	0.018197	1.47513
2.99768	0.018197	1.52621
3.4306	0.018197	1.46472
3.92605	0.018197	1.29693
4.49305	0.018197	1.10086
5.14193	0.018197	0.960074
5.88452	0.018197	0.83686
6.73436	0.018197	0.672004
7.70694	0.018197	0.469624
8.81997	0.018197	0.243107
10.0937	0.018197	0.096927
11.5515	0.018197	0.0386475
13.2197	0.018197	0.0119492
15.1289	0.018197	0.00362689
17.3138	0.018197	0.00142331
19.8143	0.018197	0.00052722
22.6758	0.018197	0.000168802
1	0.020893	0.789926
2	0.020893	1.14067
2.28884	0.020893	1.29173
2.61939	0.020893	1.45444
2.99768	0.020893	1.58472
3.4306	0.020893	1.61624
3.92605	0.020893	1.4985
4.49305	0.020893	1.28732
5.14193	0.020893	1.10523
5.88452	0.020893	0.969215
6.73436	0.020893	0.802004
7.70694	0.020893	0.586582
8.81997	0.020893	0.323635
10.0937	0.020893	0.129004
11.5515	0.020893	0.0504476
13.2197	0.020893	0.0160585
15.1289	0.020893	0.00461469
17.3138	0.020893	0.00177237
19.8143	0.020893	0.000659802
22.6758	0.020893	0.000210159
1	0.0239883	0.782353
2	0.0239883	1.04001
2.28884	0.0239883	1.18473
2.61939	0.0239883	1.37012
2.99768	0.0239883	1.56648
3.4306	0.0239883	1.70198
3.92605	0.0239883	1.68535
4.49305	0.0239883	1.50268
5.14193	0.0239883	1.27879
5.88452	0.0239883	1.11666
6.73436	0.0239883	0.947089
7.70694	0.0239883	0.723515
8.81997	0.0239883	0.430816
10.0937	0.0239883	0.176339
11.5515	0.0239883	0.0665043
13.2197	0.0239883	0.0220395
15.1289	0.0239883	0.00596584
17.3138	0.0239883	0.0022193
19.8143	0.0239883	0.000831331
22.6758	0.0239883	0.000263638
1	0.0275423	0.778
2	0.0275423	0.94118
2.28884	0.0275423	1.05839
2.61939	0.0275423	1.2339
2.99768	0.0275423	1.46171
3.4306	0.0275423	1.69011
3.92605	0.0275423	1.81398
4.49305	0.0275423	1.73078
5.14193	0.0275423	1.49167
5.88452	0.0275423	1.28301
6.73436	0.0275423	1.10686
7.70694	0.0275423	0.877149
8.81997	0.0275423	0.572154
10.0937	0.0275423	0.246423
11.5515	0.0275423	0.0892713
13.2197	0.0275423	0.0305646
15.1289	0.0275423	0.00792515
17.3138	0.0275423	0.00281855
19.8143	0.0275423	0.00105112
22.6758	0.0275423	0.000332854
1	0.0316228	0.764875
2	0.0316228	0.854124
2.28884	0.0316228	0.935134
2.61939	0.0316228	1.07612
2.99768	0.0316228	1.29401
3.4306	0.0316228	1.57913
3.92605	0.0316228	1.83861
4.49305	0.0316228	1.91542
5.14193	0.0316228	1.73584
5.88452	0.0316228	1.4809
6.73436	0.0316228	1.28619
7.70694	0.0316228	1.05722
8.81997	0.0316228	0.744458
10.0937	0.0316228	0.350178
11.5515	0.0316228	0.12276
13.2197	0.0316228	0.0428481
15.1289	0.0316228	0.0107742
17.3138	0.0316228	0.00362836
19.8143	0.0316228	0.00133816
22.6758	0.0316228	0.000421843
1	0.0363078	0.728678
2	0.0363078	0.781722
2.28884	0.0363078	0.833644
2.61939	0.0363078	0.93311
2.99768	0.0363078	1.108
3.4306	0.0363078	1.38146
3.92605	0.0363078	1.72688
4.49305	0.0363078	1.98893
5.14193	0.0363078	1.97941
5.88452	0.0363078	1.72124
6.73436	0.0363078	1.48537
7.70694	0.0363078	1.25861
8.81997	0.0363078	0.943907
10.0937	0.0363078	0.499501
11.5515	0.0363078	0.174116
13.2197	0.0363078	0.0603323
15.1289	0.0363078	0.0152094
17.3138	0.0363078	0.00470657
19.8143	0.0363078	0.00172005
22.6758	0.0363078	0.000542575
1	0.0416869	0.657898
2	0.0416869	0.717392
2.28884	0.0416869	0.753915
2.61939	0.0416869	0.837598
2.99768	0.0416869	0.934981
3.4306	0.0416869	1.15203
3.92605	0.0416869	1.49973
4.49305	0.0416869	1.90964
5.14193	0.0416869	2.14013
5.88452	0.0416869	1.99598
6.73436	0.0416869	1.71233
7.70694	0.0416869	1.47647
8.81997	0.0416869	1.1668
10.0937	0.0416869	0.706393
11.5515	0.0416869	0.255331
13.2197	0.0416869	0.0853435
15.1289	0.0416869	0.0222986
17.3138	0.0416869	0.00621194
19.8143	0.0416869	0.00224156
22.6758	0.0416869	0.000704959
1	0.047863	0.558575
2	0.047863	0.644206
2.28884	0.047863	0.675868
2.61939	0.047863	0.722627
2.99768	0.047863	0.800021
3.4306	0.047863	0.950484
3.92605	0.047863	1.22876
4.49305	0.047863	1.66854
5.14193	0.047863	2.12774
5.88452	0.047863	2.25044
6.73436	0.047863	1.98943
7.70694	0.047863	1.7162
8.81997	0.047863	1.41826
10.0937	0.047863	0.965164
11.5515	0.047863	0.388693
13.2197	0.047863	0.122688
15.1289	0.047863	0.0338406
17.3138	0.047863	0.00843907
19.8143	0.047863	0.00295131
22.6758	0.047863	0.000928499
1	0.0549541	0.441652
2	0.0549541	0.555255
2.28884	0.0549541	0.591609
2.61939	0.0549541	0.638636
2.99768	0.0549541	0.700978
3.4306	0.0549541	0.799213
3.92605	0.0549541	0.987109
4.49305	0.0549541	1.34709
5.14193	0.0549541	1.8988
5.88452	0.0549541	2.34816
6.73436	0.0549541	2.29018
7.70694	0.0549541	1.97578
8.81997	0.0549541	1.68583
10.0937	0.0549541	1.26085
11.5515	0.0549541	0.600647
13.2197	0.0549541	0.181906
15.1289	0.0549541	0.0523525
17.3138	0.0549541	0.0117962
19.8143	0.0549541	0.00395712
22.6758	0.0549541	0.00125678
1	0.0630957	0.326935
2	0.0630957	0.450051
2.28884	0.0630957	0.493147
2.61939	0.0630957	0.543442
2.99768	0.0630957	0.605217
3.4306	0.0630957	0.684179
3.92605	0.0630957	0.808316
4.49305	0.0630957	1.05038
5.14193	0.0630957	1.52303
5.88452	0.0630957	2.18814
6.73436	0.0630957	2.53989
7.70694	0.0630957	2.28381
8.81997	0.0630957	1.97824
10.0937	0.0630957	1.57189
11.5515	0.0630957	0.910797
13.2197	0.0630957	0.282346
15.1289	0.0630957	0.0813246
17.3138	0.0630957	0.0172811
19.8143	0.0630957	0.0053762
22.6758	0.0630957	0.00172381
1	0.0724436	0.235852
2	0.0724436	0.342347
2.28884	0.0724436	0.385564
2.61939	0.0724436	0.43725
2.99768	0.0724436	0.503382
3.4306	0.0724436	0.581065
3.92605	0.0724436	0.677856
4.49305	0.0724436	0.833799
5.14193	0.0724436	1.15144
5.88452	0.0724436	1.78292
6.73436	0.0724436	2.51659
7.70694	0.0724436	2.60708
8.81997	0.0724436	2.27218
10.0937	0.0724436	1.89283
11.5515	0.0724436	1.30475
13.2197	0.0724436	0.46097
15.1289	0.0724436	0.126318
17.3138	0.0724436	0.0271556
19.8143	0.0724436	0.00741801
22.6758	0.0724436	0.00239384
1	0.0831764	0.179253
2	0.0831764	0.248852
2.28884	0.0831764	0.282747
2.61939	0.0831764	0.329701
2.99768	0.0831764	0.390118
3.4306	0.0831764	0.466676
3.92605	0.0831764	0.562837
4.49305	0.0831764	0.687119
5.14193	0.0831764	0.886781
5.88452	0.0831764	1.32185
6.73436	0.0831764	2.14012
7.70694	0.0831764	2.79242
8.81997	0.0831764	2.6051
10.0937	0.0831764	2.21467
11.5515	0.0831764	1.71078
13.2197	0.0831764	0.771432
15.1289	0.0831764	0.199607
17.3138	0.0831764	0.0456534
19.8143	0.0831764	0.0104329
22.6758	0.0831764	0.00335122
1	0.0954993	0.146159
2	0.0954993	0.183838
2.28884	0.0954993	0.205016
2.61939	0.0954993	0.235035
2.99768	0.0954993	0.282169
3.4306	0.0954993	0.353059
3.92605	0.0954993	0.440653
4.49305	0.0954993	0.552656
5.14193	0.0954993	0.709403
5.88452	0.0954993	0.967627
6.73436	0.0954993	1.57014
7.70694	0.0954993	2.56706
8.81997	0.0954993	2.91173
10.0937	0.0954993	2.51188
11.5515	0.0954993	2.0704
13.2197	0.0954993	1.23759
15.1289	0.0954993	0.328213
17.3138	0.0954993	0.0795213
19.8143	0.0954993	0.0152355
22.6758	0.0954993	0.00478266
1	0.109648	0.129415
2	0.109648	0.147481
2.28884	0.109648	0.158685
2.61939	0.109648	0.175352
2.99768	0.109648	0.203486
3.4306	0.109648	0.249017
3.92605	0.109648	0.321776
4.49305	0.109648	0.423562
5.14193	0.109648	0.562351
5.88452	0.109648	0.744533
6.73436	0.109648	1.09551
7.70694	0.109648	1.94073
8.81997	0.109648	2.95265
10.0937	0.109648	2.78673
11.5515	0.109648	2.40183
13.2197	0.109648	1.76669
15.1289	0.109648	0.574059
17.3138	0.109648	0.136436
19.8143	0.109648	0.0238696
22.6758	0.109648	0.00691228