1.	0.001	0.0713576
1.9999999999999998	0.001	0.0740296
2.288838595949997	0.001	0.0731211044162146
2.6193910591551774	0.001	0.07059008717304815
2.9976816770403563	0.001	0.06600877446979934
3.4306047603910415	0.001	0.059418225121244395
3.926050291516404	0.001	0.05162509595933586
4.493047718431742	0.001	0.04376603162446754
5.141930515695824	0.001	0.036265094547203655
5.884524511008838	0.001	0.02841315419030821
6.734363409805407	0.001	0.019782970578166345
7.706935445758021	0.001	0.011391039296714603
8.819965652373028	0.001	0.005119094498901224
10.093738900052346	0.001	0.0018080479224799524
11.551469585940843	0.001	0.0006059830798529444
13.219724714121972	0.001	0.00022823027664435331
15.128908076758211	0.001	0.00009510020146050023
17.313814360331925	0.001	0.000041391947696059734
19.814263275520517	0.001	0.000014872489495379273
22.675825267662994	0.001	4.57830634203273e-6
25.950652033822625	0.001	1.5121049104554963e-6
29.698426982540767	0.001	5.590766707419665e-7
33.98745295832107	0.001	1.8882806085585102e-7
38.895897054520105	0.001	7.287346958075152e-8
44.51321520124173	0.001	1.5183643281718722e-8
50.941782491215115	0.001	4.1190616759394875e-9
58.29875895619149	0.001	9.383929334030055e-10
66.71822479745835	0.001	2.2468738341658095e-10
76.35362398484546	0.001	5.486372615589536e-11
87.38056075858388	0.001	1.5072492859656315e-11
100.00000000000031	0.001	4.676218296855727e-12
111.55639876771902	0.001	1.7702361859737233e-12
138.21730389017998	0.001	1.7205257873022328e-13
171.24990861750976	0.001	5.491139900310037e-15
212.17698780180757	0.001	2.5312411937486534e-17
262.885244821937	0.001	1.2483586008882318e-20
1.	0.0011481536214968829	0.08393192097221917
1.9999999999999998	0.0011481536214968829	0.08563828675843023
2.288838595949997	0.0011481536214968829	0.08447098591609414
2.6193910591551774	0.0011481536214968829	0.08154195528225405
2.9976816770403563	0.0011481536214968829	0.07629762471769555
3.4306047603910415	0.0011481536214968829	0.06870584375588684
3.926050291516404	0.0011481536214968829	0.059691795185386434
4.493047718431742	0.0011481536214968829	0.0505741047137106
5.141930515695824	0.0011481536214968829	0.041884532244460426
5.884524511008838	0.0011481536214968829	0.032878557745307666
6.734363409805407	0.0011481536214968829	0.022940945395513085
7.706935445758021	0.0011481536214968829	0.01325709236345084
8.819965652373028	0.0011481536214968829	0.005967620295702883
10.093738900052346	0.0011481536214968829	0.002111090102728181
11.551469585940843	0.0011481536214968829	0.0007043308114057262
13.219724714121972	0.0011481536214968829	0.00026465490874770384
15.128908076758211	0.0011481536214968829	0.0001101571446280826
17.313814360331925	0.0011481536214968829	0.00004789878566455736
19.814263275520517	0.0011481536214968829	0.000017239809530171574
22.675825267662994	0.0011481536214968829	5.2993605162154945e-6
25.950652033822625	0.0011481536214968829	1.7514979054138006e-6
29.698426982540767	0.0011481536214968829	6.465304812831178e-7
33.98745295832107	0.0011481536214968829	2.1867643216732847e-7
38.895897054520105	0.0011481536214968829	8.412456612356192e-8
44.51321520124173	0.0011481536214968829	1.7562889601707752e-8
50.941782491215115	0.0011481536214968829	4.75571761556413e-9
58.29875895619149	0.0011481536214968829	1.0843332413374895e-9
66.71822479745835	0.0011481536214968829	2.593672942976228e-10
76.35362398484546	0.0011481536214968829	6.33304569462717e-11
87.38056075858388	0.0011481536214968829	1.7397050159792298e-11
100.00000000000031	0.0011481536214968829	5.396518695171102e-12
111.55639876771902	0.0011481536214968829	2.042909096568583e-12
138.21730389017998	0.0011481536214968829	1.98561639587011e-13
171.24990861750976	0.0011481536214968829	6.337880630372898e-15
212.17698780180757	0.0011481536214968829	2.9221110792567474e-17
262.885244821937	0.0011481536214968829	1.441477459133997e-20
1.	0.0013182567385564075	0.0990081109391996
1.9999999999999998	0.0013182567385564075	0.09910744175141523
2.288838595949997	0.0013182567385564075	0.09763405478229732
2.6193910591551774	0.0013182567385564075	0.09422234010842725
2.9976816770403563	0.0013182567385564075	0.08823403740702052
3.4306047603910415	0.0013182567385564075	0.07952619216658752
3.926050291516404	0.0013182567385564075	0.06907991454155826
4.493047718431742	0.0013182567385564075	0.05846629138926698
5.141930515695824	0.0013182567385564075	0.048389868103348575
5.884524511008838	0.0013182567385564075	0.038068539975050705
6.734363409805407	0.0013182567385564075	0.026667889266793553
7.706935445758021	0.0013182567385564075	0.015465510114546784
8.819965652373028	0.0013182567385564075	0.006992623443385614
10.093738900052346	0.0013182567385564075	0.0024700590827386815
11.551469585940843	0.0013182567385564075	0.0008199212122823752
13.219724714121972	0.0013182567385564075	0.0003073368570390651
15.128908076758211	0.0013182567385564075	0.00012776039535108323
17.313814360331925	0.0013182567385564075	0.00005549585061003138
19.814263275520517	0.0013182567385564075	0.000020022267658354145
22.675825267662994	0.0013182567385564075	6.139682182944863e-6
25.950652033822625	0.0013182567385564075	2.030514837183551e-6
29.698426982540767	0.0013182567385564075	7.485939278723768e-7
33.98745295832107	0.0013182567385564075	2.534117651387074e-7
38.895897054520105	0.0013182567385564075	9.752913653030676e-8
44.51321520124173	0.0013182567385564075	2.0408264713944783e-8
50.941782491215115	0.0013182567385564075	5.514428514436345e-9
58.29875895619149	0.0013182567385564075	1.258498473603931e-9
66.71822479745835	0.0013182567385564075	3.006780858330704e-10
76.35362398484546	0.0013182567385564075	7.3415539665995e-11
87.38056075858388	0.0013182567385564075	2.0165517461108488e-11
100.00000000000031	0.0013182567385564075	6.254113531265317e-12
111.55639876771902	0.0013182567385564075	2.3675628703973955e-12
138.21730389017998	0.0013182567385564075	2.301257594670024e-13
171.24990861750976	0.0013182567385564075	7.34630328799514e-15
212.17698780180757	0.0013182567385564075	3.3877820418607147e-17
262.885244821937	0.0013182567385564075	1.671661988561445e-20
1.	0.0015135612484362087	0.11712312114686008
1.9999999999999998	0.0015135612484362087	0.11477110147719755
2.288838595949997	0.0015135612484362087	0.11285210778792631
2.6193910591551774	0.0015135612484362087	0.10892607525224968
2.9976816770403563	0.0015135612484362087	0.10205105056768274
3.4306047603910415	0.0015135612484362087	0.0920707652025513
3.926050291516404	0.0015135612484362087	0.07998636444827247
4.493047718431742	0.0015135612484362087	0.06763730913130697
5.141930515695824	0.0015135612484362087	0.055981840919754285
5.884524511008838	0.0015135612484362087	0.04411326979203804
6.734363409805407	0.0015135612484362087	0.031008383279614457
7.706935445758021	0.0015135612484362087	0.0180714777158577
8.819965652373028	0.0015135612484362087	0.00821160645976988
10.093738900052346	0.0015135612484362087	0.0028976810531702577
11.551469585940843	0.0015135612484362087	0.0009563234102473613
13.219724714121972	0.0015135612484362087	0.0003574096232260004
15.128908076758211	0.0015135612484362087	0.00014840182427481802
17.313814360331925	0.0015135612484362087	0.00006436242190178521
19.814263275520517	0.0015135612484362087	0.000023290124668035795
22.675825267662994	0.0015135612484362087	7.125529597810209e-6
25.950652033822625	0.0015135612484362087	2.3576319625652376e-6
29.698426982540767	0.0015135612484362087	8.672141641685076e-7
33.98745295832107	0.0015135612484362087	2.940575525451958e-7
38.895897054520105	0.0015135612484362087	1.1274920889402766e-7
44.51321520124173	0.0015135612484362087	2.36559393015625e-8
50.941782491215115	0.0015135612484362087	6.376273633689297e-9
58.29875895619149	0.0015135612484362087	1.4567006822347524e-9
66.71822479745835	0.0015135612484362087	3.4757687487563235e-10
76.35362398484546	0.0015135612484362087	8.486444927155324e-11
87.38056075858388	0.0015135612484362087	2.3307646954045784e-11
100.00000000000031	0.0015135612484362087	7.2270094141546076e-12
111.55639876771902	0.0015135612484362087	2.735879347366046e-12
138.21730389017998	0.0015135612484362087	2.659383350022516e-13
171.24990861750976	0.0015135612484362087	8.490777684579925e-15
212.17698780180757	0.0015135612484362087	3.916532545145486e-17
262.885244821937	0.0015135612484362087	1.9331925326015497e-20
1.	0.0017378008287493763	0.13888308402731966
1.9999999999999998	0.0017378008287493763	0.1329980683414045
2.288838595949997	0.0017378008287493763	0.13053707772273426
2.6193910591551774	0.0017378008287493763	0.12590004144516845
2.9976816770403563	0.0017378008287493763	0.11807801574525581
3.4306047603910415	0.0017378008287493763	0.1066759203572637
3.926050291516404	0.0017378008287493763	0.09270274033664694
4.493047718431742	0.0017378008287493763	0.07831359802658999
5.141930515695824	0.0017378008287493763	0.06481212352763854
5.884524511008838	0.0017378008287493763	0.05118184676471816
6.734363409805407	0.0017378008287493763	0.03615186689799259
7.706935445758021	0.0017378008287493763	0.021149482169804418
8.819965652373028	0.0017378008287493763	0.009638850512538811
10.093738900052346	0.0017378008287493763	0.0034111908167786583
11.551469585940843	0.0017378008287493763	0.0011190284455224729
13.219724714121972	0.0017378008287493763	0.0004164690674374886
15.128908076758211	0.0017378008287493763	0.00017263873000092854
17.313814360331925	0.0017378008287493763	0.00007474136582515985
19.814263275520517	0.0017378008287493763	0.00002713991372199832
22.675825267662994	0.0017378008287493763	8.272481653621692e-6
25.950652033822625	0.0017378008287493763	2.7397724923595754e-6
29.698426982540767	0.0017378008287493763	1.005506350476971e-6
33.98745295832107	0.0017378008287493763	3.418744599114973e-7
38.895897054520105	0.0017378008287493763	1.3072819369827672e-7
44.51321520124173	0.0017378008287493763	2.7512441778162068e-8
50.941782491215115	0.0017378008287493763	7.394875740066161e-9
58.29875895619149	0.0017378008287493763	1.6913449500437337e-9
66.71822479745835	0.0017378008287493763	4.0296894175345585e-10
76.35362398484546	0.0017378008287493763	9.838535333664827e-11
87.38056075858388	0.0017378008287493763	2.7017820525610687e-11
100.00000000000031	0.0017378008287493763	8.375386101852007e-12
111.55639876771902	0.0017378008287493763	3.1705963742726043e-12
138.21730389017998	0.0017378008287493763	3.082114088021566e-13
171.24990861750976	0.0017378008287493763	9.842108477713833e-15
212.17698780180757	0.0017378008287493763	4.54116177938968e-17
262.885244821937	0.0017378008287493763	2.2423238656063557e-20
1.	0.0019952623149688807	0.16498724639958343
1.9999999999999998	0.0019952623149688807	0.15422919306156022
2.288838595949997	0.0019952623149688807	0.1509662013502954
2.6193910591551774	0.0019952623149688807	0.14557915338341032
2.9976816770403563	0.0019952623149688807	0.13669111851381632
3.4306047603910415	0.0019952623149688807	0.12364300021963562
3.926050291516404	0.0019952623149688807	0.10753212840836551
4.493047718431742	0.0019952623149688807	0.0907790817490944
5.141930515695824	0.0019952623149688807	0.07506188298406127
5.884524511008838	0.0019952623149688807	0.05942838409099069
6.734363409805407	0.0019952623149688807	0.042208494542811816
7.706935445758021	0.0019952623149688807	0.024852115652343423
8.819965652373028	0.0019952623149688807	0.0113632690975474
10.093738900052346	0.0019952623149688807	0.004027513395183527
11.551469585940843	0.0019952623149688807	0.0013122384662257855
13.219724714121972	0.0019952623149688807	0.0004859939594769612
15.128908076758211	0.0019952623149688807	0.00020118584217270578
17.313814360331925	0.0019952623149688807	0.00008692089505220853
19.814263275520517	0.0019952623149688807	0.000031673253399394255
22.675825267662994	0.0019952623149688807	9.621522839828691e-6
25.950652033822625	0.0019952623149688807	3.1918383487137306e-6
29.698426982540767	0.0019952623149688807	1.1687366519133804e-6
33.98745295832107	0.0019952623149688807	3.981839708765737e-7
38.895897054520105	0.0019952623149688807	1.515413399678979e-7
44.51321520124173	0.0019952623149688807	3.20054333665103e-8
50.941782491215115	0.0019952623149688807	8.574745045897152e-9
58.29875895619149	0.0019952623149688807	1.963668933022965e-9
66.71822479745835	0.0019952623149688807	4.67079012863024e-10
76.35362398484546	0.0019952623149688807	1.1403259768112661e-10
87.38056075858388	0.0019952623149688807	3.1310230633073534e-11
100.00000000000031	0.0019952623149688807	9.703259631640066e-12
111.55639876771902	0.0019952623149688807	3.67329145832667e-12
138.21730389017998	0.0019952623149688807	3.5709985127689184e-13
171.24990861750976	0.0019952623149688807	1.1405485293361733e-14
212.17698780180757	0.0019952623149688807	5.2642087765608706e-17
262.885244821937	0.0019952623149688807	2.6004527557917218e-20
1.	0.0022908676527677745	0.19645075016638563
1.9999999999999998	0.0022908676527677745	0.17888180424777222
2.288838595949997	0.0022908676527677745	0.17465183248801736
2.6193910591551774	0.0022908676527677745	0.16834279106933767
2.9976816770403563	0.0022908676527677745	0.15827877109395874
3.4306047603910415	0.0022908676527677745	0.1434376659442632
3.926050291516404	0.0022908676527677745	0.12502885096575714
4.493047718431742	0.0022908676527677745	0.10537896314094908
5.141930515695824	0.0022908676527677745	0.08704469236785742
5.884524511008838	0.0022908676527677745	0.06906861842274786
6.734363409805407	0.0022908676527677745	0.04928187357500646
7.706935445758021	0.0022908676527677745	0.02924195898334834
8.819965652373028	0.0022908676527677745	0.013458545014446507
10.093738900052346	0.0022908676527677745	0.004774917846625272
11.551469585940843	0.0022908676527677745	0.001543985570010709
13.219724714121972	0.0022908676527677745	0.0005685200269208847
15.128908076758211	0.0022908676527677745	0.00023496923749546906
17.313814360331925	0.0022908676527677745	0.00010126651718676759
19.814263275520517	0.0022908676527677745	0.00003703250086126219
22.675825267662994	0.0022908676527677745	0.000011211229613641541
25.950652033822625	0.0022908676527677745	3.7247854217636564e-6
29.698426982540767	0.0022908676527677745	1.360212844756481e-6
33.98745295832107	0.0022908676527677745	4.645242970776997e-7
38.895897054520105	0.0022908676527677745	1.7605397846166694e-7
44.51321520124173	0.0022908676527677745	3.733384249272576e-8
50.941782491215115	0.0022908676527677745	9.965403108600132e-9
58.29875895619149	0.0022908676527677745	2.2852316902646182e-9
66.71822479745835	0.0022908676527677745	5.425708454634865e-10
76.35362398484546	0.0022908676527677745	1.3245553494038927e-10
87.38056075858388	0.0022908676527677745	3.636248081510279e-11
100.00000000000031	0.0022908676527677745	1.1265364190005021e-11
111.55639876771902	0.0022908676527677745	4.264651905558492e-12
138.21730389017998	0.0022908676527677745	4.1461895845982003e-13
171.24990861750976	0.0022908676527677745	1.3245502206952595e-14
212.17698780180757	0.0022908676527677745	6.11573260055952e-17
262.885244821937	0.0022908676527677745	3.022575857766413e-20
1.	0.0026302679918953843	0.23435677572417926
1.9999999999999998	0.0026302679918953843	0.2076268299264373
2.288838595949997	0.0026302679918953843	0.2019628659435249
2.6193910591551774	0.0026302679918953843	0.19448781373859214
2.9976816770403563	0.0026302679918953843	0.1832117877303097
3.4306047603910415	0.0026302679918953843	0.16649665827940885
3.926050291516404	0.0026302679918953843	0.14513086937392777
4.493047718431742	0.0026302679918953843	0.12239399082054163
5.141930515695824	0.0026302679918953843	0.10103690285427336
5.884524511008838	0.0026302679918953843	0.0803601131637516
6.734363409805407	0.0026302679918953843	0.05774766829736676
7.706935445758021	0.0026302679918953843	0.034469178078266875
8.819965652373028	0.0026302679918953843	0.01596845741570948
10.093738900052346	0.0026302679918953843	0.005684281565448383
11.551469585940843	0.0026302679918953843	0.001822458925432712
13.219724714121972	0.0026302679918953843	0.0006670673405180781
15.128908076758211	0.0026302679918953843	0.00027491218447035147
17.313814360331925	0.0026302679918953843	0.00011822846988921365
19.814263275520517	0.0026302679918953843	0.00004339906136344191
22.675825267662994	0.0026302679918953843	0.000013084321550733995
25.950652033822625	0.0026302679918953843	4.3532141658990794e-6
29.698426982540767	0.0026302679918953843	1.5849421125485408e-6
33.98745295832107	0.0026302679918953843	5.425419713658496e-7
38.895897054520105	0.0026302679918953843	2.0471403314965095e-7
44.51321520124173	0.0026302679918953843	4.3614117870024145e-8
50.941782491215115	0.0026302679918953843	1.1592940447423799e-8
58.29875895619149	0.0026302679918953843	2.6622669045348543e-9
66.71822479745835	0.0026302679918953843	6.308096061509413e-10
76.35362398484546	0.0026302679918953843	1.5398520265675808e-10
87.38056075858388	0.0026302679918953843	4.2264629338066113e-11
100.00000000000031	0.0026302679918953843	1.308916686104675e-11
111.55639876771902	0.0026302679918953843	4.9550812936680494e-12
138.21730389017998	0.0026302679918953843	4.817826721188059e-13
171.24990861750976	0.0026302679918953843	1.5395036919393167e-14
212.17698780180757	0.0026302679918953843	7.111286712405335e-17
262.885244821937	0.0026302679918953843	3.5165676310688866e-20
1.	0.003019951720402019	0.2798102090998655
1.9999999999999998	0.003019951720402019	0.24111714880773802
2.288838595949997	0.003019951720402019	0.23360517627207242
2.6193910591551774	0.003019951720402019	0.22462509717984278
2.9976816770403563	0.003019951720402019	0.21187805447392274
3.4306047603910415	0.003019951720402019	0.19319188518015024
3.926050291516404	0.003019951720402019	0.16885109245595245
4.493047718431742	0.003019951720402019	0.1422171969079419
5.141930515695824	0.003019951720402019	0.11742505702136333
5.884524511008838	0.003019951720402019	0.09360712259478013
6.734363409805407	0.003019951720402019	0.06774875148122048
7.706935445758021	0.003019951720402019	0.040832655284177836
8.819965652373028	0.003019951720402019	0.019073899529516953
10.093738900052346	0.003019951720402019	0.006799911506896762
11.551469585940843	0.003019951720402019	0.002160748100098131
13.219724714121972	0.003019951720402019	0.0007847695592233385
15.128908076758211	0.003019951720402019	0.0003223955372954822
17.313814360331925	0.003019951720402019	0.00013828858990122878
19.814263275520517	0.003019951720402019	0.000050969417204672874
22.675825267662994	0.003019951720402019	0.00001531963128445106
25.950652033822625	0.003019951720402019	5.09642312891362e-6
29.698426982540767	0.003019951720402019	1.8494335738009465e-6
33.98745295832107	0.003019951720402019	6.357827363421109e-7
38.895897054520105	0.003019951720402019	2.384143918937765e-7
44.51321520124173	0.003019951720402019	5.106503968324174e-8
50.941782491215115	0.003019951720402019	1.350895454716704e-8
58.29875895619149	0.003019951720402019	3.1068921104208107e-9
66.71822479745835	0.003019951720402019	7.345346914874838e-10
76.35362398484546	0.003019951720402019	1.7928762423473246e-10
87.38056075858388	0.003019951720402019	4.9198352720561995e-11
100.00000000000031	0.003019951720402019	1.5230112580069544e-11
111.55639876771902	0.003019951720402019	5.7655631354699515e-12
138.21730389017998	0.003019951720402019	5.606389768605856e-13
171.24990861750976	0.003019951720402019	1.7919991444591712e-14
212.17698780180757	0.003019951720402019	8.281724537398943e-17
262.885244821937	0.003019951720402019	4.097960754481116e-20
1.	0.00346736850452532	0.3341898182380915
1.9999999999999998	0.00346736850452532	0.27981687064755684
2.288838595949997	0.00346736850452532	0.26995092647420704
2.6193910591551774	0.00346736850452532	0.25917984443613645
2.9976816770403563	0.00346736850452532	0.24486980947683806
3.4306047603910415	0.00346736850452532	0.22415363039268613
3.926050291516404	0.00346736850452532	0.19645689184018267
4.493047718431742	0.00346736850452532	0.16555404634891713
5.141930515695824	0.00346736850452532	0.13655591703950198
5.884524511008838	0.00346736850452532	0.10917279138110374
6.734363409805407	0.00346736850452532	0.0796722506406018
7.706935445758021	0.00346736850452532	0.048438220837649294
8.819965652373028	0.00346736850452532	0.022854587295756568
10.093738900052346	0.00346736850452532	0.008179423861344006
11.551469585940843	0.00346736850452532	0.0025011173344558443
13.219724714121972	0.00346736850452532	0.0009264024412478735
15.128908076758211	0.00346736850452532	0.00037905600843914983
17.313814360331925	0.00346736850452532	0.0001620543344716349
19.814263275520517	0.00346736850452532	0.000060002868652376435
22.675825267662994	0.00346736850452532	0.000017962898693767
25.950652033822625	0.00346736850452532	5.9781325931033e-6
29.698426982540767	0.00346736850452532	2.1638400315449043e-6
33.98745295832107	0.00346736850452532	7.463441774360092e-7
38.895897054520105	0.00346736850452532	2.783201474637751e-7
44.51321520124173	0.00346736850452532	5.997501657163912e-8
50.941782491215115	0.00346736850452532	1.5781015525150345e-8
58.29875895619149	0.00346736850452532	3.6348545325285388e-9
66.71822479745835	0.00346736850452532	8.573096588074236e-10
76.35362398484546	0.00346736850452532	2.0922832599065326e-10
87.38056075858388	0.00346736850452532	5.739842723755347e-11
100.00000000000031	0.00346736850452532	1.7760302124879788e-11
111.55639876771902	0.00346736850452532	6.723372263189391e-12
138.21730389017998	0.00346736850452532	6.538479824448816e-13
171.24990861750976	0.00346736850452532	2.0906293766033244e-14
212.17698780180757	0.00346736850452532	9.667272279040093e-17
262.885244821937	0.00346736850452532	4.787082198475618e-20
1.	0.003981071705534978	0.39884222276835524
1.9999999999999998	0.003981071705534978	0.32486915230128643
2.288838595949997	0.003981071705534978	0.31165120390872314
2.6193910591551774	0.003981071705534978	0.2985240847382121
2.9976816770403563	0.003981071705534978	0.2823910352839373
3.4306047603910415	0.003981071705534978	0.2595398194938331
3.926050291516404	0.003981071705534978	0.22851108936968312
4.493047718431742	0.003981071705534978	0.1929652352239571
5.141930515695824	0.003981071705534978	0.15888107559723327
5.884524511008838	0.003981071705534978	0.127422883273706
6.734363409805407	0.003981071705534978	0.09378652150440511
7.706935445758021	0.003981071705534978	0.05758190221824668
8.819965652373028	0.003981071705534978	0.027479936256902867
10.093738900052346	0.003981071705534978	0.00989748225938439
11.551469585940843	0.003981071705534978	0.003002885908375674
13.219724714121972	0.003981071705534978	0.0010977221870978274
15.128908076758211	0.003981071705534978	0.0004472232877822757
17.313814360331925	0.003981071705534978	0.00019034441147384936
19.814263275520517	0.003981071705534978	0.0000708360930563984
22.675825267662994	0.003981071705534978	0.000021124802224986185
25.950652033822625	0.003981071705534978	7.03099007388317e-6
29.698426982540767	0.003981071705534978	2.5354508562704946e-6
33.98745295832107	0.003981071705534978	8.784216325368348e-7
38.895897054520105	0.003981071705534978	3.251014932067824e-7
44.51321520124173	0.003981071705534978	7.053953931843888e-8
50.941782491215115	0.003981071705534978	1.8449397539561853e-8
58.29875895619149	0.003981071705534978	4.2556014007301206e-9
66.71822479745835	0.003981071705534978	1.00116717655508e-9
76.35362398484546	0.003981071705534978	2.4429681135456903e-10
87.38056075858388	0.003981071705534978	6.699646638266123e-11
100.00000000000031	0.003981071705534978	2.071920489927376e-11
111.55639876771902	0.003981071705534978	7.843464928095636e-12
138.21730389017998	0.003981071705534978	7.628700642623076e-13
171.24990861750976	0.003981071705534978	2.4401577099097274e-14
212.17698780180757	0.003981071705534978	1.1290868978492078e-16
262.885244821937	0.003981071705534978	5.595750634108232e-20
1.	0.0045708818961487565	0.47588025005620976
1.9999999999999998	0.0045708818961487565	0.37753817123831324
2.288838595949997	0.0045708818961487565	0.35994724051362437
2.6193910591551774	0.0045708818961487565	0.34344909261119005
2.9976816770403563	0.0045708818961487565	0.3252050396956405
3.4306047603910415	0.0045708818961487565	0.3002177995973387
3.926050291516404	0.0045708818961487565	0.2657371002342345
4.493047718431742	0.0045708818961487565	0.22484626900030855
5.141930515695824	0.0045708818961487565	0.19257903420589503
5.884524511008838	0.0045708818961487565	0.14880086681701585
6.734363409805407	0.0045708818961487565	0.11053691008099119
7.706935445758021	0.0045708818961487565	0.06888463352243208
8.819965652373028	0.0045708818961487565	0.03393825484350644
10.093738900052346	0.0045708818961487565	0.012056785076097979
11.551469585940843	0.0045708818961487565	0.0037151962724907063
13.219724714121972	0.0045708818961487565	0.0013078906433665227
15.128908076758211	0.0045708818961487565	0.0005293101498460731
17.313814360331925	0.0045708818961487565	0.00022417330858670492
19.814263275520517	0.0045708818961487565	0.00008391510439054421
22.675825267662994	0.0045708818961487565	0.00002491808457759132
25.950652033822625	0.0045708818961487565	8.29075776546557e-6
29.698426982540767	0.0045708818961487565	2.978359273174001e-6
33.98745295832107	0.0045708818961487565	1.0369418289772243e-6
38.895897054520105	0.0045708818961487565	3.8083957699162926e-7
44.51321520124173	0.0045708818961487565	8.327801594567257e-8
50.941782491215115	0.0045708818961487565	2.1635418041650922e-8
58.29875895619149	0.0045708818961487565	4.997058762277106e-9
66.71822479745835	0.0045708818961487565	1.172472606962775e-9
76.35362398484546	0.0045708818961487565	2.860330185751971e-10
87.38056075858388	0.0045708818961487565	7.841112226942033e-11
100.00000000000031	0.0045708818961487565	2.4234779843672583e-11
111.55639876771902	0.0045708818961487565	9.17425825357147e-12
138.21730389017998	0.0045708818961487565	8.924301567841132e-13
171.24990861750976	0.0045708818961487565	2.8558293198404436e-14
212.17698780180757	0.0045708818961487565	1.3224075213375113e-16
262.885244821937	0.0045708818961487565	6.560177544423414e-20
1.	0.005248074602497733	0.5651856065058845
1.9999999999999998	0.005248074602497733	0.43869442012227716
2.288838595949997	0.005248074602497733	0.4153054925286114
2.6193910591551774	0.005248074602497733	0.3947672852259749
2.9976816770403563	0.005248074602497733	0.3739512186146853
3.4306047603910415	0.005248074602497733	0.34696694737987815
3.926050291516404	0.005248074602497733	0.30904327091356437
4.493047718431742	0.005248074602497733	0.26215244871880655
5.141930515695824	0.005248074602497733	0.21565318413895262
5.884524511008838	0.005248074602497733	0.17377394348214523
6.734363409805407	0.005248074602497733	0.1305769724855452
7.706935445758021	0.005248074602497733	0.08262682389255363
8.819965652373028	0.005248074602497733	0.04048791765948703
10.093738900052346	0.005248074602497733	0.014797546208670265
11.551469585940843	0.005248074602497733	0.004513010583361199
13.219724714121972	0.005248074602497733	0.0015657497499400905
15.128908076758211	0.005248074602497733	0.000628532373168678
17.313814360331925	0.005248074602497733	0.0002649243418789479
19.814263275520517	0.005248074602497733	0.00009977133928099596
22.675825267662994	0.005248074602497733	0.00002951428093286809
25.950652033822625	0.005248074602497733	9.800109495823894e-6
29.698426982540767	0.005248074602497733	3.509339411563208e-6
33.98745295832107	0.005248074602497733	1.2282563853361592e-6
38.895897054520105	0.005248074602497733	4.462979294269199e-7
44.51321520124173	0.005248074602497733	9.844560185550098e-8
50.941782491215115	0.005248074602497733	2.5386771332267944e-8
58.29875895619149	0.005248074602497733	5.869817703429125e-9
66.71822479745835	0.005248074602497733	1.3734825755804106e-9
76.35362398484546	0.005248074602497733	3.349720394993467e-10
87.38056075858388	0.005248074602497733	9.178208295411209e-11
100.00000000000031	0.005248074602497733	2.834829232549655e-11
111.55639876771902	0.005248074602497733	1.0731333211691187e-11
138.21730389017998	0.005248074602497733	1.0440656156135774e-12
171.24990861750976	0.005248074602497733	3.342748968255708e-14
212.17698780180757	0.005248074602497733	1.5492030892749864e-16
262.885244821937	0.005248074602497733	7.693749534186895e-20
1.	0.006025595860743587	0.6676454545389229
1.9999999999999998	0.006025595860743587	0.5096676221630232
2.288838595949997	0.006025595860743587	0.479303806894206
2.6193910591551774	0.006025595860743587	0.45279762315323446
2.9976816770403563	0.006025595860743587	0.4285415973999598
3.4306047603910415	0.006025595860743587	0.399634328062882
3.926050291516404	0.006025595860743587	0.35888270752441
4.493047718431742	0.006025595860743587	0.3060809786111257
5.141930515695824	0.006025595860743587	0.2516737744104122
5.884524511008838	0.006025595860743587	0.20296158646771315
6.734363409805407	0.006025595860743587	0.15432868101704061
7.706935445758021	0.006025595860743587	0.09941176780112965
8.819965652373028	0.006025595860743587	0.049451647430244404
10.093738900052346	0.006025595860743587	0.01828684094600026
11.551469585940843	0.006025595860743587	0.005527860800625755
13.219724714121972	0.006025595860743587	0.0018837036278435645
15.128908076758211	0.006025595860743587	0.0007497077441693434
17.313814360331925	0.006025595860743587	0.00031397761891783957
19.814263275520517	0.006025595860743587	0.00011897176186701865
22.675825267662994	0.006025595860743587	0.00003509618911031762
25.950652033822625	0.006025595860743587	0.000011615134263227289
29.698426982540767	0.006025595860743587	4.144869720467101e-6
33.98745295832107	0.006025595860743587	1.4591282279296783e-6
38.895897054520105	0.006025595860743587	5.240411472409821e-7
44.51321520124173	0.006025595860743587	1.167202909151124e-7
50.941782491215115	0.006025595860743587	2.985549327006462e-8
58.29875895619149	0.006025595860743587	6.907944999223814e-9
66.71822479745835	0.006025595860743587	1.6119787032691409e-9
76.35362398484546	0.006025595860743587	3.929821798595274e-10
87.38056075858388	0.006025595860743587	1.0761256153020785e-10
100.00000000000031	0.006025595860743587	3.321286465949092e-11
111.55639876771902	0.006025595860743587	1.257250433751895e-11
138.21730389017998	0.006025595860743587	1.2234231290990693e-12
171.24990861750976	0.006025595860743587	3.919263123469333e-14
212.17698780180757	0.006025595860743587	1.8181660959940754e-16
262.885244821937	0.006025595860743587	9.040926882991873e-20
1.	0.006918309709189377	0.78293196244425
1.9999999999999998	0.006918309709189377	0.5913589733882104
2.288838595949997	0.006918309709189377	0.5523361658996022
2.6193910591551774	0.006918309709189377	0.5189298965695327
2.9976816770403563	0.006918309709189377	0.4896828601733758
3.4306047603910415	0.006918309709189377	0.45872856534780515
3.926050291516404	0.006918309709189377	0.4154949516582745
4.493047718431742	0.006918309709189377	0.35734021731342375
5.141930515695824	0.006918309709189377	0.29402394680197386
5.884524511008838	0.006918309709189377	0.2372856985733905
6.734363409805407	0.006918309709189377	0.18260577142539908
7.706935445758021	0.006918309709189377	0.12003728626912545
8.819965652373028	0.006918309709189377	0.06099342687222
10.093738900052346	0.006918309709189377	0.022800772298587253
11.551469585940843	0.006918309709189377	0.0068283028256213435
13.219724714121972	0.006918309709189377	0.002282451939860566
15.128908076758211	0.006918309709189377	0.0008973320152327149
17.313814360331925	0.006918309709189377	0.0003734286532113399
19.814263275520517	0.006918309709189377	0.0001422953870922471
22.675825267662994	0.006918309709189377	0.00004188168110443586
25.950652033822625	0.006918309709189377	0.000013798110627148652
29.698426982540767	0.006918309709189377	4.9080098032171635e-6
33.98745295832107	0.006918309709189377	1.7371346873318986e-6
38.895897054520105	0.006918309709189377	6.165506422945094e-7
44.51321520124173	0.006918309709189377	1.3880181756416375e-7
50.941782491215115	0.006918309709189377	3.5191344293836356e-8
58.29875895619149	0.006918309709189377	8.14408873034989e-9
66.71822479745835	0.006918309709189377	1.8954113216519846e-9
76.35362398484546	0.006918309709189377	4.6183686183124806e-10
87.38056075858388	0.006918309709189377	1.2637498873418125e-10
100.00000000000031	0.006918309709189377	3.8970405712222887e-11
111.55639876771902	0.006918309709189377	1.4751522951616104e-11
138.21730389017998	0.006918309709189377	1.4357714382124342e-12
171.24990861750976	0.006918309709189377	4.6025772325668626e-14
212.17698780180757	0.006918309709189377	2.137557653783479e-16
262.885244821937	0.006918309709189377	1.064454166524845e-19
1.	0.00794328234724283	0.9091082682306791
1.9999999999999998	0.00794328234724283	0.6854102197432398
2.288838595949997	0.00794328234724283	0.636113436360779
2.6193910591551774	0.00794328234724283	0.5932490742719336
2.9976816770403563	0.00794328234724283	0.5580480232127003
3.4306047603910415	0.00794328234724283	0.5242287187585342
3.926050291516404	0.00794328234724283	0.47979411134730426
4.493047718431742	0.00794328234724283	0.41676139129805356
5.141930515695824	0.00794328234724283	0.34381307164886815
5.884524511008838	0.00794328234724283	0.2775257672768294
6.734363409805407	0.00794328234724283	0.21589983009286615
7.706935445758021	0.00794328234724283	0.14525839220722245
8.819965652373028	0.00794328234724283	0.07545500983661203
10.093738900052346	0.00794328234724283	0.02869437762745136
11.551469585940843	0.00794328234724283	0.008541154996151963
13.219724714121972	0.00794328234724283	0.0027855392026706924
15.128908076758211	0.00794328234724283	0.001079218109778535
17.313814360331925	0.00794328234724283	0.0004455045989128209
19.814263275520517	0.00794328234724283	0.00017075310515270856
22.675825267662994	0.00794328234724283	0.00005017466023794854
25.950652033822625	0.00794328234724283	0.000016423200713278817
29.698426982540767	0.00794328234724283	5.829348610206896e-6
33.98745295832107	0.00794328234724283	2.076231989971348e-6
38.895897054520105	0.00794328234724283	7.261480711774945e-7
44.51321520124173	0.00794328234724283	1.6539362687277322e-7
50.941782491215115	0.00794328234724283	4.153713193802738e-8
58.29875895619149	0.00794328234724283	9.607805301537065e-9
66.71822479745835	0.00794328234724283	2.230617603635821e-9
76.35362398484546	0.00794328234724283	5.43127457553344e-10
87.38056075858388	0.00794328234724283	1.484857953307823e-10
100.00000000000031	0.00794328234724283	4.5745530851318526e-11
111.55639876771902	0.00794328234724283	1.7315252246533253e-11
138.21730389017998	0.00794328234724283	1.6857107891692058e-12
171.24990861750976	0.00794328234724283	5.4079219975396643e-14
212.17698780180757	0.00794328234724283	2.5148163107082873e-16
262.885244821937	0.00794328234724283	1.254393999746151e-19
1.	0.009120108393559116	1.0435898164243067
1.9999999999999998	0.009120108393559116	0.7955818496088601
2.288838595949997	0.009120108393559116	0.73474616108372
2.6193910591551774	0.009120108393559116	0.6798997570363075
2.9976816770403563	0.009120108393559116	0.6353687468959305
3.4306047603910415	0.009120108393559116	0.5972774639747834
3.926050291516404	0.009120108393559116	0.5518678676354328
4.493047718431742	0.009120108393559116	0.48577817172932164
5.141930515695824	0.009120108393559116	0.4028148653163345
5.884524511008838	0.009120108393559116	0.3248505640196988
6.734363409805407	0.009120108393559116	0.2548856703877521
7.706935445758021	0.009120108393559116	0.17605032712769456
8.819965652373028	0.009120108393559116	0.09409409468710918
10.093738900052346	0.009120108393559116	0.0364269057771312
11.551469585940843	0.009120108393559116	0.010807331432887438
13.219724714121972	0.009120108393559116	0.0034327115868342233
15.128908076758211	0.009120108393559116	0.001306026837103097
17.313814360331925	0.009120108393559116	0.0005341649929483201
19.814263275520517	0.009120108393559116	0.00020576677544058473
22.675825267662994	0.009120108393559116	0.00006053027014122282
25.950652033822625	0.009120108393559116	0.00001961089499220248
29.698426982540767	0.009120108393559116	6.943030468076556e-6
33.98745295832107	0.009120108393559116	2.490418270499343e-6
38.895897054520105	0.009120108393559116	8.570198015089144e-7
44.51321520124173	0.009120108393559116	1.976717742833628e-7
50.941782491215115	0.009120108393559116	4.9144953710497426e-8
58.29875895619149	0.009120108393559116	1.1352153090618702e-8
66.71822479745835	0.009120108393559116	2.6300409288009243e-9
76.35362398484546	0.009120108393559116	6.39772724119207e-10
87.38056075858388	0.009120108393559116	1.7471622128671223e-10
100.00000000000031	0.009120108393559116	5.3769730709374743e-11
111.55639876771902	0.009120108393559116	2.03510414785842e-11
138.21730389017998	0.009120108393559116	1.981813789567527e-12
171.24990861750976	0.009120108393559116	6.363385541171414e-14
212.17698780180757	0.009120108393559116	2.963486190274203e-16
262.885244821937	0.009120108393559116	1.4810089965297626e-19
1.	0.010471285480509017	1.181228520960976
1.9999999999999998	0.010471285480509017	0.9177836868424452
2.288838595949997	0.010471285480509017	0.8458351560026804
2.6193910591551774	0.010471285480509017	0.7782637854373998
2.9976816770403563	0.010471285480509017	0.7219888953175979
3.4306047603910415	0.010471285480509017	0.6771026981311524
3.926050291516404	0.010471285480509017	0.6308841164227571
4.493047718431742	0.010471285480509017	0.5638134313370186
5.141930515695824	0.010471285480509017	0.47190019389689897
5.884524511008838	0.010471285480509017	0.3801369845535087
6.734363409805407	0.010471285480509017	0.3007581996653867
7.706935445758021	0.010471285480509017	0.21308001265523802
8.819965652373028	0.010471285480509017	0.11790211594005658
10.093738900052346	0.010471285480509017	0.04666001430812951
11.551469585940843	0.010471285480509017	0.013843252066349475
13.219724714121972	0.010471285480509017	0.00426176651505108
15.128908076758211	0.010471285480509017	0.0015907534398915358
17.313814360331925	0.010471285480509017	0.000643814554344811
19.814263275520517	0.010471285480509017	0.0002490143337722645
22.675825267662994	0.010471285480509017	0.0000734549756777412
25.950652033822625	0.010471285480509017	0.00002350048988472107
29.698426982540767	0.010471285480509017	8.318401739674683e-6
33.98745295832107	0.010471285480509017	2.9964429332576653e-6
38.895897054520105	0.010471285480509017	1.0143294989935701e-6
44.51321520124173	0.010471285480509017	2.370991256329244e-7
50.941782491215115	0.010471285480509017	5.8324953326884066e-8
58.29875895619149	0.010471285480509017	1.3440984874823571e-8
66.71822479745835	0.010471285480509017	3.10887808386083e-9
76.35362398484546	0.010471285480509017	7.552877498621421e-10
87.38056075858388	0.010471285480509017	2.0598579886158057e-10
100.00000000000031	0.010471285480509017	6.331815740218974e-11
111.55639876771902	0.010471285480509017	2.3962698298420968e-11
138.21730389017998	0.010471285480509017	2.334275457617023e-12
171.24990861750976	0.010471285480509017	7.502592239029664e-14
212.17698780180757	0.010471285480509017	3.4999336281375486e-16
262.885244821937	0.010471285480509017	1.7528881680044483e-19
1.	0.012022644346174156	1.3123328940036403
1.9999999999999998	0.012022644346174156	1.052203603562344
2.288838595949997	0.012022644346174156	0.9708129076087771
2.6193910591551774	0.012022644346174156	0.8899830375026995
2.9976816770403563	0.012022644346174156	0.8189678225908549
3.4306047603910415	0.012022644346174156	0.7639309997500238
3.926050291516404	0.012022644346174156	0.7162522825794138
4.493047718431742	0.012022644346174156	0.6509596836487447
5.141930515695824	0.012022644346174156	0.5534953123439579
5.884524511008838	0.012022644346174156	0.44666550721419784
6.734363409805407	0.012022644346174156	0.35524323740826524
7.706935445758021	0.012022644346174156	0.25854181206227916
8.819965652373028	0.012022644346174156	0.14822938434104257
10.093738900052346	0.012022644346174156	0.06044752856653972
11.551469585940843	0.012022644346174156	0.01802092990268875
13.219724714121972	0.012022644346174156	0.0053551525001317435
15.128908076758211	0.012022644346174156	0.0019490871860547284
17.313814360331925	0.012022644346174156	0.0007802535309456831
19.814263275520517	0.012022644346174156	0.0003022576739197403
22.675825267662994	0.012022644346174156	0.00008969663891159993
25.950652033822625	0.012022644346174156	0.00002823174357833686
29.698426982540767	0.012022644346174156	9.986430914077301e-6
33.98745295832107	0.012022644346174156	3.621578688408863e-6
38.895897054520105	0.012022644346174156	1.2029069824511038e-6
44.51321520124173	0.012022644346174156	2.85122776809257e-7
50.941782491215115	0.012022644346174156	6.936836535802087e-8
58.29875895619149	0.012022644346174156	1.5931116192728142e-8
66.71822479745835	0.012022644346174156	3.680997534466613e-9
76.35362398484546	0.012022644346174156	8.927602122352846e-10
87.38056075858388	0.012022644346174156	2.4308244771634516e-10
100.00000000000031	0.012022644346174156	7.462264675718512e-11
111.55639876771902	0.012022644346174156	2.8237045033730714e-11
138.21730389017998	0.012022644346174156	2.751654938965536e-12
171.24990861750976	0.012022644346174156	8.854268162004165e-14
212.17698780180757	0.012022644346174156	4.1384638221248916e-16
262.885244821937	0.012022644346174156	2.0778375076100662e-19
1.	0.01380384264602888	1.4285719320104522
1.9999999999999998	0.01380384264602888	1.196943036582429
2.288838595949997	0.01380384264602888	1.1118734982770317
2.6193910591551774	0.01380384264602888	1.0199727313687663
2.9976816770403563	0.01380384264602888	0.9409021683512093
3.4306047603910415	0.01380384264602888	0.8626527723501108
3.926050291516404	0.01380384264602888	0.8092820352716311
4.493047718431742	0.01380384264602888	0.7481973816270447
5.141930515695824	0.01380384264602888	0.6493521500931575
5.884524511008838	0.01380384264602888	0.5266953991942293
6.734363409805407	0.01380384264602888	0.41856217778396926
7.706935445758021	0.01380384264602888	0.31313684491248034
8.819965652373028	0.01380384264602888	0.186525523101544
10.093738900052346	0.01380384264602888	0.0789530531961953
11.551469585940843	0.01380384264602888	0.023833820283974277
13.219724714121972	0.01380384264602888	0.006824864393056964
15.128908076758211	0.01380384264602888	0.0024112671800915666
17.313814360331925	0.01380384264602888	0.0009520072471479362
19.814263275520517	0.01380384264602888	0.0003686743096885227
22.675825267662994	0.01380384264602888	0.00011030796680000866
25.950652033822625	0.01380384264602888	0.0000339879676959777
29.698426982540767	0.01380384264602888	0.000012033105951522763
33.98745295832107	0.01380384264602888	4.379893665484764e-6
38.895897054520105	0.01380384264602888	1.4250675603843554e-6
44.51321520124173	0.01380384264602888	3.426369683045667e-7
50.941782491215115	0.01380384264602888	8.241589067616636e-8
58.29875895619149	0.01380384264602888	1.8842871402163836e-8
66.71822479745835	0.01380384264602888	4.352232473462121e-9
76.35362398484546	0.01380384264602888	1.0531788972870066e-9
87.38056075858388	0.01380384264602888	2.8619819208523837e-10
100.00000000000031	0.01380384264602888	8.772893125220467e-11
111.55639876771902	0.01380384264602888	3.3190680862681765e-11
138.21730389017998	0.01380384264602888	3.235739091950639e-12
171.24990861750976	0.01380384264602888	1.0425592784256664e-13
212.17698780180757	0.01380384264602888	4.883672884496061e-16
262.885244821937	0.01380384264602888	2.458943030448618e-19
1.	0.015848931924611172	1.5212207974014929
1.9999999999999998	0.015848931924611172	1.3425618028207664
2.288838595949997	0.015848931924611172	1.2598023946431622
2.6193910591551774	0.015848931924611172	1.161571775682412
2.9976816770403563	0.015848931924611172	1.0594216275588337
3.4306047603910415	0.015848931924611172	0.9722370955954192
3.926050291516404	0.015848931924611172	0.9083894336562526
4.493047718431742	0.015848931924611172	0.8506207055913454
5.141930515695824	0.015848931924611172	0.7565445346130929
5.884524511008838	0.015848931924611172	0.6213188860675216
6.734363409805407	0.015848931924611172	0.4927678165220382
7.706935445758021	0.015848931924611172	0.3779355540185654
8.819965652373028	0.015848931924611172	0.23584939403767335
10.093738900052346	0.015848931924611172	0.1040845412945351
11.551469585940843	0.015848931924611172	0.031999862962539066
13.219724714121972	0.015848931924611172	0.008816262683703517
15.128908076758211	0.015848931924611172	0.0030142739858837675
17.313814360331925	0.015848931924611172	0.001172469689173948
19.814263275520517	0.015848931924611172	0.0004522230098628754
22.675825267662994	0.015848931924611172	0.00013695472797476112
25.950652033822625	0.015848931924611172	0.00004117392299361868
29.698426982540767	0.015848931924611172	0.00001462738572057205
33.98745295832107	0.015848931924611172	5.325857706866405e-6
38.895897054520105	0.015848931924611172	1.7025969557750636e-6
44.51321520124173	0.015848931924611172	4.152726631026435e-7
50.941782491215115	0.015848931924611172	9.872189797940704e-8
58.29875895619149	0.015848931924611172	2.2450770126243858e-8
66.71822479745835	0.015848931924611172	5.1873849384019855e-9
76.35362398484546	0.015848931924611172	1.2515745227597772e-9
87.38056075858388	0.015848931924611172	3.393110580981992e-10
100.00000000000031	0.015848931924611172	1.0383846885599104e-10
111.55639876771902	0.015848931924611172	3.927638434760791e-11
138.21730389017998	0.015848931924611172	3.830877266459214e-12
171.24990861750976	0.015848931924611172	1.2361676488971026e-13
212.17698780180757	0.015848931924611172	5.805248330818952e-16
262.885244821937	0.015848931924611172	2.932418393601184e-19
1.	0.01819700858609988	1.579870037580111
1.9999999999999998	0.01819700858609988	1.4751603372337228
2.288838595949997	0.01819700858609988	1.4063407521184297
2.6193910591551774	0.01819700858609988	1.31321017268576
2.9976816770403563	0.01819700858609988	1.203970082962822
3.4306047603910415	0.01819700858609988	1.0979396638237275
3.926050291516404	0.01819700858609988	1.0160203561193077
4.493047718431742	0.01819700858609988	0.9589705780731058
5.141930515695824	0.01819700858609988	0.8763233011075957
5.884524511008838	0.01819700858609988	0.7366776025784612
6.734363409805407	0.01819700858609988	0.5824348900448006
7.706935445758021	0.01819700858609988	0.45268488903662135
8.819965652373028	0.01819700858609988	0.2975608496112149
10.093738900052346	0.01819700858609988	0.1382776239254952
11.551469585940843	0.01819700858609988	0.04369412694654743
13.219724714121972	0.01819700858609988	0.011595711960090588
15.128908076758211	0.01819700858609988	0.0038082047125168666
17.313814360331925	0.01819700858609988	0.0014538460316764524
19.814263275520517	0.01819700858609988	0.0005575125926060365
22.675825267662994	0.01819700858609988	0.00017130220698918178
25.950652033822625	0.01819700858609988	0.000050007611817220974
29.698426982540767	0.01819700858609988	0.000017881041398297758
33.98745295832107	0.01819700858609988	6.479779551332129e-6
38.895897054520105	0.01819700858609988	2.054283925700896e-6
44.51321520124173	0.01819700858609988	5.081499199261331e-7
50.941782491215115	0.01819700858609988	1.1935046584406377e-7
58.29875895619149	0.01819700858609988	2.6985710350180633e-8
66.71822479745835	0.01819700858609988	6.241084605768701e-9
76.35362398484546	0.01819700858609988	1.5001045502646407e-9
87.38056075858388	0.01819700858609988	4.0555584074255204e-10
100.00000000000031	0.01819700858609988	1.2388246400420613e-10
111.55639876771902	0.01819700858609988	4.684404254075514e-11
138.21730389017998	0.01819700858609988	4.571497301175758e-12
171.24990861750976	0.01819700858609988	1.477700555161912e-13
212.17698780180757	0.01819700858609988	6.959563532507078e-16
262.885244821937	0.01819700858609988	3.5284738693492647e-19
1.	0.02089296130854045	1.5916698306531072
1.9999999999999998	0.02089296130854045	1.5810484803269098
2.288838595949997	0.02089296130854045	1.5374583301328544
2.6193910591551774	0.02089296130854045	1.463467551025393
2.9976816770403563	0.02089296130854045	1.3589873124790928
3.4306047603910415	0.02089296130854045	1.2395269833335738
3.926050291516404	0.02089296130854045	1.1370482277507283
4.493047718431742	0.02089296130854045	1.0683987057649602
5.141930515695824	0.02089296130854045	1.001318114201439
5.884524511008838	0.02089296130854045	0.8689651554363786
6.734363409805407	0.02089296130854045	0.6907439207967323
7.706935445758021	0.02089296130854045	0.541060432583155
8.819965652373028	0.02089296130854045	0.3740735541848934
10.093738900052346	0.02089296130854045	0.18472201883635064
11.551469585940843	0.02089296130854045	0.060511650171350365
13.219724714121972	0.02089296130854045	0.015604903637032767
15.128908076758211	0.02089296130854045	0.004880703308917562
17.313814360331925	0.02089296130854045	0.0018241681825589533
19.814263275520517	0.02089296130854045	0.0006919097008802307
22.675825267662994	0.02089296130854045	0.00021616015955922265
25.950652033822625	0.02089296130854045	0.00006106781290224529
29.698426982540767	0.02089296130854045	0.000022001952102352106
33.98745295832107	0.02089296130854045	7.8937844442811e-6
38.895897054520105	0.02089296130854045	2.453077541469927e-6
44.51321520124173	0.02089296130854045	6.150490232008869e-7
50.941782491215115	0.02089296130854045	1.4266183891550506e-7
58.29875895619149	0.02089296130854045	3.2077782686336326e-8
66.71822479745835	0.02089296130854045	7.427982384338471e-9
76.35362398484546	0.02089296130854045	1.7769003962150397e-9
87.38056075858388	0.02089296130854045	4.788196644046398e-10
100.00000000000031	0.02089296130854045	1.4596055062855607e-10
111.55639876771902	0.02089296130854045	5.517174712142177e-11
138.21730389017998	0.02089296130854045	5.387583700362305e-12
171.24990861750976	0.02089296130854045	1.744922410344921e-13
212.17698780180757	0.02089296130854045	8.245237364139526e-16
262.885244821937	0.02089296130854045	4.1978831118920813e-19
1.	0.023988329190194974	1.5516492710664591
1.9999999999999998	0.023988329190194974	1.6398699588511882
2.288838595949997	0.023988329190194974	1.6299303412863568
2.6193910591551774	0.023988329190194974	1.5900204730823129
2.9976816770403563	0.023988329190194974	1.5118406162161993
3.4306047603910415	0.023988329190194974	1.3964701406587468
3.926050291516404	0.023988329190194974	1.2745012448399025
4.493047718431742	0.023988329190194974	1.1866914181190278
5.141930515695824	0.023988329190194974	1.1275709209988094
5.884524511008838	0.023988329190194974	1.0191702280821988
6.734363409805407	0.023988329190194974	0.8241447006551622
7.706935445758021	0.023988329190194974	0.6429998576866213
8.819965652373028	0.023988329190194974	0.4672115920626333
10.093738900052346	0.023988329190194974	0.24758436318279065
11.551469585940843	0.023988329190194974	0.08514798430293447
13.219724714121972	0.023988329190194974	0.02147597778113832
15.128908076758211	0.023988329190194974	0.006341861946632366
17.313814360331925	0.023988329190194974	0.0023066370290067834
19.814263275520517	0.023988329190194974	0.0008665500098936807
22.675825267662994	0.023988329190194974	0.00027519909826878786
25.950652033822625	0.023988329190194974	0.00007540687749056066
29.698426982540767	0.023988329190194974	0.000027281244118273907
33.98745295832107	0.023988329190194974	9.630940885733888e-6
38.895897054520105	0.023988329190194974	2.96688914317304e-6
44.51321520124173	0.023988329190194974	7.533869717374991e-7
50.941782491215115	0.023988329190194974	1.7248281151586008e-7
58.29875895619149	0.023988329190194974	3.860888712246066e-8
66.71822479745835	0.023988329190194974	8.949555424908107e-9
76.35362398484546	0.023988329190194974	2.1285158585528233e-9
87.38056075858388	0.023988329190194974	5.7140443455473e-10
100.00000000000031	0.023988329190194974	1.737828965115646e-10
111.55639876771902	0.023988329190194974	6.565779126991664e-11
138.21730389017998	0.023988329190194974	6.416159986381217e-12
171.24990861750976	0.023988329190194974	2.08274005217725e-13
212.17698780180757	0.023988329190194974	9.878591698824404e-16
262.885244821937	0.023988329190194974	5.053522520960932e-19
1.	0.027542287033381744	1.4629003238006106
1.9999999999999998	0.027542287033381744	1.6348600182787725
2.288838595949997	0.027542287033381744	1.6655997204332311
2.6193910591551774	0.027542287033381744	1.6742696002499422
2.9976816770403563	0.027542287033381744	1.64127919847123
3.4306047603910415	0.027542287033381744	1.5562782186032837
3.926050291516404	0.027542287033381744	1.4315593677291494
4.493047718431742	0.027542287033381744	1.3163299906909995
5.141930515695824	0.027542287033381744	1.248869504739773
5.884524511008838	0.027542287033381744	1.1729784504416942
6.734363409805407	0.027542287033381744	0.9867736322776014
7.706935445758021	0.027542287033381744	0.7659015858663589
8.819965652373028	0.027542287033381744	0.5774473339284392
10.093738900052346	0.027542287033381744	0.33254804728755655
11.551469585940843	0.027542287033381744	0.12109428062011246
13.219724714121972	0.027542287033381744	0.030447881793167222
15.128908076758211	0.027542287033381744	0.008395002387825359
17.313814360331925	0.027542287033381744	0.0029518669696704273
19.814263275520517	0.027542287033381744	0.0010929064770006053
22.675825267662994	0.027542287033381744	0.0003530967152048004
25.950652033822625	0.027542287033381744	0.00009381013061285094
29.698426982540767	0.027542287033381744	0.00003399673546183628
33.98745295832107	0.027542287033381744	0.000011737136457152111
38.895897054520105	0.027542287033381744	3.5932126018021606e-6
44.51321520124173	0.027542287033381744	9.231461473191798e-7
50.941782491215115	0.027542287033381744	2.0848585770908306e-7
58.29875895619149	0.027542287033381744	4.654832129803483e-8
66.71822479745835	0.027542287033381744	1.079065531584928e-8
76.35362398484546	0.027542287033381744	2.549047509379218e-9
87.38056075858388	0.027542287033381744	6.813446167230741e-10
100.00000000000031	0.027542287033381744	2.0669478955556663e-10
111.55639876771902	0.027542287033381744	7.804734035290458e-11
138.21730389017998	0.027542287033381744	7.633132390200205e-12
171.24990861750976	0.027542287033381744	2.4841552686553225e-13
212.17698780180757	0.027542287033381744	1.1833150606323418e-15
262.885244821937	0.027542287033381744	6.0863105505736625e-19
1.	0.03162277660168389	1.3207208152855248
1.9999999999999998	0.03162277660168389	1.56009042874454
2.288838595949997	0.03162277660168389	1.6292398723579535
2.6193910591551774	0.03162277660168389	1.6882400058198916
2.9976816770403563	0.03162277660168389	1.718929458747218
3.4306047603910415	0.03162277660168389	1.6941482945327508
3.926050291516404	0.03162277660168389	1.5989289729133047
4.493047718431742	0.03162277660168389	1.4679196579305467
5.141930515695824	0.03162277660168389	1.3747592422485702
5.884524511008838	0.03162277660168389	1.3230983367102513
6.734363409805407	0.03162277660168389	1.17191803870142
7.706935445758021	0.03162277660168389	0.9153143448317125
8.819965652373028	0.03162277660168389	0.7042260975607764
10.093738900052346	0.03162277660168389	0.4399062995233545
11.551469585940843	0.03162277660168389	0.174410233586014
13.219724714121972	0.03162277660168389	0.044451090654173166
15.128908076758211	0.03162277660168389	0.011306955610528831
17.313814360331925	0.03162277660168389	0.0038158911557642193
19.814263275520517	0.03162277660168389	0.001397383775106123
22.675825267662994	0.03162277660168389	0.0004562678043669347
25.950652033822625	0.03162277660168389	0.00011877180015376365
29.698426982540767	0.03162277660168389	0.000042513673598085836
33.98745295832107	0.03162277660168389	0.000014288894935112896
38.895897054520105	0.03162277660168389	4.3601815599926226e-6
44.51321520124173	0.03162277660168389	1.131988075085196e-6
50.941782491215115	0.03162277660168389	2.5208956230234675e-7
58.29875895619149	0.03162277660168389	5.628322529022089e-8
66.71822479745835	0.03162277660168389	1.302345735810883e-8
76.35362398484546	0.03162277660168389	3.053391305269724e-9
87.38056075858388	0.03162277660168389	8.121731872497222e-10
100.00000000000031	0.03162277660168389	2.457022895081686e-10
111.55639876771902	0.03162277660168389	9.27109810260477e-11
138.21730389017998	0.03162277660168389	9.075750404874005e-12
171.24990861750976	0.03162277660168389	2.9623349485285596e-13
212.17698780180757	0.03162277660168389	1.4179898000025952e-15
262.885244821937	0.03162277660168389	7.338385167001747e-19
1.	0.03630780547701025	1.1379897933019443
1.9999999999999998	0.03630780547701025	1.415059800574961
2.288838595949997	0.03630780547701025	1.5116493475461765
2.6193910591551774	0.03630780547701025	1.6156501216169803
2.9976816770403563	0.03630780547701025	1.7134801136428135
3.4306047603910415	0.03630780547701025	1.7687798031068651
3.926050291516404	0.03630780547701025	1.7501200173464504
4.493047718431742	0.03630780547701025	1.6351706191193385
5.141930515695824	0.03630780547701025	1.5113701121690664
5.884524511008838	0.03630780547701025	1.4513496372933374
6.734363409805407	0.03630780547701025	1.3605192624154085
7.706935445758021	0.03630780547701025	1.1010614414259945
8.819965652373028	0.03630780547701025	0.8471381593609965
10.093738900052346	0.03630780547701025	0.5752785400002478
11.551469585940843	0.03630780547701025	0.2521868542798845
13.219724714121972	0.03630780547701025	0.0666543767371623
15.128908076758211	0.03630780547701025	0.015659367461158168
17.313814360331925	0.03630780547701025	0.004995733377675455
19.814263275520517	0.03630780547701025	0.0018061574198061773
22.675825267662994	0.03630780547701025	0.0005936157868256648
25.950652033822625	0.03630780547701025	0.00015278450571949234
29.698426982540767	0.03630780547701025	0.00005313038896691053
33.98745295832107	0.03630780547701025	0.00001745569533093161
38.895897054520105	0.03630780547701025	5.293438514333728e-6
44.51321520124173	0.03630780547701025	1.3867664075007096e-6
50.941782491215115	0.03630780547701025	3.0458693843221287e-7
58.29875895619149	0.03630780547701025	6.817528845027796e-8
66.71822479745835	0.03630780547701025	1.5701440709448963e-8
76.35362398484546	0.03630780547701025	3.6522504362396307e-9
87.38056075858388	0.03630780547701025	9.661627514507819e-10
100.00000000000031	0.03630780547701025	2.914183132585647e-10
111.55639876771902	0.03630780547701025	1.0986835644245561e-10
138.21730389017998	0.03630780547701025	1.0766803969290893e-11
171.24990861750976	0.03630780547701025	3.526097869452001e-13
212.17698780180757	0.03630780547701025	1.6972488757070228e-15
262.885244821937	0.03630780547701025	8.845002122360102e-19
1.	0.04168693834703368	0.9349857402992295
1.9999999999999998	0.04168693834703368	1.2191986329714946
2.288838595949997	0.04168693834703368	1.3319880762618794
2.6193910591551774	0.04168693834703368	1.466079083178933
2.9976816770403563	0.04168693834703368	1.6146993660310804
3.4306047603910415	0.04168693834703368	1.7514899019967223
3.926050291516404	0.04168693834703368	1.8251997895014853
4.493047718431742	0.04168693834703368	1.788940697072303
5.141930515695824	0.04168693834703368	1.662470888283889
5.884524511008838	0.04168693834703368	1.568640533829093
6.734363409805407	0.04168693834703368	1.5295100413112783
7.706935445758021	0.04168693834703368	1.323482360158506
8.819965652373028	0.04168693834703368	1.0116524215244724
10.093738900052346	0.04168693834703368	0.7342001581622049
11.551469585940843	0.04168693834703368	0.36346568141179836
13.219724714121972	0.04168693834703368	0.10285831960276409
15.128908076758211	0.04168693834703368	0.02241711080688205
17.313814360331925	0.04168693834703368	0.006661160479496594
19.814263275520517	0.04168693834703368	0.0023699279011312065
22.675825267662994	0.04168693834703368	0.0007784111165454676
25.950652033822625	0.04168693834703368	0.00020080488461694167
29.698426982540767	0.04168693834703368	0.00006628961849497758
33.98745295832107	0.04168693834703368	0.000021437224238084686
38.895897054520105	0.04168693834703368	6.487828785034328e-6
44.51321520124173	0.04168693834703368	1.7120633997521117e-6
50.941782491215115	0.04168693834703368	3.713810820071944e-7
58.29875895619149	0.04168693834703368	8.34504023420668e-8
66.71822479745835	0.04168693834703368	1.9061586669945684e-8
76.35362398484546	0.04168693834703368	4.399616231296909e-9
87.38056075858388	0.04168693834703368	1.1567856112826457e-9
100.00000000000031	0.04168693834703368	3.478177090864354e-10
111.55639876771902	0.04168693834703368	1.30998488460838e-10
138.21730389017998	0.04168693834703368	1.2853167045330068e-11
171.24990861750976	0.04168693834703368	4.2254701072990755e-13
212.17698780180757	0.04168693834703368	2.0467477436338475e-15
262.885244821937	0.04168693834703368	1.0750758642515976e-18
1.	0.047863009232264	0.7321017570637747
1.9999999999999998	0.047863009232264	0.9990287081247422
2.288838595949997	0.047863009232264	1.1104591516416975
2.6193910591551774	0.047863009232264	1.251400173141252
2.9976816770403563	0.047863009232264	1.4272504291524835
3.4306047603910415	0.047863009232264	1.6216413645454368
3.926050291516404	0.047863009232264	1.7942998390769633
4.493047718431742	0.047863009232264	1.8777096213469018
5.141930515695824	0.047863009232264	1.816030039132276
5.884524511008838	0.047863009232264	1.6880699806014845
6.734363409805407	0.047863009232264	1.6524997334536418
7.706935445758021	0.047863009232264	1.5482207175656193
8.819965652373028	0.047863009232264	1.2054816493630915
10.093738900052346	0.047863009232264	0.9035258770838723
11.551469585940843	0.047863009232264	0.5158933335417756
13.219724714121972	0.047863009232264	0.16098447059427007
15.128908076758211	0.047863009232264	0.03353823443606309
17.313814360331925	0.047863009232264	0.009097060535879397
19.814263275520517	0.047863009232264	0.0031551286705537446
22.675825267662994	0.047863009232264	0.0010317845715009364
25.950652033822625	0.047863009232264	0.00026916929656825605
29.698426982540767	0.047863009232264	0.00008250227469119491
33.98745295832107	0.047863009232264	0.00002663962184064531
38.895897054520105	0.047863009232264	8.068503898134071e-6
44.51321520124173	0.047863009232264	2.139804877231491e-6
50.941782491215115	0.047863009232264	4.5981370615373413e-7
58.29875895619149	0.047863009232264	1.0361912294080877e-7
66.71822479745835	0.047863009232264	2.3387686764394623e-8
76.35362398484546	0.047863009232264	5.359775188830965e-9
87.38056075858388	0.047863009232264	1.3996389490563927e-9
100.00000000000031	0.047863009232264	4.1944743394063267e-10
111.55639876771902	0.047863009232264	1.5778641200531957e-10
138.21730389017998	0.047863009232264	1.5503012538736796e-11
171.24990861750976	0.047863009232264	5.118817546110243e-13
212.17698780180757	0.047863009232264	2.4972679709076228e-15
262.885244821937	0.047863009232264	1.3234303773742926e-18
1.	0.05495408738576265	0.5455083319288974
1.9999999999999998	0.05495408738576265	0.774846398795331
2.288838595949997	0.05495408738576265	0.8748959326980787
2.6193910591551774	0.05495408738576265	1.006220918476679
2.9976816770403563	0.05495408738576265	1.1784912832042824
3.4306047603910415	0.05495408738576265	1.3955127298481602
3.926050291516404	0.05495408738576265	1.6377603848465854
4.493047718431742	0.05495408738576265	1.8446692261838415
5.141930515695824	0.05495408738576265	1.9143397583460602
5.884524511008838	0.05495408738576265	1.8181892928762442
6.734363409805407	0.05495408738576265	1.7285798496916003
7.706935445758021	0.05495408738576265	1.7243097067521955
8.819965652373028	0.05495408738576265	1.4440306704547579
10.093738900052346	0.05495408738576265	1.0734198617853687
11.551469585940843	0.05495408738576265	0.7048283541896083
13.219724714121972	0.05495408738576265	0.25344023535785076
15.128908076758211	0.05495408738576265	0.05257581864294818
17.313814360331925	0.05495408738576265	0.012677045124179942
19.814263275520517	0.05495408738576265	0.004230842137179143
22.675825267662994	0.05495408738576265	0.0013817415434021474
25.950652033822625	0.05495408738576265	0.00036640469860922046
29.698426982540767	0.05495408738576265	0.0001025695308059997
33.98745295832107	0.05495408738576265	0.00003366284326952441
38.895897054520105	0.05495408738576265	0.000010183910325951964
44.51321520124173	0.05495408738576265	2.706476681064684e-6
50.941782491215115	0.05495408738576265	5.788662091359844e-7
58.29875895619149	0.05495408738576265	1.3025428200899733e-7
66.71822479745835	0.05495408738576265	2.8965378107926453e-8
76.35362398484546	0.05495408738576265	6.595420817699309e-9
87.38056075858388	0.05495408738576265	1.709064309495633e-9
100.00000000000031	0.05495408738576265	5.103809142446994e-10
111.55639876771902	0.05495408738576265	1.9171999804775497e-10
138.21730389017998	0.05495408738576265	1.886693108202195e-11
171.24990861750976	0.05495408738576265	6.260379573093126e-13
212.17698780180757	0.05495408738576265	3.0790423847416425e-15
262.885244821937	0.05495408738576265	1.6481684181546338e-18
1.	0.06309573444801955	0.39352957720389276
1.9999999999999998	0.06309573444801955	0.5701573706941347
2.288838595949997	0.06309573444801955	0.6502498974381669
2.6193910591551774	0.06309573444801955	0.7607775952678462
2.9976816770403563	0.06309573444801955	0.9091758374574815
3.4306047603910415	0.06309573444801955	1.109471411871827
3.926050291516404	0.06309573444801955	1.3683589450342315
4.493047718431742	0.06309573444801955	1.6544276845275474
5.141930515695824	0.06309573444801955	1.8765892122387107
5.884524511008838	0.06309573444801955	1.903339273838212
6.734363409805407	0.06309573444801955	1.7915501769484163
7.706935445758021	0.06309573444801955	1.793249968455733
8.819965652373028	0.06309573444801955	1.6831610228086145
10.093738900052346	0.06309573444801955	1.2493016427418877
11.551469585940843	0.06309573444801955	0.9082977726359752
13.219724714121972	0.06309573444801955	0.393624733791605
15.128908076758211	0.06309573444801955	0.08610086490320842
17.313814360331925	0.06309573444801955	0.01809256037085319
19.814263275520517	0.06309573444801955	0.005689139394102964
22.675825267662994	0.06309573444801955	0.0018599619180461355
25.950652033822625	0.06309573444801955	0.000501123576061354
29.698426982540767	0.06309573444801955	0.0001275465869749126
33.98745295832107	0.06309573444801955	0.00004285177274121727
38.895897054520105	0.06309573444801955	0.00001300903113841545
44.51321520124173	0.06309573444801955	3.4532231364731847e-6
50.941782491215115	0.06309573444801955	7.393449912338236e-7
58.29875895619149	0.06309573444801955	1.6486564069377333e-7
66.71822479745835	0.06309573444801955	3.6074030125462466e-8
76.35362398484546	0.06309573444801955	8.161745965094822e-9
87.38056075858388	0.06309573444801955	2.0963132146814645e-9
100.00000000000031	0.06309573444801955	6.235877078888235e-10
111.55639876771902	0.06309573444801955	2.3385556338599257e-10
138.21730389017998	0.06309573444801955	2.305486594293236e-11
171.24990861750976	0.06309573444801955	7.693055303118009e-13
212.17698780180757	0.06309573444801955	3.818486359720819e-15
262.885244821937	0.06309573444801955	2.067114855093507e-18
1.	0.07244359600749928	0.2787990490017651
1.9999999999999998	0.07244359600749928	0.39938807293609774
2.288838595949997	0.07244359600749928	0.45670680403544306
2.6193910591551774	0.07244359600749928	0.5382004207391307
2.9976816770403563	0.07244359600749928	0.6545197404785355
3.4306047603910415	0.07244359600749928	0.8175952824457188
3.926050291516404	0.07244359600749928	1.0421702916553595
4.493047718431742	0.07244359600749928	1.3384689426565288
5.141930515695824	0.07244359600749928	1.6577802389632854
5.884524511008838	0.07244359600749928	1.867309859543387
6.734363409805407	0.07244359600749928	1.8379498010291326
7.706935445758021	0.07244359600749928	1.7868502420162453
8.819965652373028	0.07244359600749928	1.8440197079839664
10.093738900052346	0.07244359600749928	1.4508002014677708
11.551469585940843	0.07244359600749928	1.0868375174543066
13.219724714121972	0.07244359600749928	0.5875541857275064
15.128908076758211	0.07244359600749928	0.1447975382517322
17.313814360331925	0.07244359600749928	0.02666888710569495
19.814263275520517	0.07244359600749928	0.007649318506185044
22.675825267662994	0.07244359600749928	0.0025118956166474858
25.950652033822625	0.07244359600749928	0.0006838226976382423
29.698426982540767	0.07244359600749928	0.00016005432358818315
33.98745295832107	0.07244359600749928	0.00005474184998022844
38.895897054520105	0.07244359600749928	0.000016599321354834132
44.51321520124173	0.07244359600749928	4.387747982490802e-6
50.941782491215115	0.07244359600749928	9.453107942816287e-7
58.29875895619149	0.07244359600749928	2.0702256089108557e-7
66.71822479745835	0.07244359600749928	4.4603294090918346e-8
76.35362398484546	0.07244359600749928	1.0013150814880357e-8
87.38056075858388	0.07244359600749928	2.545536691508295e-9
100.00000000000031	0.07244359600749928	7.536937609614363e-10
111.55639876771902	0.07244359600749928	2.8210971683896425e-10
138.21730389017998	0.07244359600749928	2.7868709056673447e-11
171.24990861750976	0.07244359600749928	9.358717134465245e-13
212.17698780180757	0.07244359600749928	4.693476687258174e-15
262.885244821937	0.07244359600749928	2.5730375101776738e-18
1.	0.08317637711026743	0.1979861723490569
1.9999999999999998	0.08317637711026743	0.27014127564375234
2.288838595949997	0.08317637711026743	0.3054211511499444
2.6193910591551774	0.08317637711026743	0.359269606939235
2.9976816770403563	0.08317637711026743	0.4397508942788384
3.4306047603910415	0.08317637711026743	0.5523662072353372
3.926050291516404	0.08317637711026743	0.7232168072509275
4.493047718431742	0.08317637711026743	0.9702717911156513
5.141930515695824	0.08317637711026743	1.2922710163286144
5.884524511008838	0.08317637711026743	1.6332714265050272
6.734363409805407	0.08317637711026743	1.8079798631667348
7.706935445758021	0.08317637711026743	1.7507203451819837
8.819965652373028	0.08317637711026743	1.828439729643955
10.093738900052346	0.08317637711026743	1.6571379825228292
11.551469585940843	0.08317637711026743	1.2232887608145637
13.219724714121972	0.08317637711026743	0.8139971474764234
15.128908076758211	0.08317637711026743	0.244693035552152
17.313814360331925	0.08317637711026743	0.041426990159883104
19.814263275520517	0.08317637711026743	0.010369650342690225
22.675825267662994	0.08317637711026743	0.0033863091363904503
25.950652033822625	0.08317637711026743	0.0009239685536066973
29.698426982540767	0.08317637711026743	0.00020490304130141792
33.98745295832107	0.08317637711026743	0.00006771647698063076
38.895897054520105	0.08317637711026743	0.000020963318748140803
44.51321520124173	0.08317637711026743	5.50717854786972e-6
50.941782491215115	0.08317637711026743	1.1979071712362492e-6
58.29875895619149	0.08317637711026743	2.5572079227125127e-7
66.71822479745835	0.08317637711026743	5.435620900471637e-8
76.35362398484546	0.08317637711026743	1.2069780715933543e-8
87.38056075858388	0.08317637711026743	3.0316863886727024e-9
100.00000000000031	0.08317637711026743	8.923089440228951e-10
111.55639876771902	0.08317637711026743	3.332837833718408e-10
138.21730389017998	0.08317637711026743	3.299951796381833e-11
171.24990861750976	0.08317637711026743	1.1161717093373527e-12
212.17698780180757	0.08317637711026743	5.663200874054749e-15
262.885244821937	0.08317637711026743	3.1487462062924283e-18
1.	0.09549925860214398	0.14281218535290457
1.9999999999999998	0.09549925860214398	0.18183829664728918
2.288838595949997	0.09549925860214398	0.201238255691379
2.6193910591551774	0.09549925860214398	0.2300475618382686
2.9976816770403563	0.09549925860214398	0.2756668244311901
3.4306047603910415	0.09549925860214398	0.3461937688279936
3.926050291516404	0.09549925860214398	0.45820197624094516
4.493047718431742	0.09549925860214398	0.6253604860687514
5.141930515695824	0.09549925860214398	0.8846296109340315
5.884524511008838	0.09549925860214398	1.2323731903355608
6.734363409805407	0.09549925860214398	1.5796811705582636
7.706935445758021	0.09549925860214398	1.6947996487962342
8.819965652373028	0.09549925860214398	1.704970375062071
10.093738900052346	0.09549925860214398	1.7549292436062227
11.551469585940843	0.09549925860214398	1.3641576798066535
13.219724714121972	0.09549925860214398	1.014061425321076
15.128908076758211	0.09549925860214398	0.40358322968195964
17.313814360331925	0.09549925860214398	0.06908029323790162
19.814263275520517	0.09549925860214398	0.014429989018195621
22.675825267662994	0.09549925860214398	0.004532310749639423
25.950652033822625	0.09549925860214398	0.0012402771556286895
29.698426982540767	0.09549925860214398	0.00027034861456492343
33.98745295832107	0.09549925860214398	0.00008507407376582742
38.895897054520105	0.09549925860214398	0.00002492612278023465
44.51321520124173	0.09549925860214398	6.505638946650789e-6
50.941782491215115	0.09549925860214398	1.430756845057621e-6
58.29875895619149	0.09549925860214398	2.9667780931095556e-7
66.71822479745835	0.09549925860214398	6.229553800662896e-8
76.35362398484546	0.09549925860214398	1.3626764900443152e-8
87.38056075858388	0.09549925860214398	3.375164435809562e-9
100.00000000000031	0.09549925860214398	9.857517445500475e-10
111.55639876771902	0.09549925860214398	3.673338405014607e-10
138.21730389017998	0.09549925860214398	3.646324131380924e-11
171.24990861750976	0.09549925860214398	1.2433909805207464e-12
212.17698780180757	0.09549925860214398	6.3916624279086064e-15
262.885244821937	0.09549925860214398	3.6100676638430345e-18
1.	0.10964781961431896	0.10748045045741886
1.9999999999999998	0.10964781961431896	0.12689970043247298
2.288838595949997	0.10964781961431896	0.13697277037958214
2.6193910591551774	0.10964781961431896	0.15152308923187527
2.9976816770403563	0.10964781961431896	0.1829872984577099
3.4306047603910415	0.10964781961431896	0.213153245513725
3.926050291516404	0.10964781961431896	0.2703264488462083
4.493047718431742	0.10964781961431896	0.37448177943545485
5.141930515695824	0.10964781961431896	0.538579601723367
5.884524511008838	0.10964781961431896	0.8118863917195297
6.734363409805407	0.10964781961431896	1.1944660931530076
7.706935445758021	0.10964781961431896	1.5315705025128117
8.819965652373028	0.10964781961431896	1.5873712813557201
10.093738900052346	0.10964781961431896	1.6516984003700173
11.551469585940843	0.10964781961431896	1.5424300068323022
13.219724714121972	0.10964781961431896	1.1361418159293333
15.128908076758211	0.10964781961431896	0.6241523332514238
17.313814360331925	0.10964781961431896	0.12244873649084907
19.814263275520517	0.10964781961431896	0.02092010843021783
22.675825267662994	0.10964781961431896	0.006012427745812883
25.950652033822625	0.10964781961431896	0.001685747693312448
29.698426982540767	0.10964781961431896	0.00036866708081589227
33.98745295832107	0.10964781961431896	0.00010389866396680143
38.895897054520105	0.10964781961431896	0.000030162377487630266
44.51321520124173	0.10964781961431896	7.828638206934247e-6
50.941782491215115	0.10964781961431896	1.7427175279251777e-6
58.29875895619149	0.10964781961431896	3.5112462621786443e-7
66.71822479745835	0.10964781961431896	7.275359098143037e-8
76.35362398484546	0.10964781961431896	1.562991941099188e-8
87.38056075858388	0.10964781961431896	3.809666692833783e-9
100.00000000000031	0.10964781961431896	1.1019144583348277e-9
111.55639876771902	0.10964781961431896	4.095962807307658e-10
138.21730389017998	0.10964781961431896	4.077112473843142e-11
171.24990861750976	0.10964781961431896	1.4030692355507771e-12
212.17698780180757	0.10964781961431896	7.318870369302625e-15
262.885244821937	0.10964781961431896	4.206622281383102e-18