1.	0.001	0.0769241
1.9999999999999998	0.001	0.0835962
2.288838595949997	0.001	0.08119141168972249
2.6193910591551774	0.001	0.07605047788454647
2.9976816770403563	0.001	0.06815166327648854
3.4306047603910415	0.001	0.05867161314652373
3.926050291516404	0.001	0.04963219630509385
4.493047718431742	0.001	0.042445628918374674
5.141930515695824	0.001	0.036135894515536476
5.884524511008838	0.001	0.028238347834957933
6.734363409805407	0.001	0.01841086864874336
7.706935445758021	0.001	0.009468611873711856
8.819965652373028	0.001	0.003825612042148052
10.093738900052346	0.001	0.0012726171586140023
11.551469585940843	0.001	0.00041666485856889856
13.219724714121972	0.001	0.00016313283408294697
15.128908076758211	0.001	0.00007306514259877265
17.313814360331925	0.001	0.000030485480946789498
19.814263275520517	0.001	9.75570446142954e-6
22.675825267662994	0.001	2.747486574167035e-6
25.950652033822625	0.001	1.007425486563026e-6
29.698426982540767	0.001	3.5551450229944617e-7
33.98745295832107	0.001	1.1744661110876062e-7
38.895897054520105	0.001	5.078024000425443e-8
44.51321520124173	0.001	1.0418072928375185e-8
50.941782491215115	0.001	2.733543793602936e-9
58.29875895619149	0.001	6.343565729440926e-10
66.71822479745835	0.001	1.5550599988335384e-10
76.35362398484546	0.001	3.938072920865501e-11
87.38056075858388	0.001	1.097522044088935e-11
100.00000000000031	0.001	3.4101619927945105e-12
111.55639876771902	0.001	1.2910259029422946e-12
138.21730389017998	0.001	1.2547783132183397e-13
171.24990861750976	0.001	4.0046846798853605e-15
212.17698780180757	0.001	1.8460325203383775e-17
262.885244821937	0.001	9.104270979688497e-21
1.	0.0011481536214968829	0.08968892121917328
1.9999999999999998	0.0011481536214968829	0.09653821982899195
2.288838595949997	0.0011481536214968829	0.09381262459656674
2.6193910591551774	0.0011481536214968829	0.087928069014302
2.9976816770403563	0.0011481536214968829	0.07890262401892716
3.4306047603910415	0.0011481536214968829	0.06791492792957005
3.926050291516404	0.0011481536214968829	0.05734058620945152
4.493047718431742	0.0011481536214968829	0.04887629325373448
5.141930515695824	0.0011481536214968829	0.04165692838751538
5.884524511008838	0.0011481536214968829	0.03264574948582087
6.734363409805407	0.0011481536214968829	0.021384738441266413
7.706935445758021	0.0011481536214968829	0.011065988662320322
8.819965652373028	0.0011481536214968829	0.004505002715420702
10.093738900052346	0.0011481536214968829	0.0014902387560619098
11.551469585940843	0.0011481536214968829	0.00048609469555234506
13.219724714121972	0.0011481536214968829	0.00018961529738707928
15.128908076758211	0.0011481536214968829	0.00008469270657289455
17.313814360331925	0.0011481536214968829	0.000035362083745421586
19.814263275520517	0.0011481536214968829	0.000011349792646861022
22.675825267662994	0.0011481536214968829	3.189005496828665e-6
25.950652033822625	0.0011481536214968829	1.1712536337342136e-6
29.698426982540767	0.0011481536214968829	4.130727010865492e-7
33.98745295832107	0.0011481536214968829	1.363855063856996e-7
38.895897054520105	0.0011481536214968829	5.8740946177659436e-8
44.51321520124173	0.0011481536214968829	1.2073507413952915e-8
50.941782491215115	0.0011481536214968829	3.163206042630838e-9
58.29875895619149	0.0011481536214968829	7.341648467606445e-10
66.71822479745835	0.0011481536214968829	1.7987488988306943e-10
76.35362398484546	0.0011481536214968829	4.554986165068839e-11
87.38056075858388	0.0011481536214968829	1.2692451045481893e-11
100.00000000000031	0.0011481536214968829	3.9431378839939995e-12
111.55639876771902	0.0011481536214968829	1.492806276130899e-12
138.21730389017998	0.0011481536214968829	1.4509455532048729e-13
171.24990861750976	0.0011481536214968829	4.631267014368676e-15
212.17698780180757	0.0011481536214968829	2.1352684663748213e-17
262.885244821937	0.0011481536214968829	1.0533279810368512e-20
1.	0.0013182567385564075	0.10477671071679795
1.9999999999999998	0.0013182567385564075	0.1115607119687659
2.288838595949997	0.0013182567385564075	0.10843673479282592
2.6193910591551774	0.0013182567385564075	0.10175070606105749
2.9976816770403563	0.0013182567385564075	0.09142411061580102
3.4306047603910415	0.0013182567385564075	0.07869607410053236
3.926050291516404	0.0013182567385564075	0.06629132327519174
4.493047718431742	0.0013182567385564075	0.056353696621868565
5.141930515695824	0.0013182567385564075	0.04798127165538655
5.884524511008838	0.0013182567385564075	0.037777733191323964
6.734363409805407	0.0013182567385564075	0.024889590978661565
7.706935445758021	0.0013182567385564075	0.012960919526136457
8.819965652373028	0.0013182567385564075	0.0053076145059534246
10.093738900052346	0.0013182567385564075	0.001751013432653297
11.551469585940843	0.0013182567385564075	0.000568067109351797
13.219724714121972	0.0013182567385564075	0.0002204088284265639
15.128908076758211	0.0013182567385564075	0.00009826382839372198
17.313814360331925	0.0013182567385564075	0.00004107603050708504
19.814263275520517	0.0013182567385564075	0.000013227473015756464
22.675825267662994	0.0013182567385564075	3.7087419349287064e-6
25.950652033822625	0.0013182567385564075	1.3628906853038982e-6
29.698426982540767	0.0013182567385564075	4.80791674303201e-7
33.98745295832107	0.0013182567385564075	1.585421095999944e-7
38.895897054520105	0.0013182567385564075	6.811557451921917e-8
44.51321520124173	0.0013182567385564075	1.403030397422941e-8
50.941782491215115	0.0013182567385564075	3.6695314539693034e-9
58.29875895619149	0.0013182567385564075	8.518136794531623e-10
66.71822479745835	0.0013182567385564075	2.0856821938945291e-10
76.35362398484546	0.0013182567385564075	5.281294219494564e-11
87.38056075858388	0.0013182567385564075	1.471368364603824e-11
100.00000000000031	0.0013182567385564075	4.5703010164762756e-12
111.55639876771902	0.0013182567385564075	1.7302319515713242e-12
138.21730389017998	0.0013182567385564075	1.6817824852944674e-13
171.24990861750976	0.0013182567385564075	5.368753254753709e-15
212.17698780180757	0.0013182567385564075	2.4758256160425362e-17
262.885244821937	0.0013182567385564075	1.2216676047942729e-20
1.	0.0015135612484362087	0.1227511184912051
1.9999999999999998	0.0015135612484362087	0.129004112689963
2.288838595949997	0.0015135612484362087	0.1254161269522395
2.6193910591551774	0.0015135612484362087	0.11785807079936578
2.9976816770403563	0.0015135612484362087	0.10604803800934867
3.4306047603910415	0.0015135612484362087	0.09135274194683025
3.926050291516404	0.0015135612484362087	0.07676916204094551
4.493047718431742	0.0015135612484362087	0.06501680307355635
5.141930515695824	0.0015135612484362087	0.05530803918303275
5.884524511008838	0.0015135612484362087	0.043749360564324505
6.734363409805407	0.0015135612484362087	0.02902907909804415
7.706935445758021	0.0015135612484362087	0.015223579560693444
8.819965652373028	0.0015135612484362087	0.006213871521514304
10.093738900052346	0.0015135612484362087	0.002063704793523132
11.551469585940843	0.0015135612484362087	0.0006657988132842594
13.219724714121972	0.0015135612484362087	0.000256687396398626
15.128908076758211	0.0015135612484362087	0.00011415685860388117
17.313814360331925	0.0015135612484362087	0.000047783858162259366
19.814263275520517	0.0015135612484362087	0.00001544998948415125
22.675825267662994	0.0015135612484362087	4.321162902274406e-6
25.950652033822625	0.0015135612484362087	1.589291500322086e-6
29.698426982540767	0.0015135612484362087	5.60638158236471e-7
33.98745295832107	0.0015135612484362087	1.8463029538776275e-7
38.895897054520105	0.0015135612484362087	7.909993486869356e-8
44.51321520124173	0.0015135612484362087	1.6333108780538134e-8
50.941782491215115	0.0015135612484362087	4.263260106314176e-9
58.29875895619149	0.0015135612484362087	9.898109499107162e-10
66.71822479745835	0.0015135612484362087	2.42182080386612e-10
76.35362398484546	0.0015135612484362087	6.132055143012698e-11
87.38056075858388	0.0015135612484362087	1.708044312419318e-11
100.00000000000031	0.0015135612484362087	5.304402950601947e-12
111.55639876771902	0.0015135612484362087	2.0081501975151145e-12
138.21730389017998	0.0015135612484362087	1.952010726379505e-13
171.24990861750976	0.0015135612484362087	6.232305363370584e-15
212.17698780180757	0.0015135612484362087	2.8747692724607326e-17
262.885244821937	0.0015135612484362087	1.4189802909622025e-20
1.	0.0017378008287493763	0.14403408206376367
1.9999999999999998	0.0017378008287493763	0.1492450753747976
2.288838595949997	0.0017378008287493763	0.14508609350581309
2.6193910591551774	0.0017378008287493763	0.1365140321876628
2.9976816770403563	0.0017378008287493763	0.12309999805055938
3.4306047603910415	0.0017378008287493763	0.10609389147706977
3.926050291516404	0.0017378008287493763	0.08899803890410513
4.493047718431742	0.0017378008287493763	0.07503629377152544
5.141930515695824	0.0017378008287493763	0.06378772257125884
5.884524511008838	0.0017378008287493763	0.050700637215900374
6.734363409805407	0.0017378008287493763	0.03396846224585247
7.706935445758021	0.0017378008287493763	0.017902385565079736
8.819965652373028	0.0017378008287493763	0.007350605651784299
10.093738900052346	0.0017378008287493763	0.002440377218318333
11.551469585940843	0.0017378008287493763	0.0007820890492152709
13.219724714121972	0.0017378008287493763	0.0003000539990086383
15.128908076758211	0.0017378008287493763	0.00013282978566730742
17.313814360331925	0.0017378008287493763	0.00005566161406792148
19.814263275520517	0.0017378008287493763	0.000018070962150543047
22.675825267662994	0.0017378008287493763	5.0361482170539465e-6
25.950652033822625	0.0017378008287493763	1.856347597251603e-6
29.698426982540767	0.0017378008287493763	6.54707594586073e-7
33.98745295832107	0.0017378008287493763	2.1541093581828007e-7
38.895897054520105	0.0017378008287493763	9.195032246789233e-8
44.51321520124173	0.0017378008287493763	1.9040874773245086e-8
50.941782491215115	0.0017378008287493763	4.95854449253685e-9
58.29875895619149	0.0017378008287493763	1.1514519131654436e-9
66.71822479745835	0.0017378008287493763	2.8149881525361467e-10
76.35362398484546	0.0017378008287493763	7.127000738425424e-11
87.38056075858388	0.0017378008287493763	1.984731504364409e-11
100.00000000000031	0.0017378008287493763	6.162270214913164e-12
111.55639876771902	0.0017378008287493763	2.3329242055086332e-12
138.21730389017998	0.0017378008287493763	2.267826554320818e-13
171.24990861750976	0.0017378008287493763	7.24184579766578e-15
212.17698780180757	0.0017378008287493763	3.3413971633274046e-17
262.885244821937	0.0017378008287493763	1.6499069990863415e-20
1.	0.0019952623149688807	0.16952823821602242
1.9999999999999998	0.0019952623149688807	0.17266121239669152
2.288838595949997	0.0019952623149688807	0.16785422963173033
2.6193910591551774	0.0019952623149688807	0.15818115478346567
2.9976816770403563	0.0019952623149688807	0.1429601063417985
3.4306047603910415	0.0019952623149688807	0.12340996630841855
3.926050291516404	0.0019952623149688807	0.10331412342031905
4.493047718431742	0.0019952623149688807	0.08671417367699395
5.141930515695824	0.0019952623149688807	0.07362317928043792
5.884524511008838	0.0019952623149688807	0.05878767318302505
6.734363409805407	0.0019952623149688807	0.039738388681272205
7.706935445758021	0.0019952623149688807	0.021112417704565668
8.819965652373028	0.0019952623149688807	0.008728531216110754
10.093738900052346	0.0019952623149688807	0.002897141650074436
11.551469585940843	0.0019952623149688807	0.0009221205293365462
13.219724714121972	0.0019952623149688807	0.00035091193856003175
15.128908076758211	0.0019952623149688807	0.00015486487137877144
17.313814360331925	0.0019952623149688807	0.00006496743496919027
19.814263275520517	0.0019952623149688807	0.000021193472122827776
22.675825267662994	0.0019952623149688807	5.890939241124811e-6
25.950652033822625	0.0019952623149688807	2.174137372762261e-6
29.698426982540767	0.0019952623149688807	7.659958017895077e-7
33.98745295832107	0.0019952623149688807	2.519609778259914e-7
38.895897054520105	0.0019952623149688807	1.0698122611021971e-7
44.51321520124173	0.0019952623149688807	2.2226583250578707e-8
50.941782491215115	0.0019952623149688807	5.7726706880742475e-9
58.29875895619149	0.0019952623149688807	1.3407776210645971e-9
66.71822479745835	0.0019952623149688807	3.2747547947933723e-10
76.35362398484546	0.0019952623149688807	8.290267245170953e-11
87.38056075858388	0.0019952623149688807	2.308091578035732e-11
100.00000000000031	0.0019952623149688807	7.164420860766089e-12
111.55639876771902	0.0019952623149688807	2.7123129026404448e-12
138.21730389017998	0.0019952623149688807	2.636789968981579e-13
171.24990861750976	0.0019952623149688807	8.42169749031459e-15
212.17698780180757	0.0019952623149688807	3.887039674485218e-17
262.885244821937	0.0019952623149688807	1.9201485849864946e-20
1.	0.0022908676527677745	0.19994675846399965
1.9999999999999998	0.0022908676527677745	0.1997827846431703
2.288838595949997	0.0022908676527677745	0.19419281803336147
2.6193910591551774	0.0022908676527677745	0.18338775175306957
2.9976816770403563	0.0022908676527677745	0.16620972843705456
3.4306047603910415	0.0022908676527677745	0.14376361162947354
3.926050291516404	0.0022908676527677745	0.12016385602498376
4.493047718431742	0.0022908676527677745	0.10036197131253677
5.141930515695824	0.0022908676527677745	0.08506229751056552
5.884524511008838	0.0022908676527677745	0.0682750097818612
6.734363409805407	0.0022908676527677745	0.04663166944254181
7.706935445758021	0.0022908676527677745	0.02500517035993649
8.819965652373028	0.0022908676527677745	0.010368544149891815
10.093738900052346	0.0022908676527677745	0.0034531325509935696
11.551469585940843	0.0022908676527677745	0.0010910079423391208
13.219724714121972	0.0022908676527677745	0.00041174052846592007
15.128908076758211	0.0022908676527677745	0.00018087540576425498
17.313814360331925	0.0022908676527677745	0.00007599591911311586
19.814263275520517	0.0022908676527677745	0.000024923220497675482
22.675825267662994	0.0022908676527677745	6.902128380606865e-6
25.950652033822625	0.0022908676527677745	2.5486707909330533e-6
29.698426982540767	0.0022908676527677745	8.982361572761145e-7
33.98745295832107	0.0022908676527677745	2.953692675211662e-7
38.895897054520105	0.0022908676527677745	1.2474496133447088e-7
44.51321520124173	0.0022908676527677745	2.6015614514317425e-8
50.941782491215115	0.0022908676527677745	6.7359764812521035e-9
58.29875895619149	0.0022908676527677745	1.5648330251341774e-9
66.71822479745835	0.0022908676527677745	3.8179493427720223e-10
76.35362398484546	0.0022908676527677745	9.664293024550925e-11
87.38056075858388	0.0022908676527677745	2.689865997763301e-11
100.00000000000031	0.0022908676527677745	8.346974372372273e-12
111.55639876771902	0.0022908676527677745	3.160009247068456e-12
138.21730389017998	0.0022908676527677745	3.0722423390361317e-13
171.24990861750976	0.0022908676527677745	9.814648329917072e-15
212.17698780180757	0.0022908676527677745	4.531633743777135e-17
262.885244821937	0.0022908676527677745	2.2396673701736494e-20
1.	0.0026302679918953843	0.23631978479437482
1.9999999999999998	0.0026302679918953843	0.2313228133894532
2.288838595949997	0.0026302679918953843	0.22464285231000122
2.6193910591551774	0.0026302679918953843	0.2125437734240381
2.9976816770403563	0.0026302679918953843	0.19323174088216122
3.4306047603910415	0.0026302679918953843	0.16761359297156886
3.926050291516404	0.0026302679918953843	0.1399378708019895
4.493047718431742	0.0026302679918953843	0.11620400177258798
5.141930515695824	0.0026302679918953843	0.09830820847785854
5.884524511008838	0.0026302679918953843	0.07937090400853211
6.734363409805407	0.0026302679918953843	0.05481566370833074
7.706935445758021	0.0026302679918953843	0.029752689272640378
8.819965652373028	0.0026302679918953843	0.012411155652579046
10.093738900052346	0.0026302679918953843	0.004138400107769331
11.551469585940843	0.0026302679918953843	0.0012964780781641503
13.219724714121972	0.0026302679918953843	0.0004840900464832768
15.128908076758211	0.0026302679918953843	0.00021174736390106483
17.313814360331925	0.0026302679918953843	0.0000890840797325036
19.814263275520517	0.0026302679918953843	0.000029389950309675535
22.675825267662994	0.0026302679918953843	8.111193381979552e-6
25.950652033822625	0.0026302679918953843	2.9963922672285844e-6
29.698426982540767	0.0026302679918953843	1.0556746125984848e-6
33.98745295832107	0.0026302679918953843	3.473854607027319e-7
38.895897054520105	0.0026302679918953843	1.4516200054775208e-7
44.51321520124173	0.0026302679918953843	3.040561618410738e-8
50.941782491215115	0.0026302679918953843	7.844882050276683e-9
58.29875895619149	0.0026302679918953843	1.8227831151344046e-9
66.71822479745835	0.0026302679918953843	4.442026852683315e-10
76.35362398484546	0.0026302679918953843	1.1242464978788906e-10
87.38056075858388	0.0026302679918953843	3.12809095365179e-11
100.00000000000031	0.0026302679918953843	9.703611009815125e-12
111.55639876771902	0.0026302679918953843	3.673596463786015e-12
138.21730389017998	0.0026302679918953843	3.5718585830911906e-13
171.24990861750976	0.0026302679918953843	1.1413630655437972e-14
212.17698780180757	0.0026302679918953843	5.272192619302765e-17
262.885244821937	0.0026302679918953843	2.6071262008685603e-20
1.	0.003019951720402019	0.27994720091736247
1.9999999999999998	0.003019951720402019	0.2678121616236603
2.288838595949997	0.003019951720402019	0.259916193600075
2.6193910591551774	0.003019951720402019	0.24621608856144267
2.9976816770403563	0.003019951720402019	0.2246530272235811
3.4306047603910415	0.003019951720402019	0.19550181519895918
3.926050291516404	0.003019951720402019	0.1631920906307768
4.493047718431742	0.003019951720402019	0.1347881982318144
5.141930515695824	0.003019951720402019	0.11356605340209976
5.884524511008838	0.003019951720402019	0.09239890985494542
6.734363409805407	0.003019951720402019	0.06455104249686354
7.706935445758021	0.003019951720402019	0.03544086321243028
8.819965652373028	0.003019951720402019	0.014867992305613453
10.093738900052346	0.003019951720402019	0.004990362218052262
11.551469585940843	0.003019951720402019	0.0015481330217793521
13.219724714121972	0.003019951720402019	0.000571963223308874
15.128908076758211	0.003019951720402019	0.0002485726384511089
17.313814360331925	0.003019951720402019	0.00010466267075195231
19.814263275520517	0.003019951720402019	0.00003479245138128015
22.675825267662994	0.003019951720402019	9.55733021648797e-6
25.950652033822625	0.003019951720402019	3.5306807463859626e-6
29.698426982540767	0.003019951720402019	1.2438856188417252e-6
33.98745295832107	0.003019951720402019	4.0944644035791494e-7
38.895897054520105	0.003019951720402019	1.703032572379588e-7
44.51321520124173	0.003019951720402019	3.584990988807664e-8
50.941782491215115	0.003019951720402019	9.212268802799685e-9
58.29875895619149	0.003019951720402019	2.1408167240863983e-9
66.71822479745835	0.003019951720402019	5.210187442835243e-10
76.35362398484546	0.003019951720402019	1.3184371392018166e-10
87.38056075858388	0.003019951720402019	3.66706982638502e-11
100.00000000000031	0.003019951720402019	1.1371161493340456e-11
111.55639876771902	0.003019951720402019	4.304895063153822e-12
138.21730389017998	0.003019951720402019	4.18606989632238e-13
171.24990861750976	0.003019951720402019	1.3380150118819481e-14
212.17698780180757	0.003019951720402019	6.183636744232461e-17
262.885244821937	0.003019951720402019	3.059785505228925e-20
1.	0.00346736850452532	0.3321988253508047
1.9999999999999998	0.00346736850452532	0.30984485950720303
2.288838595949997	0.00346736850452532	0.3002829115565227
2.6193910591551774	0.00346736850452532	0.28494880376645987
2.9976816770403563	0.00346736850452532	0.2611007506341812
3.4306047603910415	0.00346736850452532	0.22817652935363716
3.926050291516404	0.00346736850452532	0.19055989107270532
4.493047718431742	0.00346736850452532	0.15661706362204708
5.141930515695824	0.00346736850452532	0.13127692421913797
5.884524511008838	0.00346736850452532	0.10739778394029498
6.734363409805407	0.00346736850452532	0.07613854311030824
7.706935445758021	0.00346736850452532	0.04243633443455986
8.819965652373028	0.00346736850452532	0.017974685165895708
10.093738900052346	0.00346736850452532	0.006050144670363863
11.551469585940843	0.00346736850452532	0.0018610563551582446
13.219724714121972	0.00346736850452532	0.000678476652680159
15.128908076758211	0.00346736850452532	0.00029289622526078654
17.313814360331925	0.00346736850452532	0.0001233934661673483
19.814263275520517	0.00346736850452532	0.00004134278319740278
22.675825267662994	0.00346736850452532	0.000011304039149875133
25.950652033822625	0.00346736850452532	4.174212279189149e-6
29.698426982540767	0.00346736850452532	1.4697130466628473e-6
33.98745295832107	0.00346736850452532	4.844245559557773e-7
38.895897054520105	0.00346736850452532	1.9988207187856445e-7
44.51321520124173	0.00346736850452532	4.2316212011500485e-8
50.941782491215115	0.00346736850452532	1.0824023274509515e-8
58.29875895619149	0.00346736850452532	2.5155778105102845e-9
66.71822479745835	0.00346736850452532	6.113387109543644e-10
76.35362398484546	0.00346736850452532	1.5466671187742391e-10
87.38056075858388	0.00346736850452532	4.300094861936229e-11
100.00000000000031	0.00346736850452532	1.3328203302284068e-11
111.55639876771902	0.00346736850452532	5.0457956481512e-12
138.21730389017998	0.00346736850452532	4.907036491984364e-13
171.24990861750976	0.00346736850452532	1.5689877337920576e-14
212.17698780180757	0.00346736850452532	7.255150910433147e-17
262.885244821937	0.00346736850452532	3.592637381890033e-20
1.	0.003981071705534978	0.39463822036537877
1.9999999999999998	0.003981071705534978	0.35846416354987676
2.288838595949997	0.003981071705534978	0.3466392122867882
2.6193910591551774	0.003981071705534978	0.3295830742124594
2.9976816770403563	0.003981071705534978	0.30337299809427026
3.4306047603910415	0.003981071705534978	0.26656871175361035
3.926050291516404	0.003981071705534978	0.2231120903313144
4.493047718431742	0.003981071705534978	0.1824512522640934
5.141930515695824	0.003981071705534978	0.15195505097391865
5.884524511008838	0.003981071705534978	0.12489287403023304
6.734363409805407	0.003981071705534978	0.09006151124371789
7.706935445758021	0.003981071705534978	0.051098512595675806
8.819965652373028	0.003981071705534978	0.021770128925393907
10.093738900052346	0.003981071705534978	0.007385837824861855
11.551469585940843	0.003981071705534978	0.0022490585881600957
13.219724714121972	0.003981071705534978	0.0008092204624346283
15.128908076758211	0.003981071705534978	0.0003460524463174744
17.313814360331925	0.003981071705534978	0.0001458955236063349
19.814263275520517	0.003981071705534978	0.00004929194680189725
22.675825267662994	0.003981071705534978	0.00001342464205598483
25.950652033822625	0.003981071705534978	4.948946857170149e-6
29.698426982540767	0.003981071705534978	1.741083619285083e-6
33.98745295832107	0.003981071705534978	5.760230995740402e-7
38.895897054520105	0.003981071705534978	2.3442432335278347e-7
44.51321520124173	0.003981071705534978	4.995047153319227e-8
50.941782491215115	0.003981071705534978	1.2710370095352747e-8
58.29875895619149	0.003981071705534978	2.953918868262239e-9
66.71822479745835	0.003981071705534978	7.16734789456792e-10
76.35362398484546	0.003981071705534978	1.8128343970703482e-10
87.38056075858388	0.003981071705534978	5.037747470006505e-11
100.00000000000031	0.003981071705534978	1.5606748462192323e-11
111.55639876771902	0.003981071705534978	5.908375255740646e-12
138.21730389017998	0.003981071705534978	5.746599635182923e-13
171.24990861750976	0.003981071705534978	1.8381386375562982e-14
212.17698780180757	0.003981071705534978	8.505262769151052e-17
262.885244821937	0.003981071705534978	4.2152051914156877e-20
1.	0.0045708818961487565	0.47084524935900357
1.9999999999999998	0.0045708818961487565	0.41502318219761003
2.288838595949997	0.0045708818961487565	0.4001742424980882
2.6193910591551774	0.0045708818961487565	0.3806250815137068
2.9976816770403563	0.0045708818961487565	0.3520179972329736
3.4306047603910415	0.0045708818961487565	0.31128266792070813
3.926050291516404	0.0045708818961487565	0.261580102342087
4.493047718431742	0.0045708818961487565	0.21310729739855913
5.141930515695824	0.0045708818961487565	0.1760820580405371
5.884524511008838	0.0045708818961487565	0.14526786212500764
6.734363409805407	0.0045708818961487565	0.10660789729364761
7.706935445758021	0.0045708818961487565	0.06152314772350247
8.819965652373028	0.0045708818961487565	0.026738053294477697
10.093738900052346	0.0045708818961487565	0.009080886806544413
11.551469585940843	0.0045708818961487565	0.0027382540723093593
13.219724714121972	0.0045708818961487565	0.000967639336142159
15.128908076758211	0.0045708818961487565	0.0004104523415864853
17.313814360331925	0.0045708818961487565	0.00017301143670602078
19.814263275520517	0.0045708818961487565	0.00005896490818275519
22.675825267662994	0.0045708818961487565	0.000016001730799875413
25.950652033822625	0.0045708818961487565	5.88760128803737e-6
29.698426982540767	0.0045708818961487565	2.0691824113666194e-6
33.98745295832107	0.0045708818961487565	6.871335382972482e-7
38.895897054520105	0.0045708818961487565	2.7535938410045857e-7
44.51321520124173	0.0045708818961487565	5.910239445821528e-8
50.941782491215115	0.0045708818961487565	1.4951084484295074e-8
58.29875895619149	0.0045708818961487565	3.4740548871039576e-9
66.71822479745835	0.0045708818961487565	8.415193130318663e-10
76.35362398484546	0.0045708818961487565	2.1277367290288352e-10
87.38056075858388	0.0045708818961487565	5.909691055878233e-11
100.00000000000031	0.0045708818961487565	1.829761772187734e-11
111.55639876771902	0.0045708818961487565	6.927008834326229e-12
138.21730389017998	0.0045708818961487565	6.738308687982283e-13
171.24990861750976	0.0045708818961487565	2.1562986605718838e-14
212.17698780180757	0.0045708818961487565	9.984859904546311e-17
262.885244821937	0.0045708818961487565	4.953272926319099e-20
1.	0.005248074602497733	0.5599016181552298
1.9999999999999998	0.005248074602497733	0.48009344452789254
2.288838595949997	0.005248074602497733	0.46100150569507536
2.6193910591551774	0.005248074602497733	0.43834230146765557
2.9976816770403563	0.005248074602497733	0.40738620068553166
3.4306047603910415	0.005248074602497733	0.3632388137247353
3.926050291516404	0.005248074602497733	0.3070312862604667
4.493047718431742	0.005248074602497733	0.24965948754334213
5.141930515695824	0.005248074602497733	0.2044531731997251
5.884524511008838	0.005248074602497733	0.1693159347460619
6.734363409805407	0.005248074602497733	0.12637895725685985
7.706935445758021	0.005248074602497733	0.07459673821365256
8.819965652373028	0.005248074602497733	0.03295951024330749
10.093738900052346	0.005248074602497733	0.011245806233066844
11.551469585940843	0.005248074602497733	0.0033596292562411583
13.219724714121972	0.005248074602497733	0.0011636627147227014
15.128908076758211	0.005248074602497733	0.0004887795224732878
17.313814360331925	0.005248074602497733	0.00020575646122179906
19.814263275520517	0.005248074602497733	0.00007080936862547442
22.675825267662994	0.005248074602497733	0.000019158029340776165
25.950652033822625	0.005248074602497733	7.0115660223439645e-6
29.698426982540767	0.005248074602497733	2.4641525207250363e-6
33.98745295832107	0.005248074602497733	8.228859950972092e-7
38.895897054520105	0.005248074602497733	3.2429064508448784e-7
44.51321520124173	0.005248074602497733	7.017842989909754e-8
50.941782491215115	0.005248074602497733	1.76363832039907e-8
58.29875895619149	0.005248074602497733	4.096391160496339e-9
66.71822479745835	0.005248074602497733	9.905057811896958e-10
76.35362398484546	0.005248074602497733	2.503369186836995e-10
87.38056075858388	0.005248074602497733	6.948807157503946e-11
100.00000000000031	0.005248074602497733	2.150109721189734e-11
111.55639876771902	0.005248074602497733	8.139656738059129e-12
138.21730389017998	0.005248074602497733	7.919213886143498e-13
171.24990861750976	0.005248074602497733	2.5354674698050843e-14
212.17698780180757	0.005248074602497733	1.1750670104994245e-16
262.885244821937	0.005248074602497733	5.835691477286745e-20
1.	0.006025595860743587	0.6643294440620839
1.9999999999999998	0.006025595860743587	0.5551896002138325
2.288838595949997	0.006025595860743587	0.5307527474564727
2.6193910591551774	0.006025595860743587	0.5039125564791265
2.9976816770403563	0.006025595860743587	0.47017948296802825
3.4306047603910415	0.006025595860743587	0.4230050800430657
3.926050291516404	0.006025595860743587	0.3603736813951487
4.493047718431742	0.006025595860743587	0.2930220401723746
5.141930515695824	0.006025595860743587	0.23783479378724515
5.884524511008838	0.006025595860743587	0.1967946044089427
6.734363409805407	0.006025595860743587	0.14982766811130488
7.706935445758021	0.006025595860743587	0.09076959045144432
8.819965652373028	0.006025595860743587	0.041001451587554985
10.093738900052346	0.006025595860743587	0.014063320644271106
11.551469585940843	0.006025595860743587	0.004156912442832776
13.219724714121972	0.006025595860743587	0.0014087880292726136
15.128908076758211	0.006025595860743587	0.0005848532346816326
17.313814360331925	0.006025595860743587	0.0002456648673854821
19.814263275520517	0.006025595860743587	0.00008544567524732657
22.675825267662994	0.006025595860743587	0.000023053566062075642
25.950652033822625	0.006025595860743587	8.382317591620166e-6
29.698426982540767	0.006025595860743587	2.944945146638172e-6
33.98745295832107	0.006025595860743587	9.907805393196329e-7
38.895897054520105	0.006025595860743587	3.827240537966727e-7
44.51321520124173	0.006025595860743587	8.358510817933096e-8
50.941782491215115	0.006025595860743587	2.0851964792785234e-8
58.29875895619149	0.006025595860743587	4.839917496611295e-9
66.71822479745835	0.006025595860743587	1.1681460385209712e-9
76.35362398484546	0.006025595860743587	2.9507163342943847e-10
87.38056075858388	0.006025595860743587	8.184892645915649e-11
100.00000000000031	0.006025595860743587	2.5307434001578322e-11
111.55639876771902	0.006025595860743587	9.580431182281747e-12
138.21730389017998	0.006025595860743587	9.322703631310104e-13
171.24990861750976	0.006025595860743587	2.986548781379837e-14
212.17698780180757	0.006025595860743587	1.3854751689982396e-16
262.885244821937	0.006025595860743587	6.889348409208655e-20
1.	0.006918309709189377	0.7849089607199939
1.9999999999999998	0.006918309709189377	0.6406309721666045
2.288838595949997	0.006918309709189377	0.6091181276562403
2.6193910591551774	0.006918309709189377	0.5779378708183389
2.9976816770403563	0.006918309709189377	0.5404117849192438
3.4306047603910415	0.006918309709189377	0.49079532563401274
3.926050291516404	0.006918309709189377	0.42290793941807214
4.493047718431742	0.006918309709189377	0.34469829787748824
5.141930515695824	0.006918309709189377	0.27734195335112133
5.884524511008838	0.006918309709189377	0.22870071894254274
6.734363409805407	0.006918309709189377	0.17770975704299657
7.706935445758021	0.006918309709189377	0.11100230577853143
8.819965652373028	0.006918309709189377	0.05103893095393761
10.093738900052346	0.006918309709189377	0.017747564181985476
11.551469585940843	0.006918309709189377	0.005208181278949679
13.219724714121972	0.006918309709189377	0.0017242666979182363
15.128908076758211	0.006918309709189377	0.0007046134477101694
17.313814360331925	0.006918309709189377	0.00029524688368189875
19.814263275520517	0.006918309709189377	0.00010368380757538162
22.675825267662994	0.006918309709189377	0.000027941460451324037
25.950652033822625	0.006918309709189377	0.00001006156133871869
29.698426982540767	0.006918309709189377	3.528425159105946e-6
33.98745295832107	0.006918309709189377	1.1995954743873334e-6
38.895897054520105	0.006918309709189377	4.5249342558506607e-7
44.51321520124173	0.006918309709189377	9.982835001481246e-8
50.941782491215115	0.006918309709189377	2.4702620321489927e-8
58.29875895619149	0.006918309709189377	5.727539279642425e-9
66.71822479745835	0.006918309709189377	1.379833962520603e-9
76.35362398484546	0.006918309709189377	3.4829780224880123e-10
87.38056075858388	0.006918309709189377	9.653749316204666e-11
100.00000000000031	0.006918309709189377	2.982469793735475e-11
111.55639876771902	0.006918309709189377	1.1290117567913073e-11
138.21730389017998	0.006918309709189377	1.0988748980273105e-12
171.24990861750976	0.006918309709189377	3.522605654697117e-14
212.17698780180757	0.006918309709189377	1.6359905109640978e-16
262.885244821937	0.006918309709189377	8.146853548995504e-20
1.	0.00794328234724283	0.923244303143231
1.9999999999999998	0.00794328234724283	0.7404192239597124
2.288838595949997	0.00794328234724283	0.6990664038184157
2.6193910591551774	0.00794328234724283	0.6596180693262442
2.9976816770403563	0.00794328234724283	0.6186569701406683
3.4306047603910415	0.00794328234724283	0.566909476479713
3.926050291516404	0.00794328234724283	0.49513611800101864
4.493047718431742	0.00794328234724283	0.4070075011424197
5.141930515695824	0.00794328234724283	0.3251560738193464
5.884524511008838	0.00794328234724283	0.26602379245231594
6.734363409805407	0.00794328234724283	0.21032281384358772
7.706935445758021	0.00794328234724283	0.13541641195528764
8.819965652373028	0.00794328234724283	0.06416141256418884
10.093738900052346	0.00794328234724283	0.022597185784259566
11.551469585940843	0.00794328234724283	0.006589767649503504
13.219724714121972	0.00794328234724283	0.002120794616937559
15.128908076758211	0.00794328234724283	0.0008534195329178672
17.313814360331925	0.00794328234724283	0.00035599783136972224
19.814263275520517	0.00794328234724283	0.00012630542960048906
22.675825267662994	0.00794328234724283	0.00003404964618820802
25.950652033822625	0.00794328234724283	0.000012121526162144663
29.698426982540767	0.00794328234724283	4.248114217073516e-6
33.98745295832107	0.00794328234724283	1.4611612172702928e-6
38.895897054520105	0.00794328234724283	5.359977559181321e-7
44.51321520124173	0.00794328234724283	1.1957019151117698e-7
50.941782491215115	0.00794328234724283	2.9325352782006985e-8
58.29875895619149	0.00794328234724283	6.788748439389349e-9
66.71822479745835	0.00794328234724283	1.6325651243664923e-9
76.35362398484546	0.00794328234724283	4.117196406694807e-10
87.38056075858388	0.00794328234724283	1.1401315292059396e-10
100.00000000000031	0.00794328234724283	3.519140851813196e-11
111.55639876771902	0.00794328234724283	1.3320996224635491e-11
138.21730389017998	0.00794328234724283	1.2968620014183649e-12
171.24990861750976	0.00794328234724283	4.160453388274673e-14
212.17698780180757	0.00794328234724283	1.934712824174378e-16
262.885244821937	0.00794328234724283	9.650375447074883e-20
1.	0.009120108393559116	1.0752297925303362
1.9999999999999998	0.009120108393559116	0.8527048467231281
2.288838595949997	0.009120108393559116	0.8007441137857886
2.6193910591551774	0.009120108393559116	0.7518747405502578
2.9976816770403563	0.009120108393559116	0.7041886740515878
3.4306047603910415	0.009120108393559116	0.6501861832696622
3.926050291516404	0.009120108393559116	0.5770148385909076
4.493047718431742	0.009120108393559116	0.4804662882305869
5.141930515695824	0.009120108393559116	0.3827548709899061
5.884524511008838	0.009120108393559116	0.31020261301339624
6.734363409805407	0.009120108393559116	0.24865865820840527
7.706935445758021	0.009120108393559116	0.16609634473278356
8.819965652373028	0.009120108393559116	0.08132520769630426
10.093738900052346	0.009120108393559116	0.029088639867007746
11.551469585940843	0.009120108393559116	0.008430428499957631
13.219724714121972	0.009120108393559116	0.002633678666980991
15.128908076758211	0.009120108393559116	0.0010397774968893103
17.313814360331925	0.009120108393559116	0.00043146130590537575
19.814263275520517	0.009120108393559116	0.00015441903058682673
22.675825267662994	0.009120108393559116	0.000041760380063470225
25.950652033822625	0.009120108393559116	0.000014619594119434888
29.698426982540767	0.009120108393559116	5.125487800664707e-6
33.98745295832107	0.009120108393559116	1.787156169547533e-6
38.895897054520105	0.009120108393559116	6.366495529897306e-7
44.51321520124173	0.009120108393559116	1.4373874414196535e-7
50.941782491215115	0.009120108393559116	3.4912660851467675e-8
58.29875895619149	0.009120108393559116	8.064979476495927e-9
66.71822479745835	0.009120108393559116	1.9362289139837986e-9
76.35362398484546	0.009120108393559116	4.877319588272214e-10
87.38056075858388	0.009120108393559116	1.3492315283723897e-10
100.00000000000031	0.009120108393559116	4.1602450192080556e-11
111.55639876771902	0.009120108393559116	1.5746717283848477e-11
138.21730389017998	0.009120108393559116	1.5334479634621723e-12
171.24990861750976	0.009120108393559116	4.923732315417647e-14
212.17698780180757	0.009120108393559116	2.2930266643345543e-16
262.885244821937	0.009120108393559116	1.145945316130488e-19
1.	0.010471285480509017	1.2340382934743723
1.9999999999999998	0.010471285480509017	0.9765706689615898
2.288838595949997	0.010471285480509017	0.9121841154720192
2.6193910591551774	0.010471285480509017	0.851763773051045
2.9976816770403563	0.010471285480509017	0.7969177858709638
3.4306047603910415	0.010471285480509017	0.7407243284809962
3.926050291516404	0.010471285480509017	0.6680149697218337
4.493047718431742	0.010471285480509017	0.5660814901706422
5.141930515695824	0.010471285480509017	0.4519181944469762
5.884524511008838	0.010471285480509017	0.36215407667176414
6.734363409805407	0.010471285480509017	0.29337820638600454
7.706935445758021	0.010471285480509017	0.204083009943532
8.819965652373028	0.010471285480509017	0.10350815448411664
10.093738900052346	0.010471285480509017	0.03786228779019257
11.551469585940843	0.010471285480509017	0.010958834144662309
13.219724714121972	0.010471285480509017	0.0033125663596405117
15.128908076758211	0.010471285480509017	0.001277394668115924
17.313814360331925	0.010471285480509017	0.0005257670565751071
19.814263275520517	0.010471285480509017	0.00018970655658873687
22.675825267662994	0.010471285480509017	0.00005164143187785377
25.950652033822625	0.010471285480509017	0.000017692364231482095
29.698426982540767	0.010471285480509017	6.208603096127915e-6
33.98745295832107	0.010471285480509017	2.192609690233842e-6
38.895897054520105	0.010471285480509017	7.58619549832132e-7
44.51321520124173	0.010471285480509017	1.7348474837713934e-7
50.941782491215115	0.010471285480509017	4.16992503236875e-8
58.29875895619149	0.010471285480509017	9.605988886229739e-9
66.71822479745835	0.010471285480509017	2.302779120492297e-9
76.35362398484546	0.010471285480509017	5.791957293035968e-10
87.38056075858388	0.010471285480509017	1.6003449203097383e-10
100.00000000000031	0.010471285480509017	4.928833682372708e-11
111.55639876771902	0.010471285480509017	1.8654101342018003e-11
138.21730389017998	0.010471285480509017	1.8171647931434816e-12
171.24990861750976	0.010471285480509017	5.840547408228383e-14
212.17698780180757	0.010471285480509017	2.7245953971015616e-16
262.885244821937	0.010471285480509017	1.3645718866732218e-19
1.	0.012022644346174156	1.3923337990021978
1.9999999999999998	0.012022644346174156	1.1150436760120224
2.288838595949997	0.012022644346174156	1.0392237786762222
2.6193910591551774	0.012022644346174156	0.9654368836966645
2.9976816770403563	0.012022644346174156	0.8987455161721831
3.4306047603910415	0.012022644346174156	0.8381198776591235
3.926050291516404	0.012022644346174156	0.7673385494228131
4.493047718431742	0.012022644346174156	0.6652911501773593
5.141930515695824	0.012022644346174156	0.5367724173263532
5.884524511008838	0.012022644346174156	0.4250204670042399
6.734363409805407	0.012022644346174156	0.34533313648968345
7.706935445758021	0.012022644346174156	0.25062378206971064
8.819965652373028	0.012022644346174156	0.1323184037615308
10.093738900052346	0.012022644346174156	0.04973856670822569
11.551469585940843	0.012022644346174156	0.014412358215412643
13.219724714121972	0.012022644346174156	0.004217706357823576
15.128908076758211	0.012022644346174156	0.001582336293593729
17.313814360331925	0.012022644346174156	0.0006448063769141955
19.814263275520517	0.012022644346174156	0.0002339444170366748
22.675825267662994	0.012022644346174156	0.00006437977743934561
25.950652033822625	0.012022644346174156	0.00002149714416804204
29.698426982540767	0.012022644346174156	7.5693812088661805e-6
33.98745295832107	0.012022644346174156	2.7005392802287933e-6
38.895897054520105	0.012022644346174156	9.070925116364005e-7
44.51321520124173	0.012022644346174156	2.1024714547328666e-7
50.941782491215115	0.012022644346174156	4.9974213793466583e-8
58.29875895619149	0.012022644346174156	1.1472381159926624e-8
66.71822479745835	0.012022644346174156	2.7468535467847603e-9
76.35362398484546	0.012022644346174156	6.895641022018339e-10
87.38056075858388	0.012022644346174156	1.9026771836273973e-10
100.00000000000031	0.012022644346174156	5.852421343529702e-11
111.55639876771902	0.012022644346174156	2.2146636867735503e-11
138.21730389017998	0.012022644346174156	2.158178600484473e-12
171.24990861750976	0.012022644346174156	6.944581531495477e-14
212.17698780180757	0.012022644346174156	3.2458808454910655e-16
262.885244821937	0.012022644346174156	1.6296899661023242e-19
1.	0.01380384264602888	1.544922499623237
1.9999999999999998	0.01380384264602888	1.2626930912167236
2.288838595949997	0.01380384264602888	1.176193448509224
2.6193910591551774	0.01380384264602888	1.0887626020732644
2.9976816770403563	0.01380384264602888	1.0092422661895057
3.4306047603910415	0.01380384264602888	0.9408536582364868
3.926050291516404	0.01380384264602888	0.8718452401368015
4.493047718431742	0.01380384264602888	0.7753268664672439
5.141930515695824	0.01380384264602888	0.6369833953629163
5.884524511008838	0.01380384264602888	0.5009334474034786
6.734363409805407	0.01380384264602888	0.4043181170197905
7.706935445758021	0.01380384264602888	0.3043887877096124
8.819965652373028	0.01380384264602888	0.17014054684345817
10.093738900052346	0.01380384264602888	0.0661822213596045
11.551469585940843	0.01380384264602888	0.019279522175353454
13.219724714121972	0.01380384264602888	0.005441650665854787
15.128908076758211	0.01380384264602888	0.001974326382151884
17.313814360331925	0.01380384264602888	0.0007948870976738772
19.814263275520517	0.01380384264602888	0.0002894808956651387
22.675825267662994	0.01380384264602888	0.00008077982971732402
25.950652033822625	0.01380384264602888	0.000026159320602229092
29.698426982540767	0.01380384264602888	9.24987655789125e-6
33.98745295832107	0.01380384264602888	3.3383511139668747e-6
38.895897054520105	0.01380384264602888	1.0852459581984133e-6
44.51321520124173	0.01380384264602888	2.5505093346793805e-7
50.941782491215115	0.01380384264602888	5.991077766715025e-8
58.29875895619149	0.01380384264602888	1.3696927236910045e-8
66.71822479745835	0.01380384264602888	3.2764994127353106e-9
76.35362398484546	0.01380384264602888	8.205274725946897e-10
87.38056075858388	0.01380384264602888	2.260414931410298e-10
100.00000000000031	0.01380384264602888	6.942768053780713e-11
111.55639876771902	0.01380384264602888	2.6268308660384097e-11
138.21730389017998	0.01380384264602888	2.5609092245372504e-12
171.24990861750976	0.01380384264602888	8.25128231101495e-14
212.17698780180757	0.01380384264602888	3.8651580316350157e-16
262.885244821937	0.01380384264602888	1.9461179379241215e-19
1.	0.015848931924611172	1.6647910470228298
1.9999999999999998	0.015848931924611172	1.4109319193379155
2.288838595949997	0.015848931924611172	1.321402441012578
2.6193910591551774	0.015848931924611172	1.2242217120631496
2.9976816770403563	0.015848931924611172	1.130621514148683
3.4306047603910415	0.015848931924611172	1.0521709210280337
3.926050291516404	0.015848931924611172	0.9816504753300069
4.493047718431742	0.015848931924611172	0.8941630084240002
5.141930515695824	0.015848931924611172	0.7563836983988146
5.884524511008838	0.015848931924611172	0.5949369380231692
6.734363409805407	0.015848931924611172	0.4746857468405492
7.706935445758021	0.015848931924611172	0.36767850480027336
8.819965652373028	0.015848931924611172	0.21917243851622556
10.093738900052346	0.015848931924611172	0.08886335670303888
11.551469585940843	0.015848931924611172	0.026166142774136706
13.219724714121972	0.015848931924611172	0.007146442126794796
15.128908076758211	0.015848931924611172	0.0024894636913687877
17.313814360331925	0.015848931924611172	0.0009867197649241497
19.814263275520517	0.015848931924611172	0.00036010542303597246
22.675825267662994	0.015848931924611172	0.0001024148429051343
25.950652033822625	0.015848931924611172	0.00003194193078409558
29.698426982540767	0.015848931924611172	0.000011347791606982037
33.98745295832107	0.015848931924611172	4.118922315977591e-6
38.895897054520105	0.015848931924611172	1.3061353481748829e-6
44.51321520124173	0.015848931924611172	3.112898360349434e-7
50.941782491215115	0.015848931924611172	7.221759672575994e-8
58.29875895619149	0.015848931924611172	1.643422653755555e-8
66.71822479745835	0.015848931924611172	3.9289012890125524e-9
76.35362398484546	0.015848931924611172	9.809127383368042e-10
87.38056075858388	0.015848931924611172	2.697205053884524e-10
100.00000000000031	0.015848931924611172	8.271079783867137e-11
111.55639876771902	0.015848931924611172	3.12869429202979e-11
138.21730389017998	0.015848931924611172	3.0516564745277578e-12
171.24990861750976	0.015848931924611172	9.847245805515709e-14
212.17698780180757	0.015848931924611172	4.624429973283698e-16
262.885244821937	0.015848931924611172	2.33594891050332e-19
1.	0.01819700858609988	1.7418000733130636
1.9999999999999998	0.01819700858609988	1.5521003580301738
2.288838595949997	0.01819700858609988	1.468930828498078
2.6193910591551774	0.01819700858609988	1.3694201700016877
2.9976816770403563	0.01819700858609988	1.2643400954314103
3.4306047603910415	0.01819700858609988	1.1697496870585187
3.926050291516404	0.01819700858609988	1.0934703425581245
4.493047718431742	0.01819700858609988	1.0159907090085392
5.141930515695824	0.01819700858609988	0.8895483381944851
5.884524511008838	0.01819700858609988	0.7108766347793658
6.734363409805407	0.01819700858609988	0.5572099237816879
7.706935445758021	0.01819700858609988	0.4415028121125365
8.819965652373028	0.01819700858609988	0.28231086997582444
10.093738900052346	0.01819700858609988	0.12047488721852002
11.551469585940843	0.01819700858609988	0.03607100737125977
13.219724714121972	0.01819700858609988	0.009530268778574312
15.128908076758211	0.01819700858609988	0.0031695457645149697
17.313814360331925	0.01819700858609988	0.0012341165244961045
19.814263275520517	0.01819700858609988	0.00044982888814322627
22.675825267662994	0.01819700858609988	0.00013085341219297122
25.950652033822625	0.01819700858609988	0.00003919227144248332
29.698426982540767	0.01819700858609988	0.000014075354298735837
33.98745295832107	0.01819700858609988	5.077332405812051e-6
38.895897054520105	0.01819700858609988	1.5753531661707717e-6
44.51321520124173	0.01819700858609988	3.8067087284861e-7
50.941782491215115	0.01819700858609988	8.717655439233667e-8
58.29875895619149	0.01819700858609988	1.9741678593400094e-8
66.71822479745835	0.01819700858609988	4.71774655694823e-9
76.35362398484546	0.01819700858609988	1.1734358415835065e-9
87.38056075858388	0.01819700858609988	3.2195138237606277e-10
100.00000000000031	0.01819700858609988	9.855198970822265e-11
111.55639876771902	0.01819700858609988	3.7268315005841667e-11
138.21730389017998	0.01819700858609988	3.637061354816251e-12
171.24990861750976	0.01819700858609988	1.1756514833307738e-13
212.17698780180757	0.01819700858609988	5.536995409350847e-16
262.885244821937	0.01819700858609988	2.8072369086575947e-19
1.	0.02089296130854045	1.764819669630045
1.9999999999999998	0.02089296130854045	1.6645183866120614
2.288838595949997	0.02089296130854045	1.6021283916682856
2.6193910591551774	0.02089296130854045	1.5151776118552573
2.9976816770403563	0.02089296130854045	1.40935750139419
3.4306047603910415	0.02089296130854045	1.3016172611866037
3.926050291516404	0.02089296130854045	1.2135382393840262
4.493047718431742	0.02089296130854045	1.1407185029687839
5.141930515695824	0.02089296130854045	1.0346977902048289
5.884524511008838	0.02089296130854045	0.8523149527617488
6.734363409805407	0.02089296130854045	0.6606530446326966
7.706935445758021	0.02089296130854045	0.5263724107726621
8.819965652373028	0.02089296130854045	0.36022853072854955
10.093738900052346	0.02089296130854045	0.16429633789299536
11.551469585940843	0.02089296130854045	0.05063156253951764
13.219724714121972	0.02089296130854045	0.013021034239367731
15.128908076758211	0.02089296130854045	0.004086107497066067
17.313814360331925	0.02089296130854045	0.001557129670628873
19.814263275520517	0.02089296130854045	0.0005657538968137812
22.675825267662994	0.02089296130854045	0.00016835153526653776
25.950652033822625	0.02089296130854045	0.00004826312875108439
29.698426982540767	0.02089296130854045	0.000017499680046170238
33.98745295832107	0.02089296130854045	6.244226702330856e-6
38.895897054520105	0.02089296130854045	1.9096678030806777e-6
44.51321520124173	0.02089296130854045	4.676365207408278e-7
50.941782491215115	0.02089296130854045	1.0566354373981906e-7
58.29875895619149	0.02089296130854045	2.3815352265939713e-8
66.71822479745835	0.02089296130854045	5.689023933024053e-9
76.35362398484546	0.02089296130854045	1.408585315187946e-9
87.38056075858388	0.02089296130854045	3.854761867253707e-10
100.00000000000031	0.02089296130854045	1.1776424577350655e-10
111.55639876771902	0.02089296130854045	4.451702820418564e-11
138.21730389017998	0.02089296130854045	4.347205955301386e-12
171.24990861750976	0.02089296130854045	1.407966449464196e-13
212.17698780180757	0.02089296130854045	6.653027955714253e-16
262.885244821937	0.02089296130854045	3.3872443526861876e-19
1.	0.023988329190194974	1.7109690885661408
1.9999999999999998	0.023988329190194974	1.7348600064885353
2.288838595949997	0.023988329190194974	1.7053605123406501
2.6193910591551774	0.023988329190194974	1.6464205102080314
2.9976816770403563	0.023988329190194974	1.5576806500121667
3.4306047603910415	0.023988329190194974	1.4479602353065306
3.926050291516404	0.023988329190194974	1.3419111548077953
4.493047718431742	0.023988329190194974	1.262221389058191
5.141930515695824	0.023988329190194974	1.1780810508416686
5.884524511008838	0.023988329190194974	1.0146702684915236
6.734363409805407	0.023988329190194974	0.7910347403841604
7.706935445758021	0.023988329190194974	0.6215567231224468
8.819965652373028	0.023988329190194974	0.45339355610176396
10.093738900052346	0.023988329190194974	0.22532458827632
11.551469585940843	0.023988329190194974	0.07207276232014705
13.219724714121972	0.023988329190194974	0.018169397972321477
15.128908076758211	0.023988329190194974	0.005340452162103548
17.313814360331925	0.023988329190194974	0.0019825874439954264
19.814263275520517	0.023988329190194974	0.0007167982572942761
22.675825267662994	0.023988329190194974	0.00021847232604256154
25.950652033822625	0.023988329190194974	0.0000598953476778959
29.698426982540767	0.023988329190194974	0.00002198005721725575
33.98745295832107	0.023988329190194974	7.66694121187324e-6
38.895897054520105	0.023988329190194974	2.304927336420168e-6
44.51321520124173	0.023988329190194974	5.715352436134969e-7
50.941782491215115	0.023988329190194974	1.2736978497081823e-7
58.29875895619149	0.023988329190194974	2.859110027262568e-8
66.71822479745835	0.023988329190194974	6.8247461783985704e-9
76.35362398484546	0.023988329190194974	1.6807447622731978e-9
87.38056075858388	0.023988329190194974	4.5856270510535745e-10
100.00000000000031	0.023988329190194974	1.3978680715541508e-10
111.55639876771902	0.023988329190194974	5.281727625897675e-11
138.21730389017998	0.023988329190194974	5.161446417621192e-12
171.24990861750976	0.023988329190194974	1.6754493659703036e-13
212.17698780180757	0.023988329190194974	7.946781539622635e-16
262.885244821937	0.023988329190194974	4.065279819634483e-19
1.	0.027542287033381744	1.6000004048693381
1.9999999999999998	0.027542287033381744	1.7356499971177184
2.288838595949997	0.027542287033381744	1.7502797649957007
2.6193910591551774	0.027542287033381744	1.7387895223831231
2.9976816770403563	0.027542287033381744	1.688569181947102
3.4306047603910415	0.027542287033381744	1.6006683554823902
3.926050291516404	0.027542287033381744	1.4874994198751252
4.493047718431742	0.027542287033381744	1.392299908486537
5.141930515695824	0.027542287033381744	1.3198393939389619
5.884524511008838	0.027542287033381744	1.1918880881469869
6.734363409805407	0.027542287033381744	0.9535206400847931
7.706935445758021	0.027542287033381744	0.7347266116424583
8.819965652373028	0.027542287033381744	0.562877271811111
10.093738900052346	0.027542287033381744	0.30785326761632625
11.551469585940843	0.027542287033381744	0.10432312878642461
13.219724714121972	0.027542287033381744	0.02596652752014657
15.128908076758211	0.027542287033381744	0.00711496667457555
17.313814360331925	0.027542287033381744	0.002556468506043498
19.814263275520517	0.027542287033381744	0.0009196972992541096
22.675825267662994	0.027542287033381744	0.000285384133502921
25.950652033822625	0.027542287033381744	0.00007511642424628813
29.698426982540767	0.027542287033381744	0.000027734263658131896
33.98745295832107	0.027542287033381744	9.399124778560628e-6
38.895897054520105	0.027542287033381744	2.8064021264776205e-6
44.51321520124173	0.027542287033381744	7.039295097849778e-7
50.941782491215115	0.027542287033381744	1.5469458248645607e-7
58.29875895619149	0.027542287033381744	3.4624007289311884e-8
66.71822479745835	0.027542287033381744	8.251281841216877e-9
76.35362398484546	0.027542287033381744	2.0196757529883745e-9
87.38056075858388	0.027542287033381744	5.490718099265591e-10
100.00000000000031	0.027542287033381744	1.66973335867568e-10
111.55639876771902	0.027542287033381744	6.305365515539379e-11
138.21730389017998	0.027542287033381744	6.166807083720802e-12
171.24990861750976	0.027542287033381744	2.0069488546371453e-13
212.17698780180757	0.027542287033381744	9.560001484514589e-16
262.885244821937	0.027542287033381744	4.917129835870419e-19
1.	0.03162277660168389	1.4189510381730503
1.9999999999999998	0.03162277660168389	1.6644104085028892
2.288838595949997	0.03162277660168389	1.7225298766035995
2.6193910591551774	0.03162277660168389	1.7662398723862198
2.9976816770403563	0.03162277660168389	1.7768793311469855
3.4306047603910415	0.03162277660168389	1.7349382992268818
3.926050291516404	0.03162277660168389	1.6380590781531765
4.493047718431742	0.03162277660168389	1.5242597012405754
5.141930515695824	0.03162277660168389	1.4442892270956145
5.884524511008838	0.03162277660168389	1.3589178983307013
6.734363409805407	0.03162277660168389	1.1434179553101496
7.706935445758021	0.03162277660168389	0.8708024962863989
8.819965652373028	0.03162277660168389	0.6828540461772262
10.093738900052346	0.03162277660168389	0.4169853293246572
11.551469585940843	0.03162277660168389	0.15298722900789335
13.219724714121972	0.03162277660168389	0.03817626117762794
15.128908076758211	0.03162277660168389	0.009685631792156327
17.313814360331925	0.03162277660168389	0.0033373932072861623
19.814263275520517	0.03162277660168389	0.0011931299252525252
22.675825267662994	0.03162277660168389	0.0003754033251581084
25.950652033822625	0.03162277660168389	0.0000956303801911542
29.698426982540767	0.03162277660168389	0.00003511710945101879
33.98745295832107	0.03162277660168389	0.000011557646021175886
38.895897054520105	0.03162277660168389	3.4568211314442885e-6
44.51321520124173	0.03162277660168389	8.760483480163401e-7
50.941782491215115	0.03162277660168389	1.898764488187346e-7
58.29875895619149	0.03162277660168389	4.243651135116239e-8
66.71822479745835	0.03162277660168389	1.0080864787026806e-8
76.35362398484546	0.03162277660168389	2.4510382819315536e-9
87.38056075858388	0.03162277660168389	6.635574631616438e-10
100.00000000000031	0.03162277660168389	2.0125770921067264e-10
111.55639876771902	0.03162277660168389	7.594719708804381e-11
138.21730389017998	0.03162277660168389	7.43474808628024e-12
171.24990861750976	0.03162277660168389	2.426709980660771e-13
212.17698780180757	0.03162277660168389	1.1616005819499564e-15
262.885244821937	0.03162277660168389	6.011518898476247e-19
1.	0.03630780547701025	1.2045397559471684
1.9999999999999998	0.03630780547701025	1.5095397727984112
2.288838595949997	0.03630780547701025	1.604039336975031
2.6193910591551774	0.03630780547701025	1.7011400528414147
2.9976816770403563	0.03630780547701025	1.7797300160423164
3.4306047603910415	0.03630780547701025	1.8117295533338351
3.926050291516404	0.03630780547701025	1.7677800160310084
4.493047718431742	0.03630780547701025	1.663560549051937
5.141930515695824	0.03630780547701025	1.5623000702196246
5.884524511008838	0.03630780547701025	1.4981892906299552
6.734363409805407	0.03630780547701025	1.34404911099276
7.706935445758021	0.03630780547701025	1.0394816337519928
8.819965652373028	0.03630780547701025	0.8125360246035933
10.093738900052346	0.03630780547701025	0.5515954515484486
11.551469585940843	0.03630780547701025	0.2254439121213551
13.219724714121972	0.03630780547701025	0.057441463550811825
15.128908076758211	0.03630780547701025	0.013563772260928352
17.313814360331925	0.03630780547701025	0.00440871522222469
19.814263275520517	0.03630780547701025	0.0015720721824342785
22.675825267662994	0.03630780547701025	0.0005667336483264375
25.950652033822625	0.03630780547701025	0.0001241155235236934
29.698426982540767	0.03630780547701025	0.00004449175694983661
33.98745295832107	0.03630780547701025	0.000014292334693960528
38.895897054520105	0.03630780547701025	4.293417080547082e-6
44.51321520124173	0.03630780547701025	1.0978079244384266e-6
50.941782491215115	0.03630780547701025	2.3486718097818118e-7
58.29875895619149	0.03630780547701025	5.248152260284523e-8
66.71822479745835	0.03630780547701025	1.2399242479278815e-8
76.35362398484546	0.03630780547701025	2.993687657118949e-9
87.38056075858388	0.03630780547701025	8.065218865578529e-10
100.00000000000031	0.03630780547701025	2.4391813506422167e-10
111.55639876771902	0.03630780547701025	9.196872495197706e-11
138.21730389017998	0.03630780547701025	9.012714235045947e-12
171.24990861750976	0.03630780547701025	2.9516384391150255e-13
212.17698780180757	0.03630780547701025	1.4207390741142909e-15
262.885244821937	0.03630780547701025	7.404005567908258e-19
1.	0.04168693834703368	0.9648485456427549
1.9999999999999998	0.04168693834703368	1.2863983961066465
2.288838595949997	0.04168693834703368	1.404017833110893
2.6193910591551774	0.04168693834703368	1.5369288752070218
2.9976816770403563	0.04168693834703368	1.6737391572628975
3.4306047603910415	0.04168693834703368	1.7877795892950061
3.926050291516404	0.04168693834703368	1.8361497342867414
4.493047718431742	0.04168693834703368	1.7909205592550441
5.141930515695824	0.04168693834703368	1.6749906573309472
5.884524511008838	0.04168693834703368	1.6050600431059794
6.734363409805407	0.04168693834703368	1.5196497663176605
7.706935445758021	0.04168693834703368	1.2433326334209382
8.819965652373028	0.04168693834703368	0.948197128537537
10.093738900052346	0.04168693834703368	0.70383998781994
11.551469585940843	0.04168693834703368	0.33083067465126054
13.219724714121972	0.04168693834703368	0.08842111869323287
15.128908076758211	0.04168693834703368	0.019558509045997673
17.313814360331925	0.04168693834703368	0.005895020821841393
19.814263275520517	0.04168693834703368	0.002083010252260564
22.675825267662994	0.04168693834703368	0.0006290469069685075
25.950652033822625	0.04168693834703368	0.00016391615663478935
29.698426982540767	0.04168693834703368	0.00009058861046887376
33.98745295832107	0.04168693834703368	0.000017700042841183224
38.895897054520105	0.04168693834703368	5.354605767920477e-6
44.51321520124173	0.04168693834703368	1.379171497947093e-6
50.941782491215115	0.04168693834703368	2.917810135775757e-7
58.29875895619149	0.04168693834703368	6.520790486723795e-8
66.71822479745835	0.04168693834703368	1.527859758928755e-8
76.35362398484546	0.04168693834703368	3.663200761655463e-9
87.38056075858388	0.04168693834703368	9.81345671164904e-10
100.00000000000031	0.04168693834703368	2.9587663753959536e-10
111.55639876771902	0.04168693834703368	1.1144726892690995e-10
138.21730389017998	0.04168693834703368	1.0934868483053661e-11
171.24990861750976	0.04168693834703368	3.59483073233516e-13
212.17698780180757	0.04168693834703368	1.7412764741709788e-15
262.885244821937	0.04168693834703368	9.146238544505423e-19
1.	0.047863009232264	0.7306137318540994
1.9999999999999998	0.047863009232264	1.0280796612024323
2.288838595949997	0.047863009232264	1.147109063312407
2.6193910591551774	0.047863009232264	1.2940801115433183
2.9976816770403563	0.047863009232264	1.466860329392321
3.4306047603910415	0.047863009232264	1.6467811173752083
3.926050291516404	0.047863009232264	1.7970997989574522
4.493047718431742	0.047863009232264	1.8516797149502144
5.141930515695824	0.047863009232264	1.7886800100096165
5.884524511008838	0.047863009232264	1.685019864586549
6.734363409805407	0.047863009232264	1.6380394563623109
7.706935445758021	0.047863009232264	1.4590710581983135
8.819965652373028	0.047863009232264	1.105341629563548
10.093738900052346	0.047863009232264	0.8555080116279955
11.551469585940843	0.047863009232264	0.4745251811500596
13.219724714121972	0.047863009232264	0.1383666904187565
15.128908076758211	0.047863009232264	0.029150242296632038
17.313814360331925	0.047863009232264	0.00794279412503866
19.814263275520517	0.047863009232264	0.002769887169979731
22.675825267662994	0.047863009232264	0.0008699533418823262
25.950652033822625	0.047863009232264	0.0002193056305930909
29.698426982540767	0.047863009232264	0.0000694928386468455
33.98745295832107	0.047863009232264	0.000024690494528936877
38.895897054520105	0.047863009232264	6.701053011586168e-6
44.51321520124173	0.047863009232264	1.735105844442395e-6
50.941782491215115	0.047863009232264	3.6413886821229764e-7
58.29875895619149	0.047863009232264	8.127052089430386e-8
66.71822479745835	0.047863009232264	1.882630011995919e-8
76.35362398484546	0.047863009232264	4.483348387955927e-9
87.38056075858388	0.047863009232264	1.1933671562023755e-9
100.00000000000031	0.047863009232264	3.586107641940371e-10
111.55639876771902	0.047863009232264	1.3491719262743944e-10
138.21730389017998	0.047863009232264	1.325604186014246e-11
171.24990861750976	0.047863009232264	4.3769080039199923e-13
212.17698780180757	0.047863009232264	2.135319743542038e-15
262.885244821937	0.047863009232264	1.1316154481345217e-18
1.	0.05495408738576265	0.5246573663734092
1.9999999999999998	0.05495408738576265	0.7678574629062749
2.288838595949997	0.05495408738576265	0.8720739826583503
2.6193910591551774	0.05495408738576265	1.0081910022903595
2.9976816770403563	0.05495408738576265	1.184531320143452
3.4306047603910415	0.05495408738576265	1.3956726129626018
3.926050291516404	0.05495408738576265	1.6211304057290608
4.493047718431742	0.05495408738576265	1.801429363875209
5.141930515695824	0.05495408738576265	1.8516598330275307
5.884524511008838	0.05495408738576265	1.7725494720397523
6.734363409805407	0.05495408738576265	1.7024196251238852
7.706935445758021	0.05495408738576265	1.6281600469423874
8.819965652373028	0.05495408738576265	1.295710959943253
10.093738900052346	0.05495408738576265	0.9924476974211278
11.551469585940843	0.05495408738576265	0.6529737653345566
13.219724714121972	0.05495408738576265	0.21841161337722118
15.128908076758211	0.05495408738576265	0.04504384546250588
17.313814360331925	0.05495408738576265	0.01088725341339579
19.814263275520517	0.05495408738576265	0.003687534111050961
22.675825267662994	0.05495408738576265	0.0011480729353321073
25.950652033822625	0.05495408738576265	0.000296575334381735
29.698426982540767	0.05495408738576265	0.00008523930624831668
33.98745295832107	0.05495408738576265	0.000027102833344960925
38.895897054520105	0.05495408738576265	8.403568192275108e-6
44.51321520124173	0.05495408738576265	2.1820680094218683e-6
50.941782491215115	0.05495408738576265	4.5624988829073717e-7
58.29875895619149	0.05495408738576265	1.0130592796879505e-7
66.71822479745835	0.05495408738576265	2.3135647535400086e-8
76.35362398484546	0.05495408738576265	5.4729156517354746e-9
87.38056075858388	0.05495408738576265	1.4462860656460383e-9
100.00000000000031	0.05495408738576265	4.33061030779353e-10
111.55639876771902	0.05495408738576265	1.6269895609410051e-10
138.21730389017998	0.05495408738576265	1.6011073911058944e-11
171.24990861750976	0.05495408738576265	5.312755933665897e-13
212.17698780180757	0.05495408738576265	2.6129726654038485e-15
262.885244821937	0.05495408738576265	1.3986878017534405e-18
1.	0.06309573444801955	0.3636325971734921
1.9999999999999998	0.06309573444801955	0.5381773653949496
2.288838595949997	0.06309573444801955	0.619593873556967
2.6193910591551774	0.06309573444801955	0.7298315827035766
2.9976816770403563	0.06309573444801955	0.8825317976918482
3.4306047603910415	0.06309573444801955	1.085661314882123
3.926050291516404	0.06309573444801955	1.3401089176727228
4.493047718431742	0.06309573444801955	1.613097763250926
5.141930515695824	0.06309573444801955	1.8166993029219314
5.884524511008838	0.06309573444801955	1.8446595041133051
6.734363409805407	0.06309573444801955	1.7592501449120388
7.706935445758021	0.06309573444801955	1.7283202682489243
8.819965652373028	0.06309573444801955	1.515001488868635
10.093738900052346	0.06309573444801955	1.1253631030782394
11.551469585940843	0.06309573444801955	0.8439844909615462
13.219724714121972	0.06309573444801955	0.3425381601392963
15.128908076758211	0.06309573444801955	0.07234866588971714
17.313814360331925	0.06309573444801955	0.01536736707125734
19.814263275520517	0.06309573444801955	0.004912429772193454
22.675825267662994	0.06309573444801955	0.0015574129294616216
25.950652033822625	0.06309573444801955	0.00040238045022149554
29.698426982540767	0.06309573444801955	0.00010410764827363986
33.98745295832107	0.06309573444801955	0.000033873804020727017
38.895897054520105	0.06309573444801955	0.000010555823903521496
44.51321520124173	0.06309573444801955	2.740990104036526e-6
50.941782491215115	0.06309573444801955	5.738488829857576e-7
58.29875895619149	0.06309573444801955	1.2600873229825246e-7
66.71822479745835	0.06309573444801955	2.8312654486291166e-8
76.35362398484546	0.06309573444801955	6.649139143438132e-9
87.38056075858388	0.06309573444801955	1.7430345991556332e-9
100.00000000000031	0.06309573444801955	5.19849825682554e-10
111.55639876771902	0.06309573444801955	1.9498594302308197e-10
138.21730389017998	0.06309573444801955	1.9223224598051398e-11
171.24990861750976	0.06309573444801955	6.414495330535775e-13
212.17698780180757	0.06309573444801955	3.1838667420233426e-15
262.885244821937	0.06309573444801955	1.7235673036568884e-18
1.	0.07244359600749928	0.2543210466873029
1.9999999999999998	0.07244359600749928	0.36597007355026945
2.288838595949997	0.07244359600749928	0.4213168156432176
2.6193910591551774	0.07244359600749928	0.5005764157797411
2.9976816770403563	0.07244359600749928	0.6141057535688423
3.4306047603910415	0.07244359600749928	0.7790423339298803
3.926050291516404	0.07244359600749928	1.0083202938414688
4.493047718431742	0.07244359600749928	1.304218941242245
5.141930515695824	0.07244359600749928	1.622270229467236
5.884524511008838	0.07244359600749928	1.8331199777512575
6.734363409805407	0.07244359600749928	1.8279997385787834
7.706935445758021	0.07244359600749928	1.7618102956402446
8.819965652373028	0.07244359600749928	1.6929101931461978
10.093738900052346	0.07244359600749928	1.2913724821037322
11.551469585940843	0.07244359600749928	1.012305750551249
13.219724714121972	0.07244359600749928	0.5210157359160533
15.128908076758211	0.07244359600749928	0.12025161902113174
17.313814360331925	0.07244359600749928	0.022725304248623738
19.814263275520517	0.07244359600749928	0.006600086112802058
22.675825267662994	0.07244359600749928	0.00205708813435141
25.950652033822625	0.07244359600749928	0.0005468950579806082
29.698426982540767	0.07244359600749928	0.00012856245139793529
33.98745295832107	0.07244359600749928	0.00004301933432375565
38.895897054520105	0.07244359600749928	0.000013245316717837535
44.51321520124173	0.07244359600749928	3.4306341434559406e-6
50.941782491215115	0.07244359600749928	7.223744987425181e-7
58.29875895619149	0.07244359600749928	1.5578887054815067e-7
66.71822479745835	0.07244359600749928	3.440779056969683e-8
76.35362398484546	0.07244359600749928	8.007891662584502e-9
87.38056075858388	0.07244359600749928	2.0804810687387984e-9
100.00000000000031	0.07244359600749928	6.176435847922497e-10
111.55639876771902	0.07244359600749928	2.3123163131952604e-10
138.21730389017998	0.07244359600749928	2.2843376722452244e-11
171.24990861750976	0.07244359600749928	7.67113757249066e-13
212.17698780180757	0.07244359600749928	3.847141103201261e-15
262.885244821937	0.07244359600749928	2.1090630730853476e-18
1.	0.08317637711026743	0.1868361439245679
1.9999999999999998	0.08317637711026743	0.24930124881878063
2.288838595949997	0.08317637711026743	0.2816741404499425
2.6193910591551774	0.08317637711026743	0.3325675681068476
2.9976816770403563	0.08317637711026743	0.4074988799050097
3.4306047603910415	0.08317637711026743	0.5208972128811636
3.926050291516404	0.08317637711026743	0.6939078028198368
4.493047718431742	0.08317637711026743	0.9511807176697826
5.141930515695824	0.08317637711026743	1.2921709521088416
5.884524511008838	0.08317637711026743	1.6494414195314853
6.734363409805407	0.08317637711026743	1.8430698092515632
7.706935445758021	0.08317637711026743	1.7978301350233565
8.819965652373028	0.08317637711026743	1.7599500049885026
10.093738900052346	0.08317637711026743	1.4935501626786383
11.551469585940843	0.08317637711026743	1.1410670795937226
13.219724714121972	0.08317637711026743	0.7422775647454685
15.128908076758211	0.08317637711026743	0.20435419701488308
17.313814360331925	0.08317637711026743	0.0356550193114632
19.814263275520517	0.08317637711026743	0.008994636458649067
22.675825267662994	0.08317637711026743	0.0028345422260836195
25.950652033822625	0.08317637711026743	0.0007458421687804633
29.698426982540767	0.08317637711026743	0.0001642232410103066
33.98745295832107	0.08317637711026743	0.00005566676366582919
38.895897054520105	0.08317637711026743	0.000016678016075158174
44.51321520124173	0.08317637711026743	4.302141610781291e-6
50.941782491215115	0.08317637711026743	9.138487108689242e-7
58.29875895619149	0.08317637711026743	1.9239607997889035e-7
66.71822479745835	0.08317637711026743	4.177012354258816e-8
76.35362398484546	0.08317637711026743	9.605334204471364e-9
87.38056075858388	0.08317637711026743	2.4702281547701635e-9
100.00000000000031	0.08317637711026743	7.292532702217973e-10
111.55639876771902	0.08317637711026743	2.7243727793955025e-10
138.21730389017998	0.08317637711026743	2.6976023719657885e-11
171.24990861750976	0.08317637711026743	9.124337676480271e-13
212.17698780180757	0.08317637711026743	4.629480990455392e-15
262.885244821937	0.08317637711026743	2.57399676083932e-18
1.	0.09549925860214398	0.14655813531091258
1.9999999999999998	0.09549925860214398	0.18217122551818765
2.288838595949997	0.09549925860214398	0.19417223561924765
2.6193910591551774	0.09549925860214398	0.22238648595808772
2.9976816770403563	0.09549925860214398	0.2637507458329381
3.4306047603910415	0.09549925860214398	0.3316237140460376
3.926050291516404	0.09549925860214398	0.44383893184691225
4.493047718431742	0.09549925860214398	0.622309386664897
5.141930515695824	0.09549925860214398	0.9008885762976375
5.884524511008838	0.09549925860214398	1.2778932908948368
6.734363409805407	0.09549925860214398	1.662721128675485
7.706935445758021	0.09549925860214398	1.8118392546622437
8.819965652373028	0.09549925860214398	1.7557702330582161
10.093738900052346	0.09549925860214398	1.6360496505753601
11.551469585940843	0.09549925860214398	1.2661572971950161
13.219724714121972	0.09549925860214398	0.9544683906278753
15.128908076758211	0.09549925860214398	0.34445747515798486
17.313814360331925	0.09549925860214398	0.05928655215165291
19.814263275520517	0.09549925860214398	0.012541874630587951
22.675825267662994	0.09549925860214398	0.003924513903031713
25.950652033822625	0.09549925860214398	0.0010167816792049397
29.698426982540767	0.09549925860214398	0.00021959288218058272
33.98745295832107	0.09549925860214398	0.00007147677141397811
38.895897054520105	0.09549925860214398	0.000020920316085759542
44.51321520124173	0.09549925860214398	5.374564005326971e-6
50.941782491215115	0.09549925860214398	1.1535702046963112e-6
58.29875895619149	0.09549925860214398	2.3616738065204538e-7
66.71822479745835	0.09549925860214398	5.041087785011129e-8
76.35362398484546	0.09549925860214398	1.1416731753709083e-8
87.38056075858388	0.09549925860214398	2.901279892646521e-9
100.00000000000031	0.09549925860214398	8.50522186372771e-10
111.55639876771902	0.09549925860214398	3.170017350437618e-10
138.21730389017998	0.09549925860214398	3.1468196435440846e-11
171.24990861750976	0.09549925860214398	1.0730607102120456e-12
212.17698780180757	0.09549925860214398	5.516078153836036e-15
262.885244821937	0.09549925860214398	3.115529895234197e-18
1.	0.10964781961431896	0.11683437895947917
1.9999999999999998	0.10964781961431896	0.1326576312676508
2.288838595949997	0.10964781961431896	0.14131863174894166
2.6193910591551774	0.10964781961431896	0.15306793949043818
2.9976816770403563	0.10964781961431896	0.17297029168627553
3.4306047603910415	0.10964781961431896	0.20763816985617511
3.926050291516404	0.10964781961431896	0.26895228400479526
4.493047718431742	0.10964781961431896	0.3745837332971625
5.141930515695824	0.10964781961431896	0.5566625974405388
5.884524511008838	0.10964781961431896	0.8572885858432133
6.734363409805407	0.10964781961431896	1.2761562717773882
7.706935445758021	0.10964781961431896	1.659300150635026
8.819965652373028	0.10964781961431896	1.7388099056589978
10.093738900052346	0.10964781961431896	1.6287542967018338
11.551469585940843	0.10964781961431896	1.411542678280925
13.219724714121972	0.10964781961431896	1.0949911346334082
15.128908076758211	0.10964781961431896	0.5485357527690871
17.313814360331925	0.10964781961431896	0.10344294727467121
19.814263275520517	0.10964781961431896	0.018165980779151963
22.675825267662994	0.10964781961431896	0.005329281594017354
25.950652033822625	0.10964781961431896	0.001376843300733091
29.698426982540767	0.10964781961431896	0.00030144161228901013
33.98745295832107	0.10964781961431896	0.00008777623566484332
38.895897054520105	0.10964781961431896	0.00002564587703442084
44.51321520124173	0.10964781961431896	6.5701521126747e-6
50.941782491215115	0.10964781961431896	1.4270498802845812e-6
58.29875895619149	0.10964781961431896	2.835009137173868e-7
66.71822479745835	0.10964781961431896	5.947872311073155e-8
76.35362398484546	0.10964781961431896	1.3241013957657255e-8
87.38056075858388	0.10964781961431896	3.3169789302095193e-9
100.00000000000031	0.10964781961431896	9.639478616440098e-10
111.55639876771902	0.10964781961431896	3.5836860019358207e-10
138.21730389017998	0.10964781961431896	3.567263541243617e-11
171.24990861750976	0.10964781961431896	1.2276133567399353e-12
212.17698780180757	0.10964781961431896	6.4036348270989406e-15
262.885244821937	0.10964781961431896	3.680577956196535e-18