1.	0.001	0.135387
1.9999999999999998	0.001	0.112502
2.288838595949997	0.001	0.10401304126499264
2.6193910591551774	0.001	0.0942472706931323
2.9976816770403563	0.001	0.08377995987607732
3.4306047603910415	0.001	0.07342210724996105
3.926050291516404	0.001	0.06376899526895098
4.493047718431742	0.001	0.054567137027800625
5.141930515695824	0.001	0.04475189229293115
5.884524511008838	0.001	0.03365383974599252
6.734363409805407	0.001	0.022302466605938327
7.706935445758021	0.001	0.012777544602145686
8.819965652373028	0.001	0.00621469563519107
10.093738900052346	0.001	0.0025547260223674237
11.551469585940843	0.001	0.000906719383972209
13.219724714121972	0.001	0.00030925655309221975
15.128908076758211	0.001	0.00012023174594715815
17.313814360331925	0.001	0.00005150621767116418
19.814263275520517	0.001	0.000019758766279722878
22.675825267662994	0.001	6.133587379801217e-6
25.950652033822625	0.001	1.905831923662714e-6
29.698426982540767	0.001	7.146170702261487e-7
33.98745295832107	0.001	2.489131078021906e-7
38.895897054520105	0.001	8.165710036558907e-8
44.51321520124173	0.001	1.6839861416954442e-8
50.941782491215115	0.001	3.970901349749467e-9
58.29875895619149	0.001	7.09690657766609e-10
66.71822479745835	0.001	9.884358405042261e-11
76.35362398484546	0.001	7.449712179296756e-12
87.38056075858388	0.001	2.276510987372885e-13
100.00000000000031	0.001	2.3922672014009068e-15
111.55639876771902	0.001	4.1158296862440285e-17
138.21730389017998	0.001	1.5222084302472272e-22
171.24990861750976	0.001	6.546052484308272e-30
212.17698780180757	0.001	1.0282532529949302e-43
262.885244821937	0.001	1.4004844812909017e-60
1.	0.0011481536214968829	0.15449446022879088
1.9999999999999998	0.0011481536214968829	0.12898640125785227
2.288838595949997	0.0011481536214968829	0.11938942189361637
2.6193910591551774	0.0011481536214968829	0.10828530981493842
2.9976816770403563	0.0011481536214968829	0.09631496098478025
3.4306047603910415	0.0011481536214968829	0.08442086297852028
3.926050291516404	0.0011481536214968829	0.07332212880909289
4.493047718431742	0.0011481536214968829	0.06278344401747721
5.141930515695824	0.0011481536214968829	0.051577459203503
5.884524511008838	0.0011481536214968829	0.03888135993875555
6.734363409805407	0.0011481536214968829	0.02582354883658852
7.706935445758021	0.0011481536214968829	0.014786402445249352
8.819965652373028	0.0011481536214968829	0.007214464539815379
10.093738900052346	0.0011481536214968829	0.0029668292226807894
11.551469585940843	0.0011481536214968829	0.0010523435816734538
13.219724714121972	0.0011481536214968829	0.0003581813766241291
15.128908076758211	0.0011481536214968829	0.00013885516713762146
17.313814360331925	0.0011481536214968829	0.00005941938529686703
19.814263275520517	0.0011481536214968829	0.00002281871326819047
22.675825267662994	0.0011481536214968829	7.083561731428787e-6
25.950652033822625	0.0011481536214968829	1.670344806890893e-6
29.698426982540767	0.0011481536214968829	8.232412987765455e-7
33.98745295832107	0.0011481536214968829	2.868318167171013e-7
38.895897054520105	0.0011481536214968829	9.39990190284995e-8
44.51321520124173	0.0011481536214968829	1.9423428596778183e-8
50.941782491215115	0.0011481536214968829	4.573446742108276e-9
58.29875895619149	0.0011481536214968829	8.177034832905679e-10
66.71822479745835	0.0011481536214968829	1.1390496417523622e-10
76.35362398484546	0.0011481536214968829	8.587728975827639e-12
87.38056075858388	0.0011481536214968829	2.6252588319672453e-13
100.00000000000031	0.0011481536214968829	2.7622958458907706e-15
111.55639876771902	0.0011481536214968829	4.7552022448412715e-17
138.21730389017998	0.0011481536214968829	1.7627108844182887e-22
171.24990861750976	0.0011481536214968829	7.6007863620923e-30
212.17698780180757	0.0011481536214968829	1.2015257025733857e-43
262.885244821937	0.0011481536214968829	1.6472533745986845e-60
1.	0.0013182567385564075	0.17611158552767278
1.9999999999999998	0.0013182567385564075	0.1478336386356544
2.288838595949997	0.0013182567385564075	0.13701471465551726
2.6193910591551774	0.0013182567385564075	0.12441165251912614
2.9976816770403563	0.0013182567385564075	0.11073767058092876
3.4306047603910415	0.0013182567385564075	0.09708493457516978
3.926050291516404	0.0013182567385564075	0.08432388285365323
4.493047718431742	0.0013182567385564075	0.07225316700590728
5.141930515695824	0.0013182567385564075	0.05946943860297413
5.884524511008838	0.0013182567385564075	0.044952303886388
6.734363409805407	0.0013182567385564075	0.02993497641903466
7.706935445758021	0.0013182567385564075	0.017170714055890723
8.819965652373028	0.0013182567385564075	0.00838699182899501
10.093738900052346	0.0013182567385564075	0.0034511512607342133
11.551469585940843	0.0013182567385564075	0.0012232232072326775
13.219724714121972	0.0013182567385564075	0.00041528660688299726
15.128908076758211	0.0013182567385564075	0.0001604982453227059
17.313814360331925	0.0013182567385564075	0.00006860198142372295
19.814263275520517	0.0013182567385564075	0.000026374852014927244
22.675825267662994	0.0013182567385564075	8.18728055557039e-6
25.950652033822625	0.0013182567385564075	1.9296266843940066e-6
29.698426982540767	0.0013182567385564075	9.488097037057555e-7
33.98745295832107	0.0013182567385564075	3.306759390187982e-7
38.895897054520105	0.0013182567385564075	1.0824586031491116e-7
44.51321520124173	0.0013182567385564075	2.2417804581461307e-8
50.941782491215115	0.0013182567385564075	5.2697673484183195e-9
58.29875895619149	0.0013182567385564075	9.426276184304362e-10
66.71822479745835	0.0013182567385564075	1.3132919207016696e-10
76.35362398484546	0.0013182567385564075	9.905196325345682e-12
87.38056075858388	0.0013182567385564075	3.02932520212291e-13
100.00000000000031	0.0013182567385564075	3.192136754677829e-15
111.55639876771902	0.0013182567385564075	5.498878858686605e-17
138.21730389017998	0.0013182567385564075	2.0437171018636058e-22
171.24990861750976	0.0013182567385564075	8.839692104305693e-30
212.17698780180757	0.0013182567385564075	1.407466549344652e-43
262.885244821937	0.0013182567385564075	1.9439666797869286e-60
1.	0.0015135612484362087	0.20050015269737737
1.9999999999999998	0.0015135612484362087	0.16935613662982965
2.288838595949997	0.0015135612484362087	0.15720918768714887
2.6193910591551774	0.0015135612484362087	0.14293907477177517
2.9976816770403563	0.0015135612484362087	0.12734004568534424
3.4306047603910415	0.0015135612484362087	0.11166995256656248
3.926050291516404	0.0015135612484362087	0.09699637419146862
4.493047718431742	0.0015135612484362087	0.08317182577418906
5.141930515695824	0.0015135612484362087	0.06860444737430638
5.884524511008838	0.0015135612484362087	0.052019854146980425
6.734363409805407	0.0015135612484362087	0.03474407957710882
7.706935445758021	0.0015135612484362087	0.01996998754085762
8.819965652373028	0.0015135612484362087	0.009766148925486088
10.093738900052346	0.0015135612484362087	0.004022014449417382
11.551469585940843	0.0015135612484362087	0.0014247955140273883
13.219724714121972	0.0015135612484362087	0.0004822665978885942
15.128908076758211	0.0015135612484362087	0.00018569877031773984
17.313814360331925	0.0015135612484362087	0.00007930528906061732
19.814263275520517	0.0015135612484362087	0.000030514443468681312
22.675825267662994	0.0015135612484362087	9.47705774129272e-6
25.950652033822625	0.0015135612484362087	2.923088513149659e-6
29.698426982540767	0.0015135612484362087	1.0941264535580088e-6
33.98745295832107	0.0015135612484362087	3.814501446729296e-7
38.895897054520105	0.0015135612484362087	1.247062600125705e-7
44.51321520124173	0.0015135612484362087	2.589297050780817e-8
50.941782491215115	0.0015135612484362087	6.07526836370448e-9
58.29875895619149	0.0015135612484362087	1.087270884969007e-9
66.71822479745835	0.0015135612484362087	1.5151052215011124e-10
76.35362398484546	0.0015135612484362087	1.1432341979135197e-11
87.38056075858388	0.0015135612484362087	3.498131282712067e-13
100.00000000000031	0.0015135612484362087	3.692335518769047e-15
111.55639876771902	0.0015135612484362087	6.36557784589785e-17
138.21730389017998	0.0015135612484362087	2.3728844333283535e-22
171.24990861750976	0.0015135612484362087	1.0299558725918483e-29
212.17698780180757	0.0015135612484362087	1.6533642338660186e-43
262.885244821937	0.0015135612484362087	2.3028096782011317e-60
1.	0.0017378008287493763	0.22792709655866944
1.9999999999999998	0.0017378008287493763	0.19389708330627617
2.288838595949997	0.0017378008287493763	0.18031514397524176
2.6193910591551774	0.0017378008287493763	0.16421402209461014
2.9976816770403563	0.0017378008287493763	0.14644899601900507
3.4306047603910415	0.0017378008287493763	0.1284738982326021
3.926050291516404	0.0017378008287493763	0.11159904837073177
4.493047718431742	0.0017378008287493763	0.09577101679764213
5.141930515695824	0.0017378008287493763	0.07918233438192457
5.884524511008838	0.0017378008287493763	0.06025493237062145
6.734363409805407	0.0017378008287493763	0.040379465468808676
7.706935445758021	0.0017378008287493763	0.023267494165097432
8.819965652373028	0.0017378008287493763	0.011394952761805984
10.093738900052346	0.0017378008287493763	0.0046968415752259
11.551469585940843	0.0017378008287493763	0.0016629243241689695
13.219724714121972	0.0017378008287493763	0.0005607459884197295
15.128908076758211	0.0017378008287493763	0.0002150867339976355
17.313814360331925	0.0017378008287493763	0.0000917475336060271
19.814263275520517	0.0017378008287493763	0.00003534084482337064
22.675825267662994	0.0017378008287493763	0.000010969647222048641
25.950652033822625	0.0017378008287493763	3.375303131856352e-6
29.698426982540767	0.0017378008287493763	1.2624359166751344e-6
33.98745295832107	0.0017378008287493763	4.403834331657471e-7
38.895897054520105	0.0017378008287493763	1.437362778934139e-7
44.51321520124173	0.0017378008287493763	2.9930793104041674e-8
50.941782491215115	0.0017378008287493763	7.007761696060304e-9
58.29875895619149	0.0017378008287493763	1.2548925759165587e-9
66.71822479745835	0.0017378008287493763	1.7490586682296416e-10
76.35362398484546	0.0017378008287493763	1.3204353155682056e-11
87.38056075858388	0.0017378008287493763	4.042682982894652e-13
100.00000000000031	0.0017378008287493763	4.275305667078056e-15
111.55639876771902	0.0017378008287493763	7.377415693991582e-17
138.21730389017998	0.0017378008287493763	2.759423886246665e-22
171.24990861750976	0.0017378008287493763	1.2025278522394462e-29
212.17698780180757	0.0017378008287493763	1.9483333794183335e-43
262.885244821937	0.0017378008287493763	2.7393956195101905e-60
1.	0.0019952623149688807	0.25792426729311535
1.9999999999999998	0.0019952623149688807	0.2197772456634545
2.288838595949997	0.0019952623149688807	0.2045323071299052
2.6193910591551774	0.0019952623149688807	0.1865301607088382
2.9976816770403563	0.0019952623149688807	0.1668441191523767
3.4306047603910415	0.0019952623149688807	0.14722899914929066
3.926050291516404	0.0019952623149688807	0.12915414289084592
4.493047718431742	0.0019952623149688807	0.11226920079974244
5.141930515695824	0.0019952623149688807	0.0939468988587521
5.884524511008838	0.0019952623149688807	0.07202006491369808
6.734363409805407	0.0019952623149688807	0.048289790747565994
7.706935445758021	0.0019952623149688807	0.02762773372075187
8.819965652373028	0.0019952623149688807	0.01337897381685718
10.093738900052346	0.0019952623149688807	0.005484783971879972
11.551469585940843	0.0019952623149688807	0.0019812357668072904
13.219724714121972	0.0019952623149688807	0.0007045643457827698
15.128908076758211	0.0019952623149688807	0.00027409273935335586
17.313814360331925	0.0019952623149688807	0.00010962774096230261
19.814263275520517	0.0019952623149688807	0.000040426467552680954
22.675825267662994	0.0019952623149688807	0.000012777048229765642
25.950652033822625	0.0019952623149688807	3.964953937479488e-6
29.698426982540767	0.0019952623149688807	1.6005154543556947e-6
33.98745295832107	0.0019952623149688807	5.699200004032455e-7
38.895897054520105	0.0019952623149688807	1.7476645007360693e-7
44.51321520124173	0.0019952623149688807	3.6512187415894997e-8
50.941782491215115	0.0019952623149688807	8.528119495926702e-9
58.29875895619149	0.0019952623149688807	1.5281690340358933e-9
66.71822479745835	0.0019952623149688807	2.130459240674133e-10
76.35362398484546	0.0019952623149688807	1.6093035025825545e-11
87.38056075858388	0.0019952623149688807	4.930401409428724e-13
100.00000000000031	0.0019952623149688807	5.2255184890635275e-15
111.55639876771902	0.0019952623149688807	9.026773429334684e-17
138.21730389017998	0.0019952623149688807	3.3894497366485637e-22
171.24990861750976	0.0019952623149688807	1.483812315079656e-29
212.17698780180757	0.0019952623149688807	2.4293364110384384e-43
262.885244821937	0.0019952623149688807	3.452127221957368e-60
1.	0.0022908676527677745	0.29205572898166393
1.9999999999999998	0.0022908676527677745	0.2511467509127739
2.288838595949997	0.0022908676527677745	0.23428784567988337
2.6193910591551774	0.0022908676527677745	0.21408971865033136
2.9976816770403563	0.0022908676527677745	0.19176171511902995
3.4306047603910415	0.0022908676527677745	0.16929662503804396
3.926050291516404	0.0022908676527677745	0.1485088364054786
4.493047718431742	0.0022908676527677745	0.12923394285397494
5.141930515695824	0.0022908676527677745	0.10851486703878241
5.884524511008838	0.0022908676527677745	0.08362426312846429
6.734363409805407	0.0022908676527677745	0.05635845175206673
7.706935445758021	0.0022908676527677745	0.032348174950214005
8.819965652373028	0.0022908676527677745	0.01569784662520605
10.093738900052346	0.0022908676527677745	0.006438032594055402
11.551469585940843	0.0022908676527677745	0.0023220431698533
13.219724714121972	0.0022908676527677745	0.0008218105529632251
15.128908076758211	0.0022908676527677745	0.0003184429412526307
17.313814360331925	0.0022908676527677745	0.00012729939829506082
19.814263275520517	0.0022908676527677745	0.00004696232802674547
22.675825267662994	0.0022908676527677745	0.000014848404374392967
25.950652033822625	0.0022908676527677745	4.5864953703873354e-6
29.698426982540767	0.0022908676527677745	1.8479705546571045e-6
33.98745295832107	0.0022908676527677745	6.589133348491833e-7
38.895897054520105	0.0022908676527677745	2.0195905828526578e-7
44.51321520124173	0.0022908676527677745	4.2350410653967586e-8
50.941782491215115	0.0022908676527677745	9.864921234975222e-9
58.29875895619149	0.0022908676527677745	1.7690438836520932e-9
66.71822479745835	0.0022908676527677745	2.4669344511706017e-10
76.35362398484546	0.0022908676527677745	1.864718317526038e-11
87.38056075858388	0.0022908676527677745	5.717354663203806e-13
100.00000000000031	0.0022908676527677745	6.074699016450598e-15
111.55639876771902	0.0022908676527677745	1.0506727994602073e-16
138.21730389017998	0.0022908676527677745	3.9626274009383368e-22
171.24990861750976	0.0022908676527677745	1.7436976694418133e-29
212.17698780180757	0.0022908676527677745	2.888697790503498e-43
262.885244821937	0.0022908676527677745	4.1539912039030855e-60
1.	0.0026302679918953843	0.32985277636909205
1.9999999999999998	0.0026302679918953843	0.28664478997142706
2.288838595949997	0.0026302679918953843	0.2681318897491011
2.6193910591551774	0.0026302679918953843	0.24571174215493383
2.9976816770403563	0.0026302679918953843	0.22044273069458825
3.4306047603910415	0.0026302679918953843	0.1947286196806509
3.926050291516404	0.0026302679918953843	0.17080685675735385
4.493047718431742	0.0026302679918953843	0.14880197276987406
5.141930515695824	0.0026302679918953843	0.12540488048238052
5.884524511008838	0.0026302679918953843	0.09720175345976856
6.734363409805407	0.0026302679918953843	0.0658896457518416
7.706935445758021	0.0026302679918953843	0.037978497386520677
8.819965652373028	0.0026302679918953843	0.018477359728263483
10.093738900052346	0.0026302679918953843	0.00758048374590282
11.551469585940843	0.0026302679918953843	0.0027278388446198686
13.219724714121972	0.0026302679918953843	0.0009607775371827714
15.128908076758211	0.0026302679918953843	0.00037053786847233094
17.313814360331925	0.0026302679918953843	0.00014782134341418304
19.814263275520517	0.0026302679918953843	0.00005463742319707862
22.675825267662994	0.0026302679918953843	0.000017276493320560053
25.950652033822625	0.0026302679918953843	5.3121909468469395e-6
29.698426982540767	0.0026302679918953843	2.135279663327389e-6
33.98745295832107	0.0026302679918953843	7.624174450550679e-7
38.895897054520105	0.0026302679918953843	2.3362312997092527e-7
44.51321520124173	0.0026302679918953843	4.919646954593847e-8
50.941782491215115	0.0026302679918953843	1.1424476046942984e-8
58.29875895619149	0.0026302679918953843	2.050475732451509e-9
66.71822479745835	0.0026302679918953843	2.860236878554581e-10
76.35362398484546	0.0026302679918953843	2.1636902352530888e-11
87.38056075858388	0.0026302679918953843	6.640006253990481e-13
100.00000000000031	0.0026302679918953843	7.075004675718265e-15
111.55639876771902	0.0026302679918953843	1.2254455417516692e-16
138.21730389017998	0.0026302679918953843	4.645167879190769e-22
171.24990861750976	0.0026302679918953843	2.0560321531023823e-29
212.17698780180757	0.0026302679918953843	3.4515850632136606e-43
262.885244821937	0.0026302679918953843	5.029884013134107e-60
1.	0.003019951720402019	0.37143417425501474
1.9999999999999998	0.003019951720402019	0.32678917369362126
2.288838595949997	0.003019951720402019	0.3067922652888897
2.6193910591551774	0.003019951720402019	0.28195307911777545
2.9976816770403563	0.003019951720402019	0.25345603203056055
3.4306047603910415	0.003019951720402019	0.22405486498897229
3.926050291516404	0.003019951720402019	0.196476101079002
4.493047718431742	0.003019951720402019	0.17135720110517474
5.141930515695824	0.003019951720402019	0.14499006536631123
5.884524511008838	0.003019951720402019	0.1131448812311478
6.734363409805407	0.003019951720402019	0.07719093783389672
7.706935445758021	0.003019951720402019	0.04469928318879924
8.819965652373028	0.003019951720402019	0.021806104882306228
10.093738900052346	0.003019951720402019	0.008957093194283821
11.551469585940843	0.003019951720402019	0.0032155220561915243
13.219724714121972	0.003019951720402019	0.0011261417753213087
15.128908076758211	0.003019951720402019	0.00043196731832344725
17.313814360331925	0.003019951720402019	0.0001721244868737742
19.814263275520517	0.003019951720402019	0.0000636810338009128
22.675825267662994	0.003019951720402019	0.000020137605192192588
25.950652033822625	0.003019951720402019	6.160228547482425e-6
29.698426982540767	0.003019951720402019	2.4693715168771073e-6
33.98745295832107	0.003019951720402019	8.830059413775498e-7
38.895897054520105	0.003019951720402019	2.7083853296771495e-7
44.51321520124173	0.003019951720402019	5.7303810382832284e-8
50.941782491215115	0.003019951720402019	1.326122793085701e-8
58.29875895619149	0.003019951720402019	2.3824518158728642e-9
66.71822479745835	0.003019951720402019	3.324408128318141e-10
76.35362398484546	0.003019951720402019	2.5170817566944802e-11
87.38056075858388	0.003019951720402019	7.73260804505956e-13
100.00000000000031	0.003019951720402019	8.26566073622705e-15
111.55639876771902	0.003019951720402019	1.4340595389760703e-16
138.21730389017998	0.003019951720402019	5.467310285729748e-22
171.24990861750976	0.003019951720402019	2.4359754216655343e-29
212.17698780180757	0.003019951720402019	4.15074324867474e-43
262.885244821937	0.003019951720402019	6.139042084279672e-60
1.	0.00346736850452532	0.41675184852728636
1.9999999999999998	0.00346736850452532	0.37196084901528265
2.288838595949997	0.00346736850452532	0.3505049581894036
2.6193910591551774	0.00346736850452532	0.3232787726307276
2.9976816770403563	0.00346736850452532	0.29140574319272294
3.4306047603910415	0.00346736850452532	0.25785658210220147
3.926050291516404	0.00346736850452532	0.22612188612802875
4.493047718431742	0.00346736850452532	0.19737102874171558
5.141930515695824	0.00346736850452532	0.16774089905921832
5.884524511008838	0.00346736850452532	0.13188971843653113
6.734363409805407	0.00346736850452532	0.09064892222169182
7.706935445758021	0.00346736850452532	0.052771950383155984
8.819965652373028	0.00346736850452532	0.025826491813922686
10.093738900052346	0.00346736850452532	0.010624112441018402
11.551469585940843	0.00346736850452532	0.003804380318569934
13.219724714121972	0.00346736850452532	0.0013241387279320726
15.128908076758211	0.00346736850452532	0.0005044906343957575
17.313814360331925	0.00346736850452532	0.000200647179403693
19.814263275520517	0.00346736850452532	0.0000743635190426768
22.675825267662994	0.00346736850452532	0.00002352826232876567
25.950652033822625	0.00346736850452532	7.1541665082452195e-6
29.698426982540767	0.00346736850452532	2.85863715725334e-6
33.98745295832107	0.00346736850452532	1.024029650464383e-6
38.895897054520105	0.00346736850452532	3.139112821539078e-7
44.51321520124173	0.00346736850452532	6.677228803160827e-8
50.941782491215115	0.00346736850452532	1.5392176045206006e-8
58.29875895619149	0.00346736850452532	2.768346034066732e-9
66.71822479745835	0.00346736850452532	3.8642760278163085e-10
76.35362398484546	0.00346736850452532	2.928879345900625e-11
87.38056075858388	0.00346736850452532	9.008617916828664e-13
100.00000000000031	0.00346736850452532	9.66473236863739e-15
111.55639876771902	0.00346736850452532	1.680003359721824e-16
138.21730389017998	0.00346736850452532	6.447157036630993e-22
171.24990861750976	0.00346736850452532	2.894082206360934e-29
212.17698780180757	0.00346736850452532	5.014144225420903e-43
262.885244821937	0.00346736850452532	7.539107779102022e-60
1.	0.003981071705534978	0.46559915106943567
1.9999999999999998	0.003981071705534978	0.422305160739175
2.288838595949997	0.003981071705534978	0.39966726903294514
2.6193910591551774	0.003981071705534978	0.3701600545521763
2.9976816770403563	0.003981071705534978	0.33481499584819574
3.4306047603910415	0.003981071705534978	0.2967307783922161
3.926050291516404	0.003981071705534978	0.2602150965995359
4.493047718431742	0.003981071705534978	0.2272802320651998
5.141930515695824	0.003981071705534978	0.1940890600650174
5.884524511008838	0.003981071705534978	0.15390582457301633
6.734363409805407	0.003981071705534978	0.10677290056446095
7.706935445758021	0.003981071705534978	0.06252904156979366
8.819965652373028	0.003981071705534978	0.030719241521276502
10.093738900052346	0.003981071705534978	0.012658290056517498
11.551469585940843	0.003981071705534978	0.004520602320463242
13.219724714121972	0.003981071705534978	0.0015617382621348436
15.128908076758211	0.003981071705534978	0.0005908939793065962
17.313814360331925	0.003981071705534978	0.00023449226874417664
19.814263275520517	0.003981071705534978	0.00008704510921188409
22.675825267662994	0.003981071705534978	0.0000275325656453086
25.950652033822625	0.003981071705534978	8.32166536010581e-6
29.698426982540767	0.003981071705534978	3.312288170904115e-6
33.98745295832107	0.003981071705534978	1.1886638503757335e-6
38.895897054520105	0.003981071705534978	3.6427166520852746e-7
44.51321520124173	0.003981071705534978	7.7948971358181e-8
50.941782491215115	0.003981071705534978	1.7889980249988636e-8
58.29875895619149	0.003981071705534978	3.2216174806148006e-9
66.71822479745835	0.003981071705534978	4.4987570038559223e-10
76.35362398484546	0.003981071705534978	3.413897611555546e-11
87.38056075858388	0.003981071705534978	1.0515384351646055e-12
100.00000000000031	0.003981071705534978	1.1327610878781473e-14
111.55639876771902	0.003981071705534978	1.973380800480838e-16
138.21730389017998	0.003981071705534978	7.629970994476131e-22
171.24990861750976	0.003981071705534978	3.454003794135521e-29
212.17698780180757	0.003981071705534978	6.0963696131796566e-43
262.885244821937	0.003981071705534978	9.334953600197084e-60
1.	0.0045708818961487565	0.517842152539748
1.9999999999999998	0.0045708818961487565	0.4778921702499045
2.288838595949997	0.0045708818961487565	0.4546492836764297
2.6193910591551774	0.0045708818961487565	0.42324805838448787
2.9976816770403563	0.0045708818961487565	0.38439799179679335
3.4306047603910415	0.0045708818961487565	0.34142674085920804
3.926050291516404	0.0045708818961487565	0.2994771071591371
4.493047718431742	0.0045708818961487565	0.26170226302499594
5.141930515695824	0.0045708818961487565	0.22451106739858137
5.884524511008838	0.0045708818961487565	0.179758799677329
6.734363409805407	0.0045708818961487565	0.12602888384893063
7.706935445758021	0.0045708818961487565	0.07442188218374554
8.819965652373028	0.0045708818961487565	0.03669116802597129
10.093738900052346	0.0045708818961487565	0.015152848321630595
11.551469585940843	0.0045708818961487565	0.00539761655950355
13.219724714121972	0.0045708818961487565	0.0018486360296915026
15.128908076758211	0.0045708818961487565	0.0006935307952146269
17.313814360331925	0.0045708818961487565	0.00027445114374766936
19.814263275520517	0.0045708818961487565	0.00010213458122081821
22.675825267662994	0.0045708818961487565	0.00003232954143196504
25.950652033822625	0.0045708818961487565	9.69783603489604e-6
29.698426982540767	0.0045708818961487565	3.841656257958398e-6
33.98745295832107	0.0045708818961487565	1.3818576130158386e-6
38.895897054520105	0.0045708818961487565	4.232387692074875e-7
44.51321520124173	0.0045708818961487565	9.117528532108548e-8
50.941782491215115	0.0045708818961487565	2.0822719469648436e-8
58.29875895619149	0.0045708818961487565	3.75505586461042e-9
66.71822479745835	0.0045708818961487565	5.245935606249494e-10
76.35362398484546	0.0045708818961487565	3.986481390770976e-11
87.38056075858388	0.0045708818961487565	1.2299426740199982e-12
100.00000000000031	0.0045708818961487565	1.3310868767107508e-14
111.55639876771902	0.0045708818961487565	2.3246933147602766e-16
138.21730389017998	0.0045708818961487565	9.065418328767691e-22
171.24990861750976	0.0045708818961487565	4.1428910750149234e-29
212.17698780180757	0.0045708818961487565	7.46479749651352e-43
262.885244821937	0.0045708818961487565	1.166244002551623e-59
1.	0.005248074602497733	0.5723203292893476
1.9999999999999998	0.005248074602497733	0.5386953884476596
2.288838595949997	0.005248074602497733	0.5156105079682287
2.6193910591551774	0.005248074602497733	0.4829472764020635
2.9976816770403563	0.005248074602497733	0.4409181926564613
3.4306047603910415	0.005248074602497733	0.3928278859785621
3.926050291516404	0.005248074602497733	0.3446842862810088
4.493047718431742	0.005248074602497733	0.30135244352534607
5.141930515695824	0.005248074602497733	0.2596812047280064
5.884524511008838	0.005248074602497733	0.21007288671562951
6.734363409805407	0.005248074602497733	0.1491649527275124
7.706935445758021	0.005248074602497733	0.0888949876218375
8.819965652373028	0.005248074602497733	0.044064629369924176
10.093738900052346	0.005248074602497733	0.0182397089212645
11.551469585940843	0.005248074602497733	0.006478573350364676
13.219724714121972	0.005248074602497733	0.002199494639486458
15.128908076758211	0.005248074602497733	0.000816529049284336
17.313814360331925	0.005248074602497733	0.00032208617713653164
19.814263275520517	0.005248074602497733	0.00012012809386473547
22.675825267662994	0.005248074602497733	0.00003806233460700343
25.950652033822625	0.005248074602497733	0.000011322803070691028
29.698426982540767	0.005248074602497733	4.460476349365176e-6
33.98745295832107	0.005248074602497733	1.6083428575834114e-6
38.895897054520105	0.005248074602497733	4.925121519505612e-7
44.51321520124173	0.005248074602497733	1.0689376190357512e-7
50.941782491215115	0.005248074602497733	2.427817704471124e-8
58.29875895619149	0.005248074602497733	4.385226435392004e-9
66.71822479745835	0.005248074602497733	6.129139451651854e-10
76.35362398484546	0.005248074602497733	4.665234678156702e-11
87.38056075858388	0.005248074602497733	1.4421638151041408e-12
100.00000000000031	0.005248074602497733	1.5688783282756626e-14
111.55639876771902	0.005248074602497733	2.7478146900810516e-16
138.21730389017998	0.005248074602497733	1.0820176263054078e-21
171.24990861750976	0.005248074602497733	4.997746727048342e-29
212.17698780180757	0.005248074602497733	9.213319010584914e-43
262.885244821937	0.005248074602497733	1.4715997639171382e-59
1.	0.006025595860743587	0.6279487038536198
1.9999999999999998	0.006025595860743587	0.604317650649591
2.288838595949997	0.006025595860743587	0.5824667502979215
2.6193910591551774	0.006025595860743587	0.5495205207555853
2.9976816770403563	0.006025595860743587	0.5049354530155707
3.4306047603910415	0.006025595860743587	0.45171115902494346
3.926050291516404	0.006025595860743587	0.3968106967961307
4.493047718431742	0.006025595860743587	0.3468229590787843
5.141930515695824	0.006025595860743587	0.3000867470233113
5.884524511008838	0.006025595860743587	0.2455524465767837
6.734363409805407	0.006025595860743587	0.17687560644526562
7.706935445758021	0.006025595860743587	0.10670023381992053
8.819965652373028	0.006025595860743587	0.05323066006139565
10.093738900052346	0.006025595860743587	0.022086498931842165
11.551469585940843	0.006025595860743587	0.00782441039938683
13.219724714121972	0.006025595860743587	0.002628896171058298
15.128908076758211	0.006025595860743587	0.000964694046187852
17.313814360331925	0.006025595860743587	0.00037901733396433524
19.814263275520517	0.006025595860743587	0.00014169737073029605
22.675825267662994	0.006025595860743587	0.00004497541842661034
25.950652033822625	0.006025595860743587	0.00001325185438378695
29.698426982540767	0.006025595860743587	5.185595309541233e-6
33.98745295832107	0.006025595860743587	1.8745248985088526e-6
38.895897054520105	0.006025595860743587	5.740013465894366e-7
44.51321520124173	0.006025595860743587	1.256175775467012e-7
50.941782491215115	0.006025595860743587	2.8355777428952302e-8
58.29875895619149	0.006025595860743587	5.130960342350622e-9
66.71822479745835	0.006025595860743587	7.175075552304439e-10
76.35362398484546	0.006025595860743587	5.471726250186649e-11
87.38056075858388	0.006025595860743587	1.6953362211985465e-12
100.00000000000031	0.006025595860743587	1.8550297217494032e-14
111.55639876771902	0.006025595860743587	3.259510140651706e-16
138.21730389017998	0.006025595860743587	1.297816155845343e-21
171.24990861750976	0.006025595860743587	6.066422540794735e-29
212.17698780180757	0.006025595860743587	1.1469042266796414e-42
262.885244821937	0.006025595860743587	1.8768224389741028e-59
1.	0.006918309709189377	0.6832519819844071
1.9999999999999998	0.006918309709189377	0.6737909773683655
2.288838595949997	0.006918309709189377	0.6546330696180498
2.6193910591551774	0.006918309709189377	0.6228758473246692
2.9976816770403563	0.006918309709189377	0.576880752344358
3.4306047603910415	0.006918309709189377	0.5189993805547792
3.926050291516404	0.006918309709189377	0.4568109508692473
4.493047718431742	0.006918309709189377	0.39926821446442257
5.141930515695824	0.006918309709189377	0.3467619432867704
5.884524511008838	0.006918309709189377	0.28699057880429696
6.734363409805407	0.006918309709189377	0.21018370291072513
7.706935445758021	0.006918309709189377	0.12854037519480696
8.819965652373028	0.006918309709189377	0.06470204562264607
10.093738900052346	0.006918309709189377	0.02694783319677382
11.551469585940843	0.006918309709189377	0.00951431318207479
13.219724714121972	0.006918309709189377	0.00315816375271126
15.128908076758211	0.006918309709189377	0.0011438673649584261
17.313814360331925	0.006918309709189377	0.00044683437477110186
19.814263275520517	0.006918309709189377	0.0001676930913229789
22.675825267662994	0.006918309709189377	0.000053307605955699466
25.950652033822625	0.006918309709189377	0.00001554965228982062
29.698426982540767	0.006918309709189377	6.034305534230732e-6
33.98745295832107	0.006918309709189377	2.1892820693629854e-6
38.895897054520105	0.006918309709189377	6.703368800962396e-7
44.51321520124173	0.006918309709189377	1.4805156531133164e-7
50.941782491215115	0.006918309709189377	3.319169204669003e-8
58.29875895619149	0.006918309709189377	6.018207408846734e-9
66.71822479745835	0.006918309709189377	8.420300046062512e-10
76.35362398484546	0.006918309709189377	6.43553346110883e-11
87.38056075858388	0.006918309709189377	1.999314853522138e-12
100.00000000000031	0.006918309709189377	2.2018362120323457e-14
111.55639876771902	0.006918309709189377	3.883022138938448e-16
138.21730389017998	0.006918309709189377	1.5656791364284092e-21
171.24990861750976	0.006918309709189377	7.416819961029395e-29
212.17698780180757	0.006918309709189377	1.4416128210776724e-42
262.885244821937	0.006918309709189377	2.4223234814067363e-59
1.	0.00794328234724283	0.7363760965939201
1.9999999999999998	0.00794328234724283	0.7456211437350401
2.288838595949997	0.00794328234724283	0.7309482292116729
2.6193910591551774	0.00794328234724283	0.7025410430933205
2.9976816770403563	0.00794328234724283	0.6571159414857457
3.4306047603910415	0.00794328234724283	0.5962635040863117
3.926050291516404	0.00794328234724283	0.5265251264251639
4.493047718431742	0.00794328234724283	0.46008840761241393
5.141930515695824	0.00794328234724283	0.4004490781843593
5.884524511008838	0.00794328234724283	0.33521766038976897
6.734363409805407	0.00794328234724283	0.2500277645920707
7.706935445758021	0.00794328234724283	0.1555625090241229
8.819965652373028	0.00794328234724283	0.07915073478480206
10.093738900052346	0.00794328234724283	0.03313104276302997
11.551469585940843	0.00794328234724283	0.011658553525614063
13.219724714121972	0.00794328234724283	0.003824019812300259
15.128908076758211	0.00794328234724283	0.0013622674592500734
17.313814360331925	0.00794328234724283	0.0005301782974778288
19.814263275520517	0.00794328234724283	0.0001991239385179907
22.675825267662994	0.00794328234724283	0.00006345417641423376
25.950652033822625	0.00794328234724283	0.00001830936785700314
29.698426982540767	0.00794328234724283	7.0304142074660325e-6
33.98745295832107	0.00794328234724283	2.558979919539816e-6
38.895897054520105	0.00794328234724283	7.841693336521919e-7
44.51321520124173	0.00794328234724283	1.7495010530733164e-7
50.941782491215115	0.00794328234724283	3.8925312945759984e-8
58.29875895619149	0.00794328234724283	7.073840804637471e-9
66.71822479745835	0.00794328234724283	9.902936832973497e-10
76.35362398484546	0.00794328234724283	7.588186223275385e-11
87.38056075858388	0.00794328234724283	2.364879697519061e-12
100.00000000000031	0.00794328234724283	2.6231724622258017e-14
111.55639876771902	0.00794328234724283	4.645039839029079e-16
138.21730389017998	0.00794328234724283	1.8999223691966624e-21
171.24990861750976	0.00794328234724283	9.135256875479592e-29
212.17698780180757	0.00794328234724283	1.830290683110018e-42
262.885244821937	0.00794328234724283	3.1652787568857286e-59
1.	0.009120108393559116	0.7848049338916193
1.9999999999999998	0.009120108393559116	0.81768490162848
2.288838595949997	0.009120108393559116	0.810106928780068
2.6193910591551774	0.009120108393559116	0.7879117660183442
2.9976816770403563	0.009120108393559116	0.745964637045848
3.4306047603910415	0.009120108393559116	0.6835781453683311
3.926050291516404	0.009120108393559116	0.6070358507050837
4.493047718431742	0.009120108393559116	0.5304172123062848
5.141930515695824	0.009120108393559116	0.46235986639267934
5.884524511008838	0.009120108393559116	0.3916634260438067
6.734363409805407	0.009120108393559116	0.298050552084773
7.706935445758021	0.009120108393559116	0.18899046506215444
8.819965652373028	0.009120108393559116	0.09735633308147805
10.093738900052346	0.009120108393559116	0.041034379217453544
11.551469585940843	0.009120108393559116	0.014428251328970142
13.219724714121972	0.009120108393559116	0.0046660295570661176
15.128908076758211	0.009120108393559116	0.0016305859342930964
17.313814360331925	0.009120108393559116	0.0006298276100177376
19.814263275520517	0.009120108393559116	0.00023736471196340322
22.675825267662994	0.009120108393559116	0.00007585746466821271
25.950652033822625	0.009120108393559116	0.000021630489725663513
29.698426982540767	0.009120108393559116	8.202375664138892e-6
33.98745295832107	0.009120108393559116	2.9987964720562314e-6
38.895897054520105	0.009120108393559116	9.1885406426555e-7
44.51321520124173	0.009120108393559116	2.0727413762432694e-7
50.941782491215115	0.009120108393559116	4.573267325982177e-8
58.29875895619149	0.009120108393559116	8.332016446873756e-9
66.71822479745835	0.009120108393559116	1.167119008000475e-9
76.35362398484546	0.009120108393559116	8.97000694415735e-11
87.38056075858388	0.009120108393559116	2.8059900516966737e-12
100.00000000000031	0.009120108393559116	3.137147571275457e-14
111.55639876771902	0.009120108393559116	5.580675097636081e-16
138.21730389017998	0.009120108393559116	2.3199124968020515e-21
171.24990861750976	0.009120108393559116	1.13412243708736e-28
212.17698780180757	0.009120108393559116	2.3486315655124604e-42
262.885244821937	0.009120108393559116	4.1907387542796055e-59
1.	0.010471285480509017	0.8259655576959803
1.9999999999999998	0.010471285480509017	0.8871122539470986
2.288838595949997	0.010471285480509017	0.8887491469684458
2.6193910591551774	0.010471285480509017	0.8758779567878933
2.9976816770403563	0.010471285480509017	0.8408957445675278
3.4306047603910415	0.010471285480509017	0.7801481759692944
3.926050291516404	0.010471285480509017	0.6983119742943431
4.493047718431742	0.010471285480509017	0.6110404848141203
5.141930515695824	0.010471285480509017	0.5330341873206935
5.884524511008838	0.010471285480509017	0.45638876797143935
6.734363409805407	0.010471285480509017	0.3553159480880506
7.706935445758021	0.010471285480509017	0.23080013378951997
8.819965652373028	0.010471285480509017	0.12061518046049377
10.093738900052346	0.010471285480509017	0.051249403535304716
11.551469585940843	0.010471285480509017	0.018021654650433944
13.219724714121972	0.010471285480509017	0.00574685941729036
15.128908076758211	0.010471285480509017	0.0019640419357024753
17.313814360331925	0.010471285480509017	0.000751848003016594
19.814263275520517	0.010471285480509017	0.00028419636523967126
22.675825267662994	0.010471285480509017	0.00009121742920184434
25.950652033822625	0.010471285480509017	0.000025670516649840426
29.698426982540767	0.010471285480509017	9.58234703996872e-6
33.98745295832107	0.010471285480509017	3.5212008645883627e-6
38.895897054520105	0.010471285480509017	1.0790297442675183e-6
44.51321520124173	0.010471285480509017	2.463405535228414e-7
50.941782491215115	0.010471285480509017	5.3855731765233506e-8
58.29875895619149	0.010471285480509017	9.839500553472525e-9
66.71822479745835	0.010471285480509017	1.3791262475639297e-9
76.35362398484546	0.010471285480509017	1.0636486803830481e-10
87.38056075858388	0.010471285480509017	3.3420424033746363e-12
100.00000000000031	0.010471285480509017	3.768989269774169e-14
111.55639876771902	0.010471285480509017	6.738807340613488e-16
138.21730389017998	0.010471285480509017	2.853120039913153e-21
171.24990861750976	0.010471285480509017	1.4207693267590522e-28
212.17698780180757	0.010471285480509017	3.0496843648300955e-42
262.885244821937	0.010471285480509017	5.629231685786991e-59
1.	0.012022644346174156	0.8572124822260538
1.9999999999999998	0.012022644346174156	0.9496712757118593
2.288838595949997	0.012022644346174156	0.9630625476943566
2.6193910591551774	0.012022644346174156	0.9627659459008958
2.9976816770403563	0.012022644346174156	0.9394032204162853
3.4306047603910415	0.012022644346174156	0.8851319572759365
3.926050291516404	0.012022644346174156	0.8014048011877741
4.493047718431742	0.012022644346174156	0.7038290559496639
5.141930515695824	0.012022644346174156	0.6137292590808121
5.884524511008838	0.012022644346174156	0.5304405234795335
6.734363409805407	0.012022644346174156	0.4234194720930844
7.706935445758021	0.012022644346174156	0.28261426815157603
8.819965652373028	0.012022644346174156	0.15070248414622253
10.093738900052346	0.012022644346174156	0.06460782245952189
11.551469585940843	0.012022644346174156	0.02273803024840264
13.219724714121972	0.012022644346174156	0.007149294354634383
15.128908076758211	0.012022644346174156	0.0023850978276972173
17.313814360331925	0.012022644346174156	0.0009027644261276275
19.814263275520517	0.012022644346174156	0.00034169501460905424
22.675825267662994	0.012022644346174156	0.0001102259752085302
25.950652033822625	0.012022644346174156	0.000030632218708317476
29.698426982540767	0.012022644346174156	0.000011202603776062162
33.98745295832107	0.012022644346174156	4.145096020743952e-6
38.895897054520105	0.012022644346174156	1.2703374291724517e-6
44.51321520124173	0.012022644346174156	2.937808575953023e-7
50.941782491215115	0.012022644346174156	6.358837290129193e-8
58.29875895619149	0.012022644346174156	1.1653663392980588e-8
66.71822479745835	0.012022644346174156	1.6344196536358562e-9
76.35362398484546	0.012022644346174156	1.2656711706009572e-10
87.38056075858388	0.012022644346174156	3.9976888745319824e-12
100.00000000000031	0.012022644346174156	4.551097077412133e-14
111.55639876771902	0.012022644346174156	8.183098296679016e-16
138.21730389017998	0.012022644346174156	3.536840622030931e-21
171.24990861750976	0.012022644346174156	1.7976752109508057e-28
212.17698780180757	0.012022644346174156	4.01133274389761e-42
262.885244821937	0.012022644346174156	7.6807073697241745e-59
1.	0.01380384264602888	0.8765811221764624
1.9999999999999998	0.01380384264602888	1.0009107250513052
2.288838595949997	0.01380384264602888	1.0278408969256445
2.6193910591551774	0.01380384264602888	1.0435514093278853
2.9976816770403563	0.01380384264602888	1.0370317340921462
3.4306047603910415	0.01380384264602888	0.9960595812990074
3.926050291516404	0.01380384264602888	0.915931577799872
4.493047718431742	0.01380384264602888	0.810803003793353
5.141930515695824	0.01380384264602888	0.7067902049694899
5.884524511008838	0.01380384264602888	0.6144494104527953
6.734363409805407	0.01380384264602888	0.5023753780783526
7.706935445758021	0.01380384264602888	0.3472333666975754
8.819965652373028	0.01380384264602888	0.18961867116660636
10.093738900052346	0.01380384264602888	0.08227127233502109
11.551469585940843	0.01380384264602888	0.0290313885010405
13.219724714121972	0.01380384264602888	0.008997982563471759
15.128908076758211	0.01380384264602888	0.0029195975576390906
17.313814360331925	0.01380384264602888	0.0010894709677673475
19.814263275520517	0.01380384264602888	0.0004129547844884785
22.675825267662994	0.01380384264602888	0.00013389687641851366
25.950652033822625	0.01380384264602888	0.00003677398366764037
29.698426982540767	0.01380384264602888	0.000013137596320018705
33.98745295832107	0.01380384264602888	4.892779101301215e-6
38.895897054520105	0.01380384264602888	1.4994476012324762e-6
44.51321520124173	0.01380384264602888	3.5156389232874613e-7
50.941782491215115	0.01380384264602888	7.527890533881578e-8
58.29875895619149	0.01380384264602888	1.3842843394103969e-8
66.71822479745835	0.01380384264602888	1.9426438216119127e-9
76.35362398484546	0.01380384264602888	1.5114595865889911e-10
87.38056075858388	0.01380384264602888	4.8037381328869806e-12
100.00000000000031	0.01380384264602888	5.524768617411861e-14
111.55639876771902	0.01380384264602888	9.995419955150018e-16
138.21730389017998	0.01380384264602888	4.4212437544914555e-21
171.24990861750976	0.01380384264602888	2.2988059438845484e-28
212.17698780180757	0.01380384264602888	5.348490671753695e-42
262.885244821937	0.01380384264602888	1.0654770847743443e-58
1.	0.015848931924611172	0.8824398705531182
1.9999999999999998	0.015848931924611172	1.0356801903430672
2.288838595949997	0.015848931924611172	1.0771301847712424
2.6193910591551774	0.015848931924611172	1.1120107169374458
2.9976816770403563	0.015848931924611172	1.127800968430631
3.4306047603910415	0.015848931924611172	1.10881079719333
3.926050291516404	0.015848931924611172	1.0421417147441316
4.493047718431742	0.015848931924611172	0.9345632936158375
5.141930515695824	0.015848931924611172	0.8156046170512634
5.884524511008838	0.015848931924611172	0.710615858175547
6.734363409805407	0.015848931924611172	0.5945448303200845
7.706935445758021	0.015848931924611172	0.4258901021304994
8.819965652373028	0.015848931924611172	0.24023561888963124
10.093738900052346	0.015848931924611172	0.1059156100168343
11.551469585940843	0.015848931924611172	0.037553586409383534
13.219724714121972	0.015848931924611172	0.01145554438658044
15.128908076758211	0.015848931924611172	0.003606453799769339
17.313814360331925	0.015848931924611172	0.0013221992910616275
19.814263275520517	0.015848931924611172	0.0005015965573481528
22.675825267662994	0.015848931924611172	0.0001639065956270078
25.950652033822625	0.015848931924611172	0.00004450058175361088
29.698426982540767	0.015848931924611172	0.000015448476917535136
33.98745295832107	0.015848931924611172	5.788250491640444e-6
38.895897054520105	0.015848931924611172	1.7663168750999823e-6
44.51321520124173	0.015848931924611172	4.2016643137190163e-7
50.941782491215115	0.015848931924611172	8.893967045268111e-8
58.29875895619149	0.015848931924611172	1.641459045434143e-8
66.71822479745835	0.015848931924611172	2.3049044471012e-9
76.35362398484546	0.015848931924611172	1.803130855144516e-10
87.38056075858388	0.015848931924611172	5.7729312645073356e-12
100.00000000000031	0.015848931924611172	6.712474188754126e-14
111.55639876771902	0.015848931924611172	1.2226646908200043e-15
138.21730389017998	0.015848931924611172	5.549650291072716e-21
171.24990861750976	0.015848931924611172	2.9589410287741895e-28
212.17698780180757	0.015848931924611172	7.200642196999785e-42
262.885244821937	0.015848931924611172	1.4971318656766613e-58
1.	0.01819700858609988	0.872918922011716
1.9999999999999998	0.01819700858609988	1.04967997060471
2.288838595949997	0.01819700858609988	1.1055397396430726
2.6193910591551774	0.01819700858609988	1.1614901933439357
2.9976816770403563	0.01819700858609988	1.2044402039505746
3.4306047603910415	0.01819700858609988	1.2145598764791201
3.926050291516404	0.01819700858609988	1.172330346563058
4.493047718431742	0.01819700858609988	1.0714208726529695
5.141930515695824	0.01819700858609988	0.9399023657872027
5.884524511008838	0.01819700858609988	0.8190507524115409
6.734363409805407	0.01819700858609988	0.6991057503269096
7.706935445758021	0.01819700858609988	0.5224161922195418
8.819965652373028	0.01819700858609988	0.3059681165837195
10.093738900052346	0.01819700858609988	0.13785677577449967
11.551469585940843	0.01819700858609988	0.049329898739944214
13.219724714121972	0.01819700858609988	0.014838281219640273
15.128908076758211	0.01819700858609988	0.004506993179308068
17.313814360331925	0.01819700858609988	0.0016166854305541712
19.814263275520517	0.01819700858609988	0.000612295197598956
22.675825267662994	0.01819700858609988	0.00020192701583653526
25.950652033822625	0.01819700858609988	0.00005427010245720115
29.698426982540767	0.01819700858609988	0.000018220639192410886
33.98745295832107	0.01819700858609988	6.8576287447825274e-6
38.895897054520105	0.01819700858609988	2.0944740984539397e-6
44.51321520124173	0.01819700858609988	5.05755604799695e-7
50.941782491215115	0.01819700858609988	1.0576958888325005e-7
58.29875895619149	0.01819700858609988	1.9596334144467282e-8
66.71822479745835	0.01819700858609988	2.7531868429114728e-9
76.35362398484546	0.01819700858609988	2.1673958198841171e-10
87.38056075858388	0.01819700858609988	6.999538717713232e-12
100.00000000000031	0.01819700858609988	8.234098482378188e-14
111.55639876771902	0.01819700858609988	1.5109279210800745e-15
138.21730389017998	0.01819700858609988	7.057444741595775e-21
171.24990861750976	0.01819700858609988	3.8688718586406203e-28
212.17698780180757	0.01819700858609988	9.879608519020244e-42
262.885244821937	0.01819700858609988	2.1512782497246883e-58
1.	0.02089296130854045	0.8484313514378566
1.9999999999999998	0.02089296130854045	1.0404501324637137
2.288838595949997	0.02089296130854045	1.1090496161630579
2.6193910591551774	0.02089296130854045	1.1844398714667141
2.9976816770403563	0.02089296130854045	1.2561694397051733
3.4306047603910415	0.02089296130854045	1.3031786730199366
3.926050291516404	0.02089296130854045	1.2974381636131023
4.493047718431742	0.02089296130854045	1.2179282173156618
5.141930515695824	0.02089296130854045	1.0811078763179207
5.884524511008838	0.02089296130854045	0.9412205778248214
6.734363409805407	0.02089296130854045	0.8152177086749792
7.706935445758021	0.02089296130854045	0.6369721905951224
8.819965652373028	0.02089296130854045	0.3910947387182643
10.093738900052346	0.02089296130854045	0.18123229096745397
11.551469585940843	0.02089296130854045	0.0655691801395592
13.219724714121972	0.02089296130854045	0.019534653771143266
15.128908076758211	0.02089296130854045	0.005720158811484101
17.313814360331925	0.02089296130854045	0.0019931174715627016
19.814263275520517	0.02089296130854045	0.0007523272140328715
22.675825267662994	0.02089296130854045	0.00025063188219640183
25.950652033822625	0.02089296130854045	0.0000667473142840828
29.698426982540767	0.02089296130854045	0.00002157336743592818
33.98745295832107	0.02089296130854045	8.150108676243435e-6
38.895897054520105	0.02089296130854045	2.4838878114195324e-6
44.51321520124173	0.02089296130854045	6.090187995373948e-7
50.941782491215115	0.02089296130854045	1.2578555490376188e-7
58.29875895619149	0.02089296130854045	2.339837012849141e-8
66.71822479745835	0.02089296130854045	3.288944477190704e-9
76.35362398484546	0.02089296130854045	2.607886848673206e-10
87.38056075858388	0.02089296130854045	8.508253894462423e-12
100.00000000000031	0.02089296130854045	1.0133123776561326e-13
111.55639876771902	0.02089296130854045	1.8743435509511968e-15
138.21730389017998	0.02089296130854045	9.035875943841962e-21
171.24990861750976	0.02089296130854045	5.107796551894133e-28
212.17698780180757	0.02089296130854045	1.3734348941397665e-41
262.885244821937	0.02089296130854045	3.1438422624889773e-58
1.	0.023988329190194974	0.8101065814894809
1.9999999999999998	0.023988329190194974	1.0075095413180561
2.288838595949997	0.023988329190194974	1.0843991962697774
2.6193910591551774	0.023988329190194974	1.1758299270511845
2.9976816770403563	0.023988329190194974	1.2743901636929116
3.4306047603910415	0.023988329190194974	1.361680540733917
3.926050291516404	0.023988329190194974	1.403990567407373
4.493047718431742	0.023988329190194974	1.36459123974436
5.141930515695824	0.023988329190194974	1.2385812539207222
5.884524511008838	0.023988329190194974	1.0797305578057501
6.734363409805407	0.023988329190194974	0.9419945085499836
7.706935445758021	0.023988329190194974	0.7682890065336198
8.819965652373028	0.023988329190194974	0.5005631607957859
10.093738900052346	0.023988329190194974	0.24049761197800695
11.551469585940843	0.023988329190194974	0.08845284171838501
13.219724714121972	0.023988329190194974	0.026196936094829225
15.128908076758211	0.023988329190194974	0.007394081052858362
17.313814360331925	0.023988329190194974	0.0024810963815925695
19.814263275520517	0.023988329190194974	0.0009306686445542943
22.675825267662994	0.023988329190194974	0.0003131208882096025
25.950652033822625	0.023988329190194974	0.00008298914609927916
29.698426982540767	0.023988329190194974	0.00002564943154294508
33.98745295832107	0.023988329190194974	9.710440429843316e-6
38.895897054520105	0.023988329190194974	2.957339147588426e-6
44.51321520124173	0.023988329190194974	7.362096835991306e-7
50.941782491215115	0.023988329190194974	1.501591785428424e-7
58.29875895619149	0.023988329190194974	2.8045091750568673e-8
66.71822479745835	0.023988329190194974	3.943603249424158e-9
76.35362398484546	0.023988329190194974	3.1527819793761784e-10
87.38056075858388	0.023988329190194974	1.0408973410241698e-11
100.00000000000031	0.023988329190194974	1.2559061702867908e-13
111.55639876771902	0.023988329190194974	2.34335408315064e-15
138.21730389017998	0.023988329190194974	1.1693912942168569e-20
171.24990861750976	0.023988329190194974	6.83790141349144e-28
212.17698780180757	0.023988329190194974	1.943258331141848e-41
262.885244821937	0.023988329190194974	4.6952726259891004e-58
1.	0.027542287033381744	0.7591521859071563
1.9999999999999998	0.027542287033381744	0.9516642037517622
2.288838595949997	0.027542287033381744	1.032049800240815
2.6193910591551774	0.027542287033381744	1.133350490408266
2.9976816770403563	0.027542287033381744	1.2531505612126315
3.4306047603910415	0.027542287033381744	1.3780208773755755
3.926050291516404	0.027542287033381744	1.4755397495902682
4.493047718431742	0.027542287033381744	1.4962294364628161
5.141930515695824	0.027542287033381744	1.4046792773087795
5.884524511008838	0.027542287033381744	1.2366585855883092
6.734363409805407	0.027542287033381744	1.0780589268209777
7.706935445758021	0.027542287033381744	0.9135542403220397
8.819965652373028	0.027542287033381744	0.6363195876052965
10.093738900052346	0.027542287033381744	0.32199034613808225
11.551469585940843	0.027542287033381744	0.12126106831385117
13.219724714121972	0.027542287033381744	0.03587562627896201
15.128908076758211	0.027542287033381744	0.00973345703444868
17.313814360331925	0.027542287033381744	0.003124656361493694
19.814263275520517	0.027542287033381744	0.0011587380416569278
22.675825267662994	0.027542287033381744	0.000393944470621636
25.950652033822625	0.027542287033381744	0.00010434216388306654
29.698426982540767	0.027542287033381744	0.000017347994197213984
33.98745295832107	0.027542287033381744	0.000011611155985992085
38.895897054520105	0.027542287033381744	3.5776925574060054e-6
44.51321520124173	0.027542287033381744	9.038240472506076e-7
50.941782491215115	0.027542287033381744	1.8211719840071143e-7
58.29875895619149	0.027542287033381744	3.414474153643061e-8
66.71822479745835	0.027542287033381744	4.8026299164589184e-9
76.35362398484546	0.027542287033381744	3.875394722749611e-10
87.38056075858388	0.027542287033381744	1.2971818122078579e-11
100.00000000000031	0.027542287033381744	1.5867163511397824e-13
111.55639876771902	0.027542287033381744	2.9886766867223974e-15
138.21730389017998	0.027542287033381744	1.5483194759454135e-20
171.24990861750976	0.027542287033381744	9.397532806016104e-28
212.17698780180757	0.027542287033381744	2.834167731139092e-41
262.885244821937	0.027542287033381744	7.260760280323841e-58
1.	0.03162277660168389	0.698273349091064
1.9999999999999998	0.03162277660168389	0.8772894264795394
2.288838595949997	0.03162277660168389	0.9556510571681143
2.6193910591551774	0.03162277660168389	1.05938079261724
2.9976816770403563	0.03162277660168389	1.1909809523205976
3.4306047603910415	0.03162277660168389	1.3447916391746793
3.926050291516404	0.03162277660168389	1.4955599342091837
4.493047718431742	0.03162277660168389	1.590879073700711
5.141930515695824	0.03162277660168389	1.5646989754010556
5.884524511008838	0.03162277660168389	1.4105980255415875
6.734363409805407	0.03162277660168389	1.2265285866445077
7.706935445758021	0.03162277660168389	1.0662298751558352
8.819965652373028	0.03162277660168389	0.7986021148271534
10.093738900052346	0.03162277660168389	0.4329473043441532
11.551469585940843	0.03162277660168389	0.1684052490729085
13.219724714121972	0.03162277660168389	0.05029133637000425
15.128908076758211	0.03162277660168389	0.013136446668668597
17.313814360331925	0.03162277660168389	0.0039881604997962445
19.814263275520517	0.03162277660168389	0.0014549155078688275
22.675825267662994	0.03162277660168389	0.0004997775602669494
25.950652033822625	0.03162277660168389	0.00013262321552354043
29.698426982540767	0.03162277660168389	0.000037188539884681066
33.98745295832107	0.03162277660168389	0.000013926241864892899
38.895897054520105	0.03162277660168389	4.319971508107331e-6
44.51321520124173	0.03162277660168389	1.1063427638911825e-6
50.941782491215115	0.03162277660168389	2.2044645466660574e-7
58.29875895619149	0.03162277660168389	4.1470207719704794e-8
66.71822479745835	0.03162277660168389	5.833854282582248e-9
76.35362398484546	0.03162277660168389	4.756876100486914e-10
87.38056075858388	0.03162277660168389	1.6174560068574743e-11
100.00000000000031	0.03162277660168389	2.0073812271935722e-13
111.55639876771902	0.03162277660168389	3.820113364570372e-15
138.21730389017998	0.03162277660168389	2.0602221273944166e-20
171.24990861750976	0.03162277660168389	1.302763510557558e-27
212.17698780180757	0.03162277660168389	4.1884685380346723e-41
262.885244821937	0.03162277660168389	1.1433061133260031e-57
1.	0.03630780547701025	0.6297789217094318
1.9999999999999998	0.03630780547701025	0.7889699015480145
2.288838595949997	0.03630780547701025	0.8614165406707459
2.6193910591551774	0.03630780547701025	0.9600232527304976
2.9976816770403563	0.03630780547701025	1.0921505262177185
3.4306047603910415	0.03630780547701025	1.2606717191161783
3.926050291516404	0.03630780547701025	1.4529099801665033
4.493047718431742	0.03630780547701025	1.6239192656105832
5.141930515695824	0.03630780547701025	1.6905299914912262
5.884524511008838	0.03630780547701025	1.5910091023683584
6.734363409805407	0.03630780547701025	1.3911995788210942
7.706935445758021	0.03630780547701025	1.2195209565136913
8.819965652373028	0.03630780547701025	0.9821261197482702
10.093738900052346	0.03630780547701025	0.5799540358318006
11.551469585940843	0.03630780547701025	0.23684725901948003
13.219724714121972	0.03630780547701025	0.07177973998203487
15.128908076758211	0.03630780547701025	0.018219759713429866
17.313814360331925	0.03630780547701025	0.0051843325558089595
19.814263275520517	0.03630780547701025	0.001843719592850925
22.675825267662994	0.03630780547701025	0.0006391015734866065
25.950652033822625	0.03630780547701025	0.00017073691297521135
29.698426982540767	0.03630780547701025	0.000045653529275726746
33.98745295832107	0.03630780547701025	0.000016763320427578983
38.895897054520105	0.03630780547701025	5.215038161252163e-6
44.51321520124173	0.03630780547701025	1.3516860099275111e-6
50.941782491215115	0.03630780547701025	2.6681148475421685e-7
58.29875895619149	0.03630780547701025	5.031670895642183e-8
66.71822479745835	0.03630780547701025	7.078591631705648e-9
76.35362398484546	0.03630780547701025	5.839098090034439e-10
87.38056075858388	0.03630780547701025	2.020884980810239e-11
100.00000000000031	0.03630780547701025	2.547376555296794e-13
111.55639876771902	0.03630780547701025	4.902671975216722e-15
138.21730389017998	0.03630780547701025	2.759485698216563e-20
171.24990861750976	0.03630780547701025	1.8250803843110306e-27
212.17698780180757	0.03630780547701025	6.287691466792871e-41
262.885244821937	0.03630780547701025	1.838360730194195e-57
1.	0.04168693834703368	0.552887494859277
1.9999999999999998	0.04168693834703368	0.6922773746604096
2.288838595949997	0.04168693834703368	0.7561670075903149
2.6193910591551774	0.04168693834703368	0.8449125848544535
2.9976816770403563	0.04168693834703368	0.967819795174056
3.4306047603910415	0.04168693834703368	1.134991088844548
3.926050291516404	0.04168693834703368	1.3470791482090827
4.493047718431742	0.04168693834703368	1.578488284818788
5.141930515695824	0.04168693834703368	1.7500497846999061
5.884524511008838	0.04168693834703368	1.751069651258805
6.734363409805407	0.04168693834703368	1.5686904034769307
7.706935445758021	0.04168693834703368	1.3693918673238505
8.819965652373028	0.04168693834703368	1.1711418451191253
10.093738900052346	0.04168693834703368	0.7682808320053096
11.551469585940843	0.04168693834703368	0.3355019074645709
13.219724714121972	0.04168693834703368	0.10449529521203077
15.128908076758211	0.04168693834703368	0.025979205104886285
17.313814360331925	0.04168693834703368	0.006894499620224675
19.814263275520517	0.04168693834703368	0.0023630408903717306
22.675825267662994	0.04168693834703368	0.0008230138881913371
25.950652033822625	0.04168693834703368	0.0002226622339543881
29.698426982540767	0.04168693834703368	0.000056482361745407865
33.98745295832107	0.04168693834703368	0.000020261925171289193
38.895897054520105	0.04168693834703368	6.424467539714003e-6
44.51321520124173	0.04168693834703368	1.681342075634547e-6
50.941782491215115	0.04168693834703368	3.296751965248699e-7
58.29875895619149	0.04168693834703368	6.223612618940035e-8
66.71822479745835	0.04168693834703368	8.75523855424131e-9
76.35362398484546	0.04168693834703368	7.314822802121456e-10
87.38056075858388	0.04168693834703368	2.5816275109083108e-11
100.00000000000031	0.04168693834703368	3.3099821395889753e-13
111.55639876771902	0.04168693834703368	6.450148183077479e-15
138.21730389017998	0.04168693834703368	3.797583564802778e-20
171.24990861750976	0.04168693834703368	2.6378247260514666e-27
212.17698780180757	0.04168693834703368	9.795215320980372e-41
262.885244821937	0.04168693834703368	3.084530931327644e-57
1.	0.047863009232264	0.4715308931540978
1.9999999999999998	0.047863009232264	0.59156186976455
2.288838595949997	0.047863009232264	0.646351591796418
2.6193910591551774	0.047863009232264	0.7226271439400003
2.9976816770403563	0.047863009232264	0.8305334051473635
3.4306047603910415	0.047863009232264	0.9821537923872841
3.926050291516404	0.047863009232264	1.1907298926957726
4.493047718431742	0.047863009232264	1.4522186989277028
5.141930515695824	0.047863009232264	1.715259909758244
5.884524511008838	0.047863009232264	1.8508194352067306
6.734363409805407	0.047863009232264	1.7462093900180373
7.706935445758021	0.047863009232264	1.5198312673265078
8.819965652373028	0.047863009232264	1.3435908709609399
10.093738900052346	0.047863009232264	0.9906765927517703
11.551469585940843	0.047863009232264	0.4769079723310751
13.219724714121972	0.047863009232264	0.15467959267375422
15.128908076758211	0.047863009232264	0.038163819283082545
17.313814360331925	0.047863009232264	0.009414208531478554
19.814263275520517	0.047863009232264	0.0030614345545273464
22.675825267662994	0.047863009232264	0.0010678744528708135
25.950652033822625	0.047863009232264	0.0002936334690000913
29.698426982540767	0.047863009232264	0.00007091473552228329
33.98745295832107	0.047863009232264	0.000024756913728595473
38.895897054520105	0.047863009232264	7.912032518741777e-6
44.51321520124173	0.047863009232264	2.084495694061461e-6
50.941782491215115	0.047863009232264	4.0756173951761833e-7
58.29875895619149	0.047863009232264	7.68540749413687e-8
66.71822479745835	0.047863009232264	1.0812141806469446e-8
76.35362398484546	0.047863009232264	9.159656182061332e-10
87.38056075858388	0.047863009232264	3.3018331872309776e-11
100.00000000000031	0.047863009232264	4.3147919734290396e-13
111.55639876771902	0.047863009232264	8.525023577142529e-15
138.21730389017998	0.047863009232264	5.261082651546653e-20
171.24990861750976	0.047863009232264	3.8539762171670274e-27
212.17698780180757	0.047863009232264	1.5527418078093918e-40
262.885244821937	0.047863009232264	5.296307995722385e-57
1.	0.05495408738576265	0.38946514598581355
1.9999999999999998	0.05495408738576265	0.49153117794344686
2.288838595949997	0.05495408738576265	0.5373849709433707
2.6193910591551774	0.05495408738576265	0.6011324666084457
2.9976816770403563	0.05495408738576265	0.6905957485514375
3.4306047603910415	0.05495408738576265	0.8195710713582027
3.926050291516404	0.05495408738576265	1.0050504619378267
4.493047718431742	0.05495408738576265	1.2610793097688862
5.141930515695824	0.05495408738576265	1.5736404393379937
5.884524511008838	0.05495408738576265	1.8435102454425483
6.734363409805407	0.05495408738576265	1.8872990188355265
7.706935445758021	0.05495408738576265	1.6790306920554008
8.819965652373028	0.05495408738576265	1.4838005131741772
10.093738900052346	0.05495408738576265	1.2232848560164293
11.551469585940843	0.05495408738576265	0.6712891710440854
13.219724714121972	0.05495408738576265	0.23222360410333148
15.128908076758211	0.05495408738576265	0.05779570047038161
17.313814360331925	0.05495408738576265	0.013266940050866078
19.814263275520517	0.05495408738576265	0.004021844075766871
22.675825267662994	0.05495408738576265	0.0013956116774132567
25.950652033822625	0.05495408738576265	0.000392520516308763
29.698426982540767	0.05495408738576265	0.00009081098516901793
33.98745295832107	0.05495408738576265	0.000030497251304854747
38.895897054520105	0.05495408738576265	9.763559148028681e-6
44.51321520124173	0.05495408738576265	2.5800825290929565e-6
50.941782491215115	0.05495408738576265	5.055203829333607e-7
58.29875895619149	0.05495408738576265	9.493887405208613e-8
66.71822479745835	0.05495408738576265	1.3360759286568573e-8
76.35362398484546	0.05495408738576265	1.1489461881039137e-9
87.38056075858388	0.05495408738576265	4.23525448906503e-11
100.00000000000031	0.05495408738576265	5.65686869818077e-13
111.55639876771902	0.05495408738576265	1.134963439878665e-14
138.21730389017998	0.05495408738576265	7.356741100825713e-20
171.24990861750976	0.05495408738576265	5.706922431878575e-27
212.17698780180757	0.05495408738576265	2.51293540714721e-40
262.885244821937	0.05495408738576265	9.336750512047477e-57
1.	0.06309573444801955	0.31066274054261256
1.9999999999999998	0.06309573444801955	0.3951096731088242
2.288838595949997	0.06309573444801955	0.43282146018125617
2.6193910591551774	0.06309573444801955	0.484157808986725
2.9976816770403563	0.06309573444801955	0.5569219518484851
3.4306047603910415	0.06309573444801955	0.6615029277686816
3.926050291516404	0.06309573444801955	0.8140594541068056
4.493047718431742	0.06309573444801955	1.0378582738041087
5.141930515695824	0.06309573444801955	1.348829261393591
5.884524511008838	0.06309573444801955	1.7043102637259744
6.734363409805407	0.06309573444801955	1.9306992552394737
7.706935445758021	0.06309573444801955	1.831580835893351
8.819965652373028	0.06309573444801955	1.5979913104954446
10.093738900052346	0.06309573444801955	1.422747025302667
11.551469585940843	0.06309573444801955	0.9193865187310372
13.219724714121972	0.06309573444801955	0.3502662787216425
15.128908076758211	0.06309573444801955	0.08991963400859246
17.313814360331925	0.06309573444801955	0.01942625694893822
19.814263275520517	0.06309573444801955	0.005373723644867244
22.675825267662994	0.06309573444801955	0.0018357021313997923
25.950652033822625	0.06309573444801955	0.0005300868276239812
29.698426982540767	0.06309573444801955	0.00011842063844094262
33.98745295832107	0.06309573444801955	0.00003769671949804106
38.895897054520105	0.06309573444801955	0.000012124825557445376
44.51321520124173	0.06309573444801955	3.20061371300229e-6
50.941782491215115	0.06309573444801955	6.321475575507449e-7
58.29875895619149	0.06309573444801955	1.177854637846232e-7
66.71822479745835	0.06309573444801955	1.6591444639135386e-8
76.35362398484546	0.06309573444801955	1.4497926998729327e-9
87.38056075858388	0.06309573444801955	5.468834646140308e-11
100.00000000000031	0.06309573444801955	7.493009426502793e-13
111.55639876771902	0.06309573444801955	1.5292006346293228e-14
138.21730389017998	0.06309573444801955	1.0435714367407911e-19
171.24990861750976	0.06309573444801955	8.606154559687595e-27
212.17698780180757	0.06309573444801955	4.174309478449784e-40
262.885244821937	0.06309573444801955	1.698496374769918e-56
1.	0.07244359600749928	0.2402560300709248
1.9999999999999998	0.07244359600749928	0.30640403788645243
2.288838595949997	0.07244359600749928	0.33608089705842525
2.6193910591551774	0.07244359600749928	0.3770402050085175
2.9976816770403563	0.07244359600749928	0.4339213685459455
3.4306047603910415	0.07244359600749928	0.5154992076869165
3.926050291516404	0.07244359600749928	0.6347011686923022
4.493047718431742	0.07244359600749928	0.813811374961017
5.141930515695824	0.07244359600749928	1.0814103700320685
5.884524511008838	0.07244359600749928	1.4497820892562507
6.734363409805407	0.07244359600749928	1.8229004301518061
7.706935445758021	0.07244359600749928	1.9324594438843983
8.819965652373028	0.07244359600749928	1.7060108384050374
10.093738900052346	0.07244359600749928	1.5469405621654928
11.551469585940843	0.07244359600749928	1.1952572196865003
13.219724714121972	0.07244359600749928	0.5263469588516715
15.128908076758211	0.07244359600749928	0.14272555942529985
17.313814360331925	0.07244359600749928	0.02964406755326654
19.814263275520517	0.07244359600749928	0.007342066712297833
22.675825267662994	0.07244359600749928	0.002434096528407664
25.950652033822625	0.07244359600749928	0.0007212290066257423
29.698426982540767	0.07244359600749928	0.00015811528374358875
33.98745295832107	0.07244359600749928	0.00004695721521737404
38.895897054520105	0.07244359600749928	0.00001489611805518558
44.51321520124173	0.07244359600749928	3.9111066567005e-6
50.941782491215115	0.07244359600749928	7.837318878656928e-7
58.29875895619149	0.07244359600749928	1.4421631265439832e-7
66.71822479745835	0.07244359600749928	2.0354957743427403e-8
76.35362398484546	0.07244359600749928	1.8091086252574485e-9
87.38056075858388	0.07244359600749928	6.98531081630271e-11
100.00000000000031	0.07244359600749928	9.859839567572904e-13
111.55639876771902	0.07244359600749928	2.0502892897400344e-14
138.21730389017998	0.07244359600749928	1.4778706686651898e-19
171.24990861750976	0.07244359600749928	1.3002706865952376e-26
212.17698780180757	0.07244359600749928	7.00346150730695e-40
262.885244821937	0.07244359600749928	3.136327737328084e-56
1.	0.08317637711026743	0.1759321371831356
1.9999999999999998	0.08317637711026743	0.22955016390573818
2.288838595949997	0.08317637711026743	0.2514440740777416
2.6193910591551774	0.08317637711026743	0.28188332431952756
2.9976816770403563	0.08317637711026743	0.32523546891213173
3.4306047603910415	0.08317637711026743	0.3864471359229426
3.926050291516404	0.08317637711026743	0.4760254071639832
4.493047718431742	0.08317637711026743	0.6097578970512668
5.141930515695824	0.08317637711026743	0.8184017823709412
5.884524511008838	0.08317637711026743	1.1372929212580054
6.734363409805407	0.08317637711026743	1.5620817324186103
7.706935445758021	0.08317637711026743	1.8975585035010722
8.819965652373028	0.08317637711026743	1.8200400596129274
10.093738900052346	0.08317637711026743	1.5996854147259172
11.551469585940843	0.08317637711026743	1.4320729919981061
13.219724714121972	0.08317637711026743	0.7729214377788054
15.128908076758211	0.08317637711026743	0.22936014206753838
17.313814360331925	0.08317637711026743	0.04725755049502381
19.814263275520517	0.08317637711026743	0.010354035584474593
22.675825267662994	0.08317637711026743	0.003248670800692675
25.950652033822625	0.08317637711026743	0.0009854925850499494
29.698426982540767	0.08317637711026743	0.00021601188709525153
33.98745295832107	0.08317637711026743	0.000058736699860174284
38.895897054520105	0.08317637711026743	0.000018392716751821902
44.51321520124173	0.08317637711026743	4.783993856057367e-6
50.941782491215115	0.08317637711026743	9.786728675980535e-7
58.29875895619149	0.08317637711026743	1.769614903596782e-7
66.71822479745835	0.08317637711026743	2.5065464495965576e-8
76.35362398484546	0.08317637711026743	2.267951644853605e-9
87.38056075858388	0.08317637711026743	8.964773130575784e-11
100.00000000000031	0.08317637711026743	1.309434981009839e-12
111.55639876771902	0.08317637711026743	2.7786386000485075e-14
138.21730389017998	0.08317637711026743	2.1256300579916478e-19
171.24990861750976	0.08317637711026743	2.0015421563871007e-26
212.17698780180757	0.08317637711026743	1.2067214434967994e-39
262.885244821937	0.08317637711026743	5.975076357604617e-56
1.	0.09549925860214398	0.13463513873416647
1.9999999999999998	0.09549925860214398	0.16760620809621057
2.288838595949997	0.09549925860214398	0.1828701561708502
2.6193910591551774	0.09549925860214398	0.20443734490599133
2.9976816770403563	0.09549925860214398	0.23470047344191577
3.4306047603910415	0.09549925860214398	0.2784039800700973
3.926050291516404	0.09549925860214398	0.3426304977803564
4.493047718431742	0.09549925860214398	0.4391991843927469
5.141930515695824	0.09549925860214398	0.5885619394122477
5.884524511008838	0.09549925860214398	0.8294460407828519
6.734363409805407	0.09549925860214398	1.2074728130259844
7.706935445758021	0.09549925860214398	1.6700385982895631
8.819965652373028	0.09549925860214398	1.874069021528633
10.093738900052346	0.09549925860214398	1.6450772877054525
11.551469585940843	0.09549925860214398	1.5491516080696939
13.219724714121972	0.09549925860214398	1.0765398241268473
15.128908076758211	0.09549925860214398	0.3692434550838482
17.313814360331925	0.09549925860214398	0.07844213241128202
19.814263275520517	0.09549925860214398	0.015266211373688792
22.675825267662994	0.09549925860214398	0.0043847727604695175
25.950652033822625	0.09549925860214398	0.0013490432428500327
29.698426982540767	0.09549925860214398	0.00030086508141042266
33.98745295832107	0.09549925860214398	0.00004120650680899439
38.895897054520105	0.09549925860214398	0.000023761092432373203
44.51321520124173	0.09549925860214398	6.102900355114861e-6
50.941782491215115	0.09549925860214398	1.2808071842776317e-6
58.29875895619149	0.09549925860214398	2.2648500496568002e-7
66.71822479745835	0.09549925860214398	3.225869372257674e-8
76.35362398484546	0.09549925860214398	2.973726055043291e-9
87.38056075858388	0.09549925860214398	1.20389722240882e-10
100.00000000000031	0.09549925860214398	1.8267113971020987e-12
111.55639876771902	0.09549925860214398	3.960658153818453e-14
138.21730389017998	0.09549925860214398	3.237372307614759e-19
171.24990861750976	0.09549925860214398	3.272046553397186e-26
212.17698780180757	0.09549925860214398	2.2248756741815248e-39
262.885244821937	0.09549925860214398	1.2235909015864285e-55
1.	0.10964781961431896	0.10094842948485987
1.9999999999999998	0.10964781961431896	0.12280157123131019
2.288838595949997	0.10964781961431896	0.13188760582894724
2.6193910591551774	0.10964781961431896	0.14553980551271112
2.9976816770403563	0.10964781961431896	0.16504299827197547
3.4306047603910415	0.10964781961431896	0.19348649754761577
3.926050291516404	0.10964781961431896	0.23666838463396095
4.493047718431742	0.10964781961431896	0.30218048328850505
5.141930515695824	0.10964781961431896	0.40410346917703355
5.884524511008838	0.10964781961431896	0.5732237602613113
6.734363409805407	0.10964781961431896	0.8546050698998975
7.706935445758021	0.10964781961431896	1.3027125848482035
8.819965652373028	0.10964781961431896	1.7534497771861437
10.093738900052346	0.10964781961431896	1.7259440065582594
11.551469585940843	0.10964781961431896	1.5399839967761837
13.219724714121972	0.10964781961431896	1.362486307195428
15.128908076758211	0.10964781961431896	0.5863385611165762
17.313814360331925	0.10964781961431896	0.13429465372851535
19.814263275520517	0.10964781961431896	0.023869812144685337
22.675825267662994	0.10964781961431896	0.006014007097578663
25.950652033822625	0.10964781961431896	0.0018497146110721613
29.698426982540767	0.10964781961431896	0.00042584232931432435
33.98745295832107	0.10964781961431896	0.00009564482752972967
38.895897054520105	0.10964781961431896	0.000029480166788192445
44.51321520124173	0.10964781961431896	7.46429071925797e-6
50.941782491215115	0.10964781961431896	1.6107340504048722e-6
58.29875895619149	0.10964781961431896	2.775512241460692e-7
66.71822479745835	0.10964781961431896	3.983853559894624e-8
76.35362398484546	0.10964781961431896	3.743411304976941e-9
87.38056075858388	0.10964781961431896	1.5544103678554785e-10
100.00000000000031	0.10964781961431896	2.455780881598848e-12
111.55639876771902	0.10964781961431896	5.445982677067975e-14
138.21730389017998	0.10964781961431896	4.798181471351773e-19
171.24990861750976	0.10964781961431896	5.221517579183906e-26
212.17698780180757	0.10964781961431896	4.032770052718529e-39
262.885244821937	0.10964781961431896	2.4758272065647e-55