1.	0.001	0.021545
1.9999999999999998	0.001	0.0347174
2.288838595949997	0.001	0.04018407342639471
2.6193910591551774	0.001	0.04706442300412585
2.9976816770403563	0.001	0.05528063460067556
3.4306047603910415	0.001	0.06421267662745106
3.926050291516404	0.001	0.07218780216303115
4.493047718431742	0.001	0.07639488307092449
5.141930515695824	0.001	0.07352979190848051
5.884524511008838	0.001	0.06187810383266343
6.734363409805407	0.001	0.043760935131027245
7.706935445758021	0.001	0.025258486641014252
8.819965652373028	0.001	0.01177125268260019
10.093738900052346	0.001	0.0046393353761013945
11.551469585940843	0.001	0.001842898344797241
13.219724714121972	0.001	0.0008823265816760024
15.128908076758211	0.001	0.00046375815417869486
17.313814360331925	0.001	0.00023494932734149275
19.814263275520517	0.001	0.0001178247202271979
22.675825267662994	0.001	0.00005737816533224122
25.950652033822625	0.001	0.000026963945475125436
29.698426982540767	0.001	0.000012325955621014803
33.98745295832107	0.001	5.271667370844753e-6
38.895897054520105	0.001	2.0968319051405228e-6
44.51321520124173	0.001	8.046098023471175e-7
50.941782491215115	0.001	2.981253794561694e-7
58.29875895619149	0.001	1.0969305123921774e-7
66.71822479745835	0.001	4.1983230422532976e-8
76.35362398484546	0.001	1.494793270258709e-8
87.38056075858388	0.001	4.791084287812679e-9
100.00000000000031	0.001	1.5320314003481725e-9
111.55639876771902	0.001	5.837447259250132e-10
138.21730389017998	0.001	5.67717388588776e-11
171.24990861750976	0.001	1.811863411634374e-12
212.17698780180757	0.001	8.352109686739001e-15
262.885244821937	0.001	4.119111080092835e-18
1.	0.0011481536214968829	0.024270163726934156
1.9999999999999998	0.0011481536214968829	0.03924190661605073
2.288838595949997	0.0011481536214968829	0.0454728947443384
2.6193910591551774	0.0011481536214968829	0.053338975289888485
2.9976816770403563	0.0011481536214968829	0.06276881844936491
3.4306047603910415	0.0011481536214968829	0.07308190139449744
3.926050291516404	0.0011481536214968829	0.08236234772956762
4.493047718431742	0.0011481536214968829	0.08742334717125949
5.141930515695824	0.0011481536214968829	0.0843943564329649
5.884524511008838	0.0011481536214968829	0.07123501971215053
6.734363409805407	0.0011481536214968829	0.05050589227549719
7.706935445758021	0.0011481536214968829	0.029208597671231573
8.819965652373028	0.0011481536214968829	0.01362530693122658
10.093738900052346	0.0011481536214968829	0.005367551569881033
11.551469585940843	0.0011481536214968829	0.0021271046097591285
13.219724714121972	0.0011481536214968829	0.001017717067624054
15.128908076758211	0.0011481536214968829	0.0005336947476554917
17.313814360331925	0.0011481536214968829	0.00027042509967253
19.814263275520517	0.0011481536214968829	0.00013561541788838582
22.675825267662994	0.0011481536214968829	0.00006605444343860871
25.950652033822625	0.0011481536214968829	0.00003104331416552271
29.698426982540767	0.0011481536214968829	0.000014186494694180804
33.98745295832107	0.0011481536214968829	6.057628485994699e-6
38.895897054520105	0.0011481536214968829	2.418429882800422e-6
44.51321520124173	0.0011481536214968829	9.273845948126164e-7
50.941782491215115	0.0011481536214968829	3.4330669808015897e-7
58.29875895619149	0.0011481536214968829	1.2630962015881317e-7
66.71822479745835	0.0011481536214968829	4.831787551126952e-8
76.35362398484546	0.0011481536214968829	1.724367924172987e-8
87.38056075858388	0.0011481536214968829	5.526705066550121e-9
100.00000000000031	0.0011481536214968829	1.7671831401729161e-9
111.55639876771902	0.0011481536214968829	6.733309912771378e-10
138.21730389017998	0.0011481536214968829	6.548676932079278e-11
171.24990861750976	0.0011481536214968829	2.0902456855973003e-12
212.17698780180757	0.0011481536214968829	9.637157060176944e-15
262.885244821937	0.0011481536214968829	4.754018328503541e-18
1.	0.0013182567385564075	0.027263442608869263
1.9999999999999998	0.0013182567385564075	0.04424970398383686
2.288838595949997	0.0013182567385564075	0.051345752903627126
2.6193910591551774	0.0013182567385564075	0.06033229621106857
2.9976816770403563	0.0013182567385564075	0.07115298533481418
3.4306047603910415	0.0013182567385564075	0.08305021289280663
3.926050291516404	0.0013182567385564075	0.09387608238657492
4.493047718431742	0.0013182567385564075	0.09998963446169984
5.141930515695824	0.0013182567385564075	0.09686835052478564
5.884524511008838	0.0013182567385564075	0.08202616740798778
6.734363409805407	0.0013182567385564075	0.05834726362431593
7.706935445758021	0.0013182567385564075	0.03380902669940625
8.819965652373028	0.0013182567385564075	0.0157888289071091
10.093738900052346	0.0013182567385564075	0.006214993440386831
11.551469585940843	0.0013182567385564075	0.0024559621232551104
13.219724714121972	0.0013182567385564075	0.00117427975217798
15.128908076758211	0.0013182567385564075	0.000614524329953949
17.313814360331925	0.0013182567385564075	0.0003114723211542264
19.814263275520517	0.0013182567385564075	0.00015618488635105553
22.675825267662994	0.0013182567385564075	0.00007608609685571567
25.950652033822625	0.0013182567385564075	0.00003580429872245195
29.698426982540767	0.0013182567385564075	0.000016339299752506075
33.98745295832107	0.0013182567385564075	6.965545403024358e-6
38.895897054520105	0.0013182567385564075	2.780055578045465e-6
44.51321520124173	0.0013182567385564075	1.067165731245648e-6
50.941782491215115	0.0013182567385564075	3.9531683263827614e-7
58.29875895619149	0.0013182567385564075	1.4554702459131381e-7
66.71822479745835	0.0013182567385564075	5.562096804921436e-8
76.35362398484546	0.0013182567385564075	1.9901860120070348e-8
87.38056075858388	0.0013182567385564075	6.37841727837958e-9
100.00000000000031	0.0013182567385564075	2.039413146150428e-9
111.55639876771902	0.0013182567385564075	7.770399515444253e-10
138.21730389017998	0.0013182567385564075	7.557689381805598e-11
171.24990861750976	0.0013182567385564075	2.41261128809371e-12
212.17698780180757	0.0013182567385564075	1.1125870992179606e-14
262.885244821937	0.0013182567385564075	5.489935475752878e-18
1.	0.0015135612484362087	0.030529419645165923
1.9999999999999998	0.0015135612484362087	0.04976003352806161
2.288838595949997	0.0015135612484362087	0.057835000352877336
2.6193910591551774	0.0015135612484362087	0.06808868242664338
2.9976816770403563	0.0015135612484362087	0.08051961089846292
3.4306047603910415	0.0015135612484362087	0.09423189112598102
3.926050291516404	0.0015135612484362087	0.10689208529866917
4.493047718431742	0.0015135612484362087	0.11426706066028983
5.141930515695824	0.0015135612484362087	0.11114707961498982
5.884524511008838	0.0015135612484362087	0.09450523671697983
6.734363409805407	0.0015135612484362087	0.0674663599217736
7.706935445758021	0.0015135612484362087	0.03917786742980713
8.819965652373028	0.0015135612484362087	0.018321898011475143
10.093738900052346	0.0015135612484362087	0.007207929866751999
11.551469585940843	0.0015135612484362087	0.0028395836093307344
13.219724714121972	0.0015135612484362087	0.001362522626412779
15.128908076758211	0.0015135612484362087	0.000707911310595336
17.313814360331925	0.0015135612484362087	0.000358854276789038
19.814263275520517	0.0015135612484362087	0.00017996278053310837
22.675825267662994	0.0015135612484362087	0.00008769061690298472
25.950652033822625	0.0015135612484362087	0.000041266415224589976
29.698426982540767	0.0015135612484362087	0.00001882554818263634
33.98745295832107	0.0015135612484362087	8.050525306561234e-6
38.895897054520105	0.0015135612484362087	3.205885646370612e-6
44.51321520124173	0.0015135612484362087	1.2308392124150502e-6
50.941782491215115	0.0015135612484362087	4.5593650086555084e-7
58.29875895619149	0.0015135612484362087	1.6776675067684403e-7
66.71822479745835	0.0015135612484362087	6.409714890754909e-8
76.35362398484546	0.0015135612484362087	2.2916317636042774e-8
87.38056075858388	0.0015135612484362087	7.3442114876740625e-9
100.00000000000031	0.0015135612484362087	2.3480671390328296e-9
111.55639876771902	0.0015135612484362087	8.946221525279505e-10
138.21730389017998	0.0015135612484362087	8.70175862298233e-11
171.24990861750976	0.0015135612484362087	2.7782257042568737e-12
212.17698780180757	0.0015135612484362087	1.2815101875272752e-14
262.885244821937	0.0015135612484362087	6.325493775751917e-18
1.	0.0017378008287493763	0.03405801216052743
1.9999999999999998	0.0017378008287493763	0.05578222102807493
2.288838595949997	0.0017378008287493763	0.06494878039604256
2.6193910591551774	0.0017378008287493763	0.07664237006577147
2.9976816770403563	0.0017378008287493763	0.09089789805084812
3.4306047603910415	0.0017378008287493763	0.1067121871210818
3.926050291516404	0.0017378008287493763	0.12153205747191707
4.493047718431742	0.0017378008287493763	0.13049302303813576
5.141930515695824	0.0017378008287493763	0.12752304734472145
5.884524511008838	0.0017378008287493763	0.10891788995009748
6.734363409805407	0.0017378008287493763	0.07808172538390135
7.706935445758021	0.0017378008287493763	0.04545797650172835
8.819965652373028	0.0017378008287493763	0.02129380565483304
10.093738900052346	0.0017378008287493763	0.008364208816744116
11.551469585940843	0.0017378008287493763	0.003282937665006819
13.219724714121972	0.0017378008287493763	0.0015601511296048625
15.128908076758211	0.0017378008287493763	0.0008158479137416325
17.313814360331925	0.0017378008287493763	0.000413490020252644
19.814263275520517	0.0017378008287493763	0.00020746712811727305
22.675825267662994	0.0017378008287493763	0.00010117963665908776
25.950652033822625	0.0017378008287493763	0.00004759840828300974
29.698426982540767	0.0017378008287493763	0.000021693832906858755
33.98745295832107	0.0017378008287493763	9.330669895012099e-6
38.895897054520105	0.0017378008287493763	3.697895214695339e-6
44.51321520124173	0.0017378008287493763	1.4184985962064662e-6
50.941782491215115	0.0017378008287493763	5.260496909137926e-7
58.29875895619149	0.0017378008287493763	1.934549509762925e-7
66.71822479745835	0.0017378008287493763	7.395621465327169e-8
76.35362398484546	0.0017378008287493763	2.653469495346734e-8
87.38056075858388	0.0017378008287493763	8.50335833227152e-9
100.00000000000031	0.0017378008287493763	2.718487044491062e-9
111.55639876771902	0.0017378008287493763	1.0357240831079862e-9
138.21730389017998	0.0017378008287493763	1.0074846588062882e-10
171.24990861750976	0.0017378008287493763	3.217159898220693e-12
212.17698780180757	0.0017378008287493763	1.484392432578962e-14
262.885244821937	0.0017378008287493763	7.329631473630929e-18
1.	0.0019952623149688807	0.037835831273733044
1.9999999999999998	0.0019952623149688807	0.06231485490425499
2.288838595949997	0.0019952623149688807	0.07270131502277614
2.6193910591551774	0.0019952623149688807	0.08600962557068519
2.9976816770403563	0.0019952623149688807	0.10232716876506845
3.4306047603910415	0.0019952623149688807	0.1206072868448727
3.926050291516404	0.0019952623149688807	0.13795514913988588
4.493047718431742	0.0019952623149688807	0.14885211853023964
5.141930515695824	0.0019952623149688807	0.14624515307854508
5.884524511008838	0.0019952623149688807	0.1255789642142697
6.734363409805407	0.0019952623149688807	0.09043418134892098
7.706935445758021	0.0019952623149688807	0.052831644173294987
8.819965652373028	0.0019952623149688807	0.0247940418402598
10.093738900052346	0.0019952623149688807	0.009734903999314374
11.551469585940843	0.0019952623149688807	0.003795388666417506
13.219724714121972	0.0019952623149688807	0.0017976610519112278
15.128908076758211	0.0019952623149688807	0.0009404574152363885
17.313814360331925	0.0019952623149688807	0.0004766982133907408
19.814263275520517	0.0019952623149688807	0.0002392257748220254
22.675825267662994	0.0019952623149688807	0.00011673666499472973
25.950652033822625	0.0019952623149688807	0.0000548935727298375
29.698426982540767	0.0019952623149688807	0.000025013039946269524
33.98745295832107	0.0019952623149688807	0.000010665570777402656
38.895897054520105	0.0019952623149688807	4.267839016690998e-6
44.51321520124173	0.0019952623149688807	1.6379895464948348e-6
50.941782491215115	0.0019952623149688807	6.068995430019417e-7
58.29875895619149	0.0019952623149688807	2.2311541200805585e-7
66.71822479745835	0.0019952623149688807	8.535636212203163e-8
76.35362398484546	0.0019952623149688807	3.057240071623557e-8
87.38056075858388	0.0019952623149688807	9.7967104631787e-9
100.00000000000031	0.0019952623149688807	3.1317185872365882e-9
111.55639876771902	0.0019952623149688807	1.193125852060917e-9
138.21730389017998	0.0019952623149688807	1.1606745792840568e-10
171.24990861750976	0.0019952623149688807	3.707042275823584e-12
212.17698780180757	0.0019952623149688807	1.7109829698193797e-14
262.885244821937	0.0019952623149688807	8.452052622822034e-18
1.	0.0022908676527677745	0.041829268290410025
1.9999999999999998	0.0022908676527677745	0.06932574433055333
2.288838595949997	0.0022908676527677745	0.08106667650251788
2.6193910591551774	0.0022908676527677745	0.09621027114889395
2.9976816770403563	0.0022908676527677745	0.11483498248154446
3.4306047603910415	0.0022908676527677745	0.135951073527675
3.926050291516404	0.0022908676527677745	0.15628386130180416
4.493047718431742	0.0022908676527677745	0.1695867818276068
5.141930515695824	0.0022908676527677745	0.16762481440696525
5.884524511008838	0.0022908676527677745	0.14483063510805375
6.734363409805407	0.0022908676527677745	0.10488673322135071
7.706935445758021	0.0022908676527677745	0.06152663399968949
8.819965652373028	0.0022908676527677745	0.02892139458683403
10.093738900052346	0.0022908676527677745	0.011330702413608014
11.551469585940843	0.0022908676527677745	0.004401249765307988
13.219724714121972	0.0022908676527677745	0.0020719850413963388
15.128908076758211	0.0022908676527677745	0.0010846968795958371
17.313814360331925	0.0022908676527677745	0.000550404838099348
19.814263275520517	0.0022908676527677745	0.0002758777409939904
22.675825267662994	0.0022908676527677745	0.0001348893045663396
25.950652033822625	0.0022908676527677745	0.00006343867868206804
29.698426982540767	0.0022908676527677745	0.000028870265622163472
33.98745295832107	0.0022908676527677745	0.00001237866727594546
38.895897054520105	0.0022908676527677745	4.928979220644951e-6
44.51321520124173	0.0022908676527677745	1.8914151721264366e-6
50.941782491215115	0.0022908676527677745	7.007204979898471e-7
58.29875895619149	0.0022908676527677745	2.5771119678808924e-7
66.71822479745835	0.0022908676527677745	9.852313276121315e-8
76.35362398484546	0.0022908676527677745	3.53081050387894e-8
87.38056075858388	0.0022908676527677745	1.1313437858772527e-8
100.00000000000031	0.0022908676527677745	3.616243673672889e-9
111.55639876771902	0.0022908676527677745	1.3776739553620778e-9
138.21730389017998	0.0022908676527677745	1.340306348088677e-10
171.24990861750976	0.0022908676527677745	4.281711907510991e-12
212.17698780180757	0.0022908676527677745	1.9769616320697293e-14
262.885244821937	0.0022908676527677745	9.770710760307782e-18
1.	0.0026302679918953843	0.04600007532291476
1.9999999999999998	0.0026302679918953843	0.07675545604120547
2.288838595949997	0.0026302679918953843	0.08999448282233502
2.6193910591551774	0.0026302679918953843	0.10717299468210932
2.9976816770403563	0.0026302679918953843	0.12844001381153103
3.4306047603910415	0.0026302679918953843	0.1527851296608929
3.926050291516404	0.0026302679918953843	0.1766458879111425
4.493047718431742	0.0026302679918953843	0.19295579610402122
5.141930515695824	0.0026302679918953843	0.19205583809773527
5.884524511008838	0.0026302679918953843	0.16706762807208786
6.734363409805407	0.0026302679918953843	0.12178572475874473
7.706935445758021	0.0026302679918953843	0.07179777330718579
8.819965652373028	0.0026302679918953843	0.0338219193433963
10.093738900052346	0.0026302679918953843	0.013244971576041365
11.551469585940843	0.0026302679918953843	0.005109505547838484
13.219724714121972	0.0026302679918953843	0.002384353498243434
15.128908076758211	0.0026302679918953843	0.0012523567298331506
17.313814360331925	0.0026302679918953843	0.0006360696697787485
19.814263275520517	0.0026302679918953843	0.0003185804103618144
22.675825267662994	0.0026302679918953843	0.00015592623832954455
25.950652033822625	0.0026302679918953843	0.00007334135102610173
29.698426982540767	0.0026302679918953843	0.000033384053679247886
33.98745295832107	0.0026302679918953843	0.0000143706967509826
38.895897054520105	0.0026302679918953843	5.687930719888537e-6
44.51321520124173	0.0026302679918953843	2.184455016854839e-6
50.941782491215115	0.0026302679918953843	8.103190941326213e-7
58.29875895619149	0.0026302679918953843	2.9794362043763406e-7
66.71822479745835	0.0026302679918953843	1.139877202800644e-7
76.35362398484546	0.0026302679918953843	4.085158514757708e-8
87.38056075858388	0.0026302679918953843	1.308860460379437e-8
100.00000000000031	0.0026302679918953843	4.183239340137054e-9
111.55639876771902	0.0026302679918953843	1.5936154578283092e-9
138.21730389017998	0.0026302679918953843	1.5505302637282912e-10
171.24990861750976	0.0026302679918953843	4.95454570160389e-12
212.17698780180757	0.0026302679918953843	2.288610199496404e-14
262.885244821937	0.0026302679918953843	1.1317270758820704e-17
1.	0.003019951720402019	0.05026291644498537
1.9999999999999998	0.003019951720402019	0.08453123070092047
2.288838595949997	0.003019951720402019	0.09940666532012547
2.6193910591551774	0.003019951720402019	0.11881911486608196
2.9976816770403563	0.003019951720402019	0.14306816815146733
3.4306047603910415	0.003019951720402019	0.1710943454314707
3.926050291516404	0.003019951720402019	0.19913910491936768
4.493047718431742	0.003019951720402019	0.21913803175022945
5.141930515695824	0.003019951720402019	0.2198711028781719
5.884524511008838	0.003019951720402019	0.19285184227549557
6.734363409805407	0.003019951720402019	0.14157388770582705
7.706935445758021	0.003019951720402019	0.08398912516427974
8.819965652373028	0.003019951720402019	0.039645399968018684
10.093738900052346	0.003019951720402019	0.015508454968990573
11.551469585940843	0.003019951720402019	0.005938313455848503
13.219724714121972	0.003019951720402019	0.002751654767730602
15.128908076758211	0.003019951720402019	0.0014465282472238107
17.313814360331925	0.003019951720402019	0.000736210330648339
19.814263275520517	0.003019951720402019	0.0003678396330252322
22.675825267662994	0.003019951720402019	0.0001804513719733359
25.950652033822625	0.003019951720402019	0.0000848401520438393
29.698426982540767	0.003019951720402019	0.00003860378558535257
33.98745295832107	0.003019951720402019	0.00001659015134999173
38.895897054520105	0.003019951720402019	6.588109959381377e-6
44.51321520124173	0.003019951720402019	2.522257795834189e-6
50.941782491215115	0.003019951720402019	9.37059886648424e-7
58.29875895619149	0.003019951720402019	3.447935131301844e-7
66.71822479745835	0.003019951720402019	1.3174086206962644e-7
76.35362398484546	0.003019951720402019	4.7163118619880523e-8
87.38056075858388	0.003019951720402019	1.510942945080529e-8
100.00000000000031	0.003019951720402019	4.828517724615483e-9
111.55639876771902	0.003019951720402019	1.8393505964724246e-9
138.21730389017998	0.003019951720402019	1.7898108038344982e-10
171.24990861750976	0.003019951720402019	5.72080236352343e-12
212.17698780180757	0.003019951720402019	2.6438627584481825e-14
262.885244821937	0.003019951720402019	1.3082377402092886e-17
1.	0.00346736850452532	0.05453968570505094
1.9999999999999998	0.00346736850452532	0.09251547331295316
2.288838595949997	0.00346736850452532	0.10919288622064881
2.6193910591551774	0.00346736850452532	0.1310350362457824
2.9976816770403563	0.00346736850452532	0.15856407327848582
3.4306047603910415	0.00346736850452532	0.19085125007358383
3.926050291516404	0.00346736850452532	0.22375093036976915
4.493047718431742	0.00346736850452532	0.24832380356756661
5.141930515695824	0.00346736850452532	0.25150587420185655
5.884524511008838	0.00346736850452532	0.22261959398794023
6.734363409805407	0.00346736850452532	0.16487468915181064
7.706935445758021	0.00346736850452532	0.09842626290112402
8.819965652373028	0.00346736850452532	0.04660387916557085
10.093738900052346	0.00346736850452532	0.018200490047436114
11.551469585940843	0.00346736850452532	0.0069226020117635345
13.219724714121972	0.00346736850452532	0.0031839990025029716
15.128908076758211	0.00346736850452532	0.0016735662050725675
17.313814360331925	0.00346736850452532	0.0008522611626583011
19.814263275520517	0.00346736850452532	0.0004257590705113077
22.675825267662994	0.00346736850452532	0.00020897605046536988
25.950652033822625	0.00346736850452532	0.00009826817664916422
29.698426982540767	0.00346736850452532	0.00004486471740365892
33.98745295832107	0.00346736850452532	0.000019166473245067885
38.895897054520105	0.00346736850452532	7.617293490371686e-6
44.51321520124173	0.00346736850452532	2.9238643096155127e-6
50.941782491215115	0.00346736850452532	1.0850945132578105e-6
58.29875895619149	0.00346736850452532	3.9913564523963784e-7
66.71822479745835	0.00346736850452532	1.524776791654079e-7
76.35362398484546	0.00346736850452532	5.474513137726814e-8
87.38056075858388	0.00346736850452532	1.7536562969421905e-8
100.00000000000031	0.00346736850452532	5.603387874846037e-9
111.55639876771902	0.00346736850452532	2.1344133265933286e-9
138.21730389017998	0.00346736850452532	2.0771731745697146e-10
171.24990861750976	0.00346736850452532	6.6415265882241525e-12
212.17698780180757	0.00346736850452532	3.0711128964821866e-14
262.885244821937	0.00346736850452532	1.5207638704293185e-17
1.	0.003981071705534978	0.058698411290519524
1.9999999999999998	0.003981071705534978	0.1005310227400808
2.288838595949997	0.003981071705534978	0.11909793817964087
2.6193910591551774	0.003981071705534978	0.14358812381914793
2.9976816770403563	0.003981071705534978	0.17475819168514115
3.4306047603910415	0.003981071705534978	0.21183543511299546
3.926050291516404	0.003981071705534978	0.2504940983193743
4.493047718431742	0.003981071705534978	0.28069598102799487
5.141930515695824	0.003981071705534978	0.2873080954668214
5.884524511008838	0.003981071705534978	0.2570877704682546
6.734363409805407	0.003981071705534978	0.19224082455200436
7.706935445758021	0.003981071705534978	0.1156384184260546
8.819965652373028	0.003981071705534978	0.05501626613251623
10.093738900052346	0.003981071705534978	0.02143155556299741
11.551469585940843	0.003981071705534978	0.008098642063508275
13.219724714121972	0.003981071705534978	0.0037006789037448574
15.128908076758211	0.003981071705534978	0.0019373073776094711
17.313814360331925	0.003981071705534978	0.000987538615520955
19.814263275520517	0.003981071705534978	0.000493364486141286
22.675825267662994	0.003981071705534978	0.00024226012219524928
25.950652033822625	0.003981071705534978	0.00011391493284200576
29.698426982540767	0.003981071705534978	0.000051937137300152565
33.98745295832107	0.003981071705534978	0.00002221763662056043
38.895897054520105	0.003981071705534978	8.843852131910354e-6
44.51321520124173	0.003981071705534978	3.385876586116454e-6
50.941782491215115	0.003981071705534978	1.2585763780695293e-6
58.29875895619149	0.003981071705534978	4.6290465371246735e-7
66.71822479745835	0.003981071705534978	1.7684878975503532e-7
76.35362398484546	0.003981071705534978	6.327194585284412e-8
87.38056075858388	0.003981071705534978	2.0265458348873072e-8
100.00000000000031	0.003981071705534978	6.474337419034354e-9
111.55639876771902	0.003981071705534978	2.4660180029719862e-9
138.21730389017998	0.003981071705534978	2.400208559635345e-10
171.24990861750976	0.003981071705534978	7.677356502675715e-12
212.17698780180757	0.003981071705534978	3.5524012519735536e-14
262.885244821937	0.003981071705534978	1.7605625096130923e-17
1.	0.0045708818961487565	0.06260290976956634
1.9999999999999998	0.0045708818961487565	0.10839502070058292
2.288838595949997	0.0045708818961487565	0.12893092644439702
2.6193910591551774	0.0045708818961487565	0.15622713293625878
2.9976816770403563	0.0045708818961487565	0.1913772110486997
3.4306047603910415	0.0045708818961487565	0.23385349806515793
3.926050291516404	0.0045708818961487565	0.2791251036622135
4.493047718431742	0.0045708818961487565	0.3161629591909455
5.141930515695824	0.0045708818961487565	0.3275801046897644
5.884524511008838	0.0045708818961487565	0.2967467441104395
6.734363409805407	0.0045708818961487565	0.22444279734534378
7.706935445758021	0.0045708818961487565	0.13629148228646534
8.819965652373028	0.0045708818961487565	0.06516121265515608
10.093738900052346	0.0045708818961487565	0.025358788655911686
11.551469585940843	0.0045708818961487565	0.009442526742227954
13.219724714121972	0.0045708818961487565	0.0042990853421556435
15.128908076758211	0.0045708818961487565	0.002244586940829068
17.313814360331925	0.0045708818961487565	0.0011444072315594986
19.814263275520517	0.0045708818961487565	0.0005722576583622207
22.675825267662994	0.0045708818961487565	0.0002811549792698956
25.950652033822625	0.0045708818961487565	0.00013223624162212263
29.698426982540767	0.0045708818961487565	0.000060329310716549676
33.98745295832107	0.0045708818961487565	0.000025903989256875756
38.895897054520105	0.0045708818961487565	0.000010264014044967018
44.51321520124173	0.0045708818961487565	3.944865893845227e-6
50.941782491215115	0.0045708818961487565	1.4605974332919076e-6
58.29875895619149	0.0045708818961487565	5.371753959412251e-7
66.71822479745835	0.0045708818961487565	2.0522475389004276e-7
76.35362398484546	0.0045708818961487565	7.315310486797134e-8
87.38056075858388	0.0045708818961487565	2.3427059344316998e-8
100.00000000000031	0.0045708818961487565	7.483021960710384e-9
111.55639876771902	0.0045708818961487565	2.8500220009975863e-9
138.21730389017998	0.0045708818961487565	2.7744007758440624e-10
171.24990861750976	0.0045708818961487565	8.878136906117435e-12
212.17698780180757	0.0045708818961487565	4.111080415162131e-14
262.885244821937	0.0045708818961487565	2.039416843021789e-17
1.	0.005248074602497733	0.06609201827431868
1.9999999999999998	0.005248074602497733	0.11578803937573459
2.288838595949997	0.005248074602497733	0.13831294141862713
2.6193910591551774	0.005248074602497733	0.168556178950524
2.9976816770403563	0.005248074602497733	0.20798628251761003
3.4306047603910415	0.005248074602497733	0.25638264240177144
3.926050291516404	0.005248074602497733	0.3093462083171762
4.493047718431742	0.005248074602497733	0.3548160618514207
5.141930515695824	0.005248074602497733	0.3726162752706018
5.884524511008838	0.005248074602497733	0.3424268856503978
6.734363409805407	0.005248074602497733	0.26244291029240274
7.706935445758021	0.005248074602497733	0.16111365183111118
8.819965652373028	0.005248074602497733	0.07759421585923486
10.093738900052346	0.005248074602497733	0.03013972688203765
11.551469585940843	0.005248074602497733	0.01110890893992855
13.219724714121972	0.005248074602497733	0.004991013973312463
15.128908076758211	0.005248074602497733	0.002604507792051144
17.313814360331925	0.005248074602497733	0.0013292174563946338
19.814263275520517	0.005248074602497733	0.0006633704285295174
22.675825267662994	0.005248074602497733	0.00032697098185041314
25.950652033822625	0.005248074602497733	0.00015381468721850503
29.698426982540767	0.005248074602497733	0.00007007511949910845
33.98745295832107	0.005248074602497733	0.000030076467588463955
38.895897054520105	0.005248074602497733	0.000011928222584649449
44.51321520124173	0.005248074602497733	4.576377591643038e-6
50.941782491215115	0.005248074602497733	1.698869491798846e-6
58.29875895619149	0.005248074602497733	6.244225993486418e-7
66.71822479745835	0.005248074602497733	2.3871983885431653e-7
76.35362398484546	0.005248074602497733	8.51623985892372e-8
87.38056075858388	0.005248074602497733	2.7268529977632156e-8
100.00000000000031	0.005248074602497733	8.70827183742456e-9
111.55639876771902	0.005248074602497733	3.316397923772424e-9
138.21730389017998	0.005248074602497733	3.2289840934387387e-10
171.24990861750976	0.005248074602497733	1.0338027195330667e-11
212.17698780180757	0.005248074602497733	4.791174218200506e-14
262.885244821937	0.005248074602497733	2.3794300917728794e-17
1.	0.006025595860743587	0.06917918356499118
1.9999999999999998	0.006025595860743587	0.12243996458743242
2.288838595949997	0.006025595860743587	0.14691383524378304
2.6193910591551774	0.006025595860743587	0.18013706127476095
2.9976816770403563	0.006025595860743587	0.22404212717579103
3.4306047603910415	0.006025595860743587	0.2789374722916098
3.926050291516404	0.006025595860743587	0.3405888622537201
4.493047718431742	0.006025595860743587	0.3961745561473985
5.141930515695824	0.006025595860743587	0.4226607142552651
5.884524511008838	0.006025595860743587	0.39483225640186853
6.734363409805407	0.006025595860743587	0.3073033536761783
7.706935445758021	0.006025595860743587	0.1910723847825932
8.819965652373028	0.006025595860743587	0.09273470351554793
10.093738900052346	0.006025595860743587	0.036006057944382684
11.551469585940843	0.006025595860743587	0.013116166888631105
13.219724714121972	0.006025595860743587	0.005813109569331372
15.128908076758211	0.006025595860743587	0.0030279122660983896
17.313814360331925	0.006025595860743587	0.0015455244119547658
19.814263275520517	0.006025595860743587	0.0007730327619078981
22.675825267662994	0.006025595860743587	0.00038067116059217006
25.950652033822625	0.006025595860743587	0.00017932581328208998
29.698426982540767	0.006025595860743587	0.00008209193949416875
33.98745295832107	0.006025595860743587	0.00003495649099851142
38.895897054520105	0.006025595860743587	0.000013903802115899097
44.51321520124173	0.006025595860743587	5.318998147222394e-6
50.941782491215115	0.006025595860743587	1.9783976103228487e-6
58.29875895619149	0.006025595860743587	7.266544390691875e-7
66.71822479745835	0.006025595860743587	2.7825832770515e-7
76.35362398484546	0.006025595860743587	9.8817480632897e-8
87.38056075858388	0.006025595860743587	3.1634920253288937e-8
100.00000000000031	0.006025595860743587	1.0100269760040467e-8
111.55639876771902	0.006025595860743587	3.846150878905723e-9
138.21730389017998	0.006025595860743587	3.745546813009415e-10
171.24990861750976	0.006025595860743587	1.1998868372046687e-11
212.17698780180757	0.006025595860743587	5.566338599040011e-14
262.885244821937	0.006025595860743587	2.7678854680756525e-17
1.	0.006918309709189377	0.0713329992983747
1.9999999999999998	0.006918309709189377	0.1278359982421905
2.288838595949997	0.006918309709189377	0.15422386934673088
2.6193910591551774	0.006918309709189377	0.1904081322676231
2.9976816770403563	0.006918309709189377	0.2388442345781746
3.4306047603910415	0.006918309709189377	0.3006446788688724
3.926050291516404	0.006918309709189377	0.37203502456428894
4.493047718431742	0.006918309709189377	0.4397367133810871
5.141930515695824	0.006918309709189377	0.4775289661418265
5.884524511008838	0.006918309709189377	0.4545114807405505
6.734363409805407	0.006918309709189377	0.3603495163492486
7.706935445758021	0.006918309709189377	0.2273276110883045
8.819965652373028	0.006918309709189377	0.11130744713759556
10.093738900052346	0.006918309709189377	0.04323565957656227
11.551469585940843	0.006918309709189377	0.01557747625792966
13.219724714121972	0.006918309709189377	0.006793307355620776
15.128908076758211	0.006918309709189377	0.00352367345934409
17.313814360331925	0.006918309709189377	0.0017980047615973856
19.814263275520517	0.006918309709189377	0.0009002051446945632
22.675825267662994	0.006918309709189377	0.00044402416982585824
25.950652033822625	0.006918309709189377	0.000209498425254644
29.698426982540767	0.006918309709189377	0.00009549605635276212
33.98745295832107	0.006918309709189377	0.00004156548935303189
38.895897054520105	0.006918309709189377	0.00001625481442246198
44.51321520124173	0.006918309709189377	6.220270453308081e-6
50.941782491215115	0.006918309709189377	2.3071605506116306e-6
58.29875895619149	0.006918309709189377	8.475901033563831e-7
66.71822479745835	0.006918309709189377	3.2420244715532645e-7
76.35362398484546	0.006918309709189377	1.1520247441077542e-7
87.38056075858388	0.006918309709189377	3.687255878979921e-8
100.00000000000031	0.006918309709189377	1.1769266681423797e-8
111.55639876771902	0.006918309709189377	4.4812341698115075e-9
138.21730389017998	0.006918309709189377	4.365035248986757e-10
171.24990861750976	0.006918309709189377	1.3992694197164752e-11
212.17698780180757	0.006918309709189377	6.49858852392833e-14
262.885244821937	0.006918309709189377	3.236139193640191e-17
1.	0.00794328234724283	0.07252660035203755
1.9999999999999998	0.00794328234724283	0.13167200377368307
2.288838595949997	0.00794328234724283	0.15973287002201697
2.6193910591551774	0.00794328234724283	0.19864015936645374
2.9976816770403563	0.00794328234724283	0.2515862863377705
3.4306047603910415	0.00794328234724283	0.32049682248391154
3.926050291516404	0.00794328234724283	0.40260409918400686
4.493047718431742	0.00794328234724283	0.484542760197257
5.141930515695824	0.00794328234724283	0.5374361160695895
5.884524511008838	0.00794328234724283	0.5227346215661763
6.734363409805407	0.00794328234724283	0.42277061755447676
7.706935445758021	0.00794328234724283	0.2714848158630095
8.819965652373028	0.00794328234724283	0.13449759276993795
10.093738900052346	0.00794328234724283	0.05230392293944161
11.551469585940843	0.00794328234724283	0.01857281107255629
13.219724714121972	0.00794328234724283	0.007936133067209408
15.128908076758211	0.00794328234724283	0.004107603948374793
17.313814360331925	0.00794328234724283	0.0020981346991721748
19.814263275520517	0.00794328234724283	0.0010526257286118431
22.675825267662994	0.00794328234724283	0.000518910061013195
25.950652033822625	0.00794328234724283	0.00024465810143985687
29.698426982540767	0.00794328234724283	0.00011201163367741297
33.98745295832107	0.00794328234724283	0.00004770962080181786
38.895897054520105	0.00794328234724283	0.000019004423699178827
44.51321520124173	0.00794328234724283	7.2477716611390505e-6
50.941782491215115	0.00794328234724283	2.694593321536641e-6
58.29875895619149	0.00794328234724283	9.910968402092801e-7
66.71822479745835	0.00794328234724283	3.7727950043761067e-7
76.35362398484546	0.00794328234724283	1.337444398681742e-7
87.38056075858388	0.00794328234724283	4.2796731762118304e-8
100.00000000000031	0.00794328234724283	1.3655873658476704e-8
111.55639876771902	0.00794328234724283	5.1989325903193746e-9
138.21730389017998	0.00794328234724283	5.065489962228252e-10
171.24990861750976	0.00794328234724283	1.6250519863806346e-11
212.17698780180757	0.00794328234724283	7.556869961199153e-14
262.885244821937	0.00794328234724283	3.76938907422989e-17
1.	0.009120108393559116	0.07270309975906732
1.9999999999999998	0.009120108393559116	0.13356399741731076
2.288838595949997	0.009120108393559116	0.1629548527322677
2.6193910591551774	0.009120108393559116	0.2042181522347164
2.9976816770403563	0.009120108393559116	0.261310281203767
3.4306047603910415	0.009120108393559116	0.33732887906180886
3.926050291516404	0.009120108393559116	0.4312100115490375
4.493047718431742	0.009120108393559116	0.529622542456274
5.141930515695824	0.009120108393559116	0.6007479123851558
5.884524511008838	0.009120108393559116	0.5990333539892387
6.734363409805407	0.009120108393559116	0.4969512971162432
7.706935445758021	0.009120108393559116	0.3253517300140066
8.819965652373028	0.009120108393559116	0.16341759305577577
10.093738900052346	0.009120108393559116	0.06386817326241813
11.551469585940843	0.009120108393559116	0.022236663597688267
13.219724714121972	0.009120108393559116	0.00925327052642047
15.128908076758211	0.009120108393559116	0.0047978003822641965
17.313814360331925	0.009120108393559116	0.0024509125621317955
19.814263275520517	0.009120108393559116	0.0012396675344224356
22.675825267662994	0.009120108393559116	0.0006076844046481113
25.950652033822625	0.009120108393559116	0.00028701863894703585
29.698426982540767	0.009120108393559116	0.00013116649784406114
33.98745295832107	0.009120108393559116	0.00005550231924104688
38.895897054520105	0.009120108393559116	0.000022250215523051895
44.51321520124173	0.009120108393559116	8.464965784956337e-6
50.941782491215115	0.009120108393559116	3.1561238290964954e-6
58.29875895619149	0.009120108393559116	1.1598709064489213e-6
66.71822479745835	0.009120108393559116	4.410501815380347e-7
76.35362398484546	0.009120108393559116	1.5685026101644684e-7
87.38056075858388	0.009120108393559116	5.017588732816404e-8
100.00000000000031	0.009120108393559116	1.600472767070221e-8
111.55639876771902	0.009120108393559116	6.09230018124505e-9
138.21730389017998	0.009120108393559116	5.93778152135508e-10
171.24990861750976	0.009120108393559116	1.9065521486842065e-11
212.17698780180757	0.009120108393559116	8.878975515317696e-14
262.885244821937	0.009120108393559116	4.437273505555246e-17
1.	0.010471285480509017	0.07173981035133895
1.9999999999999998	0.010471285480509017	0.13322400365354017
2.288838595949997	0.010471285480509017	0.16347084742472276
2.6193910591551774	0.010471285480509017	0.20649314518511233
2.9976816770403563	0.010471285480509017	0.26707925921062303
3.4306047603910415	0.010471285480509017	0.3499968774814219
3.926050291516404	0.010471285480509017	0.4554897990879159
4.493047718431742	0.010471285480509017	0.5721770731729227
5.141930515695824	0.010471285480509017	0.6662983076617266
5.884524511008838	0.010471285480509017	0.6836545583995595
6.734363409805407	0.010471285480509017	0.5833774003291456
7.706935445758021	0.010471285480509017	0.3920031799210907
8.819965652373028	0.010471285480509017	0.19996935732921986
10.093738900052346	0.010471285480509017	0.07848196713176112
11.551469585940843	0.010471285480509017	0.02692452532062019
13.219724714121972	0.010471285480509017	0.011004911418702426
15.128908076758211	0.010471285480509017	0.005616041067681132
17.313814360331925	0.010471285480509017	0.002873097285790759
19.814263275520517	0.010471285480509017	0.0014492186609625526
22.675825267662994	0.010471285480509017	0.0007137589555616007
25.950652033822625	0.010471285480509017	0.000337309973411752
29.698426982540767	0.010471285480509017	0.00015392419697926038
33.98745295832107	0.010471285480509017	0.00006515226994809463
38.895897054520105	0.010471285480509017	0.000026109481957697032
44.51321520124173	0.010471285480509017	9.916429708484864e-6
50.941782491215115	0.010471285480509017	3.702231056594794e-6
58.29875895619149	0.010471285480509017	1.3599909166206822e-6
66.71822479745835	0.010471285480509017	5.169983291156167e-7
76.35362398484546	0.010471285480509017	1.8486987215702702e-7
87.38056075858388	0.010471285480509017	5.911999650821097e-8
100.00000000000031	0.010471285480509017	1.8849770608793413e-8
111.55639876771902	0.010471285480509017	7.174113046992558e-9
138.21730389017998	0.010471285480509017	6.994635102534407e-10
171.24990861750976	0.010471285480509017	2.2481496543191482e-11
212.17698780180757	0.010471285480509017	1.0487503424588613e-13
262.885244821937	0.010471285480509017	5.2525179161127463e-17
1.	0.012022644346174156	0.06981493072964275
1.9999999999999998	0.012022644346174156	0.13047987173170378
2.288838595949997	0.012022644346174156	0.16097770956381474
2.6193910591551774	0.012022644346174156	0.20493703223991452
2.9976816770403563	0.012022644346174156	0.26807123547139533
3.4306047603910415	0.012022644346174156	0.35673812027235685
3.926050291516404	0.012022644346174156	0.47380131302361417
4.493047718431742	0.012022644346174156	0.6098172011017197
5.141930515695824	0.012022644346174156	0.7310635524418629
5.884524511008838	0.012022644346174156	0.7748399123102429
6.734363409805407	0.012022644346174156	0.6836471216101649
7.706935445758021	0.012022644346174156	0.47340845426717026
8.819965652373028	0.012022644346174156	0.24661937302497278
10.093738900052346	0.012022644346174156	0.09735799403776846
11.551469585940843	0.012022644346174156	0.03292593796118433
13.219724714121972	0.012022644346174156	0.01304097763513562
15.128908076758211	0.012022644346174156	0.006588717067178497
17.313814360331925	0.012022644346174156	0.0033767752520670346
19.814263275520517	0.012022644346174156	0.0016919622258496662
22.675825267662994	0.012022644346174156	0.0008398453631540486
25.950652033822625	0.012022644346174156	0.00039738027594124394
29.698426982540767	0.012022644346174156	0.0001812641722527199
33.98745295832107	0.012022644346174156	0.0000771176840781108
38.895897054520105	0.012022644346174156	0.000030746164706496875
44.51321520124173	0.012022644346174156	0.000011696835303783232
50.941782491215115	0.012022644346174156	4.35831947831623e-6
58.29875895619149	0.012022644346174156	1.5994325039862165e-6
66.71822479745835	0.012022644346174156	6.090366817432209e-7
76.35362398484546	0.012022644346174156	2.1669392216297144e-7
87.38056075858388	0.012022644346174156	6.927117770023191e-8
100.00000000000031	0.012022644346174156	2.207579724532896e-8
111.55639876771902	0.012022644346174156	8.400350061152157e-9
138.21730389017998	0.012022644346174156	8.193506172751167e-10
171.24990861750976	0.012022644346174156	2.636503665479752e-11
212.17698780180757	0.012022644346174156	1.232295026814713e-13
262.885244821937	0.012022644346174156	6.187091122728175e-17
1.	0.01380384264602888	0.06703262928612365
1.9999999999999998	0.01380384264602888	0.12532785632431714
2.288838595949997	0.01380384264602888	0.15526668455829143
2.6193910591551774	0.01380384264602888	0.19913198673363325
2.9976816770403563	0.01380384264602888	0.2637331502356828
3.4306047603910415	0.01380384264602888	0.3565570490885057
3.926050291516404	0.01380384264602888	0.48356507092038203
4.493047718431742	0.01380384264602888	0.639877743832834
5.141930515695824	0.01380384264602888	0.7921971441593277
5.884524511008838	0.01380384264602888	0.8710916343789301
6.734363409805407	0.01380384264602888	0.7984688965690298
7.706935445758021	0.01380384264602888	0.5726095749955028
8.819965652373028	0.01380384264602888	0.3063526471550933
10.093738900052346	0.01380384264602888	0.12199652115094314
11.551469585940843	0.01380384264602888	0.04070451408623424
13.219724714121972	0.01380384264602888	0.01549746778592646
15.128908076758211	0.01380384264602888	0.007751135338431249
17.313814360331925	0.01380384264602888	0.003976373667180039
19.814263275520517	0.01380384264602888	0.001992436618700639
22.675825267662994	0.01380384264602888	0.0009915547773932847
25.950652033822625	0.01380384264602888	0.0004694864661064526
29.698426982540767	0.01380384264602888	0.00021449904784570488
33.98745295832107	0.01380384264602888	0.00009084689873011308
38.895897054520105	0.01380384264602888	0.00003624407371184774
44.51321520124173	0.01380384264602888	0.000013811831812557189
50.941782491215115	0.01380384264602888	5.141203178489878e-6
58.29875895619149	0.01380384264602888	1.8851153200866422e-6
66.71822479745835	0.01380384264602888	7.171414965405612e-7
76.35362398484546	0.01380384264602888	2.5279488749772717e-7
87.38056075858388	0.01380384264602888	8.077660989422635e-8
100.00000000000031	0.01380384264602888	2.5728342016875292e-8
111.55639876771902	0.01380384264602888	9.788116433916017e-9
138.21730389017998	0.01380384264602888	9.55153087527086e-10
171.24990861750976	0.01380384264602888	3.077531096304322e-11
212.17698780180757	0.01380384264602888	1.4416114854237957e-13
262.885244821937	0.01380384264602888	7.258556896499941e-17
1.	0.015848931924611172	0.06364155335915055
1.9999999999999998	0.015848931924611172	0.11843788085883576
2.288838595949997	0.015848931924611172	0.14711871216871533
2.6193910591551774	0.015848931924611172	0.1898219953411971
2.9976816770403563	0.015848931924611172	0.2536941503698894
3.4306047603910415	0.015848931924611172	0.34834506603394516
3.926050291516404	0.015848931924611172	0.483111915750245
4.493047718431742	0.015848931924611172	0.6577563343704055
5.141930515695824	0.015848931924611172	0.8444376194852626
5.884524511008838	0.015848931924611172	0.9679540573721701
6.734363409805407	0.015848931924611172	0.9273921121705193
7.706935445758021	0.015848931924611172	0.6933300722605387
8.819965652373028	0.015848931924611172	0.3834225555544005
10.093738900052346	0.015848931924611172	0.15510683116853158
11.551469585940843	0.015848931924611172	0.05115975210284022
13.219724714121972	0.015848931924611172	0.018761329045163408
15.128908076758211	0.015848931924611172	0.009155846869711914
17.313814360331925	0.015848931924611172	0.004698628354736901
19.814263275520517	0.015848931924611172	0.0023511603998771073
22.675825267662994	0.015848931924611172	0.0011740482203555587
25.950652033822625	0.015848931924611172	0.0005567374612080742
29.698426982540767	0.015848931924611172	0.00025409772137446884
33.98745295832107	0.015848931924611172	0.00010727288244439772
38.895897054520105	0.015848931924611172	0.000043003146884099645
44.51321520124173	0.015848931924611172	0.00001632061639690424
50.941782491215115	0.015848931924611172	6.079363215189054e-6
58.29875895619149	0.015848931924611172	2.2282270908597045e-6
66.71822479745835	0.015848931924611172	8.462157155162064e-7
76.35362398484546	0.015848931924611172	3.028293865497496e-7
87.38056075858388	0.015848931924611172	9.671648391564948e-8
100.00000000000031	0.015848931924611172	3.078589959338506e-8
111.55639876771902	0.015848931924611172	1.1709324327227695e-8
138.21730389017998	0.015848931924611172	1.1432345860249023e-9
171.24990861750976	0.015848931924611172	3.6890832024715094e-11
212.17698780180757	0.015848931924611172	1.7324537651527947e-13
262.885244821937	0.015848931924611172	8.751191934797452e-17
1.	0.01819700858609988	0.06021109341392635
1.9999999999999998	0.01819700858609988	0.10967496943590482
2.288838595949997	0.01819700858609988	0.1362028311680469
2.6193910591551774	0.01819700858609988	0.1763261200111654
2.9976816770403563	0.01819700858609988	0.2377862964304276
3.4306047603910415	0.01819700858609988	0.331513253479241
3.926050291516404	0.01819700858609988	0.470311014925889
4.493047718431742	0.01819700858609988	0.6604871884759966
5.141930515695824	0.01819700858609988	0.8836921782452216
5.884524511008838	0.01819700858609988	1.061560292447754
6.734363409805407	0.01819700858609988	1.0695496593519547
7.706935445758021	0.01819700858609988	0.838682634997286
8.819965652373028	0.01819700858609988	0.48234980210457773
10.093738900052346	0.01819700858609988	0.199606590466697
11.551469585940843	0.01819700858609988	0.06464617701428077
13.219724714121972	0.01819700858609988	0.022687963335202697
15.128908076758211	0.01819700858609988	0.010872987024556989
17.313814360331925	0.01819700858609988	0.005569207397193596
19.814263275520517	0.01819700858609988	0.0027867525245828533
22.675825267662994	0.01819700858609988	0.0013934751989408654
25.950652033822625	0.01819700858609988	0.0006611441315069786
29.698426982540767	0.01819700858609988	0.00030154209090850487
33.98745295832107	0.01819700858609988	0.00012728498856957887
38.895897054520105	0.01819700858609988	0.00005096997698016778
44.51321520124173	0.01819700858609988	0.00001930778324699983
50.941782491215115	0.01819700858609988	7.206327322142938e-6
58.29875895619149	0.01819700858609988	2.640547069364316e-6
66.71822479745835	0.01819700858609988	1.0016989440666666e-6
76.35362398484546	0.01819700858609988	3.571956005406107e-7
87.38056075858388	0.01819700858609988	1.1401415361958676e-7
100.00000000000031	0.01819700858609988	3.626576381193216e-8
111.55639876771902	0.01819700858609988	1.3789601891987709e-8
138.21730389017998	0.01819700858609988	1.3471563366167514e-9
171.24990861750976	0.01819700858609988	4.3546231644451823e-11
212.17698780180757	0.01819700858609988	2.0509071063523187e-13
262.885244821937	0.01819700858609988	1.0397997548496045e-16
1.	0.02089296130854045	0.058143129678760515
1.9999999999999998	0.02089296130854045	0.10007813773068888
2.288838595949997	0.02089296130854045	0.12368106497434031
2.6193910591551774	0.02089296130854045	0.1599773938955945
2.9976816770403563	0.02089296130854045	0.2168606469874661
3.4306047603910415	0.02089296130854045	0.306352686501962
3.926050291516404	0.02089296130854045	0.44429647703610387
4.493047718431742	0.02089296130854045	0.645960396998085
5.141930515695824	0.02089296130854045	0.90087491950906
5.884524511008838	0.02089296130854045	1.1400692802334778
6.734363409805407	0.02089296130854045	1.2167371719442683
7.706935445758021	0.02089296130854045	1.0126084597389498
8.819965652373028	0.02089296130854045	0.611156719526873
10.093738900052346	0.02089296130854045	0.2598704383112714
11.551469585940843	0.02089296130854045	0.08386429638798368
13.219724714121972	0.02089296130854045	0.027799334483543433
15.128908076758211	0.02089296130854045	0.012954946737809288
17.313814360331925	0.02089296130854045	0.0066295857022721245
19.814263275520517	0.02089296130854045	0.003307431320491209
22.675825267662994	0.02089296130854045	0.0016601794454866444
25.950652033822625	0.02089296130854045	0.0007883439442165117
29.698426982540767	0.02089296130854045	0.0003603118433242867
33.98745295832107	0.02089296130854045	0.00015156694101520427
38.895897054520105	0.02089296130854045	0.000060761913959159795
44.51321520124173	0.02089296130854045	0.00002303251235980151
50.941782491215115	0.02089296130854045	8.576189713364124e-6
58.29875895619149	0.02089296130854045	3.1421431171566574e-6
66.71822479745835	0.02089296130854045	1.1909553036487204e-6
76.35362398484546	0.02089296130854045	4.215211615072695e-7
87.38056075858388	0.02089296130854045	1.3445745156012996e-7
100.00000000000031	0.02089296130854045	4.273287629932784e-8
111.55639876771902	0.02089296130854045	1.62432913182985e-8
138.21730389017998	0.02089296130854045	1.5879597883910926e-9
171.24990861750976	0.02089296130854045	5.143135135052078e-11
212.17698780180757	0.02089296130854045	2.430274997638546e-13
262.885244821937	0.02089296130854045	1.2373220458574485e-16
1.	0.023988329190194974	0.055636298992223714
1.9999999999999998	0.023988329190194974	0.09085063412165591
2.288838595949997	0.023988329190194974	0.11067080704275249
2.6193910591551774	0.023988329190194974	0.14210099913782598
2.9976816770403563	0.023988329190194974	0.19256611058923195
3.4306047603910415	0.023988329190194974	0.27440298229401483
3.926050291516404	0.023988329190194974	0.4069307144955679
4.493047718431742	0.023988329190194974	0.6108807298409146
5.141930515695824	0.023988329190194974	0.8916248727172189
5.884524511008838	0.023988329190194974	1.1937810257647024
6.734363409805407	0.023988329190194974	1.3600404985152035
7.706935445758021	0.023988329190194974	1.2099824888274957
8.819965652373028	0.023988329190194974	0.7764193917748013
10.093738900052346	0.023988329190194974	0.34313374331872215
11.551469585940843	0.023988329190194974	0.11057216846306381
13.219724714121972	0.023988329190194974	0.03463402994384657
15.128908076758211	0.023988329190194974	0.015482198151678318
17.313814360331925	0.023988329190194974	0.007935170226883198
19.814263275520517	0.023988329190194974	0.00395152490036065
22.675825267662994	0.023988329190194974	0.001981015217838586
25.950652033822625	0.023988329190194974	0.000945408775630163
29.698426982540767	0.023988329190194974	0.00043212714430867084
33.98745295832107	0.023988329190194974	0.00018261303540179286
38.895897054520105	0.023988329190194974	0.0000726920839363516
44.51321520124173	0.023988329190194974	0.000027567503170488774
50.941782491215115	0.023988329190194974	0.000010240163581467726
58.29875895619149	0.023988329190194974	3.747072237581806e-6
66.71822479745835	0.023988329190194974	1.4144998846459628e-6
76.35362398484546	0.023988329190194974	5.021255385249644e-7
87.38056075858388	0.023988329190194974	1.6004748690343896e-7
100.00000000000031	0.023988329190194974	5.081752002063085e-8
111.55639876771902	0.023988329190194974	1.930896432043241e-8
138.21730389017998	0.023988329190194974	1.8891507798251923e-9
171.24990861750976	0.023988329190194974	6.132431333357103e-11
212.17698780180757	0.023988329190194974	2.908657706925782e-13
262.885244821937	0.023988329190194974	1.4879617620364125e-16
1.	0.027542287033381744	0.05551360044766575
1.9999999999999998	0.027542287033381744	0.08282982926391344
2.288838595949997	0.027542287033381744	0.09890826475812603
2.6193910591551774	0.027542287033381744	0.12479318253317888
2.9976816770403563	0.027542287033381744	0.16743336878889492
3.4306047603910415	0.027542287033381744	0.23896428651175028
3.926050291516404	0.027542287033381744	0.3594032745626684
4.493047718431742	0.027542287033381744	0.5561564079374305
5.141930515695824	0.027542287033381744	0.8505804001992803
5.884524511008838	0.027542287033381744	1.2112213884970902
6.734363409805407	0.027542287033381744	1.4847893438232322
7.706935445758021	0.027542287033381744	1.427449475074089
8.819965652373028	0.027542287033381744	0.9831809810013885
10.093738900052346	0.027542287033381744	0.458711315803117
11.551469585940843	0.027542287033381744	0.14908431954470514
13.219724714121972	0.027542287033381744	0.044113835835631304
15.128908076758211	0.027542287033381744	0.018653854703519407
17.313814360331925	0.027542287033381744	0.009530766605823922
19.814263275520517	0.027542287033381744	0.004729767673637336
22.675825267662994	0.027542287033381744	0.0023716290803175036
25.950652033822625	0.027542287033381744	0.0011410873097434208
29.698426982540767	0.027542287033381744	0.0005190597950485573
33.98745295832107	0.027542287033381744	0.00021898715846263683
38.895897054520105	0.027542287033381744	0.00008705582676261536
44.51321520124173	0.027542287033381744	0.000032942031427641655
50.941782491215115	0.027542287033381744	0.000012235549115846527
58.29875895619149	0.027542287033381744	4.479230600230032e-6
66.71822479745835	0.027542287033381744	1.6863362142354406e-6
76.35362398484546	0.027542287033381744	6.007009379364944e-7
87.38056075858388	0.027542287033381744	1.9130002699227764e-7
100.00000000000031	0.027542287033381744	6.067417736242488e-8
111.55639876771902	0.027542287033381744	2.304400489646762e-8
138.21730389017998	0.027542287033381744	2.256597775683588e-9
171.24990861750976	0.027542287033381744	7.344114320829852e-11
212.17698780180757	0.027542287033381744	3.498328022259546e-13
262.885244821937	0.027542287033381744	1.799344432595771e-16
1.	0.03162277660168389	0.03696150638162974
1.9999999999999998	0.03162277660168389	0.07669013520613684
2.288838595949997	0.03162277660168389	0.08878009930735913
2.6193910591551774	0.03162277660168389	0.108793186899893
2.9976816770403563	0.03162277660168389	0.14277837060011478
3.4306047603910415	0.03162277660168389	0.20195221083552517
3.926050291516404	0.03162277660168389	0.30588339937957115
4.493047718431742	0.03162277660168389	0.4857686797683244
5.141930515695824	0.03162277660168389	0.7776917002608407
5.884524511008838	0.03162277660168389	1.184202224125188
6.734363409805407	0.03162277660168389	1.5740197737548784
7.706935445758021	0.03162277660168389	1.6554283115119501
8.819965652373028	0.03162277660168389	1.262399934125494
10.093738900052346	0.03162277660168389	0.617766084074405
11.551469585940843	0.03162277660168389	0.20541028041002576
13.219724714121972	0.03162277660168389	0.058135860847141736
15.128908076758211	0.03162277660168389	0.022697435340872082
17.313814360331925	0.03162277660168389	0.011478455571194819
19.814263275520517	0.03162277660168389	0.005687099569096306
22.675825267662994	0.03162277660168389	0.002849425847529427
25.950652033822625	0.03162277660168389	0.0013702803507327078
29.698426982540767	0.03162277660168389	0.0006230781620204305
33.98745295832107	0.03162277660168389	0.0002667766338547577
38.895897054520105	0.03162277660168389	0.00010478699553214475
44.51321520124173	0.03162277660168389	0.00003957140309225395
50.941782491215115	0.03162277660168389	0.00001466545390012617
58.29875895619149	0.03162277660168389	5.36299682955031e-6
66.71822479745835	0.03162277660168389	2.018194746197673e-6
76.35362398484546	0.03162277660168389	7.161720968127648e-7
87.38056075858388	0.03162277660168389	2.27845560378364e-7
100.00000000000031	0.03162277660168389	7.21744938914171e-8
111.55639876771902	0.03162277660168389	2.7397894864697307e-8
138.21730389017998	0.03162277660168389	2.685684099540593e-9
171.24990861750976	0.03162277660168389	8.766288954155825e-11
212.17698780180757	0.03162277660168389	4.196195646225464e-13
262.885244821937	0.03162277660168389	2.1716084998724745e-16
1.	0.03630780547701025	0.061084405217572385
1.9999999999999998	0.03630780547701025	0.0731925993073172
2.288838595949997	0.03630780547701025	0.08156115518720251
2.6193910591551774	0.03630780547701025	0.09577456146285795
2.9976816770403563	0.03630780547701025	0.12098215998360806
3.4306047603910415	0.03630780547701025	0.16670677789234162
3.926050291516404	0.03630780547701025	0.2507960285362356
4.493047718431742	0.03630780547701025	0.4053502960369595
5.141930515695824	0.03630780547701025	0.6786961755714407
5.884524511008838	0.03630780547701025	1.1040024995733613
6.734363409805407	0.03630780547701025	1.6001308630323083
7.706935445758021	0.03630780547701025	1.8625989251226414
8.819965652373028	0.03630780547701025	1.550201560054847
10.093738900052346	0.03630780547701025	0.8373847144694816
11.551469585940843	0.03630780547701025	0.29063953838742657
13.219724714121972	0.03630780547701025	0.07816778218048784
15.128908076758211	0.03630780547701025	0.027930255353605365
17.313814360331925	0.03630780547701025	0.013920662622645144
19.814263275520517	0.03630780547701025	0.006871405039628895
22.675825267662994	0.03630780547701025	0.0034338770541589643
25.950652033822625	0.03630780547701025	0.001660826328696694
29.698426982540767	0.03630780547701025	0.0007522124555771541
33.98745295832107	0.03630780547701025	0.00032112380582906833
38.895897054520105	0.03630780547701025	0.0001263981440228374
44.51321520124173	0.03630780547701025	0.0000475560394987618
50.941782491215115	0.03630780547701025	0.000017634985183783665
58.29875895619149	0.03630780547701025	6.440083787306668e-6
66.71822479745835	0.03630780547701025	2.4211564487850032e-6
76.35362398484546	0.03630780547701025	8.538572709520768e-7
87.38056075858388	0.03630780547701025	2.713367819855921e-7
100.00000000000031	0.03630780547701025	8.582751182715346e-8
111.55639876771902	0.03630780547701025	3.256158350961305e-8
138.21730389017998	0.03630780547701025	3.19553867000135e-9
171.24990861750976	0.03630780547701025	1.0465514885572912e-10
212.17698780180757	0.03630780547701025	5.037465086183831e-13
262.885244821937	0.03630780547701025	2.625208724997464e-16
1.	0.04168693834703368	0.06620873440063148
1.9999999999999998	0.04168693834703368	0.07251230745693682
2.288838595949997	0.04168693834703368	0.07750196929468961
2.6193910591551774	0.04168693834703368	0.08682311721921653
2.9976816770403563	0.04168693834703368	0.1041470553150114
3.4306047603910415	0.04168693834703368	0.13718146639110515
3.926050291516404	0.04168693834703368	0.20077979820550385
4.493047718431742	0.04168693834703368	0.3247720365522392
5.141930515695824	0.04168693834703368	0.5610535245222467
5.884524511008838	0.04168693834703368	0.9724769878354769
6.734363409805407	0.04168693834703368	1.5439807855136563
7.706935445758021	0.04168693834703368	2.0140181346215904
8.819965652373028	0.04168693834703368	1.8839126259633239
10.093738900052346	0.04168693834703368	1.1364932839218258
11.551469585940843	0.04168693834703368	0.41940917004479716
13.219724714121972	0.04168693834703368	0.1100873421504535
15.128908076758211	0.04168693834703368	0.03494449525637554
17.313814360331925	0.04168693834703368	0.016972374442757752
19.814263275520517	0.04168693834703368	0.008350608209692606
22.675825267662994	0.04168693834703368	0.004155279012926464
25.950652033822625	0.04168693834703368	0.002013354141202368
29.698426982540767	0.04168693834703368	0.0009168009978490974
33.98745295832107	0.04168693834703368	0.0003974211807124538
38.895897054520105	0.04168693834703368	0.00015308535621524568
44.51321520124173	0.04168693834703368	0.00005762409105846183
50.941782491215115	0.04168693834703368	0.00002126012688143435
58.29875895619149	0.04168693834703368	7.748705461080733e-6
66.71822479745835	0.04168693834703368	2.894888873130227e-6
76.35362398484546	0.04168693834703368	1.0231166388080106e-6
87.38056075858388	0.04168693834703368	3.2469387282781207e-7
100.00000000000031	0.04168693834703368	1.02536279415129e-7
111.55639876771902	0.04168693834703368	3.8874108506172075e-8
138.21730389017998	0.04168693834703368	3.820025762815328e-9
171.24990861750976	0.04168693834703368	1.2558607859024522e-10
212.17698780180757	0.04168693834703368	6.083193202931284e-13
262.885244821937	0.04168693834703368	3.195256042677081e-16
1.	0.047863009232264	0.07174920632852291
1.9999999999999998	0.047863009232264	0.07371330346644425
2.288838595949997	0.047863009232264	0.07646308790902633
2.6193910591551774	0.047863009232264	0.08178442744444557
2.9976816770403563	0.047863009232264	0.09244597436158852
3.4306047603910415	0.047863009232264	0.11387940380015081
3.926050291516404	0.047863009232264	0.15801200656977338
4.493047718431742	0.047863009232264	0.24995954985845242
5.141930515695824	0.047863009232264	0.43845810670433666
5.884524511008838	0.047863009232264	0.8040509525121635
6.734363409805407	0.047863009232264	1.4050820383730191
7.706935445758021	0.047863009232264	2.068076786526719
8.819965652373028	0.047863009232264	2.224989735673507
10.093738900052346	0.047863009232264	1.526176275875986
11.551469585940843	0.047863009232264	0.6141024173051126
13.219724714121972	0.047863009232264	0.16079860776277677
15.128908076758211	0.047863009232264	0.04488053065728228
17.313814360331925	0.047863009232264	0.020831045466188754
19.814263275520517	0.047863009232264	0.010215759028607255
22.675825267662994	0.047863009232264	0.0050474414739739345
25.950652033822625	0.047863009232264	0.002459258621050109
29.698426982540767	0.047863009232264	0.0011205862634804742
33.98745295832107	0.047863009232264	0.0004754062163343699
38.895897054520105	0.047863009232264	0.00018684222740459415
44.51321520124173	0.047863009232264	0.00007003291495901931
50.941782491215115	0.047863009232264	0.000025744127761034302
58.29875895619149	0.047863009232264	9.372603896804063e-6
66.71822479745835	0.047863009232264	3.4892351141779037e-6
76.35362398484546	0.047863009232264	1.2321846833421355e-6
87.38056075858388	0.047863009232264	3.904557502833841e-7
100.00000000000031	0.047863009232264	1.2307059451875904e-7
111.55639876771902	0.047863009232264	4.662243121823229e-8
138.21730389017998	0.047863009232264	4.588199342288032e-9
171.24990861750976	0.047863009232264	1.5149744468382054e-10
212.17698780180757	0.047863009232264	7.390962696378634e-13
262.885244821937	0.047863009232264	3.9168554555738365e-16
1.	0.05495408738576265	0.07660999135320544
1.9999999999999998	0.05495408738576265	0.07637579526372397
2.288838595949997	0.05495408738576265	0.07744299306920335
2.6193910591551774	0.05495408738576265	0.07993631967705837
2.9976816770403563	0.05495408738576265	0.08579006043215223
3.4306047603910415	0.05495408738576265	0.0983341006631563
3.926050291516404	0.05495408738576265	0.1267480873121653
4.493047718431742	0.05495408738576265	0.1883988614302977
5.141930515695824	0.05495408738576265	0.32541140664454193
5.884524511008838	0.05495408738576265	0.6213973184905439
6.734363409805407	0.05495408738576265	1.1853631924155101
7.706935445758021	0.05495408738576265	1.984446406918349
8.819965652373028	0.05495408738576265	2.4927275383224385
10.093738900052346	0.05495408738576265	1.9984501670103656
11.551469585940843	0.05495408738576265	0.9119791382232992
13.219724714121972	0.05495408738576265	0.24398946903520416
15.128908076758211	0.05495408738576265	0.059903547098053296
17.313814360331925	0.05495408738576265	0.025770415645502566
19.814263275520517	0.05495408738576265	0.012612388990699074
22.675825267662994	0.05495408738576265	0.006156293722327675
25.950652033822625	0.05495408738576265	0.0030062151660382908
29.698426982540767	0.05495408738576265	0.0013681746198523975
33.98745295832107	0.05495408738576265	0.0005829794205974067
38.895897054520105	0.05495408738576265	0.00022850613859531495
44.51321520124173	0.05495408738576265	0.00008515324558300793
50.941782491215115	0.05495408738576265	0.00003122553712622581
58.29875895619149	0.05495408738576265	0.000011340607434580566
66.71822479745835	0.05495408738576265	4.1980717024576e-6
76.35362398484546	0.05495408738576265	1.4639027817876647e-6
87.38056075858388	0.05495408738576265	4.6308600949075736e-7
100.00000000000031	0.05495408738576265	1.4564848210173378e-7
111.55639876771902	0.05495408738576265	5.512516028435977e-8
138.21730389017998	0.05495408738576265	5.43400693164147e-9
171.24990861750976	0.05495408738576265	1.8031387787591293e-10
212.17698780180757	0.05495408738576265	8.868353907194559e-13
262.885244821937	0.05495408738576265	4.747107264264385e-16
1.	0.06309573444801955	0.08014370594076234
1.9999999999999998	0.06309573444801955	0.0793716083928331
2.288838595949997	0.06309573444801955	0.0796936056026686
2.6193910591551774	0.06309573444801955	0.08051171214714621
2.9976816770403563	0.06309573444801955	0.08304482465044316
3.4306047603910415	0.06309573444801955	0.0895530382308612
3.926050291516404	0.06309573444801955	0.10540697575471006
4.493047718431742	0.06309573444801955	0.14318074116536456
5.141930515695824	0.06309573444801955	0.23400490406016458
5.884524511008838	0.06309573444801955	0.44834898598746514
6.734363409805407	0.06309573444801955	0.9203769723725039
7.706935445758021	0.06309573444801955	1.7601247848345403
8.819965652373028	0.06309573444801955	2.6194062353846133
10.093738900052346	0.06309573444801955	2.5249001261921733
11.551469585940843	0.06309573444801955	1.3425268850474263
13.219724714121972	0.06309573444801955	0.38892495662300886
15.128908076758211	0.06309573444801955	0.08461686816157113
17.313814360331925	0.06309573444801955	0.03207533763679914
19.814263275520517	0.06309573444801955	0.01568255521189861
22.675825267662994	0.06309573444801955	0.007557626808548063
25.950652033822625	0.06309573444801955	0.003696359751566732
29.698426982540767	0.06309573444801955	0.001683135388897852
33.98745295832107	0.06309573444801955	0.0007137352677227639
38.895897054520105	0.06309573444801955	0.00027965150730408764
44.51321520124173	0.06309573444801955	0.00010432293147254946
50.941782491215115	0.06309573444801955	0.00003798121186000537
58.29875895619149	0.06309573444801955	0.000013753046305816905
66.71822479745835	0.06309573444801955	5.0548954818649e-6
76.35362398484546	0.06309573444801955	1.7886132653502387e-6
87.38056075858388	0.06309573444801955	5.647016860908092e-7
100.00000000000031	0.06309573444801955	1.7716959289071755e-7
111.55639876771902	0.06309573444801955	6.698437341282679e-8
138.21730389017998	0.06309573444801955	6.615415884522413e-9
171.24990861750976	0.06309573444801955	2.207503850509683e-10
212.17698780180757	0.06309573444801955	1.0957027944703066e-12
262.885244821937	0.06309573444801955	5.931523469845325e-16
1.	0.07244359600749928	0.08175579931146991
1.9999999999999998	0.07244359600749928	0.08164909902727667
2.288838595949997	0.07244359600749928	0.08163869921979881
2.6193910591551774	0.07244359600749928	0.08188340224003529
2.9976816770403563	0.07244359600749928	0.08289271104483327
3.4306047603910415	0.07244359600749928	0.08572717687117937
3.926050291516404	0.07244359600749928	0.09355761566880513
4.493047718431742	0.07244359600749928	0.11418992935873437
5.141930515695824	0.07244359600749928	0.1675781254407059
5.884524511008838	0.07244359600749928	0.3073579144374816
6.734363409805407	0.07244359600749928	0.6566797607416825
7.706935445758021	0.07244359600749928	1.4119966117809566
8.819965652373028	0.07244359600749928	2.5086457636613897
10.093738900052346	0.07244359600749928	2.9803121477096606
11.551469585940843	0.07244359600749928	1.9438713674389587
13.219724714121972	0.07244359600749928	0.6320253804426961
15.128908076758211	0.07244359600749928	0.1286826559387475
17.313814360331925	0.07244359600749928	0.04069977515788743
19.814263275520517	0.07244359600749928	0.01960340817102189
22.675825267662994	0.07244359600749928	0.009348882313021268
25.950652033822625	0.07244359600749928	0.004563599719331796
29.698426982540767	0.07244359600749928	0.0020867722745197053
33.98745295832107	0.07244359600749928	0.000886167094492322
38.895897054520105	0.07244359600749928	0.00034662929515693106
44.51321520124173	0.07244359600749928	0.00012829679619940794
50.941782491215115	0.07244359600749928	0.0000464402193309459
58.29875895619149	0.07244359600749928	0.00001677606420126689
66.71822479745835	0.07244359600749928	6.109919403037003e-6
76.35362398484546	0.07244359600749928	2.167410024351986e-6
87.38056075858388	0.07244359600749928	6.827892386138775e-7
100.00000000000031	0.07244359600749928	2.1361548728473898e-7
111.55639876771902	0.07244359600749928	8.066426168890237e-8
138.21730389017998	0.07244359600749928	7.983167485744166e-9
171.24990861750976	0.07244359600749928	2.6808982694601156e-10
212.17698780180757	0.07244359600749928	1.3444989216661273e-12
262.885244821937	0.07244359600749928	7.370716684169555e-16
1.	0.08317637711026743	0.08233039877455647
1.9999999999999998	0.08317637711026743	0.08307209696518247
2.288838595949997	0.08317637711026743	0.08338469475677979
2.6193910591551774	0.08317637711026743	0.0837015978383738
2.9976816770403563	0.08317637711026743	0.08431450217335051
3.4306047603910415	0.08317637711026743	0.08565833292717306
3.926050291516404	0.08317637711026743	0.08907001464033083
4.493047718431742	0.08317637711026743	0.09893049286572597
5.141930515695824	0.08317637711026743	0.1276221405015388
5.884524511008838	0.08317637711026743	0.20723641205311422
6.734363409805407	0.08317637711026743	0.433030518244654
7.706935445758021	0.08317637711026743	1.0152581197387702
8.819965652373028	0.08317637711026743	2.161536262772945
10.093738900052346	0.08317637711026743	3.245034666590252
11.551469585940843	0.08317637711026743	2.691589952381549
13.219724714121972	0.08317637711026743	1.0484982876862965
15.128908076758211	0.08317637711026743	0.21233223401976675
17.313814360331925	0.08317637711026743	0.053382108560694336
19.814263275520517	0.08317637711026743	0.024757909415298613
22.675825267662994	0.08317637711026743	0.011663648791600697
25.950652033822625	0.08317637711026743	0.0056665854863083625
29.698426982540767	0.08317637711026743	0.0025571398998755317
33.98745295832107	0.08317637711026743	0.0011111253800052089
38.895897054520105	0.08317637711026743	0.0004299642310207628
44.51321520124173	0.08317637711026743	0.00015971569037434582
50.941782491215115	0.08317637711026743	0.00005711285668675984
58.29875895619149	0.08317637711026743	0.000020533996054160723
66.71822479745835	0.08317637711026743	7.441244777660576e-6
76.35362398484546	0.08317637711026743	2.6296470369517535e-6
87.38056075858388	0.08317637711026743	8.263521168979431e-7
100.00000000000031	0.08317637711026743	2.5770049653687244e-7
111.55639876771902	0.08317637711026743	9.717209751846768e-8
138.21730389017998	0.08317637711026743	9.639427183909587e-9
171.24990861750976	0.08317637711026743	3.260468155701366e-10
212.17698780180757	0.08317637711026743	1.654287557339465e-12
262.885244821937	0.08317637711026743	9.197854936661785e-16
1.	0.09549925860214398	0.08214270063056403
1.9999999999999998	0.09549925860214398	0.0960648563516653
2.288838595949997	0.09549925860214398	0.08414425539478873
2.6193910591551774	0.09549925860214398	0.08485009919857209
2.9976816770403563	0.09549925860214398	0.08594189841789861
3.4306047603910415	0.09549925860214398	0.08694481484077343
3.926050291516404	0.09549925860214398	0.08893920276378973
4.493047718431742	0.09549925860214398	0.0934601001855406
5.141930515695824	0.09549925860214398	0.10668009835847922
5.884524511008838	0.09549925860214398	0.14700786732272933
6.734363409805407	0.09549925860214398	0.2722878888180643
7.706935445758021	0.09549925860214398	0.6570084019948953
8.819965652373028	0.09549925860214398	1.630707979889809
10.093738900052346	0.09549925860214398	3.11397891834132
11.551469585940843	0.09549925860214398	3.4316808851296496
13.219724714121972	0.09549925860214398	1.7158604301964657
15.128908076758211	0.09549925860214398	0.37727832582034615
17.313814360331925	0.09549925860214398	0.07428598438288511
19.814263275520517	0.09549925860214398	0.03155790471048987
22.675825267662994	0.09549925860214398	0.01471923078445931
25.950652033822625	0.09549925860214398	0.007078927162453739
29.698426982540767	0.09549925860214398	0.0032837156885242224
33.98745295832107	0.09549925860214398	0.0013968197355632506
38.895897054520105	0.09549925860214398	0.0005396741457895649
44.51321520124173	0.09549925860214398	0.00019838456794728124
50.941782491215115	0.09549925860214398	0.00007060730267952533
58.29875895619149	0.09549925860214398	0.000025266137055185785
66.71822479745835	0.09549925860214398	9.05925947828122e-6
76.35362398484546	0.09549925860214398	3.1973435011239734e-6
87.38056075858388	0.09549925860214398	1.0019597212656854e-6
100.00000000000031	0.09549925860214398	3.1132445719219424e-7
111.55639876771902	0.09549925860214398	1.1719686603638158e-7
138.21730389017998	0.09549925860214398	1.1656113894024361e-8
171.24990861750976	0.09549925860214398	3.9747474696733263e-10
212.17698780180757	0.09549925860214398	2.0432205550353446e-12
262.885244821937	0.09549925860214398	1.154033184047481e-15
1.	0.10964781961431896	0.016095742061629944
1.9999999999999998	0.10964781961431896	0.015744924034595837
2.288838595949997	0.10964781961431896	0.03233797984002546
2.6193910591551774	0.10964781961431896	0.04390035738957098
2.9976816770403563	0.10964781961431896	0.05650920152749632
3.4306047603910415	0.10964781961431896	0.06329244326282103
3.926050291516404	0.10964781961431896	0.06763327280928
4.493047718431742	0.10964781961431896	0.069910191085798
5.141930515695824	0.10964781961431896	0.08879084732551445
5.884524511008838	0.10964781961431896	0.11650871886828248
6.734363409805407	0.10964781961431896	0.17868393477770736
7.706935445758021	0.10964781961431896	0.39015041205505
8.819965652373028	0.10964781961431896	1.0648745784914058
10.093738900052346	0.10964781961431896	2.5795718175614786
11.551469585940843	0.10964781961431896	3.891296772123818
13.219724714121972	0.10964781961431896	2.6566127317882477
15.128908076758211	0.10964781961431896	0.7041786554568676
17.313814360331925	0.10964781961431896	0.1153350472104335
19.814263275520517	0.10964781961431896	0.040560883443062315
22.675825267662994	0.10964781961431896	0.0188421686112064
25.950652033822625	0.10964781961431896	0.008626209906046466
29.698426982540767	0.10964781961431896	0.0037070708649919095
33.98745295832107	0.10964781961431896	0.0015234223360164722
38.895897054520105	0.10964781961431896	0.0005574353532248467
44.51321520124173	0.10964781961431896	0.0002047776053317925
50.941782491215115	0.10964781961431896	0.00007234213858253692
58.29875895619149	0.10964781961431896	0.000025726254197847935
66.71822479745835	0.10964781961431896	9.150423215852463e-6
76.35362398484546	0.10964781961431896	3.080306382182273e-6
87.38056075858388	0.10964781961431896	9.623003802899713e-7
100.00000000000031	0.10964781961431896	2.977646972517975e-7
111.55639876771902	0.10964781961431896	1.1187580132583009e-7
138.21730389017998	0.10964781961431896	1.1158848379562002e-8
171.24990861750976	0.10964781961431896	3.8401625143744007e-10
212.17698780180757	0.10964781961431896	2.0031475137042685e-12
262.885244821937	0.10964781961431896	1.1513351662876693e-15