1	0.001	0.0960026
2	0.001	0.0945629
2.28884	0.001	0.0921189
2.61939	0.001	0.0880103
2.99768	0.001	0.0823296
3.4306	0.001	0.0760303
3.92605	0.001	0.0706196
4.49305	0.001	0.066168
5.14193	0.001	0.0596719
5.88452	0.001	0.0477839
6.73436	0.001	0.0325074
7.70694	0.001	0.0189728
8.81997	0.001	0.00939833
10.0937	0.001	0.00375116
11.5515	0.001	0.00140683
13.2197	0.001	0.000600937
15.1289	0.001	0.000241413
17.3138	0.001	0.000124959
19.8143	0.001	0.000064223
22.6758	0.001	0.0000361828
25.9507	0.001	0.0000216501
29.6984	0.001	0.0000110257
33.9875	0.001	5.35927e-6
38.8959	0.001	2.51738e-6
1	0.00114815	0.108555
2	0.00114815	0.107698
2.28884	0.00114815	0.105151
2.61939	0.00114815	0.100673
2.99768	0.00114815	0.0943366
3.4306	0.00114815	0.0871863
3.92605	0.00114815	0.0809601
4.49305	0.00114815	0.0759026
5.14193	0.00114815	0.068537
5.88452	0.00114815	0.0550697
6.73436	0.00114815	0.0375761
7.70694	0.00114815	0.0219525
8.81997	0.00114815	0.0108835
10.0937	0.00114815	0.00435002
11.5515	0.00114815	0.00163144
13.2197	0.00114815	0.000694672
15.1289	0.00114815	0.000274389
17.3138	0.00114815	0.000143926
19.8143	0.00114815	0.0000739947
22.6758	0.00114815	0.000041666
25.9507	0.00114815	0.0000249187
29.6984	0.00114815	0.0000126954
33.9875	0.00114815	6.16524e-6
38.8959	0.00114815	2.89698e-6
1	0.00131826	0.122402
2	0.00131826	0.122502
2.28884	0.00131826	0.119911
2.61939	0.00131826	0.115088
2.99768	0.00131826	0.108069
3.4306	0.00131826	0.0999637
3.92605	0.00131826	0.0928106
4.49305	0.00131826	0.0870364
5.14193	0.00131826	0.0787261
5.88452	0.00131826	0.06353
6.73436	0.00131826	0.0434555
7.70694	0.00131826	0.0254313
8.81997	0.00131826	0.0126293
10.0937	0.00131826	0.00504626
11.5515	0.00131826	0.00188801
13.2197	0.00131826	0.000803216
15.1289	0.00131826	0.0003166
17.3138	0.00131826	0.000165944
19.8143	0.00131826	0.0000852433
22.6758	0.00131826	0.0000479501
25.9507	0.00131826	0.0000286785
29.6984	0.00131826	0.0000146278
33.9875	0.00131826	7.09307e-6
38.8959	0.00131826	3.33233e-6
1	0.00151356	0.137613
2	0.00151356	0.139115
2.28884	0.00151356	0.136585
2.61939	0.00151356	0.131463
2.99768	0.00151356	0.123751
3.4306	0.00151356	0.114611
3.92605	0.00151356	0.106381
4.49305	0.00151356	0.099751
5.14193	0.00151356	0.0904958
5.88452	0.00151356	0.0732688
6.73436	0.00151356	0.0502683
7.70694	0.00151356	0.0294524
8.81997	0.00151356	0.0146787
10.0937	0.00151356	0.00586222
11.5515	0.00151356	0.00217675
13.2197	0.00151356	0.000927402
15.1289	0.00151356	0.000365639
17.3138	0.00151356	0.000191253
19.8143	0.00151356	0.0000984417
22.6758	0.00151356	0.0000552075
25.9507	0.00151356	0.0000330187
29.6984	0.00151356	0.0000168544
33.9875	0.00151356	8.15905e-6
38.8959	0.00151356	3.83288e-6
1	0.0017378	0.154191
2	0.0017378	0.157708
2.28884	0.0017378	0.155345
2.61939	0.0017378	0.150057
2.99768	0.0017378	0.141584
3.4306	0.0017378	0.131329
3.92605	0.0017378	0.121909
4.49305	0.0017378	0.114376
5.14193	0.0017378	0.103953
5.88452	0.0017378	0.0844866
6.73436	0.0017378	0.0582062
7.70694	0.0017378	0.0342849
8.81997	0.0017378	0.0170478
10.0937	0.0017378	0.00682062
11.5515	0.0017378	0.00252122
13.2197	0.0017378	0.00107359
15.1289	0.0017378	0.00042238
17.3138	0.0017378	0.000220115
19.8143	0.0017378	0.00011365
22.6758	0.0017378	0.0000634098
25.9507	0.0017378	0.0000380291
29.6984	0.0017378	0.0000194331
33.9875	0.0017378	9.39477e-6
38.8959	0.0017378	4.41898e-6
1	0.00199526	0.172007
2	0.00199526	0.178367
2.28884	0.00199526	0.176392
2.61939	0.00199526	0.171045
2.99768	0.00199526	0.161901
3.4306	0.00199526	0.15047
3.92605	0.00199526	0.1396
4.49305	0.00199526	0.130956
5.14193	0.00199526	0.119427
5.88452	0.00199526	0.0975566
6.73436	0.00199526	0.0675009
7.70694	0.00199526	0.0398905
8.81997	0.00199526	0.0198885
10.0937	0.00199526	0.00795544
11.5515	0.00199526	0.00291433
13.2197	0.00199526	0.0012503
15.1289	0.00199526	0.000489168
17.3138	0.00199526	0.000254069
19.8143	0.00199526	0.000131214
22.6758	0.00199526	0.0000730391
25.9507	0.00199526	0.0000438242
29.6984	0.00199526	0.0000224216
33.9875	0.00199526	0.0000108285
38.8959	0.00199526	5.09171e-6
1	0.00229087	0.191083
2	0.00229087	0.201297
2.28884	0.00229087	0.199902
2.61939	0.00229087	0.194699
2.99768	0.00229087	0.184993
3.4306	0.00229087	0.172199
3.92605	0.00229087	0.159846
4.49305	0.00229087	0.149968
5.14193	0.00229087	0.137235
5.88452	0.00229087	0.112679
6.73436	0.00229087	0.0783447
7.70694	0.00229087	0.0464879
8.81997	0.00229087	0.0232987
10.0937	0.00229087	0.00928917
11.5515	0.00229087	0.00338808
13.2197	0.00229087	0.00145132
15.1289	0.00229087	0.000566438
17.3138	0.00229087	0.000293003
19.8143	0.00229087	0.000151764
22.6758	0.00229087	0.0000840167
25.9507	0.00229087	0.0000505207
29.6984	0.00229087	0.0000258745
33.9875	0.00229087	0.0000124746
38.8959	0.00229087	5.87029e-6
1	0.00263027	0.210999
2	0.00263027	0.226394
2.28884	0.00263027	0.225959
2.61939	0.00263027	0.221262
2.99768	0.00263027	0.211198
3.4306	0.00263027	0.197111
3.92605	0.00263027	0.183017
4.49305	0.00263027	0.171703
5.14193	0.00263027	0.15753
5.88452	0.00263027	0.130145
6.73436	0.00263027	0.0911317
7.70694	0.00263027	0.0542537
8.81997	0.00263027	0.0272848
10.0937	0.00263027	0.0108805
11.5515	0.00263027	0.00394307
13.2197	0.00263027	0.00169031
15.1289	0.00263027	0.000657512
17.3138	0.00263027	0.000338517
19.8143	0.00263027	0.000175263
22.6758	0.00263027	0.0000973198
25.9507	0.00263027	0.0000582603
29.6984	0.00263027	0.0000298893
33.9875	0.00263027	0.0000143919
38.8959	0.00263027	6.77699e-6
1	0.00301995	0.232109
2	0.00301995	0.253822
2.28884	0.00301995	0.254771
2.61939	0.00301995	0.250894
2.99768	0.00301995	0.24072
3.4306	0.00301995	0.225451
3.92605	0.00301995	0.209407
4.49305	0.00301995	0.19636
5.14193	0.00301995	0.180815
5.88452	0.00301995	0.150429
6.73436	0.00301995	0.106144
7.70694	0.00301995	0.0636311
8.81997	0.00301995	0.0320785
10.0937	0.00301995	0.0128216
11.5515	0.00301995	0.00458129
13.2197	0.00301995	0.0019578
15.1289	0.00301995	0.0007639
17.3138	0.00301995	0.00039092
19.8143	0.00301995	0.000203093
22.6758	0.00301995	0.00011222
25.9507	0.00301995	0.0000672361
29.6984	0.00301995	0.0000345399
33.9875	0.00301995	0.0000165883
38.8959	0.00301995	7.81453e-6
1	0.00346737	0.252361
2	0.00346737	0.283314
2.28884	0.00346737	0.286328
2.61939	0.00346737	0.283823
2.99768	0.00346737	0.274128
3.4306	0.00346737	0.257615
3.92605	0.00346737	0.239528
4.49305	0.00346737	0.224739
5.14193	0.00346737	0.207688
5.88452	0.00346737	0.174218
6.73436	0.00346737	0.123734
7.70694	0.00346737	0.0745481
8.81997	0.00346737	0.0378057
10.0937	0.00346737	0.0150943
11.5515	0.00346737	0.00535973
13.2197	0.00346737	0.00227934
15.1289	0.00346737	0.000890939
17.3138	0.00346737	0.000452384
19.8143	0.00346737	0.000235732
22.6758	0.00346737	0.000129498
25.9507	0.00346737	0.0000776235
29.6984	0.00346737	0.0000399523
33.9875	0.00346737	0.0000191377
38.8959	0.00346737	9.00726e-6
1	0.00398107	0.272638
2	0.00398107	0.314611
2.28884	0.00398107	0.32048
2.61939	0.00398107	0.320294
2.99768	0.00398107	0.311541
3.4306	0.00398107	0.294183
3.92605	0.00398107	0.273802
4.49305	0.00398107	0.256713
5.14193	0.00398107	0.238162
5.88452	0.00398107	0.201514
6.73436	0.00398107	0.144642
7.70694	0.00398107	0.0876851
8.81997	0.00398107	0.0447093
10.0937	0.00398107	0.0178775
11.5515	0.00398107	0.00628
13.2197	0.00398107	0.0026762
15.1289	0.00398107	0.00103817
17.3138	0.00398107	0.000523437
19.8143	0.00398107	0.000273839
22.6758	0.00398107	0.000149523
25.9507	0.00398107	0.0000896738
29.6984	0.00398107	0.0000462548
33.9875	0.00398107	0.0000220825
38.8959	0.00398107	0.0000103864
1	0.00457088	0.291507
2	0.00457088	0.347088
2.28884	0.00457088	0.356814
2.61939	0.00457088	0.35998
2.99768	0.00457088	0.353178
3.4306	0.00457088	0.335802
3.92605	0.00457088	0.312976
4.49305	0.00457088	0.293332
5.14193	0.00457088	0.272983
5.88452	0.00457088	0.233282
6.73436	0.00457088	0.169073
7.70694	0.00457088	0.103508
8.81997	0.00457088	0.0537322
10.0937	0.00457088	0.0212651
11.5515	0.00457088	0.00741657
13.2197	0.00457088	0.0031319
15.1289	0.00457088	0.00121723
17.3138	0.00457088	0.000607108
19.8143	0.00457088	0.000319087
22.6758	0.00457088	0.000173026
25.9507	0.00457088	0.000103658
29.6984	0.00457088	0.0000536012
33.9875	0.00457088	0.0000255195
38.8959	0.00457088	0.0000120042
1	0.00524807	0.308136
2	0.00524807	0.380471
2.28884	0.00524807	0.39493
2.61939	0.00524807	0.40283
2.99768	0.00524807	0.399555
3.4306	0.00524807	0.382527
3.92605	0.00524807	0.357484
4.49305	0.00524807	0.334689
5.14193	0.00524807	0.312599
5.88452	0.00524807	0.270301
6.73436	0.00524807	0.198463
7.70694	0.00524807	0.122422
8.81997	0.00524807	0.0631799
10.0937	0.00524807	0.025458
11.5515	0.00524807	0.00869966
13.2197	0.00524807	0.0036737
15.1289	0.00524807	0.00142707
17.3138	0.00524807	0.000704722
19.8143	0.00524807	0.000371607
22.6758	0.00524807	0.000200184
25.9507	0.00524807	0.000119919
29.6984	0.00524807	0.0000621616
33.9875	0.00524807	0.0000295277
38.8959	0.00524807	0.0000138532
1	0.0060256	0.321692
2	0.0060256	0.413811
2.28884	0.0060256	0.434762
2.61939	0.0060256	0.448823
2.99768	0.0060256	0.450084
3.4306	0.0060256	0.434595
3.92605	0.0060256	0.407528
4.49305	0.0060256	0.381251
5.14193	0.0060256	0.35744
5.88452	0.0060256	0.312982
6.73436	0.0060256	0.232762
7.70694	0.0060256	0.145407
8.81997	0.0060256	0.0758375
10.0937	0.0060256	0.0306338
11.5515	0.0060256	0.0103085
13.2197	0.0060256	0.00431128
15.1289	0.0060256	0.00167871
17.3138	0.0060256	0.000817315
19.8143	0.0060256	0.000433359
22.6758	0.0060256	0.000232209
25.9507	0.0060256	0.00013887
29.6984	0.0060256	0.0000721903
33.9875	0.0060256	0.0000342083
38.8959	0.0060256	0.0000159784
1	0.00691831	0.330985
2	0.00691831	0.445196
2.28884	0.00691831	0.473651
2.61939	0.00691831	0.495746
2.99768	0.00691831	0.503712
3.4306	0.00691831	0.492422
3.92605	0.00691831	0.464181
4.49305	0.00691831	0.433742
5.14193	0.00691831	0.408271
5.88452	0.00691831	0.362057
6.73436	0.00691831	0.274502
7.70694	0.00691831	0.172824
8.81997	0.00691831	0.0912535
10.0937	0.00691831	0.0371291
11.5515	0.00691831	0.0122728
13.2197	0.00691831	0.00509703
15.1289	0.00691831	0.00198155
17.3138	0.00691831	0.000951205
19.8143	0.00691831	0.000506412
22.6758	0.00691831	0.000269021
25.9507	0.00691831	0.00016098
29.6984	0.00691831	0.0000839525
33.9875	0.00691831	0.0000390504
38.8959	0.00691831	0.0000183771
1	0.00794328	0.334264
2	0.00794328	0.472945
2.28884	0.00794328	0.510328
2.61939	0.00794328	0.542619
2.99768	0.00794328	0.56027
3.4306	0.00794328	0.555125
3.92605	0.00794328	0.527477
4.49305	0.00794328	0.493723
5.14193	0.00794328	0.465162
5.88452	0.00794328	0.417987
6.73436	0.00794328	0.322881
7.70694	0.00794328	0.206976
8.81997	0.00794328	0.110103
10.0937	0.00794328	0.0453483
11.5515	0.00794328	0.0147511
13.2197	0.00794328	0.0060387
15.1289	0.00794328	0.00235136
17.3138	0.00794328	0.00110617
19.8143	0.00794328	0.000593105
22.6758	0.00794328	0.000312592
25.9507	0.00794328	0.0001869
29.6984	0.00794328	0.0000977822
33.9875	0.00794328	0.0000440235
38.8959	0.00794328	0.0000205142
1	0.00912011	0.331199
2	0.00912011	0.495498
2.28884	0.00912011	0.54279
2.61939	0.00912011	0.587457
2.99768	0.00912011	0.617759
3.4306	0.00912011	0.622684
3.92605	0.00912011	0.598594
4.49305	0.00912011	0.56098
5.14193	0.00912011	0.52935
5.88452	0.00912011	0.482019
6.73436	0.00912011	0.380659
7.70694	0.00912011	0.247787
8.81997	0.00912011	0.13378
10.0937	0.00912011	0.055784
11.5515	0.00912011	0.0178475
13.2197	0.00912011	0.00717172
15.1289	0.00912011	0.00279724
17.3138	0.00912011	0.00129093
19.8143	0.00912011	0.000698874
22.6758	0.00912011	0.00036421
25.9507	0.00912011	0.000217237
29.6984	0.00912011	0.000112146
33.9875	0.00912011	0.0000502857
38.8959	0.00912011	0.0000234177
1	0.0104713	0.321157
2	0.0104713	0.509954
2.28884	0.0104713	0.568865
2.61939	0.0104713	0.627609
2.99768	0.0104713	0.67399
3.4306	0.0104713	0.693259
3.92605	0.0104713	0.676115
4.49305	0.0104713	0.636178
5.14193	0.0104713	0.600921
5.88452	0.0104713	0.554784
6.73436	0.0104713	0.448482
7.70694	0.0104713	0.297752
8.81997	0.0104713	0.164055
10.0937	0.0104713	0.0692979
11.5515	0.0104713	0.0218491
13.2197	0.0104713	0.00850238
15.1289	0.0104713	0.00336132
17.3138	0.0104713	0.00151351
19.8143	0.0104713	0.00082254
22.6758	0.0104713	0.000424103
25.9507	0.0104713	0.000246559
29.6984	0.0104713	0.000130933
33.9875	0.0104713	0.0000573997
38.8959	0.0104713	0.0000242824
1	0.0120226	0.304871
2	0.0120226	0.516061
2.28884	0.0120226	0.585868
2.61939	0.0120226	0.659965
2.99768	0.0120226	0.726044
3.4306	0.0120226	0.764828
3.92605	0.0120226	0.760352
4.49305	0.0120226	0.720765
5.14193	0.0120226	0.680316
5.88452	0.0120226	0.63658
6.73436	0.0120226	0.528694
7.70694	0.0120226	0.358903
8.81997	0.0120226	0.201341
10.0937	0.0120226	0.0868692
11.5515	0.0120226	0.0271233
13.2197	0.0120226	0.0102047
15.1289	0.0120226	0.00405403
17.3138	0.0120226	0.00176869
19.8143	0.0120226	0.000973813
22.6758	0.0120226	0.000501222
25.9507	0.0120226	0.000279785
29.6984	0.0120226	0.000147513
33.9875	0.0120226	0.0000640595
38.8959	0.0120226	0.0000272095
1	0.0138038	0.284024
2	0.0138038	0.509881
2.28884	0.0138038	0.590244
2.61939	0.0138038	0.679651
2.99768	0.0138038	0.767056
3.4306	0.0138038	0.830722
3.92605	0.0138038	0.847216
4.49305	0.0138038	0.814462
5.14193	0.0138038	0.769215
5.88452	0.0138038	0.726208
6.73436	0.0138038	0.621282
7.70694	0.0138038	0.434425
8.81997	0.0138038	0.248651
10.0937	0.0138038	0.110135
11.5515	0.0138038	0.034196
13.2197	0.0138038	0.0122265
15.1289	0.0138038	0.00492525
17.3138	0.0138038	0.00207728
19.8143	0.0138038	0.00115488
22.6758	0.0138038	0.000580677
25.9507	0.0138038	0.000334477
29.6984	0.0138038	0.000161658
33.9875	0.0138038	0.0000744885
38.8959	0.0138038	0.0000326245
1	0.0158489	0.259327
2	0.0158489	0.490614
2.28884	0.0158489	0.578405
2.61939	0.0158489	0.681513
2.99768	0.0158489	0.814538
3.4306	0.0158489	0.88518
3.92605	0.0158489	0.9318
4.49305	0.0158489	0.915211
5.14193	0.0158489	0.867005
5.88452	0.0158489	0.823227
6.73436	0.0158489	0.728084
7.70694	0.0158489	0.525592
8.81997	0.0158489	0.309241
10.0937	0.0158489	0.140592
11.5515	0.0158489	0.043839
13.2197	0.0158489	0.0147233
15.1289	0.0158489	0.00601115
17.3138	0.0158489	0.00245697
19.8143	0.0158489	0.00137427
22.6758	0.0158489	0.000683966
25.9507	0.0158489	0.000402019
29.6984	0.0158489	0.000196705
33.9875	0.0158489	0.0000888245
38.8959	0.0158489	0.0000430416
1	0.018197	0.233458
2	0.018197	0.459145
2.28884	0.018197	0.550678
2.61939	0.018197	0.664197
2.99768	0.018197	0.794291
3.4306	0.018197	0.921069
3.92605	0.018197	1.00769
4.49305	0.018197	1.02075
5.14193	0.018197	0.975037
5.88452	0.018197	0.931695
6.73436	0.018197	0.848176
7.70694	0.018197	0.635851
8.81997	0.018197	0.384473
10.0937	0.018197	0.181751
11.5515	0.018197	0.0574567
13.2197	0.018197	0.0179425
15.1289	0.018197	0.00741187
17.3138	0.018197	0.00291921
19.8143	0.018197	0.00163916
22.6758	0.018197	0.000808812
25.9507	0.018197	0.000472205
29.6984	0.018197	0.000237122
33.9875	0.018197	0.00011516
38.8959	0.018197	0.0000513094
1	0.020893	0.210423
2	0.020893	0.417072
2.28884	0.020893	0.507195
2.61939	0.020893	0.624889
2.99768	0.020893	0.770059
3.4306	0.020893	0.92911
3.92605	0.020893	1.06493
4.49305	0.020893	1.12245
5.14193	0.020893	1.09566
5.88452	0.020893	1.04741
6.73436	0.020893	0.980523
7.70694	0.020893	0.81513
8.81997	0.020893	0.479389
10.0937	0.020893	0.235806
11.5515	0.020893	0.0763978
13.2197	0.020893	0.0221722
15.1289	0.020893	0.00917854
17.3138	0.020893	0.00349494
19.8143	0.020893	0.0019638
22.6758	0.020893	0.000962784
25.9507	0.020893	0.000556044
29.6984	0.020893	0.000296861
33.9875	0.020893	0.000135764
38.8959	0.020893	0.0000617355
1	0.0239883	0.192095
2	0.0239883	0.366902
2.28884	0.0239883	0.449722
2.61939	0.0239883	0.562878
2.99768	0.0239883	0.714544
3.4306	0.0239883	0.899851
3.92605	0.0239883	1.08518
4.49305	0.0239883	1.20853
5.14193	0.0239883	1.21906
5.88452	0.0239883	1.17031
6.73436	0.0239883	1.11931
7.70694	0.0239883	0.929055
8.81997	0.0239883	0.604236
10.0937	0.0239883	0.308891
11.5515	0.0239883	0.104931
13.2197	0.0239883	0.0277422
15.1289	0.0239883	0.0114425
17.3138	0.0239883	0.00430392
19.8143	0.0239883	0.00236279
22.6758	0.0239883	0.00115803
25.9507	0.0239883	0.000658317
29.6984	0.0239883	0.000350172
33.9875	0.0239883	0.000163503
38.8959	0.0239883	0.0000753358
1	0.0275423	0.179668
2	0.0275423	0.314659
2.28884	0.0275423	0.384335
2.61939	0.0275423	0.486948
2.99768	0.0275423	0.634102
3.4306	0.0275423	0.831073
3.92605	0.0275423	1.06091
4.49305	0.0275423	1.26011
5.14193	0.0275423	1.34036
5.88452	0.0275423	1.30766
6.73436	0.0275423	1.26639
7.70694	0.0275423	1.11198
8.81997	0.0275423	0.756532
10.0937	0.0275423	0.40482
11.5515	0.0275423	0.146264
13.2197	0.0275423	0.0360995
15.1289	0.0275423	0.0143443
17.3138	0.0275423	0.00522606
19.8143	0.0275423	0.00284181
22.6758	0.0275423	0.00139913
25.9507	0.0275423	0.000783028
29.6984	0.0275423	0.000416093
33.9875	0.0275423	0.000194922
38.8959	0.0275423	0.0000892212
1	0.0316228	0.172353
2	0.0316228	0.264868
2.28884	0.0316228	0.3192
2.61939	0.0316228	0.402928
2.99768	0.0316228	0.532559
3.4306	0.0316228	0.725372
3.92605	0.0316228	0.98196
4.49305	0.0316228	1.25558
5.14193	0.0316228	1.43635
5.88452	0.0316228	1.45004
6.73436	0.0316228	1.40764
7.70694	0.0316228	1.30667
8.81997	0.0316228	0.946478
10.0937	0.0316228	0.53053
11.5515	0.0316228	0.206552
13.2197	0.0316228	0.0489234
15.1289	0.0316228	0.0179969
17.3138	0.0316228	0.00655782
19.8143	0.0316228	0.00342956
22.6758	0.0316228	0.00170779
25.9507	0.0316228	0.000933966
29.6984	0.0316228	0.000494562
33.9875	0.0316228	0.000232413
38.8959	0.0316228	0.000105155
1	0.0363078	0.169917
2	0.0363078	0.222958
2.28884	0.0363078	0.260578
2.61939	0.0363078	0.322678
2.99768	0.0363078	0.426714
3.4306	0.0363078	0.682569
3.92605	0.0363078	0.851247
4.49305	0.0363078	1.17854
5.14193	0.0363078	1.47358
5.88452	0.0363078	1.58224
6.73436	0.0363078	1.54836
7.70694	0.0363078	1.49406
8.81997	0.0363078	1.17533
10.0937	0.0363078	0.694927
11.5515	0.0363078	0.294208
13.2197	0.0363078	0.0697513
15.1289	0.0363078	0.0225518
17.3138	0.0363078	0.00840784
19.8143	0.0363078	0.00414801
22.6758	0.0363078	0.00210648
25.9507	0.0363078	0.00112331
29.6984	0.0363078	0.000563988
33.9875	0.0363078	0.000249491
38.8959	0.0363078	0.0001084
1	0.0416869	0.171837
2	0.0416869	0.194893
2.28884	0.0416869	0.216518
2.61939	0.0416869	0.2569
2.99768	0.0416869	0.331417
3.4306	0.0416869	0.462609
3.92605	0.0416869	0.686806
4.49305	0.0416869	1.02571
5.14193	0.0416869	1.41791
5.88452	0.0416869	1.67308
6.73436	0.0416869	1.68811
7.70694	0.0416869	1.65792
8.81997	0.0416869	1.43665
10.0937	0.0416869	0.906011
11.5515	0.0416869	0.419023
13.2197	0.0416869	0.105792
15.1289	0.0416869	0.0284215
17.3138	0.0416869	0.0110508
19.8143	0.0416869	0.00498645
22.6758	0.0416869	0.00261471
25.9507	0.0416869	0.00132373
29.6984	0.0416869	0.000629433
33.9875	0.0416869	0.000286565
38.8959	0.0416869	0.000120893
1	0.047863	0.172398
2	0.047863	0.177764
2.28884	0.047863	0.18855
2.61939	0.047863	0.210807
2.99768	0.047863	0.255763
3.4306	0.047863	0.346115
3.92605	0.047863	0.517368
4.49305	0.047863	0.81697
5.14193	0.047863	1.25354
5.88452	0.047863	1.67133
6.73436	0.047863	1.81311
7.70694	0.047863	1.78993
8.81997	0.047863	1.68956
10.0937	0.047863	1.15822
11.5515	0.047863	0.590465
13.2197	0.047863	0.165493
15.1289	0.047863	0.0364686
17.3138	0.047863	0.0147225
19.8143	0.047863	0.00602734
22.6758	0.047863	0.00329704
25.9507	0.047863	0.00164557
29.6984	0.047863	0.000849429
33.9875	0.047863	0.000393008
38.8959	0.047863	0.000156627
1	0.0549541	0.16931
2	0.0549541	0.16832
2.28884	0.0549541	0.172619
2.61939	0.0549541	0.183228
2.99768	0.0549541	0.206487
3.4306	0.0549541	0.25877
3.92605	0.0549541	0.369841
4.49305	0.0549541	0.595379
5.14193	0.0549541	0.999078
5.88452	0.0549541	1.53366
6.73436	0.0549541	1.88238
7.70694	0.0549541	1.89374
8.81997	0.0549541	1.88647
10.0937	0.0549541	1.45915
11.5515	0.0549541	0.814448
13.2197	0.0549541	0.267643
15.1289	0.0549541	0.0492466
17.3138	0.0549541	0.0198617
19.8143	0.0549541	0.00732812
22.6758	0.0549541	0.00417238
25.9507	0.0549541	0.00200613
29.6984	0.0549541	0.00102637
33.9875	0.0549541	0.00048407
38.8959	0.0549541	0.000215227
1	0.0630957	0.155333
2	0.0630957	0.15993
2.28884	0.0630957	0.16298
2.61939	0.0630957	0.168859
2.99768	0.0630957	0.180124
3.4306	0.0630957	0.205768
3.92605	0.0630957	0.26742
4.49305	0.0630957	0.408862
5.14193	0.0630957	0.715008
5.88452	0.0630957	1.24859
6.73436	0.0630957	1.81812
7.70694	0.0630957	1.98821
8.81997	0.0630957	1.99313
10.0937	0.0630957	1.77304
11.5515	0.0630957	1.08699
13.2197	0.0630957	0.424993
15.1289	0.0630957	0.0743572
17.3138	0.0630957	0.0265275
19.8143	0.0630957	0.0091279
22.6758	0.0630957	0.00526192
25.9507	0.0630957	0.00246339
29.6984	0.0630957	0.00124313
33.9875	0.0630957	0.000588917
38.8959	0.0630957	0.000262324
1	0.0724436	0.129667
2	0.0724436	0.146126
2.28884	0.0724436	0.151575
2.61939	0.0724436	0.158049
2.99768	0.0724436	0.16762
3.4306	0.0724436	0.180501
3.92605	0.0724436	0.208103
4.49305	0.0724436	0.280462
5.14193	0.0724436	0.463087
5.88452	0.0724436	0.882153
6.73436	0.0724436	1.55662
7.70694	0.0724436	2.01595
8.81997	0.0724436	2.02563
10.0937	0.0724436	2.01706
11.5515	0.0724436	1.40429
13.2197	0.0724436	0.657061
15.1289	0.0724436	0.125739
17.3138	0.0724436	0.0348298
19.8143	0.0724436	0.0118753
22.6758	0.0724436	0.00657827
25.9507	0.0724436	0.00304443
29.6984	0.0724436	0.00151342
33.9875	0.0724436	0.000661309
38.8959	0.0724436	0.000295021
1	0.0831764	0.101835
2	0.0831764	0.130336
2.28884	0.0831764	0.134527
2.61939	0.0831764	0.146217
2.99768	0.0831764	0.157282
3.4306	0.0831764	0.166648
3.92605	0.0831764	0.181566
4.49305	0.0831764	0.213023
5.14193	0.0831764	0.298778
5.88452	0.0831764	0.548321
6.73436	0.0831764	1.12598
7.70694	0.0831764	1.86817
8.81997	0.0831764	2.06051
10.0937	0.0831764	2.09694
11.5515	0.0831764	1.75714
13.2197	0.0831764	0.955631
15.1289	0.0831764	0.230802
17.3138	0.0831764	0.0446081
19.8143	0.0831764	0.0161877
22.6758	0.0831764	0.00808237
25.9507	0.0831764	0.00378504
29.6984	0.0831764	0.00184909
33.9875	0.0831764	0.000867443
38.8959	0.0831764	0.000363578
1	0.0954993	0.0760925
2	0.0954993	0.103464
2.28884	0.0954993	0.113038
2.61939	0.0954993	0.124843
2.99768	0.0954993	0.137443
3.4306	0.0954993	0.152003
3.92605	0.0954993	0.169313
4.49305	0.0954993	0.183397
5.14193	0.0954993	0.219746
5.88452	0.0954993	0.334836
6.73436	0.0954993	0.688012
7.70694	0.0954993	1.45364
8.81997	0.0954993	2.07263
10.0937	0.0954993	2.04991
11.5515	0.0954993	2.07275
13.2197	0.0954993	1.29389
15.1289	0.0954993	0.4248
17.3138	0.0954993	0.0602333
19.8143	0.0954993	0.0228822
22.6758	0.0954993	0.00956176
25.9507	0.0954993	0.00475453
29.6984	0.0954993	0.00226741
33.9875	0.0954993	0.00105224
38.8959	0.0954993	0.00045962
1	0.109648	0.0679846
2	0.109648	0.0860121
2.28884	0.109648	0.0950072
2.61939	0.109648	0.105136
2.99768	0.109648	0.117036
3.4306	0.109648	0.13122
3.92605	0.109648	0.14788
4.49305	0.109648	0.167523
5.14193	0.109648	0.193156
5.88452	0.109648	0.254749
6.73436	0.109648	0.394782
7.70694	0.109648	0.93018
8.81997	0.109648	1.84652
10.0937	0.109648	2.05708
11.5515	0.109648	2.1983
13.2197	0.109648	1.65031
15.1289	0.109648	0.730662
17.3138	0.109648	0.0999807
19.8143	0.109648	0.0323604
22.6758	0.109648	0.011193
25.9507	0.109648	0.0060248
29.6984	0.109648	0.00277931
33.9875	0.109648	0.001212
38.8959	0.109648	0.000531745