1.	0.001	0.0235707
1.9999999999999998	0.001	0.041546999999999994
2.288838595949997	0.001	0.04976286006254529
2.6193910591551774	0.001	0.06032073528426703
2.9976816770403563	0.001	0.07292295073732738
3.4306047603910415	0.001	0.0860205963271781
3.926050291516404	0.001	0.09604600068981933
4.493047718431742	0.001	0.09738769460109324
5.141930515695824	0.001	0.08522858313813061
5.884524511008838	0.001	0.06094775877512493
6.734363409805407	0.001	0.034342134851954566
7.706935445758021	0.001	0.015760087013752394
8.819965652373028	0.001	0.0067241452952562595
10.093738900052346	0.001	0.002853152860170481
11.551469585940843	0.001	0.0010866468563402159
13.219724714121972	0.001	0.00043227088286470084
15.128908076758211	0.001	0.00019147072232054255
17.313814360331925	0.001	0.00011635381931595485
19.814263275520517	0.001	0.00008489276207340777
22.675825267662994	0.001	0.00005407993461635987
25.950652033822625	0.001	0.000032645313951512624
29.698426982540767	0.001	0.000019990340121419524
33.98745295832107	0.001	0.00001047230439302146
38.895897054520105	0.001	5.262803126106867e-6
44.51321520124173	0.001	2.0387410515106664e-6
50.941782491215115	0.001	7.48222227444187e-7
58.29875895619149	0.001	2.6024744105670944e-7
66.71822479745835	0.001	8.83534709270811e-8
76.35362398484546	0.001	2.8038145067586644e-8
87.38056075858388	0.001	8.914071327423743e-9
100.00000000000031	0.001	3.204370367108193e-9
111.55639876771902	0.001	1.4301377777985955e-9
138.21730389017998	0.001	2.608039245061738e-10
171.24990861750976	0.001	4.2005213843741054e-11
212.17698780180757	0.001	7.722764839533608e-12
262.885244821937	0.001	1.1188683766559622e-12
325.7122869971341	0.001	6.02462034264538e-14
403.5543872869759	0.001	8.875014458204589e-16
499.9999999999984	0.001	7.082148262165006e-19
1000	0.001	0
2000	0.001	0
1.	0.0011481536214968829	0.026636672687536344
1.9999999999999998	0.0011481536214968829	0.04684312377510362
2.288838595949997	0.0011481536214968829	0.05614570474498683
2.6193910591551774	0.0011481536214968829	0.06818702610071044
2.9976816770403563	0.0011481536214968829	0.08264518891024128
3.4306047603910415	0.0011481536214968829	0.09778189444858887
3.926050291516404	0.0011481536214968829	0.1096063275897186
4.493047718431742	0.0011481536214968829	0.11162033875980383
5.141930515695824	0.0011481536214968829	0.09815249773490986
5.884524511008838	0.0011481536214968829	0.07045447403003179
6.734363409805407	0.0011481536214968829	0.03982016165101279
7.706935445758021	0.0011481536214968829	0.01827996355810002
8.819965652373028	0.0011481536214968829	0.007784497031012523
10.093738900052346	0.0011481536214968829	0.0032968164742396174
11.551469585940843	0.0011481536214968829	0.0012540068010447754
13.219724714121972	0.0011481536214968829	0.0004981850569942781
15.128908076758211	0.0011481536214968829	0.0002208774062370348
17.313814360331925	0.0011481536214968829	0.00013385722304472275
19.814263275520517	0.0011481536214968829	0.00009775164971476011
22.675825267662994	0.0011481536214968829	0.00006231781182346793
25.950652033822625	0.0011481536214968829	0.00003755098307802541
29.698426982540767	0.0011481536214968829	0.00002298630462034662
33.98745295832107	0.0011481536214968829	0.000012036358465397151
38.895897054520105	0.0011481536214968829	6.04954297675051e-6
44.51321520124173	0.0011481536214968829	2.3419403874314333e-6
50.941782491215115	0.0011481536214968829	8.588746383791077e-7
58.29875895619149	0.0011481536214968829	2.988875484543211e-7
66.71822479745835	0.0011481536214968829	1.0149771520904287e-7
76.35362398484546	0.0011481536214968829	3.220971438728837e-8
87.38056075858388	0.0011481536214968829	1.0239797053802179e-8
100.00000000000031	0.0011481536214968829	3.679820135434683e-9
111.55639876771902	0.0011481536214968829	1.6423575758789e-9
138.21730389017998	0.0011481536214968829	2.995002040962987e-10
171.24990861750976	0.0011481536214968829	4.8236465449607354e-11
212.17698780180757	0.0011481536214968829	8.868167228307942e-12
262.885244821937	0.0011481536214968829	1.2848153337626794e-12
325.7122869971341	0.0011481536214968829	6.918321210180137e-14
403.5543872869759	0.0011481536214968829	1.0191859597529631e-15
499.9999999999984	0.0011481536214968829	8.133445966817363e-19
1000	0.0011481536214968829	0
2000	0.0011481536214968829	0
1.	0.0013182567385564075	0.030050834539140217
1.9999999999999998	0.0013182567385564075	0.05265688853075629
2.288838595949997	0.0013182567385564075	0.0631896137448962
2.6193910591551774	0.0013182567385564075	0.07690567918756017
2.9976816770403563	0.0013182567385564075	0.09346126045609401
3.4306047603910415	0.0013182567385564075	0.11097288133083076
3.926050291516404	0.0013182567385564075	0.12494470743810829
4.493047718431742	0.0013182567385564075	0.12791267567858597
5.141930515695824	0.0013182567385564075	0.11304069268840716
5.884524511008838	0.0013182567385564075	0.08156949947807603
6.734363409805407	0.0013182567385564075	0.046263088683483236
7.706935445758021	0.0013182567385564075	0.021224660787558774
8.819965652373028	0.0013182567385564075	0.009007364275624112
10.093738900052346	0.0013182567385564075	0.0038128870597978633
11.551469585940843	0.0013182567385564075	0.0014503455276718782
13.219724714121972	0.0013182567385564075	0.000575531368634435
15.128908076758211	0.0013182567385564075	0.00025506797111219157
17.313814360331925	0.0013182567385564075	0.00015407337509463543
19.814263275520517	0.0013182567385564075	0.00011275531917579723
22.675825267662994	0.0013182567385564075	0.0000718488962291463
25.950652033822625	0.0013182567385564075	0.000043202511224224084
29.698426982540767	0.0013182567385564075	0.00002643895453074253
33.98745295832107	0.0013182567385564075	0.000013838503647912215
38.895897054520105	0.0013182567385564075	6.960026670626004e-6
44.51321520124173	0.0013182567385564075	2.692328113377492e-6
50.941782491215115	0.0013182567385564075	9.8656545897064e-7
58.29875895619149	0.0013182567385564075	3.435216022814761e-7
66.71822479745835	0.0013182567385564075	1.1668661448787701e-7
76.35362398484546	0.0013182567385564075	3.7030729916267963e-8
87.38056075858388	0.0013182567385564075	1.1771688590611099e-8
100.00000000000031	0.0013182567385564075	4.228900460319763e-9
111.55639876771902	0.0013182567385564075	1.887440588096398e-9
138.21730389017998	0.0013182567385564075	3.441880574072754e-10
171.24990861750976	0.0013182567385564075	5.543233407972541e-11
212.17698780180757	0.0013182567385564075	1.0190761235910701e-11
262.885244821937	0.0013182567385564075	1.4764371116967952e-12
325.7122869971341	0.0013182567385564075	7.950353124372564e-14
403.5543872869759	0.0013182567385564075	1.1712680209300202e-15
499.9999999999984	0.0013182567385564075	9.347699842760202e-19
1000	0.0013182567385564075	0
2000	0.0013182567385564075	0
1.	0.0015135612484362087	0.03380962287983163
1.9999999999999998	0.0015135612484362087	0.05901873852648307
2.288838595949997	0.0015135612484362087	0.0709222888978518
2.6193910591551774	0.0015135612484362087	0.08648771135580446
2.9976816770403563	0.0015135612484362087	0.1054391520704237
3.4306047603910415	0.0015135612484362087	0.12574025024886776
3.926050291516404	0.0015135612484362087	0.14228311071318828
4.493047718431742	0.0015135612484362087	0.1464731009572448
5.141930515695824	0.0015135612484362087	0.13022108607476485
5.884524511008838	0.0015135612484362087	0.09451716813255927
6.734363409805407	0.0015135612484362087	0.05380134736202612
7.706935445758021	0.0015135612484362087	0.024679259072715915
8.819965652373028	0.0015135612484362087	0.010449364993373459
10.093738900052346	0.0015135612484362087	0.004415650889894047
11.551469585940843	0.0015135612484362087	0.0016791285708813884
13.219724714121972	0.0015135612484362087	0.00066389681009653
15.128908076758211	0.0015135612484362087	0.00029473082841676145
17.313814360331925	0.0015135612484362087	0.00017772187800360045
19.814263275520517	0.0015135612484362087	0.00013010881096603018
22.675825267662994	0.0015135612484362087	0.00008299601395476972
25.950652033822625	0.0015135612484362087	0.000049719929254594954
29.698426982540767	0.0015135612484362087	0.00003041013429120432
33.98745295832107	0.0015135612484362087	0.000015917672222594877
38.895897054520105	0.0015135612484362087	8.008251497311138e-6
44.51321520124173	0.0015135612484362087	3.0950578141279277e-6
50.941782491215115	0.0015135612484362087	1.1330920438038049e-6
58.29875895619149	0.0015135612484362087	3.9479704952602255e-7
66.71822479745835	0.0015135612484362087	1.3414206463631874e-7
76.35362398484546	0.0015135612484362087	4.257183448447066e-8
87.38056075858388	0.0015135612484362087	1.353211911914038e-8
100.00000000000031	0.0015135612484362087	4.8594747778939305e-9
111.55639876771902	0.0015135612484362087	2.1689204235281662e-9
138.21730389017998	0.0015135612484362087	3.9550892823859313e-10
171.24990861750976	0.0015135612484362087	6.36955639265182e-11
212.17698780180757	0.0015135612484362087	1.1709460079914524e-11
262.885244821937	0.0015135612484362087	1.6964782548450112e-12
325.7122869971341	0.0015135612484362087	9.13547502296403e-14
403.5543872869759	0.0015135612484362087	1.3459173590019488e-15
499.9999999999984	0.0015135612484362087	1.0742367138982726e-18
1000	0.0015135612484362087	0
2000	0.0015135612484362087	0
1.	0.0017378008287493763	0.03791921444469025
1.9999999999999998	0.0017378008287493763	0.0659387238874631
2.288838595949997	0.0017378008287493763	0.079321364069803
2.6193910591551774	0.0017378008287493763	0.09695839724783008
2.9976816770403563	0.0017378008287493763	0.11862813754535749
3.4306047603910415	0.0017378008287493763	0.14213924712918485
3.926050291516404	0.0017378008287493763	0.16178207329490182
4.493047718431742	0.0017378008287493763	0.1676350538345474
5.141930515695824	0.0017378008287493763	0.15013504559624907
5.884524511008838	0.0017378008287493763	0.10965080756159623
6.734363409805407	0.0017378008287493763	0.06268571492865609
7.706935445758021	0.0017378008287493763	0.028757174488319878
8.819965652373028	0.0017378008287493763	0.012139571314691898
10.093738900052346	0.0017378008287493763	0.005118827937128082
11.551469585940843	0.0017378008287493763	0.0019442772188137277
13.219724714121972	0.0017378008287493763	0.0007696748465869839
15.128908076758211	0.0017378008287493763	0.0003416026658842413
17.313814360331925	0.0017378008287493763	0.00020492478732601625
19.814263275520517	0.0017378008287493763	0.00015016587875179408
22.675825267662994	0.0017378008287493763	0.00009569555078957196
25.950652033822625	0.0017378008287493763	0.00005723909121616782
29.698426982540767	0.0017378008287493763	0.000034983910689734175
33.98745295832107	0.0017378008287493763	0.00001830129187684854
38.895897054520105	0.0017378008287493763	9.220849938627049e-6
44.51321520124173	0.0017378008287493763	3.560074498089991e-6
50.941782491215115	0.0017378008287493763	1.3019742097706392e-6
58.29875895619149	0.0017378008287493763	4.5396654886177556e-7
66.71822479745835	0.0017378008287493763	1.542941905991719e-7
76.35362398484546	0.0017378008287493763	4.8969586899712806e-8
87.38056075858388	0.0017378008287493763	1.556440490937392e-8
100.00000000000031	0.0017378008287493763	5.586877193695048e-9
111.55639876771902	0.0017378008287493763	2.4936310681158656e-9
138.21730389017998	0.0017378008287493763	4.547088165426322e-10
171.24990861750976	0.0017378008287493763	7.322683573458372e-11
212.17698780180757	0.0017378008287493763	1.3461080021038259e-11
262.885244821937	0.0017378008287493763	1.9502612727431978e-12
325.7122869971341	0.0017378008287493763	1.0502446533680777e-13
403.5543872869759	0.0017378008287493763	1.5473844900685921e-15
499.9999999999984	0.0017378008287493763	1.235143914621763e-18
1000	0.0017378008287493763	0
2000	0.0017378008287493763	0
1.	0.0019952623149688807	0.04240663762245356
1.9999999999999998	0.0019952623149688807	0.07335966168603861
2.288838595949997	0.0019952623149688807	0.0883688023517488
2.6193910591551774	0.0019952623149688807	0.10832116444100282
2.9976816770403563	0.0019952623149688807	0.13306422793979888
3.4306047603910415	0.0019952623149688807	0.16028038067818182
3.926050291516404	0.0019952623149688807	0.18361719521589784
4.493047718431742	0.0019952623149688807	0.19167618115808596
5.141930515695824	0.0019952623149688807	0.17303417551673914
5.884524511008838	0.0019952623149688807	0.12731387571476047
6.734363409805407	0.0019952623149688807	0.0732112591988261
7.706935445758021	0.0019952623149688807	0.03360723040691118
8.819965652373028	0.0019952623149688807	0.014129294466342411
10.093738900052346	0.0019952623149688807	0.005942419033412933
11.551469585940843	0.0019952623149688807	0.0022503098910005323
13.219724714121972	0.0019952623149688807	0.0008901927369376648
15.128908076758211	0.0019952623149688807	0.0003947669087585407
17.313814360331925	0.0019952623149688807	0.00023655392136101978
19.814263275520517	0.0019952623149688807	0.00017331013870710817
22.675825267662994	0.0019952623149688807	0.00011045479205045071
25.950652033822625	0.0019952623149688807	0.00006592123085257803
29.698426982540767	0.0019952623149688807	0.0000398430290057997
33.98745295832107	0.0019952623149688807	0.000021067230778871917
38.895897054520105	0.0019952623149688807	0.000010615618955912017
44.51321520124173	0.0019952623149688807	4.093788689664388e-6
50.941782491215115	0.0019952623149688807	1.4954010210243517e-6
58.29875895619149	0.0019952623149688807	5.21829242192024e-7
66.71822479745835	0.0019952623149688807	1.7741545421833953e-7
76.35362398484546	0.0019952623149688807	5.631161851536714e-8
87.38056075858388	0.0019952623149688807	1.7895910058076157e-8
100.00000000000031	0.0019952623149688807	6.420732469608508e-9
111.55639876771902	0.0019952623149688807	2.8658687245113196e-9
138.21730389017998	0.0019952623149688807	5.225716631486103e-10
171.24990861750976	0.0019952623149688807	8.41520632788916e-11
212.17698780180757	0.0019952623149688807	1.5468634790358615e-11
262.885244821937	0.0019952623149688807	2.241141600454037e-12
325.7122869971341	0.0019952623149688807	1.2069324995880687e-13
403.5543872869759	0.0019952623149688807	1.7783348088380006e-15
499.9999999999984	0.0019952623149688807	1.4196404473766444e-18
1000	0.0019952623149688807	0
2000	0.0019952623149688807	0
1.	0.0022908676527677745	0.047210761853208424
1.9999999999999998	0.0022908676527677745	0.08123653745425309
2.288838595949997	0.0022908676527677745	0.0979855422216881
2.6193910591551774	0.0022908676527677745	0.12047298256314976
2.9976816770403563	0.0022908676527677745	0.1487079979998214
3.4306047603910415	0.0022908676527677745	0.18025810807322318
3.926050291516404	0.0022908676527677745	0.20801581188618476
4.493047718431742	0.0022908676527677745	0.2189497394386869
5.141930515695824	0.0022908676527677745	0.1995007541588002
5.884524511008838	0.0022908676527677745	0.1481145036993361
6.734363409805407	0.0022908676527677745	0.0857314379639598
7.706935445758021	0.0022908676527677745	0.03934757162022404
8.819965652373028	0.0022908676527677745	0.016476770695701654
10.093738900052346	0.0022908676527677745	0.006907587797135762
11.551469585940843	0.0022908676527677745	0.0026153866536194246
13.219724714121972	0.0022908676527677745	0.0010370613352809284
15.128908076758211	0.0022908676527677745	0.00045779781597943096
17.313814360331925	0.0022908676527677745	0.00027289229343178105
19.814263275520517	0.0022908676527677745	0.0002001048562799821
22.675825267662994	0.0022908676527677745	0.0001277774625982837
25.950652033822625	0.0022908676527677745	0.00007595447938049095
29.698426982540767	0.0022908676527677745	0.00004586061620165832
33.98745295832107	0.0022908676527677745	0.000024240111938106843
38.895897054520105	0.0022908676527677745	0.000012235294342923764
44.51321520124173	0.0022908676527677745	4.712061645507505e-6
50.941782491215115	0.0022908676527677745	1.718978708505657e-6
58.29875895619149	0.0022908676527677745	6.00381043980372e-7
66.71822479745835	0.0022908676527677745	2.0419112963934012e-7
76.35362398484546	0.0022908676527677745	6.481538226763822e-8
87.38056075858388	0.0022908676527677745	2.0595783291121212e-8
100.00000000000031	0.0022908676527677745	7.385419083543783e-9
111.55639876771902	0.0022908676527677745	3.2965269149543165e-9
138.21730389017998	0.0022908676527677745	6.010803621389583e-10
171.24990861750976	0.0022908676527677745	9.678992505910898e-11
212.17698780180757	0.0022908676527677745	1.7790742660874295e-11
262.885244821937	0.0022908676527677745	2.5775802215283853e-12
325.7122869971341	0.0022908676527677745	1.388185509850196e-13
403.5543872869759	0.0022908676527677745	2.0455194784210703e-15
499.9999999999984	0.0022908676527677745	1.6331251403319838e-18
1000	0.0022908676527677745	0
2000	0.0022908676527677745	0
1.	0.0026302679918953843	0.052384169390900355
1.9999999999999998	0.0026302679918953843	0.08954965081445349
2.288838595949997	0.0026302679918953843	0.10818784903611178
2.6193910591551774	0.0026302679918953843	0.13341901302362244
2.9976816770403563	0.0026302679918953843	0.1654280424670802
3.4306047603910415	0.0026302679918953843	0.20192818964533013
3.926050291516404	0.0026302679918953843	0.235009847883354
4.493047718431742	0.0026302679918953843	0.24978575809726472
5.141930515695824	0.0026302679918953843	0.22984778064112604
5.884524511008838	0.0026302679918953843	0.17252647360020784
6.734363409805407	0.0026302679918953843	0.10056772177388017
7.706935445758021	0.0026302679918953843	0.04624741354095756
8.819965652373028	0.0026302679918953843	0.019299588559346353
10.093738900052346	0.0026302679918953843	0.008044589919625448
11.551469585940843	0.0026302679918953843	0.0030473517065731275
13.219724714121972	0.0026302679918953843	0.001193070513713936
15.128908076758211	0.0026302679918953843	0.000531556763032382
17.313814360331925	0.0026302679918953843	0.000314991272100542
19.814263275520517	0.0026302679918953843	0.00023161903804416642
22.675825267662994	0.0026302679918953843	0.00014807041298278906
25.950652033822625	0.0026302679918953843	0.0000875510178120737
29.698426982540767	0.0026302679918953843	0.00005280200226044239
33.98745295832107	0.0026302679918953843	0.000027898451495254482
38.895897054520105	0.0026302679918953843	0.000014091297304103546
44.51321520124173	0.0026302679918953843	5.418492736766667e-6
50.941782491215115	0.0026302679918953843	1.973772084003008e-6
58.29875895619149	0.0026302679918953843	6.90046167318288e-7
66.71822479745835	0.0026302679918953843	2.347697436450538e-7
76.35362398484546	0.0026302679918953843	7.452867643066124e-8
87.38056075858388	0.0026302679918953843	2.367862255421687e-8
100.00000000000031	0.0026302679918953843	8.485815221382172e-9
111.55639876771902	0.0026302679918953843	3.787783841801974e-9
138.21730389017998	0.0026302679918953843	6.906307517942638e-10
171.24990861750976	0.0026302679918953843	1.1120398679045644e-10
212.17698780180757	0.0026302679918953843	2.0438815643919343e-11
262.885244821937	0.0026302679918953843	2.9612641457090913e-12
325.7122869971341	0.0026302679918953843	1.594894031023406e-13
403.5543872869759	0.0026302679918953843	2.350289624370047e-15
499.9999999999984	0.0026302679918953843	1.876698099858425e-18
1000	0.0026302679918953843	0
2000	0.0026302679918953843	0
1.	0.003019951720402019	0.057849422057767164
1.9999999999999998	0.003019951720402019	0.09808613323334363
2.288838595949997	0.003019951720402019	0.11870794063490385
2.6193910591551774	0.003019951720402019	0.1468841543272318
2.9976816770403563	0.003019951720402019	0.18316723397556528
3.4306047603910415	0.003019951720402019	0.22525347369529414
3.926050291516404	0.003019951720402019	0.26464013449262164
4.493047718431742	0.003019951720402019	0.28454206872723137
5.141930515695824	0.003019951720402019	0.2649931109306757
5.884524511008838	0.003019951720402019	0.2012426895711818
6.734363409805407	0.003019951720402019	0.11825185888377038
7.706935445758021	0.003019951720402019	0.054503736957792086
8.819965652373028	0.003019951720402019	0.0225772400578818
10.093738900052346	0.003019951720402019	0.009394610479537935
11.551469585940843	0.003019951720402019	0.0035598840345803903
13.219724714121972	0.003019951720402019	0.0013909208624994867
15.128908076758211	0.003019951720402019	0.0006182164498325452
17.313814360331925	0.003019951720402019	0.00036362366744707296
19.814263275520517	0.003019951720402019	0.00026795356851011125
22.675825267662994	0.003019951720402019	0.00017130456151480817
25.950652033822625	0.003019951720402019	0.00010097308994049518
29.698426982540767	0.003019951720402019	0.000060821455089647627
33.98745295832107	0.003019951720402019	0.00003212593346371149
38.895897054520105	0.003019951720402019	0.000016239619057493498
44.51321520124173	0.003019951720402019	6.233583393260416e-6
50.941782491215115	0.003019951720402019	2.266951302216908e-6
58.29875895619149	0.003019951720402019	7.933884219804946e-7
66.71822479745835	0.003019951720402019	2.700275796800969e-7
76.35362398484546	0.003019951720402019	8.573114661519985e-8
87.38056075858388	0.003019951720402019	2.723276397906397e-8
100.00000000000031	0.003019951720402019	9.753023442533858e-9
111.55639876771902	0.003019951720402019	4.353538306731279e-9
138.21730389017998	0.003019951720402019	7.937520587598588e-10
171.24990861750976	0.003019951720402019	1.2779995913773115e-10
212.17698780180757	0.003019951720402019	2.3487393366007357e-11
262.885244821937	0.003019951720402019	3.4029867835918672e-12
325.7122869971341	0.003019951720402019	1.832908565681295e-13
403.5543872869759	0.003019951720402019	2.7012535756250796e-15
499.9999999999984	0.003019951720402019	2.157265285862318e-18
1000	0.003019951720402019	0
2000	0.003019951720402019	0
1.	0.00346736850452532	0.0635858808260907
1.9999999999999998	0.00346736850452532	0.10672897111162194
2.288838595949997	0.00346736850452532	0.12933885455943536
2.6193910591551774	0.00346736850452532	0.16060006899648216
2.9976816770403563	0.00346736850452532	0.20161712585810238
3.4306047603910415	0.00346736850452532	0.250026368111099
3.926050291516404	0.00346736850452532	0.2969559055008383
4.493047718431742	0.00346736850452532	0.3232427648672548
5.141930515695824	0.00346736850452532	0.3053558162827503
5.884524511008838	0.00346736850452532	0.2350753805310184
6.734363409805407	0.00346736850452532	0.13967666482909122
7.706935445758021	0.00346736850452532	0.06450221859835868
8.819965652373028	0.00346736850452532	0.026569234826907873
10.093738900052346	0.00346736850452532	0.011002111983792803
11.551469585940843	0.00346736850452532	0.004157790801346425
13.219724714121972	0.00346736850452532	0.0016158976493304501
15.128908076758211	0.00346736850452532	0.000719893551659141
17.313814360331925	0.00346736850452532	0.0004200291821159108
19.814263275520517	0.00346736850452532	0.00031044546744596856
22.675825267662994	0.00346736850452532	0.00019839627775146987
25.950652033822625	0.00346736850452532	0.00011652514717955981
29.698426982540767	0.00346736850452532	0.00007008366089693847
33.98745295832107	0.00346736850452532	0.00003699794659698341
38.895897054520105	0.00346736850452532	0.000018716602691008694
44.51321520124173	0.00346736850452532	7.169873066356537e-6
50.941782491215115	0.00346736850452532	2.6026954901507376e-6
58.29875895619149	0.00346736850452532	9.11947171886695e-7
66.71822479745835	0.00346736850452532	3.104949125295771e-7
76.35362398484546	0.00346736850452532	9.859144048678929e-8
87.38056075858388	0.00346736850452532	3.131121049860651e-8
100.00000000000031	0.00346736850452532	1.120534147958232e-8
111.55639876771902	0.00346736850452532	5.001961884770914e-9
138.21730389017998	0.00346736850452532	9.119281918017117e-10
171.24990861750976	0.00346736850452532	1.4681742093369418e-10
212.17698780180757	0.00346736850452532	2.6979995567009334e-11
262.885244821937	0.00346736850452532	3.9090638131778e-12
325.7122869971341	0.00346736850452532	2.105636984400595e-13
403.5543872869759	0.00346736850452532	3.103474311097241e-15
499.9999999999984	0.00346736850452532	2.4789125285670053e-18
1000	0.00346736850452532	0
2000	0.00346736850452532	0
1.	0.003981071705534978	0.06950561733468495
1.9999999999999998	0.003981071705534978	0.1152460238215648
2.288838595949997	0.003981071705534978	0.13984390967264418
2.6193910591551774	0.003981071705534978	0.17443216668546735
2.9976816770403563	0.003981071705534978	0.22030726882428675
3.4306047603910415	0.003981071705534978	0.2758906111447915
3.926050291516404	0.003981071705534978	0.3315651239296951
4.493047718431742	0.003981071705534978	0.3662359973401959
5.141930515695824	0.003981071705534978	0.351595099431888
5.884524511008838	0.003981071705534978	0.27492255495470186
6.734363409805407	0.003981071705534978	0.16542377884201517
7.706935445758021	0.003981071705534978	0.07662405889886445
8.819965652373028	0.003981071705534978	0.03135839347651155
10.093738900052346	0.003981071705534978	0.012903592379342205
11.551469585940843	0.003981071705534978	0.004876539917729556
13.219724714121972	0.003981071705534978	0.0018851573641930353
15.128908076758211	0.003981071705534978	0.0008391321048896205
17.313814360331925	0.003981071705534978	0.0004866434939256874
19.814263275520517	0.003981071705534978	0.0003598850283795853
22.675825267662994	0.003981071705534978	0.0002298423737966617
25.950652033822625	0.003981071705534978	0.00013455245625105833
29.698426982540767	0.003981071705534978	0.00008078859197395137
33.98745295832107	0.003981071705534978	0.000042630637413495084
38.895897054520105	0.003981071705534978	0.000021566422238488466
44.51321520124173	0.003981071705534978	8.242513094652776e-6
50.941782491215115	0.003981071705534978	2.9860458268898546e-6
58.29875895619149	0.003981071705534978	1.0475632782523967e-6
66.71822479745835	0.003981071705534978	3.5680549316070596e-7
76.35362398484546	0.003981071705534978	1.1331179930494181e-7
87.38056075858388	0.003981071705534978	3.597731799618995e-8
100.00000000000031	0.003981071705534978	1.2864549164505463e-8
111.55639876771902	0.003981071705534978	5.742801993694985e-9
138.21730389017998	0.003981071705534978	1.0469395908759271e-9
171.24990861750976	0.003981071705534978	1.6853850391301892e-10
212.17698780180757	0.003981071705534978	3.096869389962118e-11
262.885244821937	0.003981071705534978	4.487023394107331e-12
325.7122869971341	0.003981071705534978	2.4171405769543643e-13
403.5543872869759	0.003981071705534978	3.56298441641329e-15
499.9999999999984	0.003981071705534978	2.8465246982135777e-18
1000	0.003981071705534978	0
2000	0.003981071705534978	0
1.	0.0045708818961487565	0.07550031673266787
1.9999999999999998	0.0045708818961487565	0.12348402119058724
2.288838595949997	0.0045708818961487565	0.14995689720386632
2.6193910591551774	0.0045708818961487565	0.18765717781786403
2.9976816770403563	0.0045708818961487565	0.2388112953789327
3.4306047603910415	0.0045708818961487565	0.3022447075789958
3.926050291516404	0.0045708818961487565	0.36825812995159635
4.493047718431742	0.0045708818961487565	0.41356296147417676
5.141930515695824	0.0045708818961487565	0.4043941096749877
5.884524511008838	0.0045708818961487565	0.3220174895429484
6.734363409805407	0.0045708818961487565	0.19660673801212464
7.706935445758021	0.0045708818961487565	0.0915215441018181
8.819965652373028	0.0045708818961487565	0.037121332417552215
10.093738900052346	0.0045708818961487565	0.0151804553402322
11.551469585940843	0.0045708818961487565	0.0057208902847393165
13.219724714121972	0.0045708818961487565	0.002198085321648384
15.128908076758211	0.0045708818961487565	0.0009801959282733457
17.313814360331925	0.0045708818961487565	0.0005633854129092982
19.814263275520517	0.0045708818961487565	0.00041751933058934755
22.675825267662994	0.0045708818961487565	0.00026754625790847926
25.950652033822625	0.0045708818961487565	0.0001554907096778247
29.698426982540767	0.0045708818961487565	0.00009186457102039545
33.98745295832107	0.0045708818961487565	0.00004916678946493138
38.895897054520105	0.0045708818961487565	0.000024885725240036614
44.51321520124173	0.0045708818961487565	9.486117502288815e-6
50.941782491215115	0.0045708818961487565	3.4289890366339675e-6
58.29875895619149	0.0045708818961487565	1.2045299127936266e-6
66.71822479745835	0.0045708818961487565	4.1042943366456464e-7
76.35362398484546	0.0045708818961487565	1.30359842212006e-7
87.38056075858388	0.0045708818961487565	4.137835112059141e-8
100.00000000000031	0.0045708818961487565	1.4782295624279206e-8
111.55639876771902	0.0045708818961487565	6.599075521062706e-9
138.21730389017998	0.0045708818961487565	1.202964627663728e-9
171.24990861750976	0.0045708818961487565	1.936379199804393e-10
212.17698780180757	0.0045708818961487565	3.5576532728854005e-11
262.885244821937	0.0045708818961487565	5.154721427203033e-12
325.7122869971341	0.0045708818961487565	2.777067534945543e-13
403.5543872869759	0.0045708818961487565	4.094054106907642e-15
499.9999999999984	0.0045708818961487565	3.271556482985402e-18
1000	0.0045708818961487565	0
2000	0.0045708818961487565	0
1.	0.005248074602497733	0.08147623516054209
1.9999999999999998	0.005248074602497733	0.13105203970130067
2.288838595949997	0.005248074602497733	0.15920291116426397
2.6193910591551774	0.005248074602497733	0.20001222293269555
2.9976816770403563	0.005248074602497733	0.2565443744862087
3.4306047603910415	0.005248074602497733	0.32842389779625747
3.926050291516404	0.005248074602497733	0.4063502586149502
4.493047718431742	0.005248074602497733	0.46491208790369987
5.141930515695824	0.005248074602497733	0.46399433708924726
5.884524511008838	0.005248074602497733	0.3774576289213326
6.734363409805407	0.005248074602497733	0.23461983870914338
7.706935445758021	0.005248074602497733	0.11010071925838208
8.819965652373028	0.005248074602497733	0.04423740895015569
10.093738900052346	0.005248074602497733	0.01795612111253142
11.551469585940843	0.005248074602497733	0.006763990907903043
13.219724714121972	0.005248074602497733	0.0025863340316409304
15.128908076758211	0.005248074602497733	0.0011477193532190809
17.313814360331925	0.005248074602497733	0.0006528966599604332
19.814263275520517	0.005248074602497733	0.00048474493702336326
22.675825267662994	0.005248074602497733	0.00031129529439334223
25.950652033822625	0.005248074602497733	0.00017992209333160837
29.698426982540767	0.005248074602497733	0.00010601978715420895
33.98745295832107	0.005248074602497733	0.00005672369285421559
38.895897054520105	0.005248074602497733	0.000028696239778771444
44.51321520124173	0.005248074602497733	0.000010905812432782136
50.941782491215115	0.005248074602497733	3.932744364141988e-6
58.29875895619149	0.005248074602497733	1.3833704766093254e-6
66.71822479745835	0.005248074602497733	4.715492356941358e-7
76.35362398484546	0.005248074602497733	1.497935250728186e-7
87.38056075858388	0.005248074602497733	4.7531390631290005e-8
100.00000000000031	0.005248074602497733	1.6963387196332498e-8
111.55639876771902	0.005248074602497733	7.572937943990531e-9
138.21730389017998	0.005248074602497733	1.38039227110274e-9
171.24990861750976	0.005248074602497733	2.2217251916460427e-10
212.17698780180757	0.005248074602497733	4.0813977456980473e-11
262.885244821937	0.005248074602497733	5.9136677378433285e-12
325.7122869971341	0.005248074602497733	3.1862636164868625e-13
403.5543872869759	0.005248074602497733	4.697991687174644e-15
499.9999999999984	0.005248074602497733	3.7551580971176055e-18
1000	0.005248074602497733	0
2000	0.005248074602497733	0
1.	0.006025595860743587	0.0874160683783659
1.9999999999999998	0.006025595860743587	0.1377589642946346
2.288838595949997	0.006025595860743587	0.16731281316379681
2.6193910591551774	0.006025595860743587	0.2109341149843058
2.9976816770403563	0.006025595860743587	0.2727692267621165
3.4306047603910415	0.006025595860743587	0.35360474364681777
3.926050291516404	0.006025595860743587	0.44495283285762344
4.493047718431742	0.006025595860743587	0.5195714087509036
5.141930515695824	0.006025595860743587	0.5310925815152846
5.884524511008838	0.006025595860743587	0.44285479335810984
6.734363409805407	0.006025595860743587	0.2811222334952397
7.706935445758021	0.006025595860743587	0.13310557064506678
8.819965652373028	0.006025595860743587	0.05296826654452055
10.093738900052346	0.006025595860743587	0.021297327726028954
11.551469585940843	0.006025595860743587	0.008013400504353198
13.219724714121972	0.006025595860743587	0.0030347457711284143
15.128908076758211	0.006025595860743587	0.0013474667597663842
17.313814360331925	0.006025595860743587	0.0007585943179885752
19.814263275520517	0.006025595860743587	0.0005636974421665648
22.675825267662994	0.006025595860743587	0.0003633325282646041
25.950652033822625	0.006025595860743587	0.00020849211584241125
29.698426982540767	0.006025595860743587	0.0001224535544561912
33.98745295832107	0.006025595860743587	0.00006553857731174338
38.895897054520105	0.006025595860743587	0.00003257499913157015
44.51321520124173	0.006025595860743587	0.0000123378032722598
50.941782491215115	0.006025595860743587	4.4376785208588015e-6
58.29875895619149	0.006025595860743587	1.5631556651626616e-6
66.71822479745835	0.006025595860743587	5.33032996250822e-7
76.35362398484546	0.006025595860743587	1.6934655915210568e-7
87.38056075858388	0.006025595860743587	5.371547946446114e-8
100.00000000000031	0.006025595860743587	1.9149246704721553e-8
111.55639876771902	0.006025595860743587	8.548934356207508e-9
138.21730389017998	0.006025595860743587	1.5581636898654537e-9
171.24990861750976	0.006025595860743587	2.5075349353736336e-10
212.17698780180757	0.006025595860743587	4.605753494054938e-11
262.885244821937	0.006025595860743587	6.673557334894627e-12
325.7122869971341	0.006025595860743587	3.596100531732376e-13
403.5543872869759	0.006025595860743587	5.303141567120755e-15
499.9999999999984	0.006025595860743587	4.240151968915995e-18
1000	0.006025595860743587	0
2000	0.006025595860743587	0
1.	0.006918309709189377	0.09290999821029844
1.9999999999999998	0.006918309709189377	0.14330199819430356
2.288838595949997	0.006918309709189377	0.17374684991103678
2.6193910591551774	0.006918309709189377	0.2197061837832019
2.9976816770403563	0.006918309709189377	0.28636734357591287
3.4306047603910415	0.006918309709189377	0.3762040132324701
3.926050291516404	0.006918309709189377	0.4824240361491178
4.493047718431742	0.006918309709189377	0.5764756030042326
5.141930515695824	0.006918309709189377	0.6055139158881693
5.884524511008838	0.006918309709189377	0.5193040123609073
6.734363409805407	0.006918309709189377	0.3379323654160259
7.706935445758021	0.006918309709189377	0.16220981337121815
8.819965652373028	0.006918309709189377	0.06402807990493486
10.093738900052346	0.006918309709189377	0.025358376343862454
11.551469585940843	0.006918309709189377	0.00953196970710809
13.219724714121972	0.006918309709189377	0.0035548343244939055
15.128908076758211	0.006918309709189377	0.0015844773265030582
17.313814360331925	0.006918309709189377	0.0008821386609955275
19.814263275520517	0.006918309709189377	0.0006559962913207748
22.675825267662994	0.006918309709189377	0.00042398857509967744
25.950652033822625	0.006918309709189377	0.00024187465653629895
29.698426982540767	0.006918309709189377	0.0001415975679407616
33.98745295832107	0.006918309709189377	0.00007391063965733661
38.895897054520105	0.006918309709189377	0.00003730462042573788
44.51321520124173	0.006918309709189377	0.000014074892183814933
50.941782491215115	0.006918309709189377	5.04862326059373e-6
58.29875895619149	0.006918309709189377	1.7808262228245978e-6
66.71822479745835	0.006918309709189377	6.074688281496787e-7
76.35362398484546	0.006918309709189377	1.9301524192527427e-7
87.38056075858388	0.006918309709189377	6.119690321303561e-8
100.00000000000031	0.006918309709189377	2.1790010677802403e-8
111.55639876771902	0.006918309709189377	9.728029056744283e-9
138.21730389017998	0.006918309709189377	1.7728940597524591e-9
171.24990861750976	0.006918309709189377	2.852682541498109e-10
212.17698780180757	0.006918309709189377	5.2388018063893136e-11
262.885244821937	0.006918309709189377	7.590963356173795e-12
325.7122869971341	0.006918309709189377	4.09100777095701e-13
403.5543872869759	0.006918309709189377	6.034121011470212e-15
499.9999999999984	0.006918309709189377	4.826297779413419e-18
1000	0.006918309709189377	0
2000	0.006918309709189377	0
1.	0.00794328234724283	0.0977274078477449
1.9999999999999998	0.00794328234724283	0.14734600438999812
2.288838595949997	0.00794328234724283	0.17829085342796056
2.6193910591551774	0.00794328234724283	0.22587820319725785
2.9976816770403563	0.00794328234724283	0.2964993942955316
3.4306047603910415	0.00794328234724283	0.39524119826598386
3.926050291516404	0.00794328234724283	0.5170801189970307
4.493047718431742	0.00794328234724283	0.6341566396493424
5.141930515695824	0.00794328234724283	0.6866471171451721
5.884524511008838	0.00794328234724283	0.6085241402736855
6.734363409805407	0.00794328234724283	0.4079524384830337
7.706935445758021	0.00794328234724283	0.198858073168533
8.819965652373028	0.00794328234724283	0.07804460763225789
10.093738900052346	0.00794328234724283	0.03039820510868419
11.551469585940843	0.00794328234724283	0.0113842012947931
13.219724714121972	0.00794328234724283	0.004223301052069558
15.128908076758211	0.00794328234724283	0.0018670375688370883
17.313814360331925	0.00794328234724283	0.0010261288247622766
19.814263275520517	0.00794328234724283	0.0007623221251227585
22.675825267662994	0.00794328234724283	0.000494936515802195
25.950652033822625	0.00794328234724283	0.0002808672155084488
29.698426982540767	0.00794328234724283	0.00016394655025381432
33.98745295832107	0.00794328234724283	0.00008418169854087877
38.895897054520105	0.00794328234724283	0.000041299732902909645
44.51321520124173	0.00794328234724283	0.000015514886954999407
50.941782491215115	0.00794328234724283	5.549232983946821e-6
58.29875895619149	0.00794328234724283	1.9600235033733375e-6
66.71822479745835	0.00794328234724283	6.688057831456822e-7
76.35362398484546	0.00794328234724283	2.1251747532150885e-7
87.38056075858388	0.00794328234724283	6.734766262916516e-8
100.00000000000031	0.00794328234724283	2.394860468677546e-8
111.55639876771902	0.00794328234724283	1.0691662849702054e-8
138.21730389017998	0.00794328234724283	1.9482972476541877e-9
171.24990861750976	0.00794328234724283	3.134395703381495e-10
212.17698780180757	0.00794328234724283	5.7550131556871574e-11
262.885244821937	0.00794328234724283	8.339154829940467e-12
325.7122869971341	0.00794328234724283	4.494930547459087e-13
403.5543872869759	0.00794328234724283	6.631310178076053e-15
499.9999999999984	0.00794328234724283	5.306094100194465e-18
1000	0.00794328234724283	0
2000	0.00794328234724283	0
1.	0.009120108393559116	0.10166199462904386
1.9999999999999998	0.009120108393559116	0.14954699699550797
2.288838595949997	0.009120108393559116	0.1802218482530281
2.6193910591551774	0.009120108393559116	0.22862020286351536
2.9976816770403563	0.009120108393559116	0.30241240512985623
3.4306047603910415	0.009120108393559116	0.40907930208621224
3.926050291516404	0.009120108393559116	0.546562033341905
4.493047718431742	0.009120108393559116	0.6896873482681304
5.141930515695824	0.009120108393559116	0.772579840117319
5.884524511008838	0.009120108393559116	0.7112657063134079
6.734363409805407	0.009120108393559116	0.4939670132558073
7.706935445758021	0.009120108393559116	0.24601009673727323
8.819965652373028	0.009120108393559116	0.09595476168334013
10.093738900052346	0.009120108393559116	0.03666717813022143
11.551469585940843	0.009120108393559116	0.013684076379541114
13.219724714121972	0.009120108393559116	0.005002252747813787
15.128908076758211	0.009120108393559116	0.0022066458023037826
17.313814360331925	0.009120108393559116	0.0011965079952919603
19.814263275520517	0.009120108393559116	0.0008879413604886456
22.675825267662994	0.009120108393559116	0.0005789158953676042
25.950652033822625	0.009120108393559116	0.0003210017228670979
29.698426982540767	0.009120108393559116	0.00019004737307432915
33.98745295832107	0.009120108393559116	0.0000960575146619063
38.895897054520105	0.009120108393559116	0.00004489472579427582
44.51321520124173	0.009120108393559116	0.000016784013424127634
50.941782491215115	0.009120108393559116	5.985558847321349e-6
58.29875895619149	0.009120108393559116	2.116737480904587e-6
66.71822479745835	0.009120108393559116	7.224604035983741e-7
76.35362398484546	0.009120108393559116	2.2956843455461115e-7
87.38056075858388	0.009120108393559116	7.271084038060216e-8
100.00000000000031	0.009120108393559116	2.581925950433635e-8
111.55639876771902	0.009120108393559116	1.1526605199523586e-8
138.21730389017998	0.009120108393559116	2.1001677977683237e-9
171.24990861750976	0.009120108393559116	3.378079057187317e-10
212.17698780180757	0.009120108393559116	6.201046363706093e-11
262.885244821937	0.009120108393559116	8.985709690680849e-12
325.7122869971341	0.009120108393559116	4.844279777943507e-13
403.5543872869759	0.009120108393559116	7.148471736807026e-15
499.9999999999984	0.009120108393559116	5.7225514910230846e-18
1000	0.009120108393559116	0
2000	0.009120108393559116	0
1.	0.010471285480509017	0.10427297194296069
1.9999999999999998	0.010471285480509017	0.14966399874275235
2.288838595949997	0.010471285480509017	0.1794228639274
2.6193910591551774	0.010471285480509017	0.22726422508344207
2.9976816770403563	0.010471285480509017	0.30245143554453635
3.4306047603910415	0.010471285480509017	0.41499440614883176
3.926050291516404	0.010471285480509017	0.5679568580799412
4.493047718431742	0.010471285480509017	0.7390857805589371
5.141930515695824	0.010471285480509017	0.8632939999158477
5.884524511008838	0.010471285480509017	0.8268795468229116
6.734363409805407	0.010471285480509017	0.5987718513644007
7.706935445758021	0.010471285480509017	0.3071487085956243
8.819965652373028	0.010471285480509017	0.11947948026516356
10.093738900052346	0.010471285480509017	0.044651765350451136
11.551469585940843	0.010471285480509017	0.01658965426558376
13.219724714121972	0.010471285480509017	0.00597541605208609
15.128908076758211	0.010471285480509017	0.0026157611016409898
17.313814360331925	0.010471285480509017	0.0013978757441437018
19.814263275520517	0.010471285480509017	0.0010336137846123868
22.675825267662994	0.010471285480509017	0.0006775225947089275
25.950652033822625	0.010471285480509017	0.00037350988861903654
29.698426982540767	0.010471285480509017	0.0002123780907876623
33.98745295832107	0.010471285480509017	0.00010599705997131865
38.895897054520105	0.010471285480509017	0.00005054957250688657
44.51321520124173	0.010471285480509017	0.000018797128339162668
50.941782491215115	0.010471285480509017	6.683820403822347e-6
58.29875895619149	0.010471285480509017	2.3661830041773527e-6
66.71822479745835	0.010471285480509017	8.077236306174977e-7
76.35362398484546	0.010471285480509017	2.5664317324354375e-7
87.38056075858388	0.010471285480509017	8.123599645455143e-8
100.00000000000031	0.010471285480509017	2.8802590278322895e-8
111.55639876771902	0.010471285480509017	1.2857899349005324e-8
138.21730389017998	0.010471285480509017	2.342377529001887e-9
171.24990861750976	0.010471285480509017	3.766836930656741e-10
212.17698780180757	0.010471285480509017	6.912911473574456e-11
262.885244821937	0.010471285480509017	1.0017544994792342e-11
325.7122869971341	0.010471285480509017	5.401652963398348e-13
403.5543872869759	0.010471285480509017	7.973234185888075e-15
499.9999999999984	0.010471285480509017	6.386163317836011e-18
1000	0.010471285480509017	0
2000	0.010471285480509017	0
1.	0.012022644346174156	0.10573699091266923
1.9999999999999998	0.012022644346174156	0.14822192052942515
2.288838595949997	0.012022644346174156	0.17627973422177273
2.6193910591551774	0.012022644346174156	0.222420004985828
2.9976816770403563	0.012022644346174156	0.2970991668595218
3.4306047603910415	0.012022644346174156	0.41275430005722136
3.926050291516404	0.012022644346174156	0.5785580313450419
4.493047718431742	0.012022644346174156	0.7799538163457581
5.141930515695824	0.012022644346174156	0.9475919559133769
5.884524511008838	0.012022644346174156	0.9555082007124845
6.734363409805407	0.012022644346174156	0.7265216187467249
7.706935445758021	0.012022644346174156	0.386897159352947
8.819965652373028	0.012022644346174156	0.15085196576627022
10.093738900052346	0.012022644346174156	0.05490340582685364
11.551469585940843	0.012022644346174156	0.02026913951890507
13.219724714121972	0.012022644346174156	0.007185935000314323
15.128908076758211	0.012022644346174156	0.003109879562979425
17.313814360331925	0.012022644346174156	0.0016424243419890518
19.814263275520517	0.012022644346174156	0.0011694217738037502
22.675825267662994	0.012022644346174156	0.0007983815466640631
25.950652033822625	0.012022644346174156	0.0004259269273917885
29.698426982540767	0.012022644346174156	0.0002499380687959046
33.98745295832107	0.012022644346174156	0.00011469592994812584
38.895897054520105	0.012022644346174156	0.00005746242973193016
44.51321520124173	0.012022644346174156	0.000021242567329877325
50.941782491215115	0.012022644346174156	7.531913788094703e-6
58.29875895619149	0.012022644346174156	2.6686204457307863e-6
66.71822479745835	0.012022644346174156	9.109729149660084e-7
76.35362398484546	0.012022644346174156	2.894018825173772e-7
87.38056075858388	0.012022644346174156	9.15417596945513e-8
100.00000000000031	0.012022644346174156	3.240390622684016e-8
111.55639876771902	0.012022644346174156	1.4464404539967482e-8
138.21730389017998	0.012022644346174156	2.6345855212370718e-9
171.24990861750976	0.012022644346174156	4.2356806100511234e-10
212.17698780180757	0.012022644346174156	7.771023294295001e-11
262.885244821937	0.012022644346174156	1.1261447705205521e-11
325.7122869971341	0.012022644346174156	6.073762597868032e-13
403.5543872869759	0.012022644346174156	8.96830366477011e-15
499.9999999999984	0.012022644346174156	7.187504277448043e-18
1000	0.012022644346174156	0
2000	0.012022644346174156	0
1.	0.01380384264602888	0.10537194632493357
1.9999999999999998	0.01380384264602888	0.14502989235792818
2.288838595949997	0.01380384264602888	0.1710827126443291
2.6193910591551774	0.01380384264602888	0.2142219575934955
2.9976816770403563	0.01380384264602888	0.2858061031844261
3.4306047603910415	0.01380384264602888	0.40098426426293443
3.926050291516404	0.01380384264602888	0.5756577598538334
4.493047718431742	0.01380384264602888	0.8051271808074534
5.141930515695824	0.01380384264602888	1.0259312985935276
5.884524511008838	0.01380384264602888	1.092721770662756
6.734363409805407	0.01380384264602888	0.8795314156567149
7.706935445758021	0.01380384264602888	0.4900836588030985
8.819965652373028	0.01380384264602888	0.19277537912135165
10.093738900052346	0.01380384264602888	0.06816011602262273
11.551469585940843	0.01380384264602888	0.024965126838507667
13.219724714121972	0.01380384264602888	0.008702767003155363
15.128908076758211	0.01380384264602888	0.0037118684508464315
17.313814360331925	0.01380384264602888	0.0019259339722959576
19.814263275520517	0.01380384264602888	0.001363294024578507
22.675825267662994	0.01380384264602888	0.0009357649553404317
25.950652033822625	0.01380384264602888	0.00048505564072500796
29.698426982540767	0.01380384264602888	0.00028687542803242463
33.98745295832107	0.01380384264602888	0.0001326353361268962
38.895897054520105	0.01380384264602888	0.00006531035516077011
44.51321520124173	0.01380384264602888	0.000023991053745484823
50.941782491215115	0.01380384264602888	8.48406302700779e-6
58.29875895619149	0.01380384264602888	3.007497210220012e-6
66.71822479745835	0.01380384264602888	1.0264607415180765e-6
76.35362398484546	0.01380384264602888	3.2599958876977287e-7
87.38056075858388	0.01380384264602888	1.0303778818209905e-7
100.00000000000031	0.01380384264602888	3.6410814406093014e-8
111.55639876771902	0.01380384264602888	1.625088153406709e-8
138.21730389017998	0.01380384264602888	2.959385016876629e-9
171.24990861750976	0.01380384264602888	4.75649326897763e-10
212.17698780180757	0.01380384264602888	8.723535912747576e-11
262.885244821937	0.01380384264602888	1.2642341588962962e-11
325.7122869971341	0.01380384264602888	6.82037791037108e-13
403.5543872869759	0.01380384264602888	1.0074488694541434e-14
499.9999999999984	0.01380384264602888	8.079695174679206e-18
1000	0.01380384264602888	0
2000	0.01380384264602888	0
1.	0.015848931924611172	0.10279793585982468
1.9999999999999998	0.015848931924611172	0.13986791259174428
2.288838595949997	0.015848931924611172	0.16337576155623182
2.6193910591551774	0.015848931924611172	0.20257699863202944
2.9976816770403563	0.015848931924611172	0.26935814665222024
3.4306047603910415	0.015848931924611172	0.38112830316718316
3.926050291516404	0.015848931924611172	0.5584836816093812
4.493047718431742	0.015848931924611172	0.8101227239147516
5.141930515695824	0.015848931924611172	1.0859805453785707
5.884524511008838	0.015848931924611172	1.2319001374553704
6.734363409805407	0.015848931924611172	1.0608512447978384
7.706935445758021	0.015848931924611172	0.6260434163460328
8.819965652373028	0.015848931924611172	0.2511755249220926
10.093738900052346	0.015848931924611172	0.08584067147296012
11.551469585940843	0.015848931924611172	0.030989453621150395
13.219724714121972	0.015848931924611172	0.010698151155789882
15.128908076758211	0.015848931924611172	0.004433724190609441
17.313814360331925	0.015848931924611172	0.002271382081962779
19.814263275520517	0.015848931924611172	0.0016395629930818453
22.675825267662994	0.015848931924611172	0.0011003887163274625
25.950652033822625	0.015848931924611172	0.0005828474532062826
29.698426982540767	0.015848931924611172	0.0003539335372979579
33.98745295832107	0.015848931924611172	0.00016353973345915602
38.895897054520105	0.015848931924611172	0.00007560935913836548
44.51321520124173	0.015848931924611172	0.000027587615970552646
50.941782491215115	0.015848931924611172	9.73345558308304e-6
58.29875895619149	0.015848931924611172	3.450819886505966e-6
66.71822479745835	0.015848931924611172	1.1772227131269913e-6
76.35362398484546	0.015848931924611172	3.737325380504598e-7
87.38056075858388	0.015848931924611172	1.1802073946646453e-7
100.00000000000031	0.015848931924611172	4.163026894271053e-8
111.55639876771902	0.015848931924611172	1.8576816989389932e-8
138.21730389017998	0.015848931924611172	3.3821709057174347e-9
171.24990861750976	0.015848931924611172	5.43425322797404e-10
212.17698780180757	0.015848931924611172	9.962626255885786e-11
262.885244821937	0.015848931924611172	1.4438722519777284e-11
325.7122869971341	0.015848931924611172	7.791879421245611e-13
403.5543872869759	0.015848931924611172	1.1514502332652821e-14
499.9999999999984	0.015848931924611172	9.241927796404108e-18
1000	0.015848931924611172	0
2000	0.015848931924611172	0
1.	0.01819700858609988	0.09808038025706588
1.9999999999999998	0.01819700858609988	0.13343897607930408
2.288838595949997	0.01819700858609988	0.1542428663969384
2.6193910591551774	0.01819700858609988	0.18872411922392093
2.9976816770403563	0.01819700858609988	0.24829932659322346
3.4306047603910415	0.01819700858609988	0.3516405598835819
3.926050291516404	0.01819700858609988	0.5255499845986615
4.493047718431742	0.01819700858609988	0.7907417858513459
5.141930515695824	0.01819700858609988	1.118640121955413
5.884524511008838	0.01819700858609988	1.3087902507093163
6.734363409805407	0.01819700858609988	1.2645290701668883
7.706935445758021	0.01819700858609988	0.801114878302761
8.819965652373028	0.01819700858609988	0.32918721766373255
10.093738900052346	0.01819700858609988	0.11049420269683743
11.551469585940843	0.01819700858609988	0.03902202495544494
13.219724714121972	0.01819700858609988	0.013070010162963715
15.128908076758211	0.01819700858609988	0.005329863749946212
17.313814360331925	0.01819700858609988	0.0026913971894019944
19.814263275520517	0.01819700858609988	0.0019126924588172077
22.675825267662994	0.01819700858609988	0.001299676294970846
25.950652033822625	0.01819700858609988	0.000720594906088774
29.698426982540767	0.01819700858609988	0.0004079990064138983
33.98745295832107	0.01819700858609988	0.00021099730770648663
38.895897054520105	0.01819700858609988	0.0000981433406037229
44.51321520124173	0.01819700858609988	0.000035559166875314344
50.941782491215115	0.01819700858609988	0.000012522956178903733
58.29875895619149	0.01819700858609988	4.438332808712326e-6
66.71822479745835	0.01819700858609988	1.51284377219271e-6
76.35362398484546	0.01819700858609988	4.800298347833904e-7
87.38056075858388	0.01819700858609988	1.5143881024642611e-7
100.00000000000031	0.01819700858609988	5.331772522697246e-8
111.55639876771902	0.01819700858609988	2.378549508768125e-8
138.21730389017998	0.01819700858609988	4.329330936674176e-9
171.24990861750976	0.01819700858609988	6.953450557125214e-10
212.17698780180757	0.01819700858609988	1.2742024847275504e-10
262.885244821937	0.01819700858609988	1.846787831358336e-11
325.7122869971341	0.01819700858609988	9.969732876619584e-13
403.5543872869759	0.01819700858609988	1.4740134345634224e-14
499.9999999999984	0.01819700858609988	1.1841757672137826e-17
1000	0.01819700858609988	0
2000	0.01819700858609988	0
1.	0.02089296130854045	0.09188128896739467
1.9999999999999998	0.02089296130854045	0.12592810779360264
2.288838595949997	0.02089296130854045	0.14404605826984007
2.6193910591551774	0.02089296130854045	0.1737853582106508
2.9976816770403563	0.02089296130854045	0.22515068708805103
3.4306047603910415	0.02089296130854045	0.3167590489245021
3.926050291516404	0.02089296130854045	0.4779028209243124
4.493047718431742	0.02089296130854045	0.744575589485143
5.141930515695824	0.02089296130854045	1.1154702856421963
5.884524511008838	0.02089296130854045	1.461277925350179
6.734363409805407	0.02089296130854045	1.482715258699035
7.706935445758021	0.02089296130854045	1.023508958585701
8.819965652373028	0.02089296130854045	0.4467015665555392
10.093738900052346	0.02089296130854045	0.14501895883702723
11.551469585940843	0.02089296130854045	0.04962333819248623
13.219724714121972	0.02089296130854045	0.0163224252640719
15.128908076758211	0.02089296130854045	0.006429892321468724
17.313814360331925	0.02089296130854045	0.0032131168866742898
19.814263275520517	0.02089296130854045	0.002233549782253047
22.675825267662994	0.02089296130854045	0.0015392512731551835
25.950652033822625	0.02089296130854045	0.0008538291272211756
29.698426982540767	0.02089296130854045	0.0004851664580910606
33.98745295832107	0.02089296130854045	0.0002571568383283973
38.895897054520105	0.02089296130854045	0.00012102775325855779
44.51321520124173	0.02089296130854045	0.000043539830400146735
50.941782491215115	0.02089296130854045	0.000015314304009877642
58.29875895619149	0.02089296130854045	5.423112258887079e-6
66.71822479745835	0.02089296130854045	1.8460959477143395e-6
76.35362398484546	0.02089296130854045	5.853992924932433e-7
87.38056075858388	0.02089296130854045	1.8447353557011212e-7
100.00000000000031	0.02089296130854045	6.48209655277682e-8
111.55639876771902	0.02089296130854045	2.890627952712968e-8
138.21730389017998	0.02089296130854045	5.259760831630422e-9
171.24990861750976	0.02089296130854045	8.44420547811491e-10
212.17698780180757	0.02089296130854045	1.546581735722242e-10
262.885244821937	0.02089296130854045	2.2417025315684763e-11
325.7122869971341	0.02089296130854045	1.2106532102169e-12
403.5543872869759	0.02089296130854045	1.7909559059154603e-14
499.9999999999984	0.02089296130854045	1.4403097264449927e-17
1000	0.02089296130854045	0
2000	0.02089296130854045	0
1.	0.023988329190194974	0.08340662375231964
1.9999999999999998	0.023988329190194974	0.11685592024851063
2.288838595949997	0.023988329190194974	0.13276882947496052
2.6193910591551774	0.023988329190194974	0.1578099945762516
2.9976816770403563	0.023988329190194974	0.20081410727205362
3.4306047603910415	0.023988329190194974	0.27816706786711964
3.926050291516404	0.023988329190194974	0.421622621804463
4.493047718431742	0.023988329190194974	0.6754072444048503
5.141930515695824	0.023988329190194974	1.0693895536020022
5.884524511008838	0.023988329190194974	1.5172508909681952
6.734363409805407	0.023988329190194974	1.697030142326521
7.706935445758021	0.023988329190194974	1.3000845335234876
8.819965652373028	0.023988329190194974	0.6109615933258902
10.093738900052346	0.023988329190194974	0.19552012063746935
11.551469585940843	0.023988329190194974	0.06399500868695299
13.219724714121972	0.023988329190194974	0.020797283623001685
15.128908076758211	0.023988329190194974	0.007802179854481405
17.313814360331925	0.023988329190194974	0.003861659458621585
19.814263275520517	0.023988329190194974	0.002614372054609978
22.675825267662994	0.023988329190194974	0.0018323664939141765
25.950652033822625	0.023988329190194974	0.00101805357412712
29.698426982540767	0.023988329190194974	0.0005726022628291289
33.98745295832107	0.023988329190194974	0.00030389941796448296
38.895897054520105	0.023988329190194974	0.000145267321124201
44.51321520124173	0.023988329190194974	0.000051897168848768004
50.941782491215115	0.023988329190194974	0.000018242975663495242
58.29875895619149	0.023988329190194974	6.451283121689103e-6
66.71822479745835	0.023988329190194974	2.1919386641490102e-6
76.35362398484546	0.023988329190194974	6.945610798302225e-7
87.38056075858388	0.023988329190194974	2.1859061091563665e-7
100.00000000000031	0.023988329190194974	7.665338033226402e-8
111.55639876771902	0.023988329190194974	3.4165253555763105e-8
138.21730389017998	0.023988329190194974	6.214492750150345e-9
171.24990861750976	0.023988329190194974	9.972006816369468e-10
212.17698780180757	0.023988329190194974	1.8253197105948346e-10
262.885244821937	0.023988329190194974	2.645916377053412e-11
325.7122869971341	0.023988329190194974	1.4296069016281835e-12
403.5543872869759	0.023988329190194974	2.1162512838806987e-14
499.9999999999984	0.023988329190194974	1.703962261621573e-17
1000	0.023988329190194974	0
2000	0.023988329190194974	0
1.	0.027542287033381744	0.07412333387009114
1.9999999999999998	0.027542287033381744	0.10714603542652314
2.288838595949997	0.027542287033381744	0.12142497197791602
2.6193910591551774	0.027542287033381744	0.14249015361481035
2.9976816770403563	0.027542287033381744	0.1773923293868152
3.4306047603910415	0.027542287033381744	0.2403632844564374
3.926050291516404	0.027542287033381744	0.35969034231255237
4.493047718431742	0.027542287033381744	0.5859954155796527
5.141930515695824	0.027542287033381744	0.9771727061592148
5.884524511008838	0.027542287033381744	1.5095420147235161
6.734363409805407	0.027542287033381744	1.8837984138333799
7.706935445758021	0.027542287033381744	1.6257400202477457
8.819965652373028	0.027542287033381744	0.8424762148484445
10.093738900052346	0.027542287033381744	0.27227469659201026
11.551469585940843	0.027542287033381744	0.08403045442847083
13.219724714121972	0.027542287033381744	0.02710924977095798
15.128908076758211	0.027542287033381744	0.009557975517107065
17.313814360331925	0.027542287033381744	0.0046678878769364045
19.814263275520517	0.027542287033381744	0.0030691818210878134
22.675825267662994	0.027542287033381744	0.0021704614219487505
25.950652033822625	0.027542287033381744	0.0012185732106567981
29.698426982540767	0.027542287033381744	0.0006886625166370344
33.98745295832107	0.027542287033381744	0.0003612273821224501
38.895897054520105	0.027542287033381744	0.00017277501272445234
44.51321520124173	0.027542287033381744	0.0000613227913682192
50.941782491215115	0.027542287033381744	0.000021557607347328724
58.29875895619149	0.027542287033381744	7.6082435047407164e-6
66.71822479745835	0.027542287033381744	2.5784264610570632e-6
76.35362398484546	0.027542287033381744	8.163682142218973e-7
87.38056075858388	0.027542287033381744	2.565430300448753e-7
100.00000000000031	0.027542287033381744	8.977202793303043e-8
111.55639876771902	0.027542287033381744	3.998559303683301e-8
138.21730389017998	0.027542287033381744	7.2702504642459555e-9
171.24990861750976	0.027542287033381744	1.165955350618411e-9
212.17698780180757	0.027542287033381744	2.1327567758309729e-10
262.885244821937	0.027542287033381744	3.091803117671951e-11
325.7122869971341	0.027542287033381744	1.6714171848525315e-12
403.5543872869759	0.027542287033381744	2.4760547104284555e-14
499.9999999999984	0.027542287033381744	1.99642110360937e-17
1000	0.027542287033381744	0
2000	0.027542287033381744	0
1.	0.03162277660168389	0.06434005609919029
1.9999999999999998	0.03162277660168389	0.09698725825237438
2.288838595949997	0.03162277660168389	0.10972600516086123
2.6193910591551774	0.03162277660168389	0.1272921650735805
2.9976816770403563	0.03162277660168389	0.15512431806631555
3.4306047603910415	0.03162277660168389	0.20427011330818448
3.926050291516404	0.03162277660168389	0.2985994474527336
4.493047718431742	0.03162277660168389	0.48754780420002863
5.141930515695824	0.03162277660168389	0.8481691380451962
5.884524511008838	0.03162277660168389	1.4217335474239834
6.734363409805407	0.03162277660168389	1.9951792962872092
7.706935445758021	0.03162277660168389	1.976628074803445
8.819965652373028	0.03162277660168389	1.16083136110048
10.093738900052346	0.03162277660168389	0.3928228375307709
11.551469585940843	0.03162277660168389	0.11284867613601106
13.219724714121972	0.03162277660168389	0.035804539831769476
15.128908076758211	0.03162277660168389	0.01183316429626267
17.313814360331925	0.03162277660168389	0.005703982087640385
19.814263275520517	0.03162277660168389	0.0036195374587550283
22.675825267662994	0.03162277660168389	0.0025851790231767756
25.950652033822625	0.03162277660168389	0.0014707348772613536
29.698426982540767	0.03162277660168389	0.0008184747723205187
33.98745295832107	0.03162277660168389	0.0004237389709800795
38.895897054520105	0.03162277660168389	0.0001858940674990553
44.51321520124173	0.03162277660168389	0.00006560142829734538
50.941782491215115	0.03162277660168389	0.000023075523219263175
58.29875895619149	0.03162277660168389	8.122022347544716e-6
66.71822479745835	0.03162277660168389	2.743603936019622e-6
76.35362398484546	0.03162277660168389	8.679162452154181e-7
87.38056075858388	0.03162277660168389	2.72263358747619e-7
100.00000000000031	0.03162277660168389	9.506228513283009e-8
111.55639876771902	0.03162277660168389	4.2305621363742546e-8
138.21730389017998	0.03162277660168389	7.68858378344797e-9
171.24990861750976	0.03162277660168389	1.2322467238673318e-9
212.17698780180757	0.03162277660168389	2.2522498058397615e-10
262.885244821937	0.03162277660168389	3.265342273262372e-11
325.7122869971341	0.03162277660168389	1.766302414370006e-12
403.5543872869759	0.03162277660168389	2.6188676192052452e-14
499.9999999999984	0.03162277660168389	2.11490515005985e-17
1000	0.03162277660168389	0
2000	0.03162277660168389	0
1.	0.03630780547701025	0.04714060333481511
1.9999999999999998	0.03630780547701025	0.08574918991623671
2.288838595949997	0.03630780547701025	0.0973900319625349
2.6193910591551774	0.03630780547701025	0.11322605014694387
2.9976816770403563	0.03630780547701025	0.13601012906596585
3.4306047603910415	0.03630780547701025	0.1738556554714908
3.926050291516404	0.03630780547701025	0.2448410192710681
4.493047718431742	0.03630780547701025	0.3913023236847079
5.141930515695824	0.03630780547701025	0.6964912339502058
5.884524511008838	0.03630780547701025	1.2602436959499355
6.734363409805407	0.03630780547701025	1.9987709241808638
7.706935445758021	0.03630780547701025	2.302308816929683
8.819965652373028	0.03630780547701025	1.5819133351230952
10.093738900052346	0.03630780547701025	0.5818209758340227
11.551469585940843	0.03630780547701025	0.15722793157925197
13.219724714121972	0.03630780547701025	0.04774589306379157
15.128908076758211	0.03630780547701025	0.014911375191967582
17.313814360331925	0.03630780547701025	0.007004376090772439
19.814263275520517	0.03630780547701025	0.004286390768884926
22.675825267662994	0.03630780547701025	0.0030206102460129764
25.950652033822625	0.03630780547701025	0.0016859898142475864
29.698426982540767	0.03630780547701025	0.000853134231348314
33.98745295832107	0.03630780547701025	0.0003871792171380339
38.895897054520105	0.03630780547701025	0.00017578416426274515
44.51321520124173	0.03630780547701025	0.00006175016151428172
50.941782491215115	0.03630780547701025	0.000021739599879309024
58.29875895619149	0.03630780547701025	7.624555678514579e-6
66.71822479745835	0.03630780547701025	2.5656009517269912e-6
76.35362398484546	0.03630780547701025	8.108389244081872e-7
87.38056075858388	0.03630780547701025	2.5382780860370064e-7
100.00000000000031	0.03630780547701025	8.841857059116546e-8
111.55639876771902	0.03630780547701025	3.9306583893463156e-8
138.21730389017998	0.03630780547701025	7.139860564405454e-9
171.24990861750976	0.03630780547701025	1.1434622984362744e-9
212.17698780180757	0.03630780547701025	2.0880832957065356e-10
262.885244821937	0.03630780547701025	3.0276600132898346e-11
325.7122869971341	0.03630780547701025	1.6388778249993347e-12
403.5543872869759	0.03630780547701025	2.4323224203159963e-14
499.9999999999984	0.03630780547701025	1.9678212313042244e-17
1000	0.03630780547701025	0
2000	0.03630780547701025	0
1.	0.04168693834703368	0.05041578721703454
1.9999999999999998	0.04168693834703368	0.07584564849684358
2.288838595949997	0.04168693834703368	0.08614358759631155
2.6193910591551774	0.04168693834703368	0.09982507778310915
2.9976816770403563	0.04168693834703368	0.11878601685497635
3.4306047603910415	0.04168693834703368	0.14775327120313925
3.926050291516404	0.04168693834703368	0.18981189699593343
4.493047718431742	0.04168693834703368	0.30589410319532456
5.141930515695824	0.04168693834703368	0.5417584850329601
5.884524511008838	0.04168693834703368	1.0400328389161095
6.734363409805407	0.04168693834703368	1.861260657633828
7.706935445758021	0.04168693834703368	2.5363471148367562
8.819965652373028	0.04168693834703368	2.0937551066233726
10.093738900052346	0.04168693834703368	0.8825903871337171
11.551469585940843	0.04168693834703368	0.2288104070184506
13.219724714121972	0.04168693834703368	0.0655258656534236
15.128908076758211	0.04168693834703368	0.019253600677689994
17.313814360331925	0.04168693834703368	0.008674422600905549
19.814263275520517	0.04168693834703368	0.005120638688282648
22.675825267662994	0.04168693834703368	0.0035544727383189944
25.950652033822625	0.04168693834703368	0.001947387596539285
29.698426982540767	0.04168693834703368	0.0010129289048469163
33.98745295832107	0.04168693834703368	0.0004918577945817816
38.895897054520105	0.04168693834703368	0.000212525651253946
44.51321520124173	0.04168693834703368	0.00007443296246749701
50.941782491215115	0.04168693834703368	0.000026221481234561466
58.29875895619149	0.04168693834703368	9.153065013463624e-6
66.71822479745835	0.04168693834703368	3.0668469436193176e-6
76.35362398484546	0.04168693834703368	9.681925390911459e-7
87.38056075858388	0.04168693834703368	3.023298200620609e-7
100.00000000000031	0.04168693834703368	1.0505012901642085e-7
111.55639876771902	0.04168693834703368	4.66382187100314e-8
138.21730389017998	0.04168693834703368	8.466745424840934e-9
171.24990861750976	0.04168693834703368	1.3548209692570043e-9
212.17698780180757	0.04168693834703368	2.471493786448564e-10
262.885244821937	0.04168693834703368	3.584016060827479e-11
325.7122869971341	0.04168693834703368	1.941592633097718e-12
403.5543872869759	0.04168693834703368	2.884850370524315e-14
499.9999999999984	0.04168693834703368	2.3387724931935352e-17
1000	0.04168693834703368	0
2000	0.04168693834703368	0
1.	0.047863009232264	0.048357002689960744
1.9999999999999998	0.047863009232264	0.06755069338843296
2.288838595949997	0.047863009232264	0.07610244868907622
2.6193910591551774	0.047863009232264	0.08769673093006433
2.9976816770403563	0.047863009232264	0.10342807197269502
3.4306047603910415	0.047863009232264	0.12634734242561133
3.926050291516404	0.047863009232264	0.16361000219738764
4.493047718431742	0.047863009232264	0.23668863976499788
5.141930515695824	0.047863009232264	0.40308913058753937
5.884524511008838	0.047863009232264	0.7951889014981475
6.734363409805407	0.047863009232264	1.5859830199571654
7.706935445758021	0.047863009232264	2.580805069721017
8.819965652373028	0.047863009232264	2.6377703477717183
10.093738900052346	0.047863009232264	1.3389345066284601
11.551469585940843	0.047863009232264	0.3522788744253307
13.219724714121972	0.047863009232264	0.09204269499030165
15.128908076758211	0.047863009232264	0.02566125792206296
17.313814360331925	0.047863009232264	0.01076987706221206
19.814263275520517	0.047863009232264	0.006166449330441325
22.675825267662994	0.047863009232264	0.004382007348254498
25.950652033822625	0.047863009232264	0.002600906962990609
29.698426982540767	0.047863009232264	0.0013645060738816809
33.98745295832107	0.047863009232264	0.000665723975063572
38.895897054520105	0.047863009232264	0.00029041837073939683
44.51321520124173	0.047863009232264	0.0001016118879259196
50.941782491215115	0.047863009232264	0.00003578700472915827
58.29875895619149	0.047863009232264	0.000012413716137303522
66.71822479745835	0.047863009232264	4.141688775853152e-6
76.35362398484546	0.047863009232264	1.3057208438267842e-6
87.38056075858388	0.047863009232264	4.065031039008095e-7
100.00000000000031	0.047863009232264	1.408629961413818e-7
111.55639876771902	0.047863009232264	6.243801868093003e-8
138.21730389017998	0.047863009232264	1.132773712558596e-8
171.24990861750976	0.047863009232264	1.8108847742481473e-9
212.17698780180757	0.047863009232264	3.299541838511279e-10
262.885244821937	0.047863009232264	4.785458055613697e-11
325.7122869971341	0.047863009232264	2.594839765862473e-12
403.5543872869759	0.047863009232264	3.8604381333915684e-14
499.9999999999984	0.047863009232264	3.1370985412323205e-17
1000	0.047863009232264	0
2000	0.047863009232264	0
1.	0.05495408738576265	0.0504230963246498
1.9999999999999998	0.05495408738576265	0.06247250903352373
2.288838595949997	0.05495408738576265	0.06862088342152432
2.6193910591551774	0.05495408738576265	0.07762325401777556
2.9976816770403563	0.05495408738576265	0.09051621533884376
3.4306047603910415	0.05495408738576265	0.1143612334521631
3.926050291516404	0.05495408738576265	0.1364390737458506
4.493047718431742	0.05495408738576265	0.1858648915230214
5.141930515695824	0.05495408738576265	0.29424838355820193
5.884524511008838	0.05495408738576265	0.5677649018836463
6.734363409805407	0.05495408738576265	1.2266346548722062
7.706935445758021	0.05495408738576265	2.3720050080298622
8.819965652373028	0.05495408738576265	3.075776471826993
10.093738900052346	0.05495408738576265	1.9809413174163348
11.551469585940843	0.05495408738576265	0.5741579564128014
13.219724714121972	0.05495408738576265	0.1337426556722174
15.128908076758211	0.05495408738576265	0.035623200343099286
17.313814360331925	0.05495408738576265	0.013458260923722036
19.814263275520517	0.05495408738576265	0.007486935352819444
22.675825267662994	0.05495408738576265	0.005219773490690039
25.950652033822625	0.05495408738576265	0.003273227314958225
29.698426982540767	0.05495408738576265	0.0017254741931034792
33.98745295832107	0.05495408738576265	0.000904504579564514
38.895897054520105	0.05495408738576265	0.00040219410258965295
44.51321520124173	0.05495408738576265	0.00014092104544709903
50.941782491215115	0.05495408738576265	0.00004953362685420143
58.29875895619149	0.05495408738576265	0.000017039985818931157
66.71822479745835	0.05495408738576265	5.66376615668344e-6
76.35362398484546	0.05495408738576265	1.782343469247596e-6
87.38056075858388	0.05495408738576265	5.528841758085906e-7
100.00000000000031	0.05495408738576265	1.9101445216667863e-7
111.55639876771902	0.05495408738576265	8.450789045897293e-8
138.21730389017998	0.05495408738576265	1.5320838830870374e-8
171.24990861750976	0.05495408738576265	2.446548377508321e-9
212.17698780180757	0.05495408738576265	4.451701738968902e-10
262.885244821937	0.05495408738576265	6.45745796769836e-11
325.7122869971341	0.05495408738576265	3.5051312685866744e-12
403.5543872869759	0.05495408738576265	5.222445645755789e-14
499.9999999999984	0.05495408738576265	4.2554117562954706e-17
1000	0.05495408738576265	0
2000	0.05495408738576265	0
1.	0.06309573444801955	0.05615342616942479
1.9999999999999998	0.06309573444801955	0.06047940855092423
2.288838595949997	0.06309573444801955	0.0640494828366884
2.6193910591551774	0.06309573444801955	0.07049001434251022
2.9976816770403563	0.06309573444801955	0.0801179283885706
3.4306047603910415	0.06309573444801955	0.09434066704383091
3.926050291516404	0.06309573444801955	0.11598095575337906
4.493047718431742	0.06309573444801955	0.14984476740505825
5.141930515695824	0.06309573444801955	0.21726793286448715
5.884524511008838	0.06309573444801955	0.38700802977802423
6.734363409805407	0.06309573444801955	0.8551526298913323
7.706935445758021	0.06309573444801955	1.929522875191481
8.819965652373028	0.06309573444801955	3.2096439007598097
10.093738900052346	0.06309573444801955	2.7618148862762544
11.551469585940843	0.06309573444801955	0.9724457819400563
13.219724714121972	0.06309573444801955	0.20479450079267833
15.128908076758211	0.06309573444801955	0.05148906739064675
17.313814360331925	0.06309573444801955	0.016943072901095257
19.814263275520517	0.06309573444801955	0.009170202000759258
22.675825267662994	0.06309573444801955	0.006197227451944537
25.950652033822625	0.06309573444801955	0.004026575056016495
29.698426982540767	0.06309573444801955	0.0021149348977900035
33.98745295832107	0.06309573444801955	0.0010746519556852096
38.895897054520105	0.06309573444801955	0.000423996648811479
44.51321520124173	0.06309573444801955	0.00014918205602996708
50.941782491215115	0.06309573444801955	0.000052202483216325005
58.29875895619149	0.06309573444801955	0.00001776913110088214
66.71822479745835	0.06309573444801955	5.8891366390504185e-6
76.35362398484546	0.06309573444801955	1.8488745929221653e-6
87.38056075858388	0.06309573444801955	5.710450119294484e-7
100.00000000000031	0.06309573444801955	1.9662871616456554e-7
111.55639876771902	0.06309573444801955	8.680208238864388e-8
138.21730389017998	0.06309573444801955	1.57243172569956e-8
171.24990861750976	0.06309573444801955	2.507831137664176e-9
212.17698780180757	0.06309573444801955	4.5560761327475815e-10
262.885244821937	0.06309573444801955	6.610030266178854e-11
325.7122869971341	0.06309573444801955	3.5922741541762725e-12
403.5543872869759	0.06309573444801955	5.36135146587838e-14
499.9999999999984	0.06309573444801955	4.3821410145851724e-17
1000	0.06309573444801955	0
2000	0.06309573444801955	0
1.	0.07244359600749928	0.06325479696698247
1.9999999999999998	0.07244359600749928	0.06279979900895402
2.288838595949997	0.07244359600749928	0.06410129365128552
2.6193910591551774	0.07244359600749928	0.06706701771146073
2.9976816770403563	0.07244359600749928	0.07287074328894613
3.4306047603910415	0.07244359600749928	0.08324665849857987
3.926050291516404	0.07244359600749928	0.09924951971955699
4.493047718431742	0.07244359600749928	0.12370491275719527
5.141930515695824	0.07244359600749928	0.16706308840900375
5.884524511008838	0.07244359600749928	0.26349455582809733
6.734363409805407	0.07244359600749928	0.546663987935652
7.706935445758021	0.07244359600749928	1.3613264278768489
8.819965652373028	0.07244359600749928	2.911434072453139
10.093738900052346	0.07244359600749928	3.4771805858841187
11.551469585940843	0.07244359600749928	1.6368981118215755
13.219724714121972	0.07244359600749928	0.33648958848823673
15.128908076758211	0.07244359600749928	0.07729398347950255
17.313814360331925	0.07244359600749928	0.021703138206616606
19.814263275520517	0.07244359600749928	0.011297551919871984
22.675825267662994	0.07244359600749928	0.007336970802225623
25.950652033822625	0.07244359600749928	0.004911925141353909
29.698426982540767	0.07244359600749928	0.0025063117582105566
33.98745295832107	0.07244359600749928	0.0012228040141307461
38.895897054520105	0.07244359600749928	0.000494107407330582
44.51321520124173	0.07244359600749928	0.0001750540647255276
50.941782491215115	0.07244359600749928	0.00006079557608437178
58.29875895619149	0.07244359600749928	0.000020435123426558894
66.71822479745835	0.07244359600749928	6.7595433681147535e-6
76.35362398484546	0.07244359600749928	2.1159370884427117e-6
87.38056075858388	0.07244359600749928	6.502015624895065e-7
100.00000000000031	0.07244359600749928	2.23027014825119e-7
111.55639876771902	0.07244359600749928	9.82136342998607e-8
138.21730389017998	0.07244359600749928	1.777572784495742e-8
171.24990861750976	0.07244359600749928	2.8309572056199063e-9
212.17698780180757	0.07244359600749928	5.133889482602502e-10
262.885244821937	0.07244359600749928	7.449809130676872e-11
325.7122869971341	0.07244359600749928	4.054246588159221e-12
403.5543872869759	0.07244359600749928	6.062587177469177e-14
499.9999999999984	0.07244359600749928	4.972808662850585e-17
1000	0.07244359600749928	0
2000	0.07244359600749928	0
1.	0.08317637711026743	0.0683954890364818
1.9999999999999998	0.08317637711026743	0.06641759228435501
2.288838595949997	0.08317637711026743	0.06683569213598167
2.6193910591551774	0.08317637711026743	0.06294252169043428
2.9976816770403563	0.08317637711026743	0.06754784484488073
3.4306047603910415	0.08317637711026743	0.07619391763306563
3.926050291516404	0.08317637711026743	0.0868713476110047
4.493047718431742	0.08317637711026743	0.12812882454703176
5.141930515695824	0.08317637711026743	0.1328761119838714
5.884524511008838	0.08317637711026743	0.1891418732869138
6.734363409805407	0.08317637711026743	0.32379028726369363
7.706935445758021	0.08317637711026743	0.8406076904466954
8.819965652373028	0.08317637711026743	2.2193160906673874
10.093738900052346	0.08317637711026743	3.785157811668982
11.551469585940843	0.08317637711026743	2.6035525913766575
13.219724714121972	0.08317637711026743	0.6080390997899145
15.128908076758211	0.08317637711026743	0.11973357474248801
17.313814360331925	0.08317637711026743	0.029179196293870925
19.814263275520517	0.08317637711026743	0.013897918892848653
22.675825267662994	0.08317637711026743	0.008674535896900173
25.950652033822625	0.08317637711026743	0.005920358189595714
29.698426982540767	0.08317637711026743	0.0031399382941320036
33.98745295832107	0.08317637711026743	0.0014940274737843897
38.895897054520105	0.08317637711026743	0.0006978810431619416
44.51321520124173	0.08317637711026743	0.0002494392762631593
50.941782491215115	0.08317637711026743	0.00008571845637079194
58.29875895619149	0.08317637711026743	0.000028424632233583253
66.71822479745835	0.08317637711026743	9.387221814572662e-6
76.35362398484546	0.08317637711026743	2.9289327149943323e-6
87.38056075858388	0.08317637711026743	8.94716710512829e-7
100.00000000000031	0.08317637711026743	3.055074785724172e-7
111.55639876771902	0.08317637711026743	1.3416992254808185e-7
138.21730389017998	0.08317637711026743	2.425906720149154e-8
171.24990861750976	0.08317637711026743	3.85717027807769e-9
212.17698780180757	0.08317637711026743	6.98051218734326e-10
262.885244821937	0.08317637711026743	1.0131726231329691e-10
325.7122869971341	0.08317637711026743	5.522502626089979e-12
403.5543872869759	0.08317637711026743	8.27647007641287e-14
499.9999999999984	0.08317637711026743	6.816159732669407e-17
1000	0.08317637711026743	0
2000	0.08317637711026743	0
1.	0.09549925860214398	0.06965059578358591
1.9999999999999998	0.09549925860214398	0.06983378852353296
2.288838595949997	0.09549925860214398	0.06947539287429452
2.6193910591551774	0.09549925860214398	0.07040997376784384
2.9976816770403563	0.09549925860214398	0.07000080114598793
3.4306047603910415	0.09549925860214398	0.07242399636866184
3.926050291516404	0.09549925860214398	0.08113562292814247
4.493047718431742	0.09549925860214398	0.08825330531856691
5.141930515695824	0.09549925860214398	0.10509212226584333
5.884524511008838	0.09549925860214398	0.14674749901669276
6.734363409805407	0.09549925860214398	0.21392822137358952
7.706935445758021	0.09549925860214398	0.45702915024472235
8.819965652373028	0.09549925860214398	1.404689035006502
10.093738900052346	0.09549925860214398	3.3924386184805817
11.551469585940843	0.09549925860214398	3.665960724053848
13.219724714121972	0.09549925860214398	1.1639055816565282
15.128908076758211	0.09549925860214398	0.19434118688255164
17.313814360331925	0.09549925860214398	0.04218191112069235
19.814263275520517	0.09549925860214398	0.016899861237050767
22.675825267662994	0.09549925860214398	0.010157170615363257
25.950652033822625	0.09549925860214398	0.0069943027185023245
29.698426982540767	0.09549925860214398	0.003766476024722675
33.98745295832107	0.09549925860214398	0.0018795993998119121
38.895897054520105	0.09549925860214398	0.0008171172370081043
44.51321520124173	0.09549925860214398	0.0002946049071299665
50.941782491215115	0.09549925860214398	0.00009994254941135448
58.29875895619149	0.09549925860214398	0.00003272371088300434
66.71822479745835	0.09549925860214398	0.0000107794473398215
76.35362398484546	0.09549925860214398	3.35260878082388e-6
87.38056075858388	0.09549925860214398	1.0173504905224855e-6
100.00000000000031	0.09549925860214398	3.454341771506061e-7
111.55639876771902	0.09549925860214398	1.512592196026089e-7
138.21730389017998	0.09549925860214398	2.7316822099403335e-8
171.24990861750976	0.09549925860214398	4.3352555533862764e-9
212.17698780180757	0.09549925860214398	7.827200248317801e-10
262.885244821937	0.09549925860214398	1.1363506789761822e-10
325.7122869971341	0.09549925860214398	6.205094535838012e-12
403.5543872869759	0.09549925860214398	9.323052723820945e-14
499.9999999999984	0.09549925860214398	7.713449739316523e-17
1000	0.09549925860214398	0
2000	0.09549925860214398	0
1.	0.10964781961431896	0.06645524073903647
1.9999999999999998	0.10964781961431896	0.06900491056787485
2.288838595949997	0.10964781961431896	0.07114006839723676
2.6193910591551774	0.10964781961431896	0.07053869909242488
2.9976816770403563	0.10964781961431896	0.07080059420536546
3.4306047603910415	0.10964781961431896	0.0719370460909285
3.926050291516404	0.10964781961431896	0.07608796822469356
4.493047718431742	0.10964781961431896	0.08361542883848079
5.141930515695824	0.10964781961431896	0.09700561978251504
5.884524511008838	0.10964781961431896	0.12103255890414114
6.734363409805407	0.10964781961431896	0.1645620388659655
7.706935445758021	0.10964781961431896	0.2813586927696516
8.819965652373028	0.10964781961431896	0.7290638650374676
10.093738900052346	0.10964781961431896	2.3935722414092533
11.551469585940843	0.10964781961431896	4.2487438632093655
13.219724714121972	0.10964781961431896	2.1783333694180618
15.128908076758211	0.10964781961431896	0.3477240041801446
17.313814360331925	0.10964781961431896	0.06631352782620249
19.814263275520517	0.10964781961431896	0.0202568336462875
22.675825267662994	0.10964781961431896	0.011825649451771145
25.950652033822625	0.10964781961431896	0.008031312354285162
29.698426982540767	0.10964781961431896	0.004475425767460871
33.98745295832107	0.10964781961431896	0.002060284185532111
38.895897054520105	0.10964781961431896	0.0008903947677815767
44.51321520124173	0.10964781961431896	0.000322696306353956
50.941782491215115	0.10964781961431896	0.00010794043512661164
58.29875895619149	0.10964781961431896	0.00003499381028280308
66.71822479745835	0.10964781961431896	0.000011469560478637686
76.35362398484546	0.10964781961431896	3.5572044175202564e-6
87.38056075858388	0.10964781961431896	1.0717168234349198e-6
100.00000000000031	0.10964781961431896	3.612862720981151e-7
111.55639876771902	0.10964781961431896	1.577009343415457e-7
138.21730389017998	0.10964781961431896	2.844002225480016e-8
171.24990861750976	0.10964781961431896	4.503919886155834e-9
212.17698780180757	0.10964781961431896	8.10968001631893e-10
262.885244821937	0.10964781961431896	1.1776942394256283e-10
325.7122869971341	0.10964781961431896	6.444161429138793e-12
403.5543872869759	0.10964781961431896	9.710321360093147e-14
499.9999999999984	0.10964781961431896	8.075984291249291e-17
1000	0.10964781961431896	0
2000	0.10964781961431896	0