1	0.001	0.010713
2	0.001	0.0105899
2.28884	0.001	0.0105367
2.61939	0.001	0.010464
2.99768	0.001	0.0103646
3.4306	0.001	0.0102303
3.92605	0.001	0.010047
4.49305	0.001	0.00979609
5.14193	0.001	0.00946104
5.88452	0.001	0.00901619
6.73436	0.001	0.00844508
7.70694	0.001	0.00773698
8.81997	0.001	0.0069118
10.0937	0.001	0.00599543
11.5515	0.001	0.00500508
13.2197	0.001	0.00397498
15.1289	0.001	0.00295935
17.3138	0.001	0.00205307
19.8143	0.001	0.00133145
22.6758	0.001	0.000796001
25.9507	0.001	0.000433005
29.6984	0.001	0.000220252
33.9875	0.001	0.00010654
38.8959	0.001	0.0000473477
44.5132	0.001	0.000020453
50.9418	0.001	8.10378e-6
58.2988	0.001	3.31047e-6
66.7182	0.001	1.27544e-6
1	0.00114815	0.0123085
2	0.00114815	0.0121661
2.28884	0.00114815	0.0121041
2.61939	0.00114815	0.0120212
2.99768	0.00114815	0.0119065
3.4306	0.00114815	0.0117533
3.92605	0.00114815	0.0115438
4.49305	0.00114815	0.0112563
5.14193	0.00114815	0.0108718
5.88452	0.00114815	0.0103633
6.73436	0.00114815	0.009706
7.70694	0.00114815	0.00889412
8.81997	0.00114815	0.00794601
10.0937	0.00114815	0.00689337
11.5515	0.00114815	0.00575614
13.2197	0.00114815	0.00457196
15.1289	0.00114815	0.00340457
17.3138	0.00114815	0.00236252
19.8143	0.00114815	0.00153202
22.6758	0.00114815	0.000916232
25.9507	0.00114815	0.000498389
29.6984	0.00114815	0.000253491
33.9875	0.00114815	0.000122617
38.8959	0.00114815	0.0000544917
44.5132	0.00114815	0.0000235408
50.9418	0.00114815	9.32326e-6
58.2988	0.00114815	3.80944e-6
66.7182	0.00114815	1.4674e-6
1	0.00131826	0.0141396
2	0.00131826	0.0139763
2.28884	0.00131826	0.0139059
2.61939	0.00131826	0.0138101
2.99768	0.00131826	0.0136796
3.4306	0.00131826	0.013504
3.92605	0.00131826	0.0132647
4.49305	0.00131826	0.0129374
5.14193	0.00131826	0.0124972
5.88452	0.00131826	0.0119114
6.73436	0.00131826	0.011158
7.70694	0.00131826	0.0102273
8.81997	0.00131826	0.00913561
10.0937	0.00131826	0.00792891
11.5515	0.00131826	0.00662044
13.2197	0.00131826	0.00526037
15.1289	0.00131826	0.00391802
17.3138	0.00131826	0.00271904
19.8143	0.00131826	0.00176354
22.6758	0.00131826	0.00105472
25.9507	0.00131826	0.00057393
29.6984	0.00131826	0.000291859
33.9875	0.00131826	0.000141184
38.8959	0.00131826	0.0000627398
44.5132	0.00131826	0.0000271078
50.9418	0.00131826	0.0000107342
58.2988	0.00131826	4.38578e-6
66.7182	0.00131826	1.68903e-6
1	0.00151356	0.0162468
2	0.00151356	0.0160577
2.28884	0.00151356	0.0159769
2.61939	0.00151356	0.0158684
2.99768	0.00151356	0.0157193
3.4306	0.00151356	0.0155186
3.92605	0.00151356	0.0152438
4.49305	0.00151356	0.0148745
5.14193	0.00151356	0.0143667
5.88452	0.00151356	0.0136954
6.73436	0.00151356	0.0128298
7.70694	0.00151356	0.0117602
8.81997	0.00151356	0.0105067
10.0937	0.00151356	0.00912056
11.5515	0.00151356	0.007618
13.2197	0.00151356	0.00605444
15.1289	0.00151356	0.0045106
17.3138	0.00151356	0.00313069
19.8143	0.00151356	0.00203079
22.6758	0.00151356	0.00121468
25.9507	0.00151356	0.000661051
29.6984	0.00151356	0.000336134
33.9875	0.00151356	0.000162607
38.8959	0.00151356	0.0000722662
44.5132	0.00151356	0.0000312128
50.9418	0.00151356	0.0000123638
58.2988	0.00151356	5.05071e-6
66.7182	0.00151356	1.94502e-6
1	0.0017378	0.018666
2	0.0017378	0.018451
2.28884	0.0017378	0.0183579
2.61939	0.0017378	0.0182335
2.99768	0.0017378	0.0180632
3.4306	0.0017378	0.0178356
3.92605	0.0017378	0.0175258
4.49305	0.0017378	0.0171001
5.14193	0.0017378	0.016519
5.88452	0.0017378	0.015748
6.73436	0.0017378	0.0147555
7.70694	0.0017378	0.0135265
8.81997	0.0017378	0.0120895
10.0937	0.0017378	0.0104951
11.5515	0.0017378	0.00876876
13.2197	0.0017378	0.00696959
15.1289	0.0017378	0.00519368
17.3138	0.0017378	0.00360594
19.8143	0.0017378	0.00233935
22.6758	0.0017378	0.00139956
25.9507	0.0017378	0.000761804
29.6984	0.0017378	0.000387329
33.9875	0.0017378	0.000187408
38.8959	0.0017378	0.0000832686
44.5132	0.0017378	0.0000359678
50.9418	0.0017378	0.0000142447
58.2988	0.0017378	5.81907e-6
66.7182	0.0017378	2.24043e-6
1	0.00199526	0.0214464
2	0.00199526	0.0212016
2.28884	0.00199526	0.0210964
2.61939	0.00199526	0.0209557
2.99768	0.00199526	0.0207623
3.4306	0.00199526	0.0205079
3.92605	0.00199526	0.0201493
4.49305	0.00199526	0.0196617
5.14193	0.00199526	0.0189964
5.88452	0.00199526	0.0181132
6.73436	0.00199526	0.0169723
7.70694	0.00199526	0.0155627
8.81997	0.00199526	0.013912
10.0937	0.00199526	0.0120806
11.5515	0.00199526	0.0100954
13.2197	0.00199526	0.00802648
15.1289	0.00199526	0.00598299
17.3138	0.00199526	0.00415523
19.8143	0.00199526	0.0026962
22.6758	0.00199526	0.00161354
25.9507	0.00199526	0.000878382
29.6984	0.00199526	0.000446508
33.9875	0.00199526	0.000216025
38.8959	0.00199526	0.0000959886
44.5132	0.00199526	0.0000414674
50.9418	0.00199526	0.0000164175
58.2988	0.00199526	6.70802e-6
66.7182	0.00199526	2.58232e-6
1	0.00229087	0.0246442
2	0.00229087	0.0243724
2.28884	0.00229087	0.0242617
2.61939	0.00229087	0.0240991
2.99768	0.00229087	0.0238802
3.4306	0.00229087	0.0235794
3.92605	0.00229087	0.0231654
4.49305	0.00229087	0.022607
5.14193	0.00229087	0.0218435
5.88452	0.00229087	0.0208339
6.73436	0.00229087	0.0195267
7.70694	0.00229087	0.0179091
8.81997	0.00229087	0.0160136
10.0937	0.00229087	0.0139074
11.5515	0.00229087	0.0116263
13.2197	0.00229087	0.0092477
15.1289	0.00229087	0.00689612
17.3138	0.00229087	0.00479018
19.8143	0.00229087	0.00310896
22.6758	0.00229087	0.00186129
25.9507	0.00229087	0.00101341
29.6984	0.00229087	0.00051509
33.9875	0.00229087	0.000249166
38.8959	0.00229087	0.000110707
44.5132	0.00229087	0.0000478263
50.9418	0.00229087	0.0000189284
58.2988	0.00229087	7.73766e-6
66.7182	0.00229087	2.97745e-6
1	0.00263027	0.0283498
2	0.00263027	0.028034
2.28884	0.00263027	0.0278939
2.61939	0.00263027	0.027708
2.99768	0.00263027	0.0274543
3.4306	0.00263027	0.0271062
3.92605	0.00263027	0.0266376
4.49305	0.00263027	0.0259979
5.14193	0.00263027	0.0251302
5.88452	0.00263027	0.0239678
6.73436	0.00263027	0.0224713
7.70694	0.00263027	0.0206144
8.81997	0.00263027	0.018439
10.0937	0.00263027	0.0160168
11.5515	0.00263027	0.0133945
13.2197	0.00263027	0.0106584
15.1289	0.00263027	0.00795101
17.3138	0.00263027	0.0055248
19.8143	0.00263027	0.00358704
22.6758	0.00263027	0.00214799
25.9507	0.00263027	0.00116973
29.6984	0.00263027	0.000594554
33.9875	0.00263027	0.000287582
38.8959	0.00263027	0.000127774
44.5132	0.00263027	0.0000551952
50.9418	0.00263027	0.0000218483
58.2988	0.00263027	8.92838e-6
66.7182	0.00263027	3.43427e-6
1	0.00301995	0.0325906
2	0.00301995	0.0322249
2.28884	0.00301995	0.0320638
2.61939	0.00301995	0.0318524
2.99768	0.00301995	0.0315633
3.4306	0.00301995	0.0311708
3.92605	0.00301995	0.0306343
4.49305	0.00301995	0.0299021
5.14193	0.00301995	0.0289035
5.88452	0.00301995	0.0275811
6.73436	0.00301995	0.0258656
7.70694	0.00301995	0.023736
8.81997	0.00301995	0.0212393
10.0937	0.00301995	0.0184543
11.5515	0.00301995	0.0154373
13.2197	0.00301995	0.0122896
15.1289	0.00301995	0.00917223
17.3138	0.00301995	0.00637618
19.8143	0.00301995	0.00414026
22.6758	0.00301995	0.00248136
25.9507	0.00301995	0.00135122
29.6984	0.00301995	0.000686684
33.9875	0.00301995	0.000332144
38.8959	0.00301995	0.000147558
44.5132	0.00301995	0.0000637376
50.9418	0.00301995	0.0000252171
58.2988	0.00301995	0.0000103091
66.7182	0.00301995	3.96437e-6
1	0.00346737	0.0374616
2	0.00346737	0.0370495
2.28884	0.00346737	0.0368684
2.61939	0.00346737	0.0366238
2.99768	0.00346737	0.0362943
3.4306	0.00346737	0.0358422
3.92605	0.00346737	0.035233
4.49305	0.00346737	0.0343942
5.14193	0.00346737	0.0332536
5.88452	0.00346737	0.0317392
6.73436	0.00346737	0.0297793
7.70694	0.00346737	0.0273382
8.81997	0.00346737	0.0244701
10.0937	0.00346737	0.0212695
11.5515	0.00346737	0.0178011
13.2197	0.00346737	0.0141787
15.1289	0.00346737	0.0105884
17.3138	0.00346737	0.0073635
19.8143	0.00346737	0.00478401
22.6758	0.00346737	0.00286771
25.9507	0.00346737	0.00156204
29.6984	0.00346737	0.000793743
33.9875	0.00346737	0.000383891
38.8959	0.00346737	0.000170585
44.5132	0.00346737	0.0000736589
50.9418	0.00346737	0.000029133
58.2988	0.00346737	0.0000119112
66.7182	0.00346737	4.57884e-6
1	0.00398107	0.0430695
2	0.00398107	0.042597
2.28884	0.00398107	0.0423943
2.61939	0.00398107	0.0421162
2.99768	0.00398107	0.0417389
3.4306	0.00398107	0.0412207
3.92605	0.00398107	0.0405236
4.49305	0.00398107	0.0395683
5.14193	0.00398107	0.03827
5.88452	0.00398107	0.0365423
6.73436	0.00398107	0.0342941
7.70694	0.00398107	0.0314995
8.81997	0.00398107	0.028201
10.0937	0.00398107	0.0245253
11.5515	0.00398107	0.020537
13.2197	0.00398107	0.0163671
15.1289	0.00398107	0.0122329
17.3138	0.00398107	0.00851101
19.8143	0.00398107	0.0055296
22.6758	0.00398107	0.00331683
25.9507	0.00398107	0.00180747
29.6984	0.00398107	0.000918341
33.9875	0.00398107	0.000444048
38.8959	0.00398107	0.000197345
44.5132	0.00398107	0.0000851914
50.9418	0.00398107	0.0000336906
58.2988	0.00398107	0.000013775
66.7182	0.00398107	5.29334e-6
1	0.00457088	0.0495143
2	0.00457088	0.0489788
2.28884	0.00457088	0.0487464
2.61939	0.00457088	0.0484321
2.99768	0.00457088	0.048003
3.4306	0.00457088	0.0474204
3.92605	0.00457088	0.0466197
4.49305	0.00457088	0.0455306
5.14193	0.00457088	0.0440533
5.88452	0.00457088	0.0420946
6.73436	0.00457088	0.0395053
7.70694	0.00457088	0.0363041
8.81997	0.00457088	0.0325174
10.0937	0.00457088	0.0282932
11.5515	0.00457088	0.0237049
13.2197	0.00457088	0.018907
15.1289	0.00457088	0.0141414
17.3138	0.00457088	0.00984481
19.8143	0.00457088	0.00639989
22.6758	0.00457088	0.00384035
25.9507	0.00457088	0.00209361
29.6984	0.00457088	0.00106352
33.9875	0.00457088	0.000514193
38.8959	0.00457088	0.00022847
44.5132	0.00457088	0.0000986386
50.9418	0.00457088	0.0000389862
58.2988	0.00457088	0.0000159428
66.7182	0.00457088	6.1239e-6
1	0.00524807	0.0569274
2	0.00524807	0.0563195
2.28884	0.00524807	0.0560599
2.61939	0.00524807	0.0557008
2.99768	0.00524807	0.0552144
3.4306	0.00524807	0.0545538
3.92605	0.00524807	0.05364
4.49305	0.00524807	0.0524015
5.14193	0.00524807	0.0507085
5.88452	0.00524807	0.0484479
6.73436	0.00524807	0.0455247
7.70694	0.00524807	0.0418572
8.81997	0.00524807	0.0375131
10.0937	0.00524807	0.0326564
11.5515	0.00524807	0.0273788
13.2197	0.00524807	0.0218541
15.1289	0.00524807	0.0163624
17.3138	0.00524807	0.0113999
19.8143	0.00524807	0.00741019
22.6758	0.00524807	0.00445114
25.9507	0.00524807	0.00242761
29.6984	0.00524807	0.00123304
33.9875	0.00524807	0.000595949
38.8959	0.00524807	0.000264916
44.5132	0.00524807	0.000114318
50.9418	0.00524807	0.0000451613
58.2988	0.00524807	0.0000184717
66.7182	0.00524807	7.09095e-6
1	0.0060256	0.0654649
2	0.0060256	0.0647742
2.28884	0.0060256	0.0644746
2.61939	0.0060256	0.0640668
2.99768	0.0060256	0.063511
3.4306	0.0060256	0.0627536
3.92605	0.0060256	0.0617193
4.49305	0.0060256	0.0603057
5.14193	0.0060256	0.0583774
5.88452	0.0060256	0.0558206
6.73436	0.0060256	0.0524639
7.70694	0.0060256	0.048271
8.81997	0.0060256	0.0432886
10.0937	0.0060256	0.037715
11.5515	0.0060256	0.0316444
13.2197	0.0060256	0.0252825
15.1289	0.0060256	0.0189481
17.3138	0.0060256	0.0132112
19.8143	0.0060256	0.00859331
22.6758	0.0060256	0.005166
25.9507	0.0060256	0.00281835
29.6984	0.0060256	0.00143121
33.9875	0.0060256	0.000691716
38.8959	0.0060256	0.00030753
44.5132	0.0060256	0.000132607
50.9418	0.0060256	0.0000523743
58.2988	0.0060256	0.0000214231
66.7182	0.0060256	8.22031e-6
1	0.00691831	0.0752697
2	0.00691831	0.0744788
2.28884	0.00691831	0.0741438
2.61939	0.00691831	0.0736732
2.99768	0.00691831	0.0730376
3.4306	0.00691831	0.0721873
3.92605	0.00691831	0.0710073
4.49305	0.00691831	0.069407
5.14193	0.00691831	0.0672234
5.88452	0.00691831	0.0643053
6.73436	0.00691831	0.0604873
7.70694	0.00691831	0.0556863
8.81997	0.00691831	0.0499843
10.0937	0.00691831	0.0435785
11.5515	0.00691831	0.0365943
13.2197	0.00691831	0.0292688
15.1289	0.00691831	0.0219633
17.3138	0.00691831	0.0153248
19.8143	0.00691831	0.00997621
22.6758	0.00691831	0.00599961
25.9507	0.00691831	0.00327644
29.6984	0.00691831	0.00166351
33.9875	0.00691831	0.000803838
38.8959	0.00691831	0.000357305
44.5132	0.00691831	0.000154037
50.9418	0.00691831	0.0000608259
58.2988	0.00691831	0.0000248785
66.7182	0.00691831	9.53756e-6
1	0.00794328	0.0197001
2	0.00794328	0.0196959
2.28884	0.00794328	0.0223889
2.61939	0.00794328	0.0358131
2.99768	0.00794328	0.0382286
3.4306	0.00794328	0.0536915
3.92605	0.00794328	0.0580531
4.49305	0.00794328	0.0695655
5.14193	0.00794328	0.0673734
5.88452	0.00794328	0.0668227
6.73436	0.00794328	0.0628566
7.70694	0.00794328	0.0578913
8.81997	0.00794328	0.0577218
10.0937	0.00794328	0.0503829
11.5515	0.00794328	0.0423499
13.2197	0.00794328	0.0339133
15.1289	0.00794328	0.0254784
17.3138	0.00794328	0.0177989
19.8143	0.00794328	0.0115964
22.6758	0.00794328	0.00697798
25.9507	0.00794328	0.00381453
29.6984	0.00794328	0.00193646
33.9875	0.00794328	0.000935306
38.8959	0.00794328	0.000415767
44.5132	0.00794328	0.000179138
50.9418	0.00794328	0.0000637231
58.2988	0.00794328	0.0000261536
66.7182	0.00794328	0.0000100175
1	0.00912011	0.0219662
2	0.00912011	0.0219776
2.28884	0.00912011	0.0219673
2.61939	0.00912011	0.021936
2.99768	0.00912011	0.0249354
3.4306	0.00912011	0.0369392
3.92605	0.00912011	0.0423872
4.49305	0.00912011	0.0591295
5.14193	0.00912011	0.0601425
5.88452	0.00912011	0.0658139
6.73436	0.00912011	0.0697877
7.70694	0.00912011	0.0643221
8.81997	0.00912011	0.059923
10.0937	0.00912011	0.0523867
11.5515	0.00912011	0.0440747
13.2197	0.00912011	0.0353293
15.1289	0.00912011	0.0265525
17.3138	0.00912011	0.0185508
19.8143	0.00912011	0.0121019
22.6758	0.00912011	0.00729868
25.9507	0.00912011	0.00398915
29.6984	0.00912011	0.00202647
33.9875	0.00912011	0.000979282
38.8959	0.00912011	0.000435834
44.5132	0.00912011	0.000188109
50.9418	0.00912011	0.0000741178
58.2988	0.00912011	0.000029346
66.7182	0.00912011	0.0000104208
1	0.0104713	0.0245417
2	0.0104713	0.0245471
2.28884	0.0104713	0.0245404
2.61939	0.0104713	0.0281114
2.99768	0.0104713	0.0280016
3.4306	0.0104713	0.0489967
3.92605	0.0104713	0.0517391
4.49305	0.0104713	0.0677166
5.14193	0.0104713	0.0689516
5.88452	0.0104713	0.0756336
6.73436	0.0104713	0.0803723
7.70694	0.0104713	0.0741657
8.81997	0.0104713	0.0667081
10.0937	0.0104713	0.0605682
11.5515	0.0104713	0.0510232
13.2197	0.0104713	0.0409629
15.1289	0.0104713	0.0308432
17.3138	0.0104713	0.0215763
19.8143	0.0104713	0.0140906
22.6758	0.0104713	0.00850949
25.9507	0.0104713	0.0046549
29.6984	0.0104713	0.0023641
33.9875	0.0104713	0.00114184
38.8959	0.0104713	0.000508234
44.5132	0.0104713	0.000219228
50.9418	0.0104713	0.0000863633
58.2988	0.0104713	0.0000341692
66.7182	0.0104713	0.0000120989
1	0.0120226	0.0274826
2	0.0120226	0.0657984
2.28884	0.0120226	0.08253
2.61939	0.0120226	0.0862709
2.99768	0.0120226	0.0939541
3.4306	0.0120226	0.101209
3.92605	0.0120226	0.107791
4.49305	0.0120226	0.10549
5.14193	0.0120226	0.1062
5.88452	0.0120226	0.101842
6.73436	0.0120226	0.0960005
7.70694	0.0120226	0.0888112
8.81997	0.0120226	0.0800321
10.0937	0.0120226	0.0700631
11.5515	0.0120226	0.0591095
13.2197	0.0120226	0.0475386
15.1289	0.0120226	0.0358735
17.3138	0.0120226	0.0251309
19.8143	0.0120226	0.0164286
22.6758	0.0120226	0.00993411
25.9507	0.0120226	0.00544158
29.6984	0.0120226	0.002763
33.9875	0.0120226	0.00133385
38.8959	0.0120226	0.000594005
44.5132	0.0120226	0.000255923
50.9418	0.0120226	0.000100784
58.2988	0.0120226	0.0000413279
66.7182	0.0120226	0.0000152125
1	0.0138038	0.150637
2	0.0138038	0.149105
2.28884	0.0138038	0.148441
2.61939	0.0138038	0.147585
2.99768	0.0138038	0.146374
3.4306	0.0138038	0.144779
3.92605	0.0138038	0.14258
4.49305	0.0138038	0.139643
5.14193	0.0138038	0.135536
5.88452	0.0138038	0.130269
6.73436	0.0138038	0.123184
7.70694	0.0138038	0.11412
8.81997	0.0138038	0.103085
10.0937	0.0138038	0.0904411
11.5515	0.0138038	0.0764472
13.2197	0.0138038	0.0616257
15.1289	0.0138038	0.0466665
17.3138	0.0138038	0.0328034
19.8143	0.0138038	0.0214603
22.6758	0.0138038	0.0129776
25.9507	0.0138038	0.00712761
29.6984	0.0138038	0.00361535
33.9875	0.0138038	0.00174246
38.8959	0.0138038	0.00077504
44.5132	0.0138038	0.00033279
50.9418	0.0138038	0.000131104
58.2988	0.0138038	0.0000535916
66.7182	0.0138038	0.0000204448
1	0.0158489	0.172703
2	0.0158489	0.170929
2.28884	0.0158489	0.170191
2.61939	0.0158489	0.169182
2.99768	0.0158489	0.167839
3.4306	0.0158489	0.166031
3.92605	0.0158489	0.163575
4.49305	0.0158489	0.160289
5.14193	0.0158489	0.155808
5.88452	0.0158489	0.149858
6.73436	0.0158489	0.141928
7.70694	0.0158489	0.131761
8.81997	0.0158489	0.11926
10.0937	0.0158489	0.104812
11.5515	0.0158489	0.0887761
13.2197	0.0158489	0.0717465
15.1289	0.0158489	0.0544763
17.3138	0.0158489	0.0383935
19.8143	0.0158489	0.025142
22.6758	0.0158489	0.0152397
25.9507	0.0158489	0.00837965
29.6984	0.0158489	0.00424959
33.9875	0.0158489	0.00204571
38.8959	0.0158489	0.000910451
44.5132	0.0158489	0.000390187
50.9418	0.0158489	0.000153679
58.2988	0.0158489	0.0000627571
66.7182	0.0158489	0.0000239062
1	0.018197	0.198143
2	0.018197	0.196132
2.28884	0.018197	0.195273
2.61939	0.018197	0.194129
2.99768	0.018197	0.192631
3.4306	0.018197	0.19054
3.92605	0.018197	0.187809
4.49305	0.018197	0.184086
5.14193	0.018197	0.179092
5.88452	0.018197	0.172435
6.73436	0.018197	0.163583
7.70694	0.018197	0.152187
8.81997	0.018197	0.138071
10.0937	0.018197	0.121601
11.5515	0.018197	0.103212
13.2197	0.018197	0.0836303
15.1289	0.018197	0.0636977
17.3138	0.018197	0.0450217
19.8143	0.018197	0.0295263
22.6758	0.018197	0.0179228
25.9507	0.018197	0.00987958
29.6984	0.018197	0.00501032
33.9875	0.018197	0.00240968
38.8959	0.018197	0.00107253
44.5132	0.018197	0.000459073
50.9418	0.018197	0.000180705
58.2988	0.018197	0.0000737569
66.7182	0.018197	0.0000280515
1	0.020893	0.226004
2	0.020893	0.224364
2.28884	0.020893	0.22337
2.61939	0.020893	0.22207
2.99768	0.020893	0.220345
3.4306	0.020893	0.21803
3.92605	0.020893	0.21496
4.49305	0.020893	0.210815
5.14193	0.020893	0.20527
5.88452	0.020893	0.197903
6.73436	0.020893	0.188124
7.70694	0.020893	0.175456
8.81997	0.020893	0.159753
10.0937	0.020893	0.140971
11.5515	0.020893	0.119957
13.2197	0.020893	0.0974661
15.1289	0.020893	0.074499
17.3138	0.020893	0.0528132
19.8143	0.020893	0.0347076
22.6758	0.020893	0.0211136
25.9507	0.020893	0.0116659
29.6984	0.020893	0.00591648
33.9875	0.020893	0.00284223
38.8959	0.020893	0.00126487
44.5132	0.020893	0.000540179
50.9418	0.020893	0.000212839
58.2988	0.020893	0.000086704
66.7182	0.020893	0.0000329252
1	0.0239883	0.258829
2	0.0239883	0.256097
2.28884	0.0239883	0.254957
2.61939	0.0239883	0.253468
2.99768	0.0239883	0.25153
3.4306	0.0239883	0.248983
3.92605	0.0239883	0.245486
4.49305	0.0239883	0.240906
5.14193	0.0239883	0.234765
5.88452	0.0239883	0.226699
6.73436	0.0239883	0.21596
7.70694	0.0239883	0.201994
8.81997	0.0239883	0.184363
10.0937	0.0239883	0.163347
11.5515	0.0239883	0.139401
13.2197	0.0239883	0.113641
15.1289	0.0239883	0.0872231
17.3138	0.0239883	0.0620791
19.8143	0.0239883	0.04088
22.6758	0.0239883	0.0249179
25.9507	0.0239883	0.0138072
29.6984	0.0239883	0.00700416
33.9875	0.0239883	0.00335926
38.8959	0.0239883	0.00149542
44.5132	0.0239883	0.000637108
50.9418	0.0239883	0.000250893
58.2988	0.0239883	0.000102094
66.7182	0.0239883	0.0000386947
1	0.0275423	0.294804
2	0.0275423	0.291713
2.28884	0.0275423	0.290427
2.61939	0.0275423	0.288746
2.99768	0.0275423	0.286492
3.4306	0.0275423	0.283581
3.92605	0.0275423	0.279715
4.49305	0.0275423	0.274639
5.14193	0.0275423	0.268036
5.88452	0.0275423	0.259177
6.73436	0.0275423	0.247548
7.70694	0.0275423	0.232308
8.81997	0.0275423	0.212782
10.0937	0.0275423	0.18918
11.5515	0.0275423	0.161995
13.2197	0.0275423	0.132535
15.1289	0.0275423	0.102175
17.3138	0.0275423	0.0730747
19.8143	0.0275423	0.0482507
22.6758	0.0275423	0.029472
25.9507	0.0275423	0.0163853
29.6984	0.0275423	0.00831445
33.9875	0.0275423	0.00398165
38.8959	0.0275423	0.0017723
44.5132	0.0275423	0.00075315
50.9418	0.0275423	0.000296498
58.2988	0.0275423	0.000120428
66.7182	0.0275423	0.0000455484
1	0.0316228	0.334884
2	0.0316228	0.331326
2.28884	0.0316228	0.329842
2.61939	0.0316228	0.327933
2.99768	0.0316228	0.325437
3.4306	0.0316228	0.322185
3.92605	0.0316228	0.317935
4.49305	0.0316228	0.312371
5.14193	0.0316228	0.305143
5.88452	0.0316228	0.29562
6.73436	0.0316228	0.283033
7.70694	0.0316228	0.26655
8.81997	0.0316228	0.245182
10.0937	0.0316228	0.218918
11.5515	0.0316228	0.188225
13.2197	0.0316228	0.154679
15.1289	0.0316228	0.119904
17.3138	0.0316228	0.0862001
19.8143	0.0316228	0.0570941
22.6758	0.0316228	0.0349581
25.9507	0.0316228	0.0195048
29.6984	0.0316228	0.00990161
33.9875	0.0316228	0.00473272
38.8959	0.0316228	0.00210694
44.5132	0.0316228	0.000892164
50.9418	0.0316228	0.000351475
58.2988	0.0316228	0.000142318
66.7182	0.0316228	0.0000537353
1	0.0363078	0.379176
2	0.0363078	0.375512
2.28884	0.0363078	0.374005
2.61939	0.0363078	0.371975
2.99768	0.0363078	0.369279
3.4306	0.0363078	0.365721
3.92605	0.0363078	0.361106
4.49305	0.0363078	0.355134
5.14193	0.0363078	0.347336
5.88452	0.0363078	0.337147
6.73436	0.0363078	0.323836
7.70694	0.0363078	0.306088
8.81997	0.0363078	0.2829
10.0937	0.0363078	0.253811
11.5515	0.0363078	0.219205
13.2197	0.0363078	0.181005
15.1289	0.0363078	0.14111
17.3138	0.0363078	0.102083
19.8143	0.0363078	0.0678787
22.6758	0.0363078	0.0416688
25.9507	0.0363078	0.0233387
29.6984	0.0363078	0.0118629
33.9875	0.0363078	0.0056572
38.8959	0.0363078	0.00252003
44.5132	0.0363078	0.00106306
50.9418	0.0363078	0.000419397
58.2988	0.0363078	0.000168932
66.7182	0.0363078	0.000063676
1	0.0416869	0.0235948
2	0.0416869	0.0368776
2.28884	0.0416869	0.0587737
2.61939	0.0416869	0.149802
2.99768	0.0416869	0.203124
3.4306	0.0416869	0.250042
3.92605	0.0416869	0.287587
4.49305	0.0416869	0.341251
5.14193	0.0416869	0.334221
5.88452	0.0416869	0.337975
6.73436	0.0416869	0.325444
7.70694	0.0416869	0.308746
8.81997	0.0416869	0.286683
10.0937	0.0416869	0.258524
11.5515	0.0416869	0.224441
13.2197	0.0416869	0.186413
15.1289	0.0416869	0.146331
17.3138	0.0416869	0.10648
19.8143	0.0416869	0.0710837
22.6758	0.0416869	0.0438248
25.9507	0.0416869	0.0246646
29.6984	0.0416869	0.012547
33.9875	0.0416869	0.00598069
38.8959	0.0416869	0.00266042
44.5132	0.0416869	0.00111975
50.9418	0.0416869	0.000442026
58.2988	0.0416869	0.000177565
66.7182	0.0416869	0.0000667758
1	0.047863	0.483978
2	0.047863	0.478932
2.28884	0.047863	0.476991
2.61939	0.047863	0.474333
2.99768	0.047863	0.471031
3.4306	0.047863	0.466883
3.92605	0.047863	0.445895
4.49305	0.047863	0.439254
5.14193	0.047863	0.400166
5.88452	0.047863	0.389905
6.73436	0.047863	0.376379
7.70694	0.047863	0.358385
8.81997	0.047863	0.334482
10.0937	0.047863	0.3033
11.5515	0.047863	0.264754
13.2197	0.047863	0.221131
15.1289	0.047863	0.174742
17.3138	0.047863	0.128162
19.8143	0.047863	0.0860121
22.6758	0.047863	0.0531952
25.9507	0.047863	0.0300852
29.6984	0.047863	0.0153393
33.9875	0.047863	0.00730215
38.8959	0.047863	0.00324973
44.5132	0.047863	0.00136163
50.9418	0.047863	0.000539578
58.2988	0.047863	0.000215228
66.7182	0.047863	0.0000808805
1	0.0549541	0.542934
2	0.0549541	0.537725
2.28884	0.0549541	0.535687
2.61939	0.0549541	0.532905
2.99768	0.0549541	0.52942
3.4306	0.0549541	0.525076
3.92605	0.0549541	0.519528
4.49305	0.0549541	0.512418
5.14193	0.0549541	0.503425
5.88452	0.0549541	0.4919
6.73436	0.0549541	0.476816
7.70694	0.0549541	0.456682
8.81997	0.0549541	0.429285
10.0937	0.0549541	0.392823
11.5515	0.0549541	0.345815
13.2197	0.0549541	0.2911
15.1289	0.0549541	0.23192
17.3138	0.0549541	0.171848
19.8143	0.0549541	0.116366
22.6758	0.0549541	0.0721958
25.9507	0.0549541	0.0409937
29.6984	0.0549541	0.0209513
33.9875	0.0549541	0.00993642
38.8959	0.0549541	0.00442118
44.5132	0.0549541	0.00183776
50.9418	0.0549541	0.000729896
58.2988	0.0549541	0.000287898
66.7182	0.0549541	0.000108039
1	0.0630957	0.609826
2	0.0630957	0.60438
2.28884	0.0630957	0.60227
2.61939	0.0630957	0.599507
2.99768	0.0630957	0.596052
3.4306	0.0630957	0.591688
3.92605	0.0630957	0.585993
4.49305	0.0630957	0.578822
5.14193	0.0630957	0.569731
5.88452	0.0630957	0.557984
6.73436	0.0630957	0.542626
7.70694	0.0630957	0.521933
8.81997	0.0630957	0.493438
10.0937	0.0630957	0.454976
11.5515	0.0630957	0.403907
13.2197	0.0630957	0.342696
15.1289	0.0630957	0.275311
17.3138	0.0630957	0.206065
19.8143	0.0630957	0.140836
22.6758	0.0630957	0.0877921
25.9507	0.0630957	0.0500692
29.6984	0.0630957	0.0256954
33.9875	0.0630957	0.0121631
38.8959	0.0630957	0.00541157
44.5132	0.0630957	0.00223945
50.9418	0.0630957	0.000891521
58.2988	0.0630957	0.000348412
66.7182	0.0630957	0.000130685
1	0.0724436	0.680354
2	0.0724436	0.67525
2.28884	0.0724436	0.673179
2.61939	0.0724436	0.670621
2.99768	0.0724436	0.667298
3.4306	0.0724436	0.663015
3.92605	0.0724436	0.657665
4.49305	0.0724436	0.650552
5.14193	0.0724436	0.641536
5.88452	0.0724436	0.629895
6.73436	0.0724436	0.614421
7.70694	0.0724436	0.593341
8.81997	0.0724436	0.564646
10.0937	0.0724436	0.524316
11.5515	0.0724436	0.470685
13.2197	0.0724436	0.403147
15.1289	0.0724436	0.327036
17.3138	0.0724436	0.247466
19.8143	0.0724436	0.170959
22.6758	0.0724436	0.107222
25.9507	0.0724436	0.0614381
29.6984	0.0724436	0.0316677
33.9875	0.0724436	0.0149779
38.8959	0.0724436	0.00665542
44.5132	0.0724436	0.00274387
50.9418	0.0724436	0.00109449
58.2988	0.0724436	0.00042305
66.7182	0.0724436	0.000158622
1	0.0831764	0.159362
2	0.0831764	0.158515
2.28884	0.0831764	0.182534
2.61939	0.0831764	0.279293
2.99768	0.0831764	0.326617
3.4306	0.0831764	0.445869
3.92605	0.0831764	0.466441
4.49305	0.0831764	0.485781
5.14193	0.0831764	0.574694
5.88452	0.0831764	0.612525
6.73436	0.0831764	0.599185
7.70694	0.0831764	0.603946
8.81997	0.0831764	0.577516
10.0937	0.0831764	0.541005
11.5515	0.0831764	0.489646
13.2197	0.0831764	0.423466
15.1289	0.0831764	0.347091
17.3138	0.0831764	0.265746
19.8143	0.0831764	0.185666
22.6758	0.0831764	0.117299
25.9507	0.0831764	0.0676708
29.6984	0.0831764	0.0350491
33.9875	0.0831764	0.0165976
38.8959	0.0831764	0.00737121
44.5132	0.0831764	0.00303026
50.9418	0.0831764	0.00121189
58.2988	0.0831764	0.00046412
66.7182	0.0831764	0.000174084
1	0.0954993	0.0634251
2	0.0954993	0.350466
2.28884	0.0954993	0.477715
2.61939	0.0954993	0.540289
2.99768	0.0954993	0.666016
3.4306	0.0954993	0.695112
3.92605	0.0954993	0.691265
4.49305	0.0954993	0.717704
5.14193	0.0954993	0.710682
5.88452	0.0954993	0.701379
6.73436	0.0954993	0.688534
7.70694	0.0954993	0.671051
8.81997	0.0954993	0.646458
10.0937	0.0954993	0.611558
11.5515	0.0954993	0.560529
13.2197	0.0954993	0.491416
15.1289	0.0954993	0.40789
17.3138	0.0954993	0.316657
19.8143	0.0954993	0.224663
22.6758	0.0954993	0.143357
25.9507	0.0954993	0.0831504
29.6984	0.0954993	0.0433276
33.9875	0.0954993	0.0205019
38.8959	0.0954993	0.00909529
44.5132	0.0954993	0.00372324
50.9418	0.0954993	0.00148585
58.2988	0.0954993	0.000562393
66.7182	0.0954993	0.000210962
1	0.109648	0.907938
2	0.109648	0.906608
2.28884	0.109648	0.905904
2.61939	0.109648	0.904929
2.99768	0.109648	0.903611
3.4306	0.109648	0.901571
3.92605	0.109648	0.89863
4.49305	0.109648	0.89421
5.14193	0.109648	0.887769
5.88452	0.109648	0.879219
6.73436	0.109648	0.867216
7.70694	0.109648	0.849861
8.81997	0.109648	0.824313
10.0937	0.109648	0.788604
11.5515	0.109648	0.732986
13.2197	0.109648	0.653042
15.1289	0.109648	0.550014
17.3138	0.109648	0.433211
19.8143	0.109648	0.312647
22.6758	0.109648	0.202423
25.9507	0.109648	0.118061
29.6984	0.109648	0.0619574
33.9875	0.109648	0.0293115
38.8959	0.109648	0.0129576
44.5132	0.109648	0.00529674
50.9418	0.109648	0.00210031
58.2988	0.109648	0.000786203
66.7182	0.109648	0.000294274