1.	0.001	0.109819
1.9999999999999998	0.001	0.092451
2.288838595949997	0.001	0.08724142532384328
2.6193910591551774	0.001	0.08141838156942878
2.9976816770403563	0.001	0.07483567038372763
3.4306047603910415	0.001	0.06719031406603009
3.926050291516404	0.001	0.05824659483414424
4.493047718431742	0.001	0.04819904043083814
5.141930515695824	0.001	0.03817319342419941
5.884524511008838	0.001	0.028704149234164755
6.734363409805407	0.001	0.01914026818150697
7.706935445758021	0.001	0.010064742497767284
8.819965652373028	0.001	0.0040826833665565596
10.093738900052346	0.001	0.0017000840532808347
11.551469585940843	0.001	0.0007277632864778849
13.219724714121972	0.001	0.00027629480862163933
15.128908076758211	0.001	0.00010700979747147108
17.313814360331925	0.001	0.00005222243048548476
19.814263275520517	0.001	0.000022706233508944605
22.675825267662994	0.001	7.305724015203893e-6
25.950652033822625	0.001	2.7436691059938845e-6
29.698426982540767	0.001	1.0408271784753936e-6
33.98745295832107	0.001	3.306931128420713e-7
38.895897054520105	0.001	1.1105406688034025e-7
44.51321520124173	0.001	2.3572160641296286e-8
50.941782491215115	0.001	5.645803029215015e-9
58.29875895619149	0.001	9.896082652862542e-10
66.71822479745835	0.001	1.399440221042206e-10
76.35362398484546	0.001	1.0524622478738557e-11
87.38056075858388	0.001	3.244433679218632e-13
100.00000000000031	0.001	3.333775880234779e-15
111.55639876771902	0.001	5.743164183921844e-17
138.21730389017998	0.001	2.142045305911638e-22
171.24990861750976	0.001	0
212.17698780180757	0.001	0
262.885244821937	0.001	0
325.7122869971341	0.001	0
403.5543872869759	0.001	0
499.9999999999984	0.001	0
1000	0.001	0
2000	0.001	0
1.	0.0011481536214968829	0.12823646291122345
1.9999999999999998	0.0011481536214968829	0.10686035595454638
2.288838595949997	0.0011481536214968829	0.10066836086889278
2.6193910591551774	0.0011481536214968829	0.09385208455205232
2.9976816770403563	0.0011481536214968829	0.0862549466944387
3.4306047603910415	0.0011481536214968829	0.07750465507809769
3.926050291516404	0.0011481536214968829	0.06725231638599981
4.493047718431742	0.0011481536214968829	0.05570573261303155
5.141930515695824	0.0011481536214968829	0.04416314037013199
5.884524511008838	0.0011481536214968829	0.03327125478096431
6.734363409805407	0.0011481536214968829	0.022272241652613593
7.706935445758021	0.0011481536214968829	0.011763092046860636
8.819965652373028	0.0011481536214968829	0.004767214735840036
10.093738900052346	0.0011481536214968829	0.0019777966089605673
11.551469585940843	0.0011481536214968829	0.0008453255712869498
13.219724714121972	0.0011481536214968829	0.00032028458041348534
15.128908076758211	0.0011481536214968829	0.00012395718595586768
17.313814360331925	0.0011481536214968829	0.00006026054560682301
19.814263275520517	0.0011481536214968829	0.000026259886492382218
22.675825267662994	0.0011481536214968829	8.456570682560864e-6
25.950652033822625	0.0011481536214968829	3.1681084395932886e-6
29.698426982540767	0.0011481536214968829	1.2023769767666868e-6
33.98745295832107	0.0011481536214968829	3.821222528990391e-7
38.895897054520105	0.0011481536214968829	1.2827064258341212e-7
44.51321520124173	0.0011481536214968829	2.7211294390132016e-8
50.941782491215115	0.0011481536214968829	6.515243472639884e-9
58.29875895619149	0.0011481536214968829	1.1421971428597335e-9
66.71822479745835	0.0011481536214968829	1.6157842095395614e-10
76.35362398484546	0.0011481536214968829	1.2157465948669024e-11
87.38056075858388	0.0011481536214968829	3.7490385495776e-13
100.00000000000031	0.0011481536214968829	3.8603501600232395e-15
111.55639876771902	0.0011481536214968829	6.654600104330756e-17
138.21730389017998	0.0011481536214968829	2.487067247399537e-22
171.24990861750976	0.0011481536214968829	0
212.17698780180757	0.0011481536214968829	0
262.885244821937	0.0011481536214968829	0
325.7122869971341	0.0011481536214968829	0
403.5543872869759	0.0011481536214968829	0
499.9999999999984	0.0011481536214968829	0
1000	0.0011481536214968829	0
2000	0.0011481536214968829	0
1.	0.0013182567385564075	0.1499795831119307
1.9999999999999998	0.0013182567385564075	0.1235796794348547
2.288838595949997	0.0013182567385564075	0.11620473796572225
2.6193910591551774	0.0013182567385564075	0.10821669999333364
2.9976816770403563	0.0013182567385564075	0.09943440849547794
3.4306047603910415	0.0013182567385564075	0.08941565900941438
3.926050291516404	0.0013182567385564075	0.07769489297088744
4.493047718431742	0.0013182567385564075	0.0644492856567202
5.141930515695824	0.0013182567385564075	0.05111165807570382
5.884524511008838	0.0013182567385564075	0.03858663105942145
6.734363409805407	0.0013182567385564075	0.025959286589658917
7.706935445758021	0.0013182567385564075	0.013775118477438756
8.819965652373028	0.0013182567385564075	0.005584936313365308
10.093738900052346	0.0013182567385564075	0.002298568758802413
11.551469585940843	0.0013182567385564075	0.0009835837850182703
13.219724714121972	0.0013182567385564075	0.0003729780223654508
15.128908076758211	0.0013182567385564075	0.00014375135366846746
17.313814360331925	0.0013182567385564075	0.00007157454632699626
19.814263275520517	0.0013182567385564075	0.00003035202698357372
22.675825267662994	0.0013182567385564075	9.76626311857106e-6
25.950652033822625	0.0013182567385564075	3.648461544129451e-6
29.698426982540767	0.0013182567385564075	1.3853161522829753e-6
33.98745295832107	0.0013182567385564075	4.403906969311339e-7
38.895897054520105	0.0013182567385564075	1.4775461289060722e-7
44.51321520124173	0.0013182567385564075	3.1327774279306674e-8
50.941782491215115	0.0013182567385564075	7.497364908935557e-9
58.29875895619149	0.0013182567385564075	1.3148080526069035e-9
66.71822479745835	0.0013182567385564075	1.8605073395915976e-10
76.35362398484546	0.0013182567385564075	1.400666666101812e-11
87.38056075858388	0.0013182567385564075	4.320799361039413e-13
100.00000000000031	0.0013182567385564075	4.459801510235983e-15
111.55639876771902	0.0013182567385564075	7.693644421885903e-17
138.21730389017998	0.0013182567385564075	2.8821583153290357e-22
171.24990861750976	0.0013182567385564075	0
212.17698780180757	0.0013182567385564075	0
262.885244821937	0.0013182567385564075	0
325.7122869971341	0.0013182567385564075	0
403.5543872869759	0.0013182567385564075	0
499.9999999999984	0.0013182567385564075	0
1000	0.0013182567385564075	0
2000	0.0013182567385564075	0
1.	0.0015135612484362087	0.1756781694051773
1.9999999999999998	0.0015135612484362087	0.14299312543376644
2.288838595949997	0.0015135612484362087	0.13418515847865814
2.6193910591551774	0.0015135612484362087	0.12478507789394531
2.9976816770403563	0.0015135612484362087	0.11463205313045491
3.4306047603910415	0.0015135612484362087	0.1031819599440629
3.926050291516404	0.0015135612484362087	0.08980697029215542
4.493047718431742	0.0015135612484362087	0.07459872696946117
5.141930515695824	0.0015135612484362087	0.05922284276050896
5.884524511008838	0.0015135612484362087	0.04482516350915286
6.734363409805407	0.0015135612484362087	0.030314379141529416
7.706935445758021	0.0015135612484362087	0.01619368222530359
8.819965652373028	0.0015135612484362087	0.00658263415887062
10.093738900052346	0.0015135612484362087	0.0026816816484206214
11.551469585940843	0.0015135612484362087	0.0011498230426886529
13.219724714121972	0.0015135612484362087	0.0004345340422477138
15.128908076758211	0.0015135612484362087	0.00016707283049938654
17.313814360331925	0.0015135612484362087	0.0000802442120094046
19.814263275520517	0.0015135612484362087	0.00003515329349101745
22.675825267662994	0.0015135612484362087	0.0000113578999801716
25.950652033822625	0.0015135612484362087	4.229288355711632e-6
29.698426982540767	0.0015135612484362087	1.6065802394718492e-6
33.98745295832107	0.0015135612484362087	5.108986295823858e-7
38.895897054520105	0.0015135612484362087	1.7130374476193627e-7
44.51321520124173	0.0015135612484362087	3.630330170426512e-8
50.941782491215115	0.0015135612484362087	8.682636915726175e-9
58.29875895619149	0.0015135612484362087	1.5234868189061481e-9
66.71822479745835	0.0015135612484362087	2.1562557644101893e-10
76.35362398484546	0.0015135612484362087	1.6243659711668785e-11
87.38056075858388	0.0015135612484362087	5.012679633168621e-13
100.00000000000031	0.0015135612484362087	5.188291030702926e-15
111.55639876771902	0.0015135612484362087	8.95793205102678e-17
138.21730389017998	0.0015135612484362087	3.3648457807978127e-22
171.24990861750976	0.0015135612484362087	0
212.17698780180757	0.0015135612484362087	0
262.885244821937	0.0015135612484362087	0
325.7122869971341	0.0015135612484362087	0
403.5543872869759	0.0015135612484362087	0
499.9999999999984	0.0015135612484362087	0
1000	0.0015135612484362087	0
2000	0.0015135612484362087	0
1.	0.0017378008287493763	0.20610611591096206
1.9999999999999998	0.0017378008287493763	0.16552308414963954
2.288838595949997	0.0017378008287493763	0.15496012866577086
2.6193910591551774	0.0017378008287493763	0.14388203798514673
2.9976816770403563	0.0017378008287493763	0.1321420142589529
3.4306047603910415	0.0017378008287493763	0.11906991261546379
3.926050291516404	0.0017378008287493763	0.10383704329124444
4.493047718431742	0.0017378008287493763	0.0864125143295315
5.141930515695824	0.0017378008287493763	0.0686992240017785
5.884524511008838	0.0017378008287493763	0.05210563910736382
6.734363409805407	0.0017378008287493763	0.03546006228589315
7.706935445758021	0.0017378008287493763	0.019085987834280983
8.819965652373028	0.0017378008287493763	0.007771178770880254
10.093738900052346	0.0017378008287493763	0.003135493940043225
11.551469585940843	0.0017378008287493763	0.0013441781085349526
13.219724714121972	0.0017378008287493763	0.0005251509352701825
15.128908076758211	0.0017378008287493763	0.00019427972923881175
17.313814360331925	0.0017378008287493763	0.00009299174682228723
19.814263275520517	0.0017378008287493763	0.00004076348812255732
22.675825267662994	0.0017378008287493763	0.000013170363337885736
25.950652033822625	0.0017378008287493763	4.885781005995652e-6
29.698426982540767	0.0017378008287493763	1.8567835987598023e-6
33.98745295832107	0.0017378008287493763	5.906760872654082e-7
38.895897054520105	0.0017378008287493763	1.9790269560383542e-7
44.51321520124173	0.0017378008287493763	4.192456793320263e-8
50.941782491215115	0.0017378008287493763	1.0018557360270293e-8
58.29875895619149	0.0017378008287493763	1.7592978005926365e-9
66.71822479745835	0.0017378008287493763	2.4902599282498805e-10
76.35362398484546	0.0017378008287493763	1.8773896763674325e-11
87.38056075858388	0.0017378008287493763	5.795625913496974e-13
100.00000000000031	0.0017378008287493763	6.017759725142091e-15
111.55639876771902	0.0017378008287493763	1.0400086072407125e-16
138.21730389017998	0.0017378008287493763	3.9186212760526906e-22
171.24990861750976	0.0017378008287493763	0
212.17698780180757	0.0017378008287493763	0
262.885244821937	0.0017378008287493763	0
325.7122869971341	0.0017378008287493763	0
403.5543872869759	0.0017378008287493763	0
499.9999999999984	0.0017378008287493763	0
1000	0.0017378008287493763	0
2000	0.0017378008287493763	0
1.	0.0019952623149688807	0.24211533627779405
1.9999999999999998	0.0019952623149688807	0.19166523828650284
2.288838595949997	0.0019952623149688807	0.17898027901564753
2.6193910591551774	0.0019952623149688807	0.16589416055321393
2.9976816770403563	0.0019952623149688807	0.15230312359969006
3.4306047603910415	0.0019952623149688807	0.13739199840257782
3.926050291516404	0.0019952623149688807	0.12006913625532972
4.493047718431742	0.0019952623149688807	0.10014820515392134
5.141930515695824	0.0019952623149688807	0.07973558757283852
5.884524511008838	0.0019952623149688807	0.06063747728512425
6.734363409805407	0.0019952623149688807	0.04157789015095409
7.706935445758021	0.0019952623149688807	0.022552921793075595
8.819965652373028	0.0019952623149688807	0.009192165668325111
10.093738900052346	0.0019952623149688807	0.0036766388949289147
11.551469585940843	0.0019952623149688807	0.001572386014128712
13.219724714121972	0.0019952623149688807	0.000592989044959069
15.128908076758211	0.0019952623149688807	0.00022648385742971532
17.313814360331925	0.0019952623149688807	0.00010752278779287158
19.814263275520517	0.0019952623149688807	0.00004729934437787705
22.675825267662994	0.0019952623149688807	0.000015339437551521023
25.950652033822625	0.0019952623149688807	5.665702875636488e-6
29.698426982540767	0.0019952623149688807	2.1540747646645767e-6
33.98745295832107	0.0019952623149688807	6.855189426117532e-7
38.895897054520105	0.0019952623149688807	2.2946667094820854e-7
44.51321520124173	0.0019952623149688807	4.8601665180421316e-8
50.941782491215115	0.0019952623149688807	1.1601122550344593e-8
58.29875895619149	0.0019952623149688807	2.0394702210677094e-9
66.71822479745835	0.0019952623149688807	2.8866855191135807e-10
76.35362398484546	0.0019952623149688807	2.1781422973688615e-11
87.38056075858388	0.0019952623149688807	6.726585272956768e-13
100.00000000000031	0.0019952623149688807	7.009847834905636e-15
111.55639876771902	0.0019952623149688807	1.212791494086732e-16
138.21730389017998	0.0019952623149688807	4.585770928948186e-22
171.24990861750976	0.0019952623149688807	0
212.17698780180757	0.0019952623149688807	0
262.885244821937	0.0019952623149688807	0
325.7122869971341	0.0019952623149688807	0
403.5543872869759	0.0019952623149688807	0
499.9999999999984	0.0019952623149688807	0
1000	0.0019952623149688807	0
2000	0.0019952623149688807	0
1.	0.0022908676527677745	0.28505565903555696
1.9999999999999998	0.0022908676527677745	0.22209275839253698
2.288838595949997	0.0022908676527677745	0.20673485427202917
2.6193910591551774	0.0022908676527677745	0.19125475440806072
2.9976816770403563	0.0022908676527677745	0.17546175017877208
3.4306047603910415	0.0022908676527677745	0.1584416439016609
3.926050291516404	0.0022908676527677745	0.13877583980683775
4.493047718431742	0.0022908676527677745	0.11610896447519549
5.141930515695824	0.0022908676527677745	0.0926115825117198
5.884524511008838	0.0022908676527677745	0.07065560463930629
6.734363409805407	0.0022908676527677745	0.048837464844851006
7.706935445758021	0.0022908676527677745	0.02672917036495416
8.819965652373028	0.0022908676527677745	0.010913448110281537
10.093738900052346	0.0022908676527677745	0.004321178723171579
11.551469585940843	0.0022908676527677745	0.0018419595859036698
13.219724714121972	0.0022908676527677745	0.0006937806417904356
15.128908076758211	0.0022908676527677745	0.00026443218173057275
17.313814360331925	0.0022908676527677745	0.0001245904644885937
19.814263275520517	0.0022908676527677745	0.000054944062206254085
22.675825267662994	0.0022908676527677745	0.000017861852538595855
25.950652033822625	0.0022908676527677745	6.564076518638223e-6
29.698426982540767	0.0022908676527677745	2.496534959761558e-6
33.98745295832107	0.0022908676527677745	7.948420426800769e-7
38.895897054520105	0.0022908676527677745	2.6576188021491826e-7
44.51321520124173	0.0022908676527677745	5.629317313717035e-8
50.941782491215115	0.0022908676527677745	1.3417041931444145e-8
58.29875895619149	0.0022908676527677745	2.3622801845050856e-9
66.71822479745835	0.0022908676527677745	3.342743462284777e-10
76.35362398484546	0.0022908676527677745	2.524783629506051e-11
87.38056075858388	0.0022908676527677745	7.800021546020425e-13
100.00000000000031	0.0022908676527677745	8.162264020529874e-15
111.55639876771902	0.0022908676527677745	1.4139293819496595e-16
138.21730389017998	0.0022908676527677745	5.367804794916026e-22
171.24990861750976	0.0022908676527677745	0
212.17698780180757	0.0022908676527677745	0
262.885244821937	0.0022908676527677745	0
325.7122869971341	0.0022908676527677745	0
403.5543872869759	0.0022908676527677745	0
499.9999999999984	0.0022908676527677745	0
1000	0.0022908676527677745	0
2000	0.0022908676527677745	0
1.	0.0026302679918953843	0.3358676993641375
1.9999999999999998	0.0026302679918953843	0.25738979116066996
2.288838595949997	0.0026302679918953843	0.23877590090770162
2.6193910591551774	0.0026302679918953843	0.22041377612494922
2.9976816770403563	0.0026302679918953843	0.2020727674746946
3.4306047603910415	0.0026302679918953843	0.18269164306569366
3.926050291516404	0.0026302679918953843	0.16047585836851014
4.493047718431742	0.0026302679918953843	0.13472299349602104
5.141930515695824	0.0026302679918953843	0.10770689314613031
5.884524511008838	0.0026302679918953843	0.08244879745230958
6.734363409805407	0.0026302679918953843	0.05743565928802768
7.706935445758021	0.0026302679918953843	0.03181088992600716
8.819965652373028	0.0026302679918953843	0.013025260883967639
10.093738900052346	0.0026302679918953843	0.005096747456643479
11.551469585940843	0.0026302679918953843	0.0021754989754864396
13.219724714121972	0.0026302679918953843	0.0008160787205248498
15.128908076758211	0.0026302679918953843	0.0003096341223327518
17.313814360331925	0.0026302679918953843	0.0001445584181897927
19.814263275520517	0.0026302679918953843	0.00006382383322400307
22.675825267662994	0.0026302679918953843	0.000020856202883604788
25.950652033822625	0.0026302679918953843	7.619547893915143e-6
29.698426982540767	0.0026302679918953843	2.8987880975739123e-6
33.98745295832107	0.0026302679918953843	9.233341937709519e-7
38.895897054520105	0.0026302679918953843	3.083016150764274e-7
44.51321520124173	0.0026302679918953843	6.533400968655149e-8
50.941782491215115	0.0026302679918953843	1.554155356744924e-8
58.29875895619149	0.0026302679918953843	2.741760602676847e-9
66.71822479745835	0.0026302679918953843	3.8777552361147317e-10
76.35362398484546	0.0026302679918953843	2.9322548477023523e-11
87.38056075858388	0.0026302679918953843	9.062266950648583e-13
100.00000000000031	0.0026302679918953843	9.527923117858904e-15
111.55639876771902	0.0026302679918953843	1.6528155445645828e-16
138.21730389017998	0.0026302679918953843	6.303422034955453e-22
171.24990861750976	0.0026302679918953843	0
212.17698780180757	0.0026302679918953843	0
262.885244821937	0.0026302679918953843	0
325.7122869971341	0.0026302679918953843	0
403.5543872869759	0.0026302679918953843	0
499.9999999999984	0.0026302679918953843	0
1000	0.0026302679918953843	0
2000	0.0026302679918953843	0
1.	0.003019951720402019	0.3957292706493606
1.9999999999999998	0.003019951720402019	0.2982771831527178
2.288838595949997	0.003019951720402019	0.27569427344909214
2.6193910591551774	0.003019951720402019	0.2537980874876912
2.9976816770403563	0.003019951720402019	0.2324750488074574
3.4306047603910415	0.003019951720402019	0.21047688228017197
3.926050291516404	0.003019951720402019	0.18547409633264614
4.493047718431742	0.003019951720402019	0.1563662139113173
5.141930515695824	0.003019951720402019	0.12534105924058547
5.884524511008838	0.003019951720402019	0.09633581090680436
6.734363409805407	0.003019951720402019	0.06774214298861429
7.706935445758021	0.003019951720402019	0.03805286797477375
8.819965652373028	0.003019951720402019	0.015646700089237502
10.093738900052346	0.003019951720402019	0.0060332919923378695
11.551469585940843	0.003019951720402019	0.002570564055115946
13.219724714121972	0.003019951720402019	0.0009645339070421904
15.128908076758211	0.003019951720402019	0.000363438526943747
17.313814360331925	0.003019951720402019	0.00016817756768042826
19.814263275520517	0.003019951720402019	0.00007434262598863121
22.675825267662994	0.003019951720402019	0.000024363374566690995
25.950652033822625	0.003019951720402019	8.840219583560617e-6
29.698426982540767	0.003019951720402019	3.363746229299338e-6
33.98745295832107	0.003019951720402019	1.071966701361851e-6
38.895897054520105	0.003019951720402019	3.573308695928177e-7
44.51321520124173	0.003019951720402019	7.580030748976498e-8
50.941782491215115	0.003019951720402019	1.7985596045298578e-8
58.29875895619149	0.003019951720402019	3.1809847995801725e-9
66.71822479745835	0.003019951720402019	4.4953028944321035e-10
76.35362398484546	0.003019951720402019	3.403733848417246e-11
87.38056075858388	0.003019951720402019	1.0523356450171632e-12
100.00000000000031	0.003019951720402019	1.112316426571212e-14
111.55639876771902	0.003019951720402019	1.9325884129086375e-16
138.21730389017998	0.003019951720402019	7.408663182559533e-22
171.24990861750976	0.003019951720402019	0
212.17698780180757	0.003019951720402019	0
262.885244821937	0.003019951720402019	0
325.7122869971341	0.003019951720402019	0
403.5543872869759	0.003019951720402019	0
499.9999999999984	0.003019951720402019	0
1000	0.003019951720402019	0
2000	0.003019951720402019	0
1.	0.00346736850452532	0.46611576473564814
1.9999999999999998	0.00346736850452532	0.3459088407928793
2.288838595949997	0.00346736850452532	0.3182599921272705
2.6193910591551774	0.00346736850452532	0.2920768027668735
2.9976816770403563	0.00346736850452532	0.26732978668943985
3.4306047603910415	0.00346736850452532	0.24233862524184333
3.926050291516404	0.00346736850452532	0.21441888634666034
4.493047718431742	0.00346736850452532	0.18153604818961175
5.141930515695824	0.00346736850452532	0.14598590783662108
5.884524511008838	0.00346736850452532	0.11263777219063313
6.734363409805407	0.00346736850452532	0.07998553845788615
7.706935445758021	0.00346736850452532	0.045581635937842944
8.819965652373028	0.00346736850452532	0.01891529323656901
10.093738900052346	0.00346736850452532	0.0071766358173270435
11.551469585940843	0.00346736850452532	0.0030409947135690805
13.219724714121972	0.00346736850452532	0.0011435001414074443
15.128908076758211	0.00346736850452532	0.00042812992528905373
17.313814360331925	0.00346736850452532	0.00019589628068077526
19.814263275520517	0.00346736850452532	0.00008677926105026359
22.675825267662994	0.00346736850452532	0.000028492671533249195
25.950652033822625	0.00346736850452532	0.000010256596277584181
29.698426982540767	0.00346736850452532	3.902718629815203e-6
33.98745295832107	0.00346736850452532	1.2443989263203466e-6
38.895897054520105	0.00346736850452532	4.1396124822594033e-7
44.51321520124173	0.00346736850452532	8.796671299315059e-8
50.941782491215115	0.00346736850452532	2.0804215064482727e-8
58.29875895619149	0.00346736850452532	3.6911757002823055e-9
66.71822479745835	0.00346736850452532	5.210175953214917e-10
76.35362398484546	0.00346736850452532	3.951055495000093e-11
87.38056075858388	0.00346736850452532	1.2220255431370847e-12
100.00000000000031	0.00346736850452532	1.2994040033748203e-14
111.55639876771902	0.00346736850452532	2.2616668567243572e-16
138.21730389017998	0.00346736850452532	8.721214859097504e-22
171.24990861750976	0.00346736850452532	0
212.17698780180757	0.00346736850452532	0
262.885244821937	0.00346736850452532	0
325.7122869971341	0.00346736850452532	0
403.5543872869759	0.00346736850452532	0
499.9999999999984	0.00346736850452532	0
1000	0.00346736850452532	0
2000	0.00346736850452532	0
1.	0.003981071705534978	0.5484372755499798
1.9999999999999998	0.003981071705534978	0.400671183155389
2.288838595949997	0.003981071705534978	0.3673283242826413
2.6193910591551774	0.003981071705534978	0.33598006219995286
2.9976816770403563	0.003981071705534978	0.3068780190216988
3.4306047603910415	0.003981071705534978	0.2785038196432571
3.926050291516404	0.003981071705534978	0.24744308954580618
4.493047718431742	0.003981071705534978	0.21067624495757065
5.141930515695824	0.003981071705534978	0.17016805476991456
5.884524511008838	0.003981071705534978	0.13177886759842
6.734363409805407	0.003981071705534978	0.09457981102190671
7.706935445758021	0.003981071705534978	0.054879119031655786
8.819965652373028	0.003981071705534978	0.023013239390644192
10.093738900052346	0.003981071705534978	0.008568812680612218
11.551469585940843	0.003981071705534978	0.0036109754774673866
13.219724714121972	0.003981071705534978	0.0013604397028271927
15.128908076758211	0.003981071705534978	0.0005057572458137555
17.313814360331925	0.003981071705534978	0.0002282563827141852
19.814263275520517	0.003981071705534978	0.00010144591277975101
22.675825267662994	0.003981071705534978	0.00003343251654605059
25.950652033822625	0.003981071705534978	0.000011923850729206784
29.698426982540767	0.003981071705534978	4.53621946527861e-6
33.98745295832107	0.003981071705534978	1.4472482811847932e-6
38.895897054520105	0.003981071705534978	4.802413998510636e-7
44.51321520124173	0.003981071705534978	1.0232739029796756e-7
50.941782491215115	0.003981071705534978	2.4099859956791866e-8
58.29875895619149	0.003981071705534978	4.292473390690048e-9
66.71822479745835	0.003981071705534978	6.049457345152044e-10
76.35362398484546	0.003981071705534978	4.595532393929968e-11
87.38056075858388	0.003981071705534978	1.4219550021802593e-12
100.00000000000031	0.003981071705534978	1.5220485948022433e-14
111.55639876771902	0.003981071705534978	2.6544980773578484e-16
138.21730389017998	0.003981071705534978	1.030416887127748e-21
171.24990861750976	0.003981071705534978	0
212.17698780180757	0.003981071705534978	0
262.885244821937	0.003981071705534978	0
325.7122869971341	0.003981071705534978	0
403.5543872869759	0.003981071705534978	0
499.9999999999984	0.003981071705534978	0
1000	0.003981071705534978	0
2000	0.003981071705534978	0
1.	0.0045708818961487565	0.6437283049590948
1.9999999999999998	0.0045708818961487565	0.4640102031305951
2.288838595949997	0.0045708818961487565	0.4234213767566561
2.6193910591551774	0.0045708818961487565	0.3856680620796851
2.9976816770403563	0.0045708818961487565	0.35146701659240726
3.4306047603910415	0.0045708818961487565	0.3193397982112427
3.926050291516404	0.0045708818961487565	0.28494709815339364
4.493047718431742	0.0045708818961487565	0.24422427199509728
5.141930515695824	0.0045708818961487565	0.19832806171064252
5.884524511008838	0.0045708818961487565	0.154275849300619
6.734363409805407	0.0045708818961487565	0.1119438982723106
7.706935445758021	0.0045708818961487565	0.06633485342495729
8.819965652373028	0.0045708818961487565	0.028172567558358747
10.093738900052346	0.0045708818961487565	0.010291746624869078
11.551469585940843	0.0045708818961487565	0.0043155270953906715
13.219724714121972	0.0045708818961487565	0.0016255476198907004
15.128908076758211	0.0045708818961487565	0.0005996930880119223
17.313814360331925	0.0045708818961487565	0.00026664228025561585
19.814263275520517	0.0045708818961487565	0.0001188392291531595
22.675825267662994	0.0045708818961487565	0.00003934501782988716
25.950652033822625	0.0045708818961487565	0.000013882271164845657
29.698426982540767	0.0045708818961487565	5.278755573143142e-6
33.98745295832107	0.0045708818961487565	1.685260758318773e-6
38.895897054520105	0.0045708818961487565	5.575229416263468e-7
44.51321520124173	0.0045708818961487565	1.192622138554802e-7
50.941782491215115	0.0045708818961487565	2.7940944046349385e-8
58.29875895619149	0.0045708818961487565	4.9995929337388205e-9
66.71822479745835	0.0045708818961487565	7.032104208589821e-10
76.35362398484546	0.0045708818961487565	5.352779269462422e-11
87.38056075858388	0.0045708818961487565	1.657053683513848e-12
100.00000000000031	0.0045708818961487565	1.786671346878343e-14
111.55639876771902	0.0045708818961487565	3.1230259332613655e-16
138.21730389017998	0.0045708818961487565	1.2214327224799842e-21
171.24990861750976	0.0045708818961487565	0
212.17698780180757	0.0045708818961487565	0
262.885244821937	0.0045708818961487565	0
325.7122869971341	0.0045708818961487565	0
403.5543872869759	0.0045708818961487565	0
499.9999999999984	0.0045708818961487565	0
1000	0.0045708818961487565	0
2000	0.0045708818961487565	0
1.	0.005248074602497733	0.7526417308070045
1.9999999999999998	0.005248074602497733	0.5365565004601409
2.288838595949997	0.005248074602497733	0.4875116780167162
2.6193910591551774	0.005248074602497733	0.44203827094464543
2.9976816770403563	0.005248074602497733	0.4018401958965221
3.4306047603910415	0.005248074602497733	0.36529194230202844
3.926050291516404	0.005248074602497733	0.32747926151766477
4.493047718431742	0.005248074602497733	0.28284144166543207
5.141930515695824	0.005248074602497733	0.23129319277692592
5.884524511008838	0.005248074602497733	0.18070493101808338
6.734363409805407	0.005248074602497733	0.13272096527952842
7.706935445758021	0.005248074602497733	0.08056784729995871
8.819965652373028	0.005248074602497733	0.034776929244951876
10.093738900052346	0.005248074602497733	0.012471121659114796
11.551469585940843	0.005248074602497733	0.005175438488195097
13.219724714121972	0.005248074602497733	0.0019467864119347986
15.128908076758211	0.005248074602497733	0.0007136843434832436
17.313814360331925	0.005248074602497733	0.00031275032889307964
19.814263275520517	0.005248074602497733	0.00013967768914188887
22.675825267662994	0.005248074602497733	0.00004640042698088821
25.950652033822625	0.005248074602497733	0.000016168501588131586
29.698426982540767	0.005248074602497733	6.142941239248584e-6
33.98745295832107	0.005248074602497733	1.9626420357944557e-6
38.895897054520105	0.005248074602497733	6.468949533492462e-7
44.51321520124173	0.005248074602497733	1.3913604828332026e-7
50.941782491215115	0.005248074602497733	3.238434137584089e-8
58.29875895619149	0.005248074602497733	5.825786744570896e-9
66.71822479745835	0.005248074602497733	8.174755896168066e-10
76.35362398484546	0.005248074602497733	6.23696137481164e-11
87.38056075858388	0.005248074602497733	1.931918198966227e-12
100.00000000000031	0.005248074602497733	2.0995658816768824e-14
111.55639876771902	0.005248074602497733	3.679261665866172e-16
138.21730389017998	0.005248074602497733	1.4512751841807797e-21
171.24990861750976	0.005248074602497733	0
212.17698780180757	0.005248074602497733	0
262.885244821937	0.005248074602497733	0
325.7122869971341	0.005248074602497733	0
403.5543872869759	0.005248074602497733	0
499.9999999999984	0.005248074602497733	0
1000	0.005248074602497733	0
2000	0.005248074602497733	0
1.	0.006025595860743587	0.8761003427487085
1.9999999999999998	0.006025595860743587	0.6211015499111642
2.288838595949997	0.006025595860743587	0.5617768930160465
2.6193910591551774	0.006025595860743587	0.5068235207911634
2.9976816770403563	0.006025595860743587	0.45885153406325985
3.4306047603910415	0.006025595860743587	0.4169213274972044
3.926050291516404	0.006025595860743587	0.3755357192662468
4.493047718431742	0.006025595860743587	0.3271099591924309
5.141930515695824	0.006025595860743587	0.26979475495038474
5.884524511008838	0.006025595860743587	0.2120795445584263
6.734363409805407	0.006025595860743587	0.15774465725741346
7.706935445758021	0.006025595860743587	0.09798228713964124
8.819965652373028	0.006025595860743587	0.04328796833256005
10.093738900052346	0.006025595860743587	0.015232645190438
11.551469585940843	0.006025595860743587	0.006234902088671341
13.219724714121972	0.006025595860743587	0.002347888515461994
15.128908076758211	0.006025595860743587	0.000853154461458828
17.313814360331925	0.006025595860743587	0.00036729354522336
19.814263275520517	0.006025595860743587	0.0001645448454195865
22.675825267662994	0.006025595860743587	0.00005494998677287877
25.950652033822625	0.006025595860743587	0.000018873266547802734
29.698426982540767	0.006025595860743587	7.161290558645817e-6
33.98745295832107	0.006025595860743587	2.2900504468690456e-6
38.895897054520105	0.006025595860743587	7.514440743556629e-7
44.51321520124173	0.006025595860743587	1.6280305209822235e-7
50.941782491215115	0.006025595860743587	3.7589987516609246e-8
58.29875895619149	0.006025595860743587	6.803196900491172e-9
66.71822479745835	0.006025595860743587	9.52057712595865e-10
76.35362398484546	0.006025595860743587	7.283093741250492e-11
87.38056075858388	0.006025595860743587	2.257766829564467e-12
100.00000000000031	0.006025595860743587	2.4744486299401277e-14
111.55639876771902	0.006025595860743587	4.3486449411007537e-16
138.21730389017998	0.006025595860743587	1.7319659806598524e-21
171.24990861750976	0.006025595860743587	0
212.17698780180757	0.006025595860743587	0
262.885244821937	0.006025595860743587	0
325.7122869971341	0.006025595860743587	0
403.5543872869759	0.006025595860743587	0
499.9999999999984	0.006025595860743587	0
1000	0.006025595860743587	0
2000	0.006025595860743587	0
1.	0.006918309709189377	1.0112199559834205
1.9999999999999998	0.006918309709189377	0.7168979687933434
2.288838595949997	0.006918309709189377	0.6464823146982218
2.6193910591551774	0.006918309709189377	0.5810518145452301
2.9976816770403563	0.006918309709189377	0.5234507907636348
3.4306047603910415	0.006918309709189377	0.4748695449673843
3.926050291516404	0.006918309709189377	0.4294759558325617
4.493047718431742	0.006918309709189377	0.3777471916582765
5.141930515695824	0.006918309709189377	0.3148949394268583
5.884524511008838	0.006918309709189377	0.24882666090892122
6.734363409805407	0.006918309709189377	0.18719975339626505
7.706935445758021	0.006918309709189377	0.11959830951418525
8.819965652373028	0.006918309709189377	0.054210451854377284
10.093738900052346	0.006918309709189377	0.018766898840098568
11.551469585940843	0.006918309709189377	0.007524454142035379
13.219724714121972	0.006918309709189377	0.0028414862330248857
15.128908076758211	0.006918309709189377	0.0010178977852634218
17.313814360331925	0.006918309709189377	0.00043329260410064326
19.814263275520517	0.006918309709189377	0.00019397950523998518
22.675825267662994	0.006918309709189377	0.00006389764847544081
25.950652033822625	0.006918309709189377	0.000021584985487254303
29.698426982540767	0.006918309709189377	8.174734152657454e-6
33.98745295832107	0.006918309709189377	2.617023215178423e-6
38.895897054520105	0.006918309709189377	8.541422276704507e-7
44.51321520124173	0.006918309709189377	1.8679523895456978e-7
50.941782491215115	0.006918309709189377	4.271567999872896e-8
58.29875895619149	0.006918309709189377	7.78180525432699e-9
66.71822479745835	0.006918309709189377	1.0858716036195961e-9
76.35362398484546	0.006918309709189377	8.33223388243259e-11
87.38056075858388	0.006918309709189377	2.5859160990350083e-12
100.00000000000031	0.006918309709189377	2.859134913692513e-14
111.55639876771902	0.006918309709189377	5.041109732435555e-16
138.21730389017998	0.006918309709189377	2.0299714406730872e-21
171.24990861750976	0.006918309709189377	0
212.17698780180757	0.006918309709189377	0
262.885244821937	0.006918309709189377	0
325.7122869971341	0.006918309709189377	0
403.5543872869759	0.006918309709189377	0
499.9999999999984	0.006918309709189377	0
1000	0.006918309709189377	0
2000	0.006918309709189377	0
1.	0.00794328234724283	1.1544302881522153
1.9999999999999998	0.00794328234724283	0.8252342412783648
2.288838595949997	0.00794328234724283	0.7429806182932096
2.6193910591551774	0.00794328234724283	0.6649509993071512
2.9976816770403563	0.00794328234724283	0.596474944127046
3.4306047603910415	0.00794328234724283	0.5396306613175753
3.926050291516404	0.00794328234724283	0.48943410361564343
4.493047718431742	0.00794328234724283	0.4347133470227474
5.141930515695824	0.00794328234724283	0.36687306855064594
5.884524511008838	0.00794328234724283	0.2921637284714557
6.734363409805407	0.00794328234724283	0.2219308159817256
7.706935445758021	0.00794328234724283	0.14618641862983123
8.819965652373028	0.00794328234724283	0.06836354113820291
10.093738900052346	0.00794328234724283	0.02347043011499171
11.551469585940843	0.00794328234724283	0.009139543030992783
13.219724714121972	0.00794328234724283	0.003465292604182926
15.128908076758211	0.00794328234724283	0.001228437876522286
17.313814360331925	0.00794328234724283	0.0005131395637409054
19.814263275520517	0.00794328234724283	0.00022962825036626768
22.675825267662994	0.00794328234724283	0.00007579117060232841
25.950652033822625	0.00794328234724283	0.000025121150672275816
29.698426982540767	0.00794328234724283	9.488791091519081e-6
33.98745295832107	0.00794328234724283	3.0419259582695945e-6
38.895897054520105	0.00794328234724283	9.865136913329579e-7
44.51321520124173	0.00794328234724283	2.1827759664986102e-7
50.941782491215115	0.00794328234724283	4.9352071392703675e-8
58.29875895619149	0.00794328234724283	9.052798866842064e-9
66.71822479745835	0.00794328234724283	1.2596103985326993e-9
76.35362398484546	0.00794328234724283	9.699434480360918e-11
87.38056075858388	0.00794328234724283	3.0151739033009787e-12
100.00000000000031	0.00794328234724283	3.363740214513981e-14
111.55639876771902	0.00794328234724283	5.953068500791296e-16
138.21730389017998	0.00794328234724283	2.4275499628881707e-21
171.24990861750976	0.00794328234724283	0
212.17698780180757	0.00794328234724283	0
262.885244821937	0.00794328234724283	0
325.7122869971341	0.00794328234724283	0
403.5543872869759	0.00794328234724283	0
499.9999999999984	0.00794328234724283	0
1000	0.00794328234724283	0
2000	0.00794328234724283	0
1.	0.009120108393559116	1.2988998027901102
1.9999999999999998	0.009120108393559116	0.946202834870332
2.288838595949997	0.009120108393559116	0.8525073059451012
2.6193910591551774	0.009120108393559116	0.7607266400561788
2.9976816770403563	0.009120108393559116	0.6788636271150332
3.4306047603910415	0.009120108393559116	0.6116373622145981
3.926050291516404	0.009120108393559116	0.5554888804285737
4.493047718431742	0.009120108393559116	0.4983011433191993
5.141930515695824	0.009120108393559116	0.4272538590234301
5.884524511008838	0.009120108393559116	0.34293850536966997
6.734363409805407	0.009120108393559116	0.2628116477084387
7.706935445758021	0.009120108393559116	0.17824535223437202
8.819965652373028	0.009120108393559116	0.08699083102347081
10.093738900052346	0.009120108393559116	0.029757295168858222
11.551469585940843	0.009120108393559116	0.01116098523370528
13.219724714121972	0.009120108393559116	0.0042474432310758824
15.128908076758211	0.009120108393559116	0.0014895063901544066
17.313814360331925	0.009120108393559116	0.0006093889363693549
19.814263275520517	0.009120108393559116	0.00027294288230905923
22.675825267662994	0.009120108393559116	0.00009031456758472349
25.950652033822625	0.009120108393559116	0.00002929711318641191
29.698426982540767	0.009120108393559116	0.00001102597483696878
33.98745295832107	0.009120108393559116	3.5410421941321185e-6
38.895897054520105	0.009120108393559116	1.139817144505342e-6
44.51321520124173	0.009120108393559116	2.5576790228553283e-7
50.941782491215115	0.009120108393559116	5.708477295892398e-8
58.29875895619149	0.009120108393559116	1.0542698117479447e-8
66.71822479745835	0.009120108393559116	1.4631382225744999e-9
76.35362398484546	0.009120108393559116	1.1312401602485343e-10
87.38056075858388	0.009120108393559116	3.5249344604392158e-12
100.00000000000031	0.009120108393559116	3.967420994062206e-14
111.55639876771902	0.009120108393559116	7.052046899890685e-16
138.21730389017998	0.009120108393559116	2.917534332337426e-21
171.24990861750976	0.009120108393559116	0
212.17698780180757	0.009120108393559116	0
262.885244821937	0.009120108393559116	0
325.7122869971341	0.009120108393559116	0
403.5543872869759	0.009120108393559116	0
499.9999999999984	0.009120108393559116	0
1000	0.009120108393559116	0
2000	0.009120108393559116	0
1.	0.010471285480509017	1.4353185340707377
1.9999999999999998	0.010471285480509017	1.080988551618476
2.288838595949997	0.010471285480509017	0.9782751478150993
2.6193910591551774	0.010471285480509017	0.8735965146880572
2.9976816770403563	0.010471285480509017	0.7762936351991319
3.4306047603910415	0.010471285480509017	0.6942454820483254
3.926050291516404	0.010471285480509017	0.6286501830365597
4.493047718431742	0.010471285480509017	0.5687714836881095
5.141930515695824	0.010471285480509017	0.4948622095904811
5.884524511008838	0.010471285480509017	0.40284287151444553
6.734363409805407	0.010471285480509017	0.3115171486955369
7.706935445758021	0.010471285480509017	0.21798401096197026
8.819965652373028	0.010471285480509017	0.11140315398780608
10.093738900052346	0.010471285480509017	0.03827035395711962
11.551469585940843	0.010471285480509017	0.013741484041551242
13.219724714121972	0.010471285480509017	0.005235895136354654
15.128908076758211	0.010471285480509017	0.0018181924421175654
17.313814360331925	0.010471285480509017	0.0007291263915102095
19.814263275520517	0.010471285480509017	0.0003248483799377193
22.675825267662994	0.010471285480509017	0.0001107228899878337
25.950652033822625	0.010471285480509017	0.00003505914854045555
29.698426982540767	0.010471285480509017	0.000013129651691923391
33.98745295832107	0.010471285480509017	4.226383673448273e-6
38.895897054520105	0.010471285480509017	1.3487226106801011e-6
44.51321520124173	0.010471285480509017	3.0762122572428167e-7
50.941782491215115	0.010471285480509017	6.768379114661952e-8
58.29875895619149	0.010471285480509017	1.2579038042426335e-8
66.71822479745835	0.010471285480509017	1.7423187425676166e-9
76.35362398484546	0.010471285480509017	1.3533522599493336e-10
87.38056075858388	0.010471285480509017	4.231337010795251e-12
100.00000000000031	0.010471285480509017	4.8031615945726046e-14
111.55639876771902	0.010471285480509017	8.581103592324214e-16
138.21730389017998	0.010471285480509017	3.609648569941632e-21
171.24990861750976	0.010471285480509017	0
212.17698780180757	0.010471285480509017	0
262.885244821937	0.010471285480509017	0
325.7122869971341	0.010471285480509017	0
403.5543872869759	0.010471285480509017	0
499.9999999999984	0.010471285480509017	0
1000	0.010471285480509017	0
2000	0.010471285480509017	0
1.	0.012022644346174156	1.5530819675938377
1.9999999999999998	0.012022644346174156	1.2243835950974333
2.288838595949997	0.012022644346174156	1.11590420059381
2.6193910591551774	0.012022644346174156	0.9998442419250088
2.9976816770403563	0.012022644346174156	0.8867848112844285
3.4306047603910415	0.012022644346174156	0.7878699705349836
3.926050291516404	0.012022644346174156	0.7108502406835815
4.493047718431742	0.012022644346174156	0.6464883514650759
5.141930515695824	0.012022644346174156	0.571843050677947
5.884524511008838	0.012022644346174156	0.4731144751112259
6.734363409805407	0.012022644346174156	0.3683273213701852
7.706935445758021	0.012022644346174156	0.2651878795795308
8.819965652373028	0.012022644346174156	0.1435064945020318
10.093738900052346	0.012022644346174156	0.05024233226779614
11.551469585940843	0.012022644346174156	0.017106801651667315
13.219724714121972	0.012022644346174156	0.0065415750900262035
15.128908076758211	0.012022644346174156	0.002233809902690363
17.313814360331925	0.012022644346174156	0.0011506831036582719
19.814263275520517	0.012022644346174156	0.00038815512358985515
22.675825267662994	0.012022644346174156	0.00013336445795359827
25.950652033822625	0.012022644346174156	0.00004110961144584738
29.698426982540767	0.012022644346174156	0.00001529390267507491
33.98745295832107	0.012022644346174156	4.937570907688841e-6
38.895897054520105	0.012022644346174156	1.56036773437778e-6
44.51321520124173	0.012022644346174156	3.624215471951935e-7
50.941782491215115	0.012022644346174156	7.854504738350808e-8
58.29875895619149	0.012022644346174156	1.4674510439592117e-8
66.71822479745835	0.012022644346174156	2.030497992029845e-9
76.35362398484546	0.012022644346174156	1.5855313328007566e-10
87.38056075858388	0.012022644346174156	4.980578031138333e-12
100.00000000000031	0.012022644346174156	5.698637129305603e-14
111.55639876771902	0.012022644346174156	1.0242207903703422e-15
138.21730389017998	0.012022644346174156	4.3917249410920106e-21
171.24990861750976	0.012022644346174156	0
212.17698780180757	0.012022644346174156	0
262.885244821937	0.012022644346174156	0
325.7122869971341	0.012022644346174156	0
403.5543872869759	0.012022644346174156	0
499.9999999999984	0.012022644346174156	0
1000	0.012022644346174156	0
2000	0.012022644346174156	0
1.	0.01380384264602888	1.6321105111017395
1.9999999999999998	0.01380384264602888	1.3687828293057547
2.288838595949997	0.01380384264602888	1.2634446615463908
2.6193910591551774	0.01380384264602888	1.1427729038901537
2.9976816770403563	0.01380384264602888	1.01509263608879
3.4306047603910415	0.01380384264602888	0.8967417847496901
3.926050291516404	0.01380384264602888	0.8021781889076862
4.493047718431742	0.01380384264602888	0.7305342012635531
5.141930515695824	0.01380384264602888	0.6569638590985226
5.884524511008838	0.01380384264602888	0.5547043204980263
6.734363409805407	0.01380384264602888	0.43592528447755186
7.706935445758021	0.01380384264602888	0.3212839273130972
8.819965652373028	0.01380384264602888	0.18444362780502438
10.093738900052346	0.01380384264602888	0.06697118824854759
11.551469585940843	0.01380384264602888	0.02153787372238009
13.219724714121972	0.01380384264602888	0.008182484937898948
15.128908076758211	0.01380384264602888	0.0027923771633774856
17.313814360331925	0.01380384264602888	0.0010495914098133548
19.814263275520517	0.01380384264602888	0.0004654402686352715
22.675825267662994	0.01380384264602888	0.000161789045596495
25.950652033822625	0.01380384264602888	0.00004842912782782409
29.698426982540767	0.01380384264602888	0.000017857625412709145
33.98745295832107	0.01380384264602888	5.786530547262899e-6
38.895897054520105	0.01380384264602888	1.8090824294530342e-6
44.51321520124173	0.01380384264602888	4.284013010679475e-7
50.941782491215115	0.01380384264602888	9.144635887227087e-8
58.29875895619149	0.01380384264602888	1.714880687760199e-8
66.71822479745835	0.01380384264602888	2.3733311362461107e-9
76.35362398484546	0.01380384264602888	1.8642430769239492e-10
87.38056075858388	0.01380384264602888	5.892825650876143e-12
100.00000000000031	0.01380384264602888	6.791869980830856e-14
111.55639876771902	0.01380384264602888	1.2294026049099345e-15
138.21730389017998	0.01380384264602888	5.388668239044742e-21
171.24990861750976	0.01380384264602888	0
212.17698780180757	0.01380384264602888	0
262.885244821937	0.01380384264602888	0
325.7122869971341	0.01380384264602888	0
403.5543872869759	0.01380384264602888	0
499.9999999999984	0.01380384264602888	0
1000	0.01380384264602888	0
2000	0.01380384264602888	0
1.	0.015848931924611172	1.656619457930136
1.9999999999999998	0.015848931924611172	1.504461521656864
2.288838595949997	0.015848931924611172	1.4624314796073987
2.6193910591551774	0.015848931924611172	1.2991717893476702
2.9976816770403563	0.015848931924611172	1.1634916786552214
3.4306047603910415	0.015848931924611172	1.0259008931790312
3.926050291516404	0.015848931924611172	0.90891360515674
4.493047718431742	0.015848931924611172	0.8222707224339619
5.141930515695824	0.015848931924611172	0.749522255719446
5.884524511008838	0.015848931924611172	0.6482637174049976
6.734363409805407	0.015848931924611172	0.5167968374306863
7.706935445758021	0.015848931924611172	0.38796466622328163
8.819965652373028	0.015848931924611172	0.23687248902463523
10.093738900052346	0.015848931924611172	0.09097956933180525
11.551469585940843	0.015848931924611172	0.02757113894300468
13.219724714121972	0.015848931924611172	0.010326650649783657
15.128908076758211	0.015848931924611172	0.0034448442683413577
17.313814360331925	0.015848931924611172	0.001278078125094713
19.814263275520517	0.015848931924611172	0.0005464439579734137
22.675825267662994	0.015848931924611172	0.00019664244884170633
25.950652033822625	0.015848931924611172	0.00005703681324360218
29.698426982540767	0.015848931924611172	0.000020783927006825767
33.98745295832107	0.015848931924611172	6.7648457560120435e-6
38.895897054520105	0.015848931924611172	2.090681967575835e-6
44.51321520124173	0.015848931924611172	5.048610448164055e-7
50.941782491215115	0.015848931924611172	1.0624406504056077e-7
58.29875895619149	0.015848931924611172	1.9961449607529488e-8
66.71822479745835	0.015848931924611172	2.7668093862998047e-9
76.35362398484546	0.015848931924611172	2.187569609118258e-10
87.38056075858388	0.015848931924611172	6.970374734322709e-12
100.00000000000031	0.015848931924611172	8.089684432399044e-14
111.55639876771902	0.015848931924611172	1.4765801232618955e-15
138.21730389017998	0.015848931924611172	6.635935628229151e-21
171.24990861750976	0.015848931924611172	0
212.17698780180757	0.015848931924611172	0
262.885244821937	0.015848931924611172	0
325.7122869971341	0.015848931924611172	0
403.5543872869759	0.015848931924611172	0
499.9999999999984	0.015848931924611172	0
1000	0.015848931924611172	0
2000	0.015848931924611172	0
1.	0.01819700858609988	1.6167496670975443
1.9999999999999998	0.01819700858609988	1.616380194620387
2.288838595949997	0.01819700858609988	1.5562306313735286
2.6193910591551774	0.01819700858609988	1.4587200968837368
2.9976816770403563	0.01819700858609988	1.326159954133376
3.4306047603910415	0.01819700858609988	1.174269162664195
3.926050291516404	0.01819700858609988	1.0302504184333994
4.493047718431742	0.01819700858609988	0.9233138096976975
5.141930515695824	0.01819700858609988	0.8470532625248982
5.884524511008838	0.01819700858609988	0.7523556098399251
6.734363409805407	0.01819700858609988	0.6116118484007437
7.706935445758021	0.01819700858609988	0.46614497581219183
8.819965652373028	0.01819700858609988	0.3029828960151537
10.093738900052346	0.01819700858609988	0.12491578462642589
11.551469585940843	0.01819700858609988	0.036102894229794395
13.219724714121972	0.01819700858609988	0.013249097149894569
15.128908076758211	0.01819700858609988	0.004347903146296964
17.313814360331925	0.01819700858609988	0.0014492264557978605
19.814263275520517	0.01819700858609988	0.0006356144330626319
22.675825267662994	0.01819700858609988	0.0002361786458977202
25.950652033822625	0.01819700858609988	0.00006628155262342872
29.698426982540767	0.01819700858609988	0.00002377660406981717
33.98745295832107	0.01819700858609988	7.778846766064861e-6
38.895897054520105	0.01819700858609988	2.3754402139089305e-6
44.51321520124173	0.01819700858609988	5.844138750967241e-7
50.941782491215115	0.01819700858609988	1.2148287064308786e-7
58.29875895619149	0.01819700858609988	2.2825466019116025e-8
66.71822479745835	0.01819700858609988	3.17250107646522e-9
76.35362398484546	0.01819700858609988	2.526041490120901e-10
87.38056075858388	0.01819700858609988	8.127574214491778e-12
100.00000000000031	0.01819700858609988	9.500995056612373e-14
111.55639876771902	0.01819700858609988	1.7509227499186688e-15
138.21730389017998	0.01819700858609988	8.092638466388203e-21
171.24990861750976	0.01819700858609988	0
212.17698780180757	0.01819700858609988	0
262.885244821937	0.01819700858609988	0
325.7122869971341	0.01819700858609988	0
403.5543872869759	0.01819700858609988	0
499.9999999999984	0.01819700858609988	0
1000	0.01819700858609988	0
2000	0.01819700858609988	0
1.	0.02089296130854045	1.5122215001551431
1.9999999999999998	0.02089296130854045	1.6774891229840159
2.288838595949997	0.02089296130854045	1.6626685444767413
2.6193910591551774	0.02089296130854045	1.6056775852530731
2.9976816770403563	0.02089296130854045	1.4965069716086423
3.4306047603910415	0.02089296130854045	1.3458459334927266
3.926050291516404	0.02089296130854045	1.1788977965006036
4.493047718431742	0.02089296130854045	1.0424388394607802
5.141930515695824	0.02089296130854045	0.9501324611202807
5.884524511008838	0.02089296130854045	0.8644246470154584
6.734363409805407	0.02089296130854045	0.7241468047362333
7.706935445758021	0.02089296130854045	0.5586584472060497
8.819965652373028	0.02089296130854045	0.3842075157162477
10.093738900052346	0.02089296130854045	0.17346698315128325
11.551469585940843	0.02089296130854045	0.04905250994255533
13.219724714121972	0.02089296130854045	0.017134694406745313
15.128908076758211	0.02089296130854045	0.005560418710543314
17.313814360331925	0.02089296130854045	0.0018035490790429425
19.814263275520517	0.02089296130854045	0.0007874057458359554
22.675825267662994	0.02089296130854045	0.0002904558330141206
25.950652033822625	0.02089296130854045	0.00007883395850203333
29.698426982540767	0.02089296130854045	0.000027704560082173627
33.98745295832107	0.02089296130854045	9.11494394452654e-6
38.895897054520105	0.02089296130854045	2.750114964468576e-6
44.51321520124173	0.02089296130854045	6.879555214154764e-7
50.941782491215115	0.02089296130854045	1.4164599758478685e-7
58.29875895619149	0.02089296130854045	2.6578729947141107e-8
66.71822479745835	0.02089296130854045	3.70750310614015e-9
76.35362398484546	0.02089296130854045	2.973794161638052e-10
87.38056075858388	0.02089296130854045	9.676510376836676e-12
100.00000000000031	0.02089296130854045	1.140930117101911e-13
111.55639876771902	0.02089296130854045	2.1252619578075664e-15
138.21730389017998	0.02089296130854045	1.0130906455562052e-20
171.24990861750976	0.02089296130854045	0
212.17698780180757	0.02089296130854045	0
262.885244821937	0.02089296130854045	0
325.7122869971341	0.02089296130854045	0
403.5543872869759	0.02089296130854045	0
499.9999999999984	0.02089296130854045	0
1000	0.02089296130854045	0
2000	0.02089296130854045	0
1.	0.023988329190194974	1.342288356922199
1.9999999999999998	0.023988329190194974	1.6734792851112634
2.288838595949997	0.023988329190194974	1.7169495502570655
2.6193910591551774	0.023988329190194974	1.717660182322599
2.9976816770403563	0.023988329190194974	1.6574304645227063
3.4306047603910415	0.023988329190194974	1.5282797707402191
3.926050291516404	0.023988329190194974	1.3529115329005026
4.493047718431742	0.023988329190194974	1.180152128648363
5.141930515695824	0.023988329190194974	1.060521011116746
5.884524511008838	0.023988329190194974	0.9798212811395558
6.734363409805407	0.023988329190194974	0.8536375095208597
7.706935445758021	0.023988329190194974	0.6704329522739182
8.819965652373028	0.023988329190194974	0.48098566832354017
10.093738900052346	0.023988329190194974	0.24036018253318112
11.551469585940843	0.023988329190194974	0.06923053320031262
13.219724714121972	0.023988329190194974	0.022359063744180396
15.128908076758211	0.023988329190194974	0.007297501361804603
17.313814360331925	0.023988329190194974	0.0024329870498442123
19.814263275520517	0.023988329190194974	0.0009728740669483837
22.675825267662994	0.023988329190194974	0.00036833431637639226
25.950652033822625	0.023988329190194974	0.00009679150919623731
29.698426982540767	0.023988329190194974	0.000033129519184940314
33.98745295832107	0.023988329190194974	0.000010961454300889336
38.895897054520105	0.023988329190194974	3.2685080132072904e-6
44.51321520124173	0.023988329190194974	8.291621702572552e-7
50.941782491215115	0.023988329190194974	1.6959257232328694e-7
58.29875895619149	0.023988329190194974	3.176926431663055e-8
66.71822479745835	0.023988329190194974	4.448889209957393e-9
76.35362398484546	0.023988329190194974	3.595040890358404e-10
87.38056075858388	0.023988329190194974	1.184384304050475e-11
100.00000000000031	0.023988329190194974	1.4124149735948658e-13
111.55639876771902	0.023988329190194974	2.661083137760032e-15
138.21730389017998	0.023988329190194974	1.3115850897062095e-20
171.24990861750976	0.023988329190194974	0
212.17698780180757	0.023988329190194974	0
262.885244821937	0.023988329190194974	0
325.7122869971341	0.023988329190194974	0
403.5543872869759	0.023988329190194974	0
499.9999999999984	0.023988329190194974	0
1000	0.023988329190194974	0
2000	0.023988329190194974	0
1.	0.027542287033381744	1.1422407298739397
1.9999999999999998	0.027542287033381744	1.5864403175617483
2.288838595949997	0.027542287033381744	1.6879196126219072
2.6193910591551774	0.027542287033381744	1.7603898847264645
2.9976816770403563	0.027542287033381744	1.7748993026514224
3.4306047603910415	0.027542287033381744	1.7055178625357417
3.926050291516404	0.027542287033381744	1.5503591790055147
4.493047718431742	0.027542287033381744	1.3546801506369657
5.141930515695824	0.027542287033381744	1.1904494600868232
5.884524511008838	0.027542287033381744	1.095599037626807
6.734363409805407	0.027542287033381744	0.9938748215145943
7.706935445758021	0.027542287033381744	0.8036764044992714
8.819965652373028	0.027542287033381744	0.594010406609367
10.093738900052346	0.027542287033381744	0.33157352020993947
11.551469585940843	0.027542287033381744	0.10122268931548205
13.219724714121972	0.027542287033381744	0.02950761689797208
15.128908076758211	0.027542287033381744	0.00965267716488735
17.313814360331925	0.027542287033381744	0.0030947565335624366
19.814263275520517	0.027542287033381744	0.0011703675432681367
22.675825267662994	0.027542287033381744	0.000448002330992449
25.950652033822625	0.027542287033381744	0.00011434489358275509
29.698426982540767	0.027542287033381744	0.00003786369505561859
33.98745295832107	0.027542287033381744	0.000012591270391445416
38.895897054520105	0.027542287033381744	3.712497832209968e-6
44.51321520124173	0.027542287033381744	9.525125231621289e-7
50.941782491215115	0.027542287033381744	1.9397060714716482e-7
58.29875895619149	0.027542287033381744	3.6310204582404487e-8
66.71822479745835	0.027542287033381744	5.103556524981686e-9
76.35362398484546	0.027542287033381744	4.154236892417063e-10
87.38056075858388	0.027542287033381744	1.386716086372288e-11
100.00000000000031	0.027542287033381744	1.6792597421845174e-13
111.55639876771902	0.027542287033381744	3.199840724383933e-15
138.21730389017998	0.027542287033381744	1.6343490812846624e-20
171.24990861750976	0.027542287033381744	0
212.17698780180757	0.027542287033381744	0
262.885244821937	0.027542287033381744	0
325.7122869971341	0.027542287033381744	0
403.5543872869759	0.027542287033381744	0
499.9999999999984	0.027542287033381744	0
1000	0.027542287033381744	0
2000	0.027542287033381744	0
1.	0.03162277660168389	0.9360281824621886
1.9999999999999998	0.03162277660168389	1.416860972402021
2.288838595949997	0.03162277660168389	1.5660399737196864
2.6193910591551774	0.03162277660168389	1.7105105852952935
2.9976816770403563	0.03162277660168389	1.8173998503509012
3.4306047603910415	0.03162277660168389	1.841678337772922
3.926050291516404	0.03162277660168389	1.7499387576909577
4.493047718431742	0.03162277660168389	1.55955959125737
5.141930515695824	0.03162277660168389	1.347889006119305
5.884524511008838	0.03162277660168389	1.2167188664984436
6.734363409805407	0.03162277660168389	1.1340185896933186
7.706935445758021	0.03162277660168389	0.9609719083585717
8.819965652373028	0.03162277660168389	0.7267021542061706
10.093738900052346	0.03162277660168389	0.44982838293597127
11.551469585940843	0.03162277660168389	0.1523259140565987
13.219724714121972	0.03162277660168389	0.0400441896004045
15.128908076758211	0.03162277660168389	0.01300804597170519
17.313814360331925	0.03162277660168389	0.00359735430305959
19.814263275520517	0.03162277660168389	0.0013659916506479394
22.675825267662994	0.03162277660168389	0.0005222751242556389
25.950652033822625	0.03162277660168389	0.00013021120890653267
29.698426982540767	0.03162277660168389	0.000041413124112700116
33.98745295832107	0.03162277660168389	0.000013822212233181573
38.895897054520105	0.03162277660168389	4.0326309490688905e-6
44.51321520124173	0.03162277660168389	1.044373481669024e-6
50.941782491215115	0.03162277660168389	2.1188024985030828e-7
58.29875895619149	0.03162277660168389	3.972029068194382e-8
66.71822479745835	0.03162277660168389	5.6006937531629476e-9
76.35362398484546	0.03162277660168389	4.591621253803293e-10
87.38056075858388	0.03162277660168389	1.554040521830339e-11
100.00000000000031	0.03162277660168389	1.9194443440601702e-13
111.55639876771902	0.03162277660168389	3.695764553504083e-15
138.21730389017998	0.03162277660168389	1.96094865045602e-20
171.24990861750976	0.03162277660168389	0
212.17698780180757	0.03162277660168389	0
262.885244821937	0.03162277660168389	0
325.7122869971341	0.03162277660168389	0
403.5543872869759	0.03162277660168389	0
499.9999999999984	0.03162277660168389	0
1000	0.03162277660168389	0
2000	0.03162277660168389	0
1.	0.03630780547701025	0.7530678601764318
1.9999999999999998	0.03630780547701025	1.1883597490060855
2.288838595949997	0.03630780547701025	1.357878914031601
2.6193910591551774	0.03630780547701025	1.552340290822617
2.9976816770403563	0.03630780547701025	1.7451703445407216
3.4306047603910415	0.03630780547701025	1.8846801692102015
3.926050291516404	0.03630780547701025	1.911449988608465
4.493047718431742	0.03630780547701025	1.7703707545457703
5.141930515695824	0.03630780547701025	1.5552900915972845
5.884524511008838	0.03630780547701025	1.3549496930599951
6.734363409805407	0.03630780547701025	1.2638396755972268
7.706935445758021	0.03630780547701025	1.1370907588193122
8.819965652373028	0.03630780547701025	0.8836521754475
10.093738900052346	0.03630780547701025	0.5933765473227991
11.551469585940843	0.03630780547701025	0.23294064117633057
13.219724714121972	0.03630780547701025	0.05643102882556614
15.128908076758211	0.03630780547701025	0.01788995960572947
17.313814360331925	0.03630780547701025	0.005118052175160766
19.814263275520517	0.03630780547701025	0.0016965707069529694
22.675825267662994	0.03630780547701025	0.0006400808403744507
25.950652033822625	0.03630780547701025	0.0001571897737238405
29.698426982540767	0.03630780547701025	0.000047666563555336316
33.98745295832107	0.03630780547701025	0.00001593012326266028
38.895897054520105	0.03630780547701025	4.603102538553916e-6
44.51321520124173	0.03630780547701025	1.2022233574901833e-6
50.941782491215115	0.03630780547701025	2.426581393279621e-7
58.29875895619149	0.03630780547701025	4.56673616765509e-8
66.71822479745835	0.03630780547701025	6.457904108700905e-9
76.35362398484546	0.03630780547701025	5.333530867161161e-10
87.38056075858388	0.03630780547701025	1.832404332573702e-11
100.00000000000031	0.03630780547701025	2.3165016085946676e-13
111.55639876771902	0.03630780547701025	4.500422404617191e-15
138.21730389017998	0.03630780547701025	2.4891182148155494e-20
171.24990861750976	0.03630780547701025	0
212.17698780180757	0.03630780547701025	0
262.885244821937	0.03630780547701025	0
325.7122869971341	0.03630780547701025	0
403.5543872869759	0.03630780547701025	0
499.9999999999984	0.03630780547701025	0
1000	0.03630780547701025	0
2000	0.03630780547701025	0
1.	0.04168693834703368	0.6157433797765761
1.9999999999999998	0.04168693834703368	0.9418516127055147
2.288838595949997	0.04168693834703368	1.1006276071754184
2.6193910591551774	0.04168693834703368	1.3077188802610218
2.9976816770403563	0.04168693834703368	1.552779145154147
3.4306047603910415	0.04168693834703368	1.7982502111805798
3.926050291516404	0.04168693834703368	1.9714993440319821
4.493047718431742	0.04168693834703368	1.9538804860270926
5.141930515695824	0.04168693834703368	1.7818911350287259
5.884524511008838	0.04168693834703368	1.528470559109691
6.734363409805407	0.04168693834703368	1.3816705104518396
7.706935445758021	0.04168693834703368	1.2994312074742895
8.819965652373028	0.04168693834703368	1.0658221470302305
10.093738900052346	0.04168693834703368	0.7560953022627236
11.551469585940843	0.04168693834703368	0.35182844338702324
13.219724714121972	0.04168693834703368	0.08367124403671919
15.128908076758211	0.04168693834703368	0.024586900312661822
17.313814360331925	0.04168693834703368	0.006910508022543057
19.814263275520517	0.04168693834703368	0.002143583436415598
22.675825267662994	0.04168693834703368	0.0008059423817756358
25.950652033822625	0.04168693834703368	0.00019703029168388172
29.698426982540767	0.04168693834703368	0.00005657309989229988
33.98745295832107	0.04168693834703368	0.000018863050340588335
38.895897054520105	0.04168693834703368	5.406389770186854e-6
44.51321520124173	0.04168693834703368	1.4234420721940482e-6
50.941782491215115	0.04168693834703368	2.851203166179692e-7
58.29875895619149	0.04168693834703368	5.3935868415547804e-8
66.71822479745835	0.04168693834703368	7.650266913255417e-9
76.35362398484546	0.04168693834703368	6.371971690910394e-10
87.38056075858388	0.04168693834703368	2.2271200272402146e-11
100.00000000000031	0.04168693834703368	2.885146801603509e-13
111.55639876771902	0.04168693834703368	5.649688474331744e-15
138.21730389017998	0.04168693834703368	3.273847881005651e-20
171.24990861750976	0.04168693834703368	0
212.17698780180757	0.04168693834703368	0
262.885244821937	0.04168693834703368	0
325.7122869971341	0.04168693834703368	0
403.5543872869759	0.04168693834703368	0
499.9999999999984	0.04168693834703368	0
1000	0.04168693834703368	0
2000	0.04168693834703368	0
1.	0.047863009232264	0.5158518950119817
1.9999999999999998	0.047863009232264	0.7184177748692551
2.288838595949997	0.047863009232264	0.8395521259217583
2.6193910591551774	0.047863009232264	1.0168703296243145
2.9976816770403563	0.047863009232264	1.2619507482755423
3.4306047603910415	0.047863009232264	1.564162466097431
3.926050291516404	0.047863009232264	1.86730970985938
4.493047718431742	0.047863009232264	2.0207392194601392
5.141930515695824	0.047863009232264	1.993039946781157
5.884524511008838	0.047863009232264	1.744019050737391
6.734363409805407	0.047863009232264	1.510319936560869
7.706935445758021	0.047863009232264	1.4318804771523523
8.819965652373028	0.047863009232264	1.2646508838082329
10.093738900052346	0.047863009232264	0.9316901058210458
11.551469585940843	0.047863009232264	0.5142989644325661
13.219724714121972	0.047863009232264	0.13341784233630044
15.128908076758211	0.047863009232264	0.03516122036311907
17.313814360331925	0.047863009232264	0.009390696980781583
19.814263275520517	0.047863009232264	0.0026950495570066445
22.675825267662994	0.047863009232264	0.0009980343925157715
25.950652033822625	0.047863009232264	0.0002457372743569954
29.698426982540767	0.047863009232264	0.00006641535401573244
33.98745295832107	0.047863009232264	0.00002197457964399629
38.895897054520105	0.047863009232264	6.262566104068341e-6
44.51321520124173	0.047863009232264	1.6599991055398702e-6
50.941782491215115	0.047863009232264	3.29535532809868e-7
58.29875895619149	0.047863009232264	6.256817787945771e-8
66.71822479745835	0.047863009232264	8.904263164473385e-9
76.35362398484546	0.047863009232264	7.497207169002731e-10
87.38056075858388	0.047863009232264	2.674239890046951e-11
100.00000000000031	0.047863009232264	3.545084921850136e-13
111.55639876771902	0.047863009232264	7.001967961558357e-15
138.21730389017998	0.047863009232264	4.279214699237305e-20
171.24990861750976	0.047863009232264	0
212.17698780180757	0.047863009232264	0
262.885244821937	0.047863009232264	0
325.7122869971341	0.047863009232264	0
403.5543872869759	0.047863009232264	0
499.9999999999984	0.047863009232264	0
1000	0.047863009232264	0
2000	0.047863009232264	0
1.	0.05495408738576265	0.43521314344734746
1.9999999999999998	0.05495408738576265	0.5455003076008932
2.288838595949997	0.05495408738576265	0.6204650253269789
2.6193910591551774	0.05495408738576265	0.7430030317361707
2.9976816770403563	0.05495408738576265	0.9374986758207315
3.4306047603910415	0.05495408738576265	1.2211140957215463
3.926050291516404	0.05495408738576265	1.5838706643913791
4.493047718431742	0.05495408738576265	1.8954289692173603
5.141930515695824	0.05495408738576265	2.0849897549857848
5.884524511008838	0.05495408738576265	1.9677080367859499
6.734363409805407	0.05495408738576265	1.6728191620072481
7.706935445758021	0.05495408738576265	1.516250583075929
8.819965652373028	0.05495408738576265	1.4417599759094337
10.093738900052346	0.05495408738576265	1.1191387731208091
11.551469585940843	0.05495408738576265	0.7109211672733277
13.219724714121972	0.05495408738576265	0.22117659130970269
15.128908076758211	0.05495408738576265	0.04716415444370204
17.313814360331925	0.05495408738576265	0.013564835516976624
19.814263275520517	0.05495408738576265	0.0036298442539405215
22.675825267662994	0.05495408738576265	0.0012872288012159973
25.950652033822625	0.05495408738576265	0.0003226877413444955
29.698426982540767	0.05495408738576265	0.00008178693016503602
33.98745295832107	0.05495408738576265	0.00002663773109561327
38.895897054520105	0.05495408738576265	7.5756602767292704e-6
44.51321520124173	0.05495408738576265	2.0139988769295965e-6
50.941782491215115	0.05495408738576265	3.9741666707269417e-7
58.29875895619149	0.05495408738576265	7.536046595413816e-8
66.71822479745835	0.05495408738576265	1.0758159361446171e-8
76.35362398484546	0.05495408738576265	9.189694590919551e-10
87.38056075858388	0.05495408738576265	3.355715085028578e-11
100.00000000000031	0.05495408738576265	4.5410667263593903e-13
111.55639876771902	0.05495408738576265	9.07847568014475e-15
138.21730389017998	0.05495408738576265	5.888459970488097e-20
171.24990861750976	0.05495408738576265	0
212.17698780180757	0.05495408738576265	0
262.885244821937	0.05495408738576265	0
325.7122869971341	0.05495408738576265	0
403.5543872869759	0.05495408738576265	0
499.9999999999984	0.05495408738576265	0
1000	0.05495408738576265	0
2000	0.05495408738576265	0
1.	0.06309573444801955	0.35447568457687983
1.9999999999999998	0.06309573444801955	0.4200546302547052
2.288838595949997	0.06309573444801955	0.4597613732623021
2.6193910591551774	0.06309573444801955	0.5282388011230826
2.9976816770403563	0.06309573444801955	0.6504430329988609
3.4306047603910415	0.06309573444801955	0.8589380320633366
3.926050291516404	0.06309573444801955	1.1852687265955892
4.493047718431742	0.06309573444801955	1.607426603382
5.141930515695824	0.06309573444801955	1.9600788639693691
5.884524511008838	0.06309573444801955	2.0963684953359163
6.734363409805407	0.06309573444801955	1.876209706622678
7.706935445758021	0.06309573444801955	1.6070118303584306
8.819965652373028	0.06309573444801955	1.5381604738665242
10.093738900052346	0.06309573444801955	1.3184099254775108
11.551469585940843	0.06309573444801955	0.9162450968021913
13.219724714121972	0.06309573444801955	0.36376696850096
15.128908076758211	0.06309573444801955	0.07141107038965364
17.313814360331925	0.06309573444801955	0.019930046796796438
19.814263275520517	0.06309573444801955	0.0048557304168249694
22.675825267662994	0.06309573444801955	0.0016477333923062187
25.950652033822625	0.06309573444801955	0.00042403373238975874
29.698426982540767	0.06309573444801955	0.00010083962181698048
33.98745295832107	0.06309573444801955	0.00003196120196255641
38.895897054520105	0.06309573444801955	9.105342706592763e-6
44.51321520124173	0.06309573444801955	2.4132061164019156e-6
50.941782491215115	0.06309573444801955	4.775404868743228e-7
58.29875895619149	0.06309573444801955	8.97346629194464e-8
66.71822479745835	0.06309573444801955	1.2837319085813739e-8
76.35362398484546	0.06309573444801955	1.1168251371183807e-9
87.38056075858388	0.06309573444801955	4.1824170174810244e-11
100.00000000000031	0.06309573444801955	5.77364426342073e-13
111.55639876771902	0.06309573444801955	1.1752242764730664e-14
138.21730389017998	0.06309573444801955	8.114034155294679e-20
171.24990861750976	0.06309573444801955	0
212.17698780180757	0.06309573444801955	0
262.885244821937	0.06309573444801955	0
325.7122869971341	0.06309573444801955	0
403.5543872869759	0.06309573444801955	0
499.9999999999984	0.06309573444801955	0
1000	0.06309573444801955	0
2000	0.06309573444801955	0
1.	0.07244359600749928	0.268882036557313
1.9999999999999998	0.07244359600749928	0.31972004285321404
2.288838595949997	0.07244359600749928	0.34206594164427423
2.6193910591551774	0.07244359600749928	0.3814242273529274
2.9976816770403563	0.07244359600749928	0.440230551843978
3.4306047603910415	0.07244359600749928	0.5595112542613633
3.926050291516404	0.07244359600749928	0.7808173608517495
4.493047718431742	0.07244359600749928	1.1466887245352724
5.141930515695824	0.07244359600749928	1.6261204058750551
5.884524511008838	0.07244359600749928	2.0051802912392556
6.734363409805407	0.07244359600749928	2.052708904108143
7.706935445758021	0.07244359600749928	1.7616312969843868
8.819965652373028	0.07244359600749928	1.5937706319297644
10.093738900052346	0.07244359600749928	1.4967995442356619
11.551469585940843	0.07244359600749928	1.1078380334538664
13.219724714121972	0.07244359600749928	0.5681060475363368
15.128908076758211	0.07244359600749928	0.11501766334550978
17.313814360331925	0.07244359600749928	0.02898537160817826
19.814263275520517	0.07244359600749928	0.007302967407638882
22.675825267662994	0.07244359600749928	0.0021137539822950278
25.950652033822625	0.07244359600749928	0.00056151630587186
29.698426982540767	0.07244359600749928	0.00012618836035200996
33.98745295832107	0.07244359600749928	0.00003834083257283654
38.895897054520105	0.07244359600749928	0.000010965777432379043
44.51321520124173	0.07244359600749928	2.8808534362262593e-6
50.941782491215115	0.07244359600749928	5.790072674255987e-7
58.29875895619149	0.07244359600749928	1.0688677750563307e-7
66.71822479745835	0.07244359600749928	1.5313574392806358e-8
76.35362398484546	0.07244359600749928	1.3603449143990437e-9
87.38056075858388	0.07244359600749928	5.2265368453768206e-11
100.00000000000031	0.07244359600749928	7.379360492292891e-13
111.55639876771902	0.07244359600749928	1.5379685210106412e-14
138.21730389017998	0.07244359600749928	1.1281052254427648e-19
171.24990861750976	0.07244359600749928	0
212.17698780180757	0.07244359600749928	0
262.885244821937	0.07244359600749928	0
325.7122869971341	0.07244359600749928	0
403.5543872869759	0.07244359600749928	0
499.9999999999984	0.07244359600749928	0
1000	0.07244359600749928	0
2000	0.07244359600749928	0
1.	0.08317637711026743	0.18954616919907413
1.9999999999999998	0.08317637711026743	0.23093818934446156
2.288838595949997	0.08317637711026743	0.24993410414946282
2.6193910591551774	0.08317637711026743	0.2708303299293943
2.9976816770403563	0.08317637711026743	0.30442751610331786
3.4306047603910415	0.08317637711026743	0.36289253757005424
3.926050291516404	0.08317637711026743	0.47927576315262177
4.493047718431742	0.08317637711026743	0.7127859857495814
5.141930515695824	0.08317637711026743	1.1269414222821978
5.884524511008838	0.08317637711026743	1.6420028246286023
6.734363409805407	0.08317637711026743	2.0282197902291905
7.706935445758021	0.08317637711026743	1.9534899407579895
8.819965652373028	0.08317637711026743	1.656751024783702
10.093738900052346	0.08317637711026743	1.5875319816558864
11.551469585940843	0.08317637711026743	1.2943057201832477
13.219724714121972	0.08317637711026743	0.8026787345595146
15.128908076758211	0.08317637711026743	0.20281622058153123
17.313814360331925	0.08317637711026743	0.042624481136595706
19.814263275520517	0.08317637711026743	0.009580450465966018
22.675825267662994	0.08317637711026743	0.002825518839301133
25.950652033822625	0.08317637711026743	0.0007787902133292232
29.698426982540767	0.08317637711026743	0.00016782321101192318
33.98745295832107	0.08317637711026743	0.0000480347028236932
38.895897054520105	0.08317637711026743	0.000013775296811405802
44.51321520124173	0.08317637711026743	3.579288604163612e-6
50.941782491215115	0.08317637711026743	7.387941126846213e-7
58.29875895619149	0.08317637711026743	1.3309260096868852e-7
66.71822479745835	0.08317637711026743	1.912366268686025e-8
76.35362398484546	0.08317637711026743	1.73464768489669e-9
87.38056075858388	0.08317637711026743	6.841344948681175e-11
100.00000000000031	0.08317637711026743	9.92278811734855e-13
111.55639876771902	0.08317637711026743	2.1218236126868595e-14
138.21730389017998	0.08317637711026743	1.6480705167556069e-19
171.24990861750976	0.08317637711026743	0
212.17698780180757	0.08317637711026743	0
262.885244821937	0.08317637711026743	0
325.7122869971341	0.08317637711026743	0
403.5543872869759	0.08317637711026743	0
499.9999999999984	0.08317637711026743	0
1000	0.08317637711026743	0
2000	0.08317637711026743	0
1.	0.09549925860214398	0.13173519421170782
1.9999999999999998	0.09549925860214398	0.15924624084388364
2.288838595949997	0.09549925860214398	0.17253319543469656
2.6193910591551774	0.09549925860214398	0.19001933683546862
2.9976816770403563	0.09549925860214398	0.2133624357563543
3.4306047603910415	0.09549925860214398	0.2468779209421594
3.926050291516404	0.09549925860214398	0.3021636537385506
4.493047718431742	0.09549925860214398	0.4164205358555223
5.141930515695824	0.09549925860214398	0.6650798744584909
5.884524511008838	0.09549925860214398	1.1300047249728902
6.734363409805407	0.09549925860214398	1.6961122776668993
7.706935445758021	0.09549925860214398	2.027538199273618
8.819965652373028	0.09549925860214398	1.820740256874392
10.093738900052346	0.09549925860214398	1.5851472264635462
11.551469585940843	0.09549925860214398	1.480911547868512
13.219724714121972	0.09549925860214398	1.013160847031811
15.128908076758211	0.09549925860214398	0.36071336806530974
17.313814360331925	0.09549925860214398	0.0627429596296468
19.814263275520517	0.09549925860214398	0.015245378574075789
22.675825267662994	0.09549925860214398	0.00378501558607078
25.950652033822625	0.09549925860214398	0.0010899511747892963
29.698426982540767	0.09549925860214398	0.0002298118007123669
33.98745295832107	0.09549925860214398	0.00006084807413571828
38.895897054520105	0.09549925860214398	0.000017414347057631504
44.51321520124173	0.09549925860214398	4.477364821137091e-6
50.941782491215115	0.09549925860214398	9.534911667304066e-7
58.29875895619149	0.09549925860214398	1.673995548724663e-7
66.71822479745835	0.09549925860214398	2.4190790887881542e-8
76.35362398484546	0.09549925860214398	2.23632784329416e-9
87.38056075858388	0.09549925860214398	9.067263179747053e-11
100.00000000000031	0.09549925860214398	1.3564999510185123e-12
111.55639876771902	0.09549925860214398	2.969826769194297e-14
138.21730389017998	0.09549925860214398	2.450796899725586e-19
171.24990861750976	0.09549925860214398	0
212.17698780180757	0.09549925860214398	0
262.885244821937	0.09549925860214398	0
325.7122869971341	0.09549925860214398	0
403.5543872869759	0.09549925860214398	0
499.9999999999984	0.09549925860214398	0
1000	0.09549925860214398	0
2000	0.09549925860214398	0
1.	0.10964781961431896	0.09087532093796633
1.9999999999999998	0.10964781961431896	0.11211560088612613
2.288838595949997	0.10964781961431896	0.1200446306535797
2.6193910591551774	0.10964781961431896	0.13126079194469792
2.9976816770403563	0.10964781961431896	0.14655093729582214
3.4306047603910415	0.10964781961431896	0.16862029772353393
3.926050291516404	0.10964781961431896	0.1998423313174001
4.493047718431742	0.10964781961431896	0.25194088737177295
5.141930515695824	0.10964781961431896	0.3613780543233463
5.884524511008838	0.10964781961431896	0.6239132674728323
6.734363409805407	0.10964781961431896	1.1542590836743165
7.706935445758021	0.10964781961431896	1.7747303176772695
8.819965652373028	0.10964781961431896	1.9719273021705341
10.093738900052346	0.10964781961431896	1.626648208995512
11.551469585940843	0.10964781961431896	1.5793597314594765
13.219724714121972	0.10964781961431896	1.193889976780346
15.128908076758211	0.10964781961431896	0.5975891336036843
17.313814360331925	0.10964781961431896	0.09811871778047583
19.814263275520517	0.10964781961431896	0.0230378033813548
22.675825267662994	0.10964781961431896	0.0051159047881231155
25.950652033822625	0.10964781961431896	0.0015451004177878041
29.698426982540767	0.10964781961431896	0.000325880345955758
33.98745295832107	0.10964781961431896	0.00007851174493129656
38.895897054520105	0.10964781961431896	0.000022276811266750574
44.51321520124173	0.10964781961431896	5.653188214925573e-6
50.941782491215115	0.10964781961431896	1.2402478803998568e-6
58.29875895619149	0.10964781961431896	2.1355928115217675e-7
66.71822479745835	0.10964781961431896	3.1030144968243964e-8
76.35362398484546	0.10964781961431896	2.9196641648750305e-9
87.38056075858388	0.10964781961431896	1.2167965749373195e-10
100.00000000000031	0.10964781961431896	1.889187572734892e-12
111.55639876771902	0.10964781961431896	4.221268182181263e-14
138.21730389017998	0.10964781961431896	3.7522942646340083e-19
171.24990861750976	0.10964781961431896	0
212.17698780180757	0.10964781961431896	0
262.885244821937	0.10964781961431896	0
325.7122869971341	0.10964781961431896	0
403.5543872869759	0.10964781961431896	0
499.9999999999984	0.10964781961431896	0
1000	0.10964781961431896	0
2000	0.10964781961431896	0