1.	0.001	0.1758
1.9999999999999998	0.001	0.11794600000000001
2.288838595949997	0.001	0.1063180565236582
2.6193910591551774	0.001	0.09573067260122992
2.9976816770403563	0.001	0.08594486154335575
3.4306047603910415	0.001	0.0760173961044295
3.926050291516404	0.001	0.06520429384530209
4.493047718431742	0.001	0.053233448170062536
5.141930515695824	0.001	0.03992829020761972
5.884524511008838	0.001	0.02582743671614708
6.734363409805407	0.001	0.013905275025413937
7.706935445758021	0.001	0.006781823356832631
8.819965652373028	0.001	0.0034412030487791525
10.093738900052346	0.001	0.0015628723343190623
11.551469585940843	0.001	0.0005261356304504992
13.219724714121972	0.001	0.0001943915871527267
15.128908076758211	0.001	0.00008524842908797417
17.313814360331925	0.001	0.00003901387585965412
19.814263275520517	0.001	0.000017398317471045185
22.675825267662994	0.001	5.490624856234301e-6
25.950652033822625	0.001	1.855485661345358e-6
29.698426982540767	0.001	8.063971020767041e-7
33.98745295832107	0.001	2.571274552678714e-7
38.895897054520105	0.001	8.642280739577163e-8
44.51321520124173	0.001	1.862539406100883e-8
50.941782491215115	0.001	4.491561143538873e-9
58.29875895619149	0.001	1.007423135634686e-9
66.71822479745835	0.001	2.065394191060221e-10
76.35362398484546	0.001	3.093096421277168e-11
87.38056075858388	0.001	2.9283494280121174e-12
100.00000000000031	0.001	1.5375062943107773e-13
111.55639876771902	0.001	9.346921082995538e-15
138.21730389017998	0.001	3.3571269305266436e-18
171.24990861750976	0.001	4.4225239216972866e-23
212.17698780180757	0.001	0
262.885244821937	0.001	0
325.7122869971341	0.001	0
403.5543872869759	0.001	0
499.9999999999984	0.001	0
1000	0.001	0
2000	0.001	0
1.	0.0011481536214968829	0.202253645125037
1.9999999999999998	0.0011481536214968829	0.13593144211172636
2.288838595949997	0.0011481536214968829	0.12238746070866365
2.6193910591551774	0.0011481536214968829	0.11014031967821773
2.9976816770403563	0.0011481536214968829	0.09881857072559921
3.4306047603910415	0.0011481536214968829	0.08745286202919562
3.926050291516404	0.0011481536214968829	0.07514813763569113
4.493047718431742	0.0011481536214968829	0.06151656032709666
5.141930515695824	0.0011481536214968829	0.04633314838441494
5.884524511008838	0.0011481536214968829	0.030117834142582126
6.734363409805407	0.0011481536214968829	0.016242230788708893
7.706935445758021	0.0011481536214968829	0.007908757381397015
8.819965652373028	0.0011481536214968829	0.004003389316432068
10.093738900052346	0.0011481536214968829	0.0018608321957705302
11.551469585940843	0.0011481536214968829	0.000612365231400703
13.219724714121972	0.0011481536214968829	0.00022378611128840998
15.128908076758211	0.0011481536214968829	0.0000986687368040291
17.313814360331925	0.0011481536214968829	0.000045314403620625034
19.814263275520517	0.0011481536214968829	0.00002011843686027201
22.675825267662994	0.0011481536214968829	6.3642299266651685e-6
25.950652033822625	0.0011481536214968829	2.149635484417031e-6
29.698426982540767	0.0011481536214968829	9.319964896773073e-7
33.98745295832107	0.0011481536214968829	2.9753699029033477e-7
38.895897054520105	0.0011481536214968829	9.987266492853713e-8
44.51321520124173	0.0011481536214968829	2.1588767314159492e-8
50.941782491215115	0.0011481536214968829	5.191126357127435e-9
58.29875895619149	0.0011481536214968829	1.1651625219506033e-9
66.71822479745835	0.0011481536214968829	2.3871576461020017e-10
76.35362398484546	0.0011481536214968829	3.5745368977985604e-11
87.38056075858388	0.0011481536214968829	3.385273493734463e-12
100.00000000000031	0.0011481536214968829	1.7782899197005607e-13
111.55639876771902	0.0011481536214968829	1.0814264939124087e-14
138.21730389017998	0.0011481536214968829	3.888097586018428e-18
171.24990861750976	0.0011481536214968829	5.1293438372418533e-23
212.17698780180757	0.0011481536214968829	0
262.885244821937	0.0011481536214968829	0
325.7122869971341	0.0011481536214968829	0
403.5543872869759	0.0011481536214968829	0
499.9999999999984	0.0011481536214968829	0
1000	0.0011481536214968829	0
2000	0.0011481536214968829	0
1.	0.0013182567385564075	0.2325554190140193
1.9999999999999998	0.0013182567385564075	0.15669760184351844
2.288838595949997	0.0013182567385564075	0.14093472101109006
2.6193910591551774	0.0013182567385564075	0.12664464704140577
2.9976816770403563	0.0013182567385564075	0.11360266623461109
3.4306047603910415	0.0013182567385564075	0.10061661330721022
3.926050291516404	0.0013182567385564075	0.08663917172409433
4.493047718431742	0.0013182567385564075	0.07116777721024296
5.141930515695824	0.0013182567385564075	0.05383174327486416
5.884524511008838	0.0013182567385564075	0.03518101735372006
6.734363409805407	0.0013182567385564075	0.01906071153184332
7.706935445758021	0.0013182567385564075	0.00924077044462949
8.819965652373028	0.0013182567385564075	0.004663875214119607
10.093738900052346	0.0013182567385564075	0.002119707549286474
11.551469585940843	0.0013182567385564075	0.0007149243430267744
13.219724714121972	0.0013182567385564075	0.0002581174808026415
15.128908076758211	0.0013182567385564075	0.00011435846969823485
17.313814360331925	0.0013182567385564075	0.000052281199729741565
19.814263275520517	0.0013182567385564075	0.000023256266132118312
22.675825267662994	0.0013182567385564075	7.3682004601299065e-6
25.950652033822625	0.0013182567385564075	2.487197496808129e-6
29.698426982540767	0.0013182567385564075	1.075413740663923e-6
33.98745295832107	0.0013182567385564075	3.4379582148883185e-7
38.895897054520105	0.0013182567385564075	1.152285553826296e-7
44.51321520124173	0.0013182567385564075	2.4991477154486112e-8
50.941782491215115	0.0013182567385564075	5.9902416759266126e-9
58.29875895619149	0.0013182567385564075	1.3455273416762012e-9
66.71822479745835	0.0013182567385564075	2.7546406633691393e-10
76.35362398484546	0.0013182567385564075	4.124208737040993e-11
87.38056075858388	0.0013182567385564075	3.907281310490077e-12
100.00000000000031	0.0013182567385564075	2.0537367673636758e-13
111.55639876771902	0.0013182567385564075	1.2494064232170129e-14
138.21730389017998	0.0013182567385564075	4.497258147836663e-18
171.24990861750976	0.0013182567385564075	5.942531577733819e-23
212.17698780180757	0.0013182567385564075	0
262.885244821937	0.0013182567385564075	0
325.7122869971341	0.0013182567385564075	0
403.5543872869759	0.0013182567385564075	0
499.9999999999984	0.0013182567385564075	0
1000	0.0013182567385564075	0
2000	0.0013182567385564075	0
1.	0.0015135612484362087	0.2672072198737566
1.9999999999999998	0.0015135612484362087	0.18068915421171314
2.288838595949997	0.0015135612484362087	0.1623462266024302
2.6193910591551774	0.0015135612484362087	0.1457040798374656
2.9976816770403563	0.0015135612484362087	0.13058205154367075
3.4306047603910415	0.0015135612484362087	0.11575594455250529
3.926050291516404	0.0015135612484362087	0.09989077587514769
4.493047718431742	0.0015135612484362087	0.0823500429415255
5.141930515695824	0.0015135612484362087	0.0626321426371741
5.884524511008838	0.0015135612484362087	0.041192740225295066
6.734363409805407	0.0015135612484362087	0.022385581586039822
7.706935445758021	0.0015135612484362087	0.010828164655990626
8.819965652373028	0.0015135612484362087	0.0054414661042349564
10.093738900052346	0.0015135612484362087	0.0024772585504211964
11.551469585940843	0.0015135612484362087	0.0008356570509069507
13.219724714121972	0.0015135612484362087	0.00030487105526821786
15.128908076758211	0.0015135612484362087	0.00013268585328379161
17.313814360331925	0.0015135612484362087	0.000060530160816013424
19.814263275520517	0.0015135612484362087	0.00002694881723831527
22.675825267662994	0.0015135612484362087	8.51932488332985e-6
25.950652033822625	0.0015135612484362087	2.8735618732711598e-6
29.698426982540767	0.0015135612484362087	1.2386271299659101e-6
33.98745295832107	0.0015135612484362087	3.965934531092008e-7
38.895897054520105	0.0015135612484362087	1.327002030146154e-7
44.51321520124173	0.0015135612484362087	2.888802889818835e-8
50.941782491215115	0.0015135612484362087	6.900314094042985e-9
58.29875895619149	0.0015135612484362087	1.5511037196932671e-9
66.71822479745835	0.0015135612484362087	3.1729563527549713e-10
76.35362398484546	0.0015135612484362087	4.749729676442636e-11
87.38056075858388	0.0015135612484362087	4.501684049905385e-12
100.00000000000031	0.0015135612484362087	2.367887274702317e-13
111.55639876771902	0.0015135612484362087	1.4411654139488106e-14
138.21730389017998	0.0015135612484362087	5.194344033962101e-18
171.24990861750976	0.0015135612484362087	6.876055896037599e-23
212.17698780180757	0.0015135612484362087	0
262.885244821937	0.0015135612484362087	0
325.7122869971341	0.0015135612484362087	0
403.5543872869759	0.0015135612484362087	0
499.9999999999984	0.0015135612484362087	0
1000	0.0015135612484362087	0
2000	0.0015135612484362087	0
1.	0.0017378008287493763	0.306700144186168
1.9999999999999998	0.0017378008287493763	0.20838810287101908
2.288838595949997	0.0017378008287493763	0.1870321955031047
2.6193910591551774	0.0017378008287493763	0.1676490323327326
2.9976816770403563	0.0017378008287493763	0.15015600634736617
3.4306047603910415	0.0017378008287493763	0.13317689100463614
3.926050291516404	0.0017378008287493763	0.11513904659975462
4.493047718431742	0.0017378008287493763	0.09534682804387244
5.141930515695824	0.0017378008287493763	0.0729647218932819
5.884524511008838	0.0017378008287493763	0.048387310247565485
6.734363409805407	0.0017378008287493763	0.026356167722264564
7.706935445758021	0.0017378008287493763	0.012720671096809624
8.819965652373028	0.0017378008287493763	0.006350918349333003
10.093738900052346	0.0017378008287493763	0.002900630385724721
11.551469585940843	0.0017378008287493763	0.0009794586435140757
13.219724714121972	0.0017378008287493763	0.0003559155677821568
15.128908076758211	0.0017378008287493763	0.00015424277101590294
17.313814360331925	0.0017378008287493763	0.0000701714143063387
19.814263275520517	0.0017378008287493763	0.000031263987441082286
22.675825267662994	0.0017378008287493763	9.886886431972429e-6
25.950652033822625	0.0017378008287493763	3.331701899396464e-6
29.698426982540767	0.0017378008287493763	1.431076770646133e-6
33.98745295832107	0.0017378008287493763	4.5902751395608524e-7
38.895897054520105	0.0017378008287493763	1.5329867249282545e-7
44.51321520124173	0.0017378008287493763	3.3509261542985084e-8
50.941782491215115	0.0017378008287493763	7.97424060925481e-9
58.29875895619149	0.0017378008287493763	1.793850658107815e-9
66.71822479745835	0.0017378008287493763	3.6663367228627445e-10
76.35362398484546	0.0017378008287493763	5.4872730717322865e-11
87.38056075858388	0.0017378008287493763	5.20296039796133e-12
100.00000000000031	0.0017378008287493763	2.7391473812061275e-13
111.55639876771902	0.0017378008287493763	1.6679734037066768e-14
138.21730389017998	0.0017378008287493763	6.02087491116372e-18
171.24990861750976	0.0017378008287493763	7.986395010549653e-23
212.17698780180757	0.0017378008287493763	0
262.885244821937	0.0017378008287493763	0
325.7122869971341	0.0017378008287493763	0
403.5543872869759	0.0017378008287493763	0
499.9999999999984	0.0017378008287493763	0
1000	0.0017378008287493763	0
2000	0.0017378008287493763	0
1.	0.0019952623149688807	0.3514933949879923
1.9999999999999998	0.0019952623149688807	0.2403462900974501
2.288838595949997	0.0019952623149688807	0.2155173792708514
2.6193910591551774	0.0019952623149688807	0.19290917082916556
2.9976816770403563	0.0019952623149688807	0.17256112693552383
3.4306047603910415	0.0019952623149688807	0.15315798493356056
3.926050291516404	0.0019952623149688807	0.13277715037992255
4.493047718431742	0.0019952623149688807	0.1103832273608763
5.141930515695824	0.0019952623149688807	0.085068491664157
5.884524511008838	0.0019952623149688807	0.056834443400047015
6.734363409805407	0.0019952623149688807	0.03118008858324056
7.706935445758021	0.0019952623149688807	0.014971797055657186
8.819965652373028	0.0019952623149688807	0.007428449710923284
10.093738900052346	0.0019952623149688807	0.0034141043974841782
11.551469585940843	0.0019952623149688807	0.0011535087962444928
13.219724714121972	0.0019952623149688807	0.00041134250581387514
15.128908076758211	0.0019952623149688807	0.0001796538713140722
17.313814360331925	0.0019952623149688807	0.00008190064431697134
19.814263275520517	0.0019952623149688807	0.000036235216765896534
22.675825267662994	0.0019952623149688807	0.000011499096707668999
25.950652033822625	0.0019952623149688807	3.870525165100477e-6
29.698426982540767	0.0019952623149688807	1.6559261024007706e-6
33.98745295832107	0.0019952623149688807	5.322241483498064e-7
38.895897054520105	0.0019952623149688807	1.7736148636833208e-7
44.51321520124173	0.0019952623149688807	3.8943918861435923e-8
50.941782491215115	0.0019952623149688807	9.230492320468968e-9
58.29875895619149	0.0019952623149688807	2.077936478309671e-9
66.71822479745835	0.0019952623149688807	4.2429735926780826e-10
76.35362398484546	0.0019952623149688807	6.349067175192615e-11
87.38056075858388	0.0019952623149688807	6.022874393313096e-12
100.00000000000031	0.0019952623149688807	3.174080024370679e-13
111.55639876771902	0.0019952623149688807	1.9339869491896942e-14
138.21730389017998	0.0019952623149688807	6.992994890073988e-18
171.24990861750976	0.0019952623149688807	9.297068501917975e-23
212.17698780180757	0.0019952623149688807	0
262.885244821937	0.0019952623149688807	0
325.7122869971341	0.0019952623149688807	0
403.5543872869759	0.0019952623149688807	0
499.9999999999984	0.0019952623149688807	0
1000	0.0019952623149688807	0
2000	0.0019952623149688807	0
1.	0.0022908676527677745	0.4019305995071243
1.9999999999999998	0.0022908676527677745	0.27738970585950895
2.288838595949997	0.0022908676527677745	0.24853587807823346
2.6193910591551774	0.0022908676527677745	0.22199770286422169
2.9976816770403563	0.0022908676527677745	0.19836770936556558
3.4306047603910415	0.0022908676527677745	0.17623959775090595
3.926050291516404	0.0022908676527677745	0.1534498227185752
4.493047718431742	0.0022908676527677745	0.127908963613387
5.141930515695824	0.0022908676527677745	0.09927706475994953
5.884524511008838	0.0022908676527677745	0.06699565998173339
6.734363409805407	0.0022908676527677745	0.036978486275415084
7.706935445758021	0.0022908676527677745	0.017673468946876134
8.819965652373028	0.0022908676527677745	0.008736784518838655
10.093738900052346	0.0022908676527677745	0.004017094354829214
11.551469585940843	0.0022908676527677745	0.0013618137457483373
13.219724714121972	0.0022908676527677745	0.0004758270386288682
15.128908076758211	0.0022908676527677745	0.00020936434320795744
17.313814360331925	0.0022908676527677745	0.00009550988530282758
19.814263275520517	0.0022908676527677745	0.000042118237458592
22.675825267662994	0.0022908676527677745	0.00001343043135374126
25.950652033822625	0.0022908676527677745	4.514296901281493e-6
29.698426982540767	0.0022908676527677745	1.922678676416605e-6
33.98745295832107	0.0022908676527677745	6.19385923497366e-7
38.895897054520105	0.0022908676527677745	2.059062224600198e-7
44.51321520124173	0.0022908676527677745	4.5433843447354894e-8
50.941782491215115	0.0022908676527677745	1.0723131859047853e-8
58.29875895619149	0.0022908676527677745	2.4155440870307003e-9
66.71822479745835	0.0022908676527677745	4.927341117228542e-10
76.35362398484546	0.0022908676527677745	7.371715814401523e-11
87.38056075858388	0.0022908676527677745	6.996374329899024e-12
100.00000000000031	0.0022908676527677745	3.691627652550741e-13
111.55639876771902	0.0022908676527677745	2.2508847677674223e-14
138.21730389017998	0.0022908676527677745	8.15470055823054e-18
171.24990861750976	0.0022908676527677745	1.0869303397290535e-22
212.17698780180757	0.0022908676527677745	0
262.885244821937	0.0022908676527677745	0
325.7122869971341	0.0022908676527677745	0
403.5543872869759	0.0022908676527677745	0
499.9999999999984	0.0022908676527677745	0
1000	0.0022908676527677745	0
2000	0.0022908676527677745	0
1.	0.0026302679918953843	0.45844466562750663
1.9999999999999998	0.0026302679918953843	0.3202177466025207
2.288838595949997	0.0026302679918953843	0.28687293526388424
2.6193910591551774	0.0026302679918953843	0.25575472295449597
2.9976816770403563	0.0026302679918953843	0.22813972487872264
3.4306047603910415	0.0026302679918953843	0.20259059423896386
3.926050291516404	0.0026302679918953843	0.17658684856708265
4.493047718431742	0.0026302679918953843	0.14830699310923018
5.141930515695824	0.0026302679918953843	0.11610687476173309
5.884524511008838	0.0026302679918953843	0.07915324155640369
6.734363409805407	0.0026302679918953843	0.04401597768628981
7.706935445758021	0.0026302679918953843	0.0210050880407455
8.819965652373028	0.0026302679918953843	0.01024223313359578
10.093738900052346	0.0026302679918953843	0.004752241879204491
11.551469585940843	0.0026302679918953843	0.0016130240103109238
13.219724714121972	0.0026302679918953843	0.0005592944348612849
15.128908076758211	0.0026302679918953843	0.00024478529625138385
17.313814360331925	0.0026302679918953843	0.00011110255134248216
19.814263275520517	0.0026302679918953843	0.00004904527046095843
22.675825267662994	0.0026302679918953843	0.000015797992421779146
25.950652033822625	0.0026302679918953843	5.301074695354912e-6
29.698426982540767	0.0026302679918953843	2.2463299578905253e-6
33.98745295832107	0.0026302679918953843	7.255597830609545e-7
38.895897054520105	0.0026302679918953843	2.405396220582386e-7
44.51321520124173	0.0026302679918953843	5.33578875804226e-8
50.941782491215115	0.0026302679918953843	1.2537662755604602e-8
58.29875895619149	0.0026302679918953843	2.8258656565264006e-9
66.71822479745835	0.0026302679918953843	5.758081528308691e-10
76.35362398484546	0.0026302679918953843	8.612943177727092e-11
87.38056075858388	0.0026302679918953843	8.178581594005432e-12
100.00000000000031	0.0026302679918953843	4.3215961981884037e-13
111.55639876771902	0.0026302679918953843	2.6371124838612405e-14
138.21730389017998	0.0026302679918953843	9.57501478529303e-18
171.24990861750976	0.0026302679918953843	1.2799213152686102e-22
212.17698780180757	0.0026302679918953843	0
262.885244821937	0.0026302679918953843	0
325.7122869971341	0.0026302679918953843	0
403.5543872869759	0.0026302679918953843	0
499.9999999999984	0.0026302679918953843	0
1000	0.0026302679918953843	0
2000	0.0026302679918953843	0
1.	0.003019951720402019	0.5213372657736963
1.9999999999999998	0.003019951720402019	0.369579217390033
2.288838595949997	0.003019951720402019	0.33096338326567937
2.6193910591551774	0.003019951720402019	0.2946800819330664
2.9976816770403563	0.003019951720402019	0.26233103754112924
3.4306047603910415	0.003019951720402019	0.23294585214863014
3.926050291516404	0.003019951720402019	0.20360610301181686
4.493047718431742	0.003019951720402019	0.17193323248056727
5.141930515695824	0.003019951720402019	0.13577405977770188
5.884524511008838	0.003019951720402019	0.09377734970630691
6.734363409805407	0.003019951720402019	0.052700444442593905
7.706935445758021	0.003019951720402019	0.025073748578892902
8.819965652373028	0.003019951720402019	0.012129159085591257
10.093738900052346	0.003019951720402019	0.005646234754898579
11.551469585940843	0.003019951720402019	0.001923689138379269
13.219724714121972	0.003019951720402019	0.0006786233535150068
15.128908076758211	0.003019951720402019	0.0002870576096085774
17.313814360331925	0.003019951720402019	0.00012953067111361004
19.814263275520517	0.003019951720402019	0.000057197299130764695
22.675825267662994	0.003019951720402019	0.000018424469704908792
25.950652033822625	0.003019951720402019	6.169750125615774e-6
29.698426982540767	0.003019951720402019	2.5994594049622336e-6
33.98745295832107	0.003019951720402019	8.421448671470173e-7
38.895897054520105	0.003019951720402019	2.7832706467072433e-7
44.51321520124173	0.003019951720402019	6.209148290637716e-8
50.941782491215115	0.003019951720402019	1.452343683175543e-8
58.29875895619149	0.003019951720402019	3.2748055509547646e-9
66.71822479745835	0.003019951720402019	6.665079946588543e-10
76.35362398484546	0.003019951720402019	9.968152345581148e-11
87.38056075858388	0.003019951720402019	9.470306497808372e-12
100.00000000000031	0.003019951720402019	5.012510658659278e-13
111.55639876771902	0.003019951720402019	3.0615513086531995e-14
138.21730389017998	0.003019951720402019	1.114389110494622e-17
171.24990861750976	0.003019951720402019	1.4944537924154307e-22
212.17698780180757	0.003019951720402019	0
262.885244821937	0.003019951720402019	0
325.7122869971341	0.003019951720402019	0
403.5543872869759	0.003019951720402019	0
499.9999999999984	0.003019951720402019	0
1000	0.003019951720402019	0
2000	0.003019951720402019	0
1.	0.00346736850452532	0.5904557689738625
1.9999999999999998	0.00346736850452532	0.4261148110317901
2.288838595949997	0.00346736850452532	0.381820045331222
2.6193910591551774	0.00346736850452532	0.3395427440878328
2.9976816770403563	0.00346736850452532	0.3016977371394016
3.4306047603910415	0.00346736850452532	0.26780856469120506
3.926050291516404	0.00346736850452532	0.23463087810903854
4.493047718431742	0.00346736850452532	0.19924805107990276
5.141930515695824	0.00346736850452532	0.15890488969313044
5.884524511008838	0.00346736850452532	0.11139568656557056
6.734363409805407	0.00346736850452532	0.06344134710049731
7.706935445758021	0.00346736850452532	0.030070139566460576
8.819965652373028	0.00346736850452532	0.014345654012812868
10.093738900052346	0.00346736850452532	0.006710488916205331
11.551469585940843	0.00346736850452532	0.002306330609338609
13.219724714121972	0.00346736850452532	0.0007884467886091549
15.128908076758211	0.00346736850452532	0.000336971149522841
17.313814360331925	0.00346736850452532	0.0001520344350265969
19.814263275520517	0.00346736850452532	0.00006675732052475825
22.675825267662994	0.00346736850452532	0.000021562090443365922
25.950652033822625	0.00346736850452532	7.202607298258549e-6
29.698426982540767	0.00346736850452532	3.0150275241525653e-6
33.98745295832107	0.00346736850452532	9.801274660251171e-7
38.895897054520105	0.00346736850452532	3.228039093020339e-7
44.51321520124173	0.00346736850452532	7.244839548748973e-8
50.941782491215115	0.00346736850452532	1.686803283606153e-8
58.29875895619149	0.00346736850452532	3.8043272931367375e-9
66.71822479745835	0.00346736850452532	7.733181492929959e-10
76.35362398484546	0.00346736850452532	1.1564376242511498e-10
87.38056075858388	0.00346736850452532	1.0992593342453612e-11
100.00000000000031	0.00346736850452532	5.829396075094424e-13
111.55639876771902	0.00346736850452532	3.5643236879041046e-14
138.21730389017998	0.00346736850452532	1.3010738529819098e-17
171.24990861750976	0.00346736850452532	1.751151400112645e-22
212.17698780180757	0.00346736850452532	0
262.885244821937	0.00346736850452532	0
325.7122869971341	0.00346736850452532	0
403.5543872869759	0.00346736850452532	0
499.9999999999984	0.00346736850452532	0
1000	0.00346736850452532	0
2000	0.00346736850452532	0
1.	0.003981071705534978	0.6643672249168651
1.9999999999999998	0.003981071705534978	0.49072921235545724
2.288838595949997	0.003981071705534978	0.4405404386530711
2.6193910591551774	0.003981071705534978	0.3913710481639368
2.9976816770403563	0.003981071705534978	0.3469299979494965
3.4306047603910415	0.003981071705534978	0.307631772185862
3.926050291516404	0.003981071705534978	0.270201097172636
4.493047718431742	0.003981071705534978	0.2307712636109302
5.141930515695824	0.003981071705534978	0.18594305412939965
5.884524511008838	0.003981071705534978	0.13241577579815528
6.734363409805407	0.003981071705534978	0.07642640660365069
7.706935445758021	0.003981071705534978	0.03632361037936483
8.819965652373028	0.003981071705534978	0.017088585128898215
10.093738900052346	0.003981071705534978	0.008025394818906217
11.551469585940843	0.003981071705534978	0.0027853910420475234
13.219724714121972	0.003981071705534978	0.0009228247348877865
15.128908076758211	0.003981071705534978	0.0003970603982170181
17.313814360331925	0.003981071705534978	0.0001784995146816301
19.814263275520517	0.003981071705534978	0.00007789341614329882
22.675825267662994	0.003981071705534978	0.000025313849296214102
25.950652033822625	0.003981071705534978	8.430691305285234e-6
29.698426982540767	0.003981071705534978	3.5034068238074003e-6
33.98745295832107	0.003981071705534978	1.1433428200684869e-6
38.895897054520105	0.003981071705534978	3.7509010446958137e-7
44.51321520124173	0.003981071705534978	8.471535455675972e-8
50.941782491215115	0.003981071705534978	1.9634562158569567e-8
58.29875895619149	0.003981071705534978	4.428144189527772e-9
66.71822479745835	0.003981071705534978	8.989365116410834e-10
76.35362398484546	0.003981071705534978	1.3442606148739466e-10
87.38056075858388	0.003981071705534978	1.2784522808178742e-11
100.00000000000031	0.003981071705534978	6.794634073578202e-13
111.55639876771902	0.003981071705534978	4.15961621675691e-14
138.21730389017998	0.003981071705534978	1.5232475809812802e-17
171.24990861750976	0.003981071705534978	2.058544906407305e-22
212.17698780180757	0.003981071705534978	0
262.885244821937	0.003981071705534978	0
325.7122869971341	0.003981071705534978	0
403.5543872869759	0.003981071705534978	0
499.9999999999984	0.003981071705534978	0
1000	0.003981071705534978	0
2000	0.003981071705534978	0
1.	0.0045708818961487565	0.7421482224227656
1.9999999999999998	0.0045708818961487565	0.5641662316320468
2.288838595949997	0.0045708818961487565	0.5078664899536448
2.6193910591551774	0.0045708818961487565	0.4510570485222887
2.9976816770403563	0.0045708818961487565	0.39886599247142407
3.4306047603910415	0.0045708818961487565	0.35322173947949614
3.926050291516404	0.0045708818961487565	0.31081610796416764
4.493047718431742	0.0045708818961487565	0.2670642924632666
5.141930515695824	0.0045708818961487565	0.2175170614777717
5.884524511008838	0.0045708818961487565	0.15765874063905005
6.734363409805407	0.0045708818961487565	0.09275008584635333
7.706935445758021	0.0045708818961487565	0.04413605528627081
8.819965652373028	0.0045708818961487565	0.02054510373446324
10.093738900052346	0.0045708818961487565	0.009633518632550023
11.551469585940843	0.0045708818961487565	0.003378402613837887
13.219724714121972	0.0045708818961487565	0.0011098623217025787
15.128908076758211	0.0045708818961487565	0.00046835329103980003
17.313814360331925	0.0045708818961487565	0.0002104784182857069
19.814263275520517	0.0045708818961487565	0.00009121679548746507
22.675825267662994	0.0045708818961487565	0.000030005874858166513
25.950652033822625	0.0045708818961487565	9.95752726833302e-6
29.698426982540767	0.0045708818961487565	4.104005477594881e-6
33.98745295832107	0.0045708818961487565	1.3452912800082001e-6
38.895897054520105	0.0045708818961487565	4.3941501342068915e-7
44.51321520124173	0.0045708818961487565	9.989189165354524e-8
50.941782491215115	0.0045708818961487565	2.305101485392089e-8
58.29875895619149	0.0045708818961487565	5.196890934730881e-9
66.71822479745835	0.0045708818961487565	1.0535294928810971e-9
76.35362398484546	0.0045708818961487565	1.5755652852929008e-10
87.38056075858388	0.0045708818961487565	1.499173032427167e-11
100.00000000000031	0.0045708818961487565	7.987650648134095e-13
111.55639876771902	0.0045708818961487565	4.896884532146818e-14
138.21730389017998	0.0045708818961487565	1.7997601965505318e-17
171.24990861750976	0.0045708818961487565	2.443385966844953e-22
212.17698780180757	0.0045708818961487565	0
262.885244821937	0.0045708818961487565	0
325.7122869971341	0.0045708818961487565	0
403.5543872869759	0.0045708818961487565	0
499.9999999999984	0.0045708818961487565	0
1000	0.0045708818961487565	0
2000	0.0045708818961487565	0
1.	0.005248074602497733	0.8215844610666482
1.9999999999999998	0.005248074602497733	0.6468915470338451
2.288838595949997	0.005248074602497733	0.585108824097682
2.6193910591551774	0.005248074602497733	0.5205743057324784
2.9976816770403563	0.005248074602497733	0.45932521029309015
3.4306047603910415	0.005248074602497733	0.405694895661952
3.926050291516404	0.005248074602497733	0.3574082901562728
4.493047718431742	0.005248074602497733	0.3086384789687553
5.141930515695824	0.005248074602497733	0.2543192076809949
5.884524511008838	0.005248074602497733	0.18807981448055466
6.734363409805407	0.005248074602497733	0.11285194233201054
7.706935445758021	0.005248074602497733	0.05400834916971726
8.819965652373028	0.005248074602497733	0.02468294682093219
10.093738900052346	0.005248074602497733	0.011616515005533895
11.551469585940843	0.005248074602497733	0.004131011927983499
13.219724714121972	0.005248074602497733	0.0013334216680523738
15.128908076758211	0.005248074602497733	0.0005556054870582406
17.313814360331925	0.005248074602497733	0.00024734146752496844
19.814263275520517	0.005248074602497733	0.0001068861743268897
22.675825267662994	0.005248074602497733	0.0000354856104603013
25.950652033822625	0.005248074602497733	0.000011725172866966249
29.698426982540767	0.005248074602497733	4.788024101488003e-6
33.98745295832107	0.005248074602497733	1.5773825191938519e-6
38.895897054520105	0.005248074602497733	5.127161416835568e-7
44.51321520124173	0.005248074602497733	1.1733219562162729e-7
50.941782491215115	0.005248074602497733	2.6965601009506307e-8
58.29875895619149	0.005248074602497733	6.075173157372822e-9
66.71822479745835	0.005248074602497733	1.229778263054136e-9
76.35362398484546	0.005248074602497733	1.839537190635833e-10
87.38056075858388	0.005248074602497733	1.751154420043418e-11
100.00000000000031	0.005248074602497733	9.356522130127221e-13
111.55639876771902	0.005248074602497733	5.745331444281878e-14
138.21730389017998	0.005248074602497733	2.1202971642521316e-17
171.24990861750976	0.005248074602497733	2.89340870813233e-22
212.17698780180757	0.005248074602497733	0
262.885244821937	0.005248074602497733	0
325.7122869971341	0.005248074602497733	0
403.5543872869759	0.005248074602497733	0
499.9999999999984	0.005248074602497733	0
1000	0.005248074602497733	0
2000	0.005248074602497733	0
1.	0.006025595860743587	0.8994745853397024
1.9999999999999998	0.006025595860743587	0.7393045080251024
2.288838595949997	0.006025595860743587	0.6735918483773486
2.6193910591551774	0.006025595860743587	0.6011933713336569
2.9976816770403563	0.006025595860743587	0.5299473780423893
3.4306047603910415	0.006025595860743587	0.46644614058683836
3.926050291516404	0.006025595860743587	0.41066168859900665
4.493047718431742	0.006025595860743587	0.35639996408072483
5.141930515695824	0.006025595860743587	0.2971747211726596
5.884524511008838	0.006025595860743587	0.2241973499760475
6.734363409805407	0.006025595860743587	0.13796161559333475
7.706935445758021	0.006025595860743587	0.06644606867046515
8.819965652373028	0.006025595860743587	0.03013501280974616
10.093738900052346	0.006025595860743587	0.014109746365768385
11.551469585940843	0.006025595860743587	0.0051025227546828275
13.219724714121972	0.006025595860743587	0.0016268259414238392
15.128908076758211	0.006025595860743587	0.000661459076849056
17.313814360331925	0.006025595860743587	0.0002936587888882806
19.814263275520517	0.006025595860743587	0.00012571236643301264
22.675825267662994	0.006025595860743587	0.00004239812754512511
25.950652033822625	0.006025595860743587	0.000013936495877705288
29.698426982540767	0.006025595860743587	5.632161910660756e-6
33.98745295832107	0.006025595860743587	1.8659174460655408e-6
38.895897054520105	0.006025595860743587	6.032246228377503e-7
44.51321520124173	0.006025595860743587	1.389692218628746e-7
50.941782491215115	0.006025595860743587	3.18223046005999e-8
58.29875895619149	0.006025595860743587	7.161443053384173e-9
66.71822479745835	0.006025595860743587	1.4474573377448085e-9
76.35362398484546	0.006025595860743587	2.1659446714843717e-10
87.38056075858388	0.006025595860743587	2.06275814071098e-11
100.00000000000031	0.006025595860743587	1.1055965303438887e-12
111.55639876771902	0.006025595860743587	6.80132217083735e-14
138.21730389017998	0.006025595860743587	2.52174831022537e-17
171.24990861750976	0.006025595860743587	3.4612073740266603e-22
212.17698780180757	0.006025595860743587	0
262.885244821937	0.006025595860743587	0
325.7122869971341	0.006025595860743587	0
403.5543872869759	0.006025595860743587	0
499.9999999999984	0.006025595860743587	0
1000	0.006025595860743587	0
2000	0.006025595860743587	0
1.	0.006918309709189377	0.973219975976712
1.9999999999999998	0.006918309709189377	0.8406069669997
2.288838595949997	0.006918309709189377	0.773021296145105
2.6193910591551774	0.006918309709189377	0.6934577400006793
2.9976816770403563	0.006918309709189377	0.6113306868282367
3.4306047603910415	0.006918309709189377	0.5373303465328552
3.926050291516404	0.006918309709189377	0.47172294897811434
4.493047718431742	0.006918309709189377	0.4111742258016587
5.141930515695824	0.006918309709189377	0.3463689290131822
5.884524511008838	0.006918309709189377	0.26722546690714305
6.734363409805407	0.006918309709189377	0.1694356855388404
7.706935445758021	0.006918309709189377	0.08266700102572358
8.819965652373028	0.006918309709189377	0.03688297663872531
10.093738900052346	0.006918309709189377	0.017213508041182223
11.551469585940843	0.006918309709189377	0.006310607084339191
13.219724714121972	0.006918309709189377	0.001969234602865647
15.128908076758211	0.006918309709189377	0.0007884153313546518
17.313814360331925	0.006918309709189377	0.00034820683282956496
19.814263275520517	0.006918309709189377	0.00014807093214351253
22.675825267662994	0.006918309709189377	0.00005036133464258877
25.950652033822625	0.006918309709189377	0.000016450637203524
29.698426982540767	0.006918309709189377	6.571168981152861e-6
33.98745295832107	0.006918309709189377	2.1906131311452896e-6
38.895897054520105	0.006918309709189377	7.039662060735023e-7
44.51321520124173	0.006918309709189377	1.6325543816368945e-7
50.941782491215115	0.006918309709189377	3.726741337111259e-8
58.29875895619149	0.006918309709189377	8.374091060239266e-9
66.71822479745835	0.006918309709189377	1.6898805705777642e-9
76.35362398484546	0.006918309709189377	2.5300460892717695e-10
87.38056075858388	0.006918309709189377	2.4104576776078035e-11
100.00000000000031	0.006918309709189377	1.2964064529800824e-12
111.55639876771902	0.006918309709189377	7.991658413429132e-14
138.21730389017998	0.006918309709189377	2.97880582762852e-17
171.24990861750976	0.006918309709189377	4.115295061766951e-22
212.17698780180757	0.006918309709189377	0
262.885244821937	0.006918309709189377	0
325.7122869971341	0.006918309709189377	0
403.5543872869759	0.006918309709189377	0
499.9999999999984	0.006918309709189377	0
1000	0.006918309709189377	0
2000	0.006918309709189377	0
1.	0.00794328234724283	1.039080097752752
1.9999999999999998	0.00794328234724283	0.9477602166277573
2.288838595949997	0.00794328234724283	0.8819045532682608
2.6193910591551774	0.00794328234724283	0.7981769759493121
2.9976816770403563	0.00794328234724283	0.7057508782912321
3.4306047603910415	0.00794328234724283	0.6177164611015036
3.926050291516404	0.00794328234724283	0.5417791258835443
4.493047718431742	0.00794328234724283	0.4729234184772068
5.141930515695824	0.00794328234724283	0.4025110712098144
5.884524511008838	0.00794328234724283	0.31764353893245484
6.734363409805407	0.00794328234724283	0.20858572961102897
7.706935445758021	0.00794328234724283	0.10393354538723269
8.819965652373028	0.00794328234724283	0.04549635133709021
10.093738900052346	0.00794328234724283	0.021062459252989524
11.551469585940843	0.00794328234724283	0.007928668137464344
13.219724714121972	0.00794328234724283	0.0024032623381448548
15.128908076758211	0.00794328234724283	0.0009482504010615866
17.313814360331925	0.00794328234724283	0.00041098380452223027
19.814263275520517	0.00794328234724283	0.00017468952856775487
22.675825267662994	0.00794328234724283	0.000060245414106376526
25.950652033822625	0.00794328234724283	0.000019531887228489112
29.698426982540767	0.00794328234724283	7.700904724294814e-6
33.98745295832107	0.00794328234724283	2.584843436059221e-6
38.895897054520105	0.00794328234724283	8.252009836801282e-7
44.51321520124173	0.00794328234724283	1.9261960843898755e-7
50.941782491215115	0.00794328234724283	4.38589693484961e-8
58.29875895619149	0.00794328234724283	9.8363417663007e-9
66.71822479745835	0.00794328234724283	1.9817550884725877e-9
76.35362398484546	0.00794328234724283	2.9690753450374337e-10
87.38056075858388	0.00794328234724283	2.8298008634876028e-11
100.00000000000031	0.00794328234724283	1.5276276553647759e-12
111.55639876771902	0.00794328234724283	9.43894575729197e-14
138.21730389017998	0.00794328234724283	3.539479844159009e-17
171.24990861750976	0.00794328234724283	4.925962452401041e-22
212.17698780180757	0.00794328234724283	0
262.885244821937	0.00794328234724283	0
325.7122869971341	0.00794328234724283	0
403.5543872869759	0.00794328234724283	0
499.9999999999984	0.00794328234724283	0
1000	0.00794328234724283	0
2000	0.00794328234724283	0
1.	0.009120108393559116	1.0880899330985208
1.9999999999999998	0.009120108393559116	1.0563698517410802
2.288838595949997	0.009120108393559116	0.9987941203151466
2.6193910591551774	0.009120108393559116	0.9158615589398548
2.9976816770403563	0.009120108393559116	0.8157084533568627
3.4306047603910415	0.009120108393559116	0.7133419979903063
3.926050291516404	0.009120108393559116	0.6226418490914225
4.493047718431742	0.009120108393559116	0.5438192204010398
5.141930515695824	0.009120108393559116	0.46776184770052026
5.884524511008838	0.009120108393559116	0.37671428378725996
6.734363409805407	0.009120108393559116	0.2569764946460238
7.706935445758021	0.009120108393559116	0.131676548868542
8.819965652373028	0.009120108393559116	0.05706567564498947
10.093738900052346	0.009120108393559116	0.025942067692992565
11.551469585940843	0.009120108393559116	0.009991519976015849
13.219724714121972	0.009120108393559116	0.002991425260978629
15.128908076758211	0.009120108393559116	0.0011423473309374647
17.313814360331925	0.009120108393559116	0.0004919962343194045
19.814263275520517	0.009120108393559116	0.00020380819291453202
22.675825267662994	0.009120108393559116	0.00007259542455178746
25.950652033822625	0.009120108393559116	0.000023325111446716545
29.698426982540767	0.009120108393559116	9.063823242654805e-6
33.98745295832107	0.009120108393559116	3.0648440409485286e-6
38.895897054520105	0.009120108393559116	9.714032297235553e-7
44.51321520124173	0.009120108393559116	2.281995710278609e-7
50.941782491215115	0.009120108393559116	5.185587822749335e-8
58.29875895619149	0.009120108393559116	1.1603739934775188e-8
66.71822479745835	0.009120108393559116	2.3340100750290612e-9
76.35362398484546	0.009120108393559116	3.499687769833068e-10
87.38056075858388	0.009120108393559116	3.3368630518531455e-11
100.00000000000031	0.009120108393559116	1.8085494142006574e-12
111.55639876771902	0.009120108393559116	1.1203776817576431e-13
138.21730389017998	0.009120108393559116	4.230098473647753e-17
171.24990861750976	0.009120108393559116	5.936165721127618e-22
212.17698780180757	0.009120108393559116	0
262.885244821937	0.009120108393559116	0
325.7122869971341	0.009120108393559116	0
403.5543872869759	0.009120108393559116	0
499.9999999999984	0.009120108393559116	0
1000	0.009120108393559116	0
2000	0.009120108393559116	0
1.	0.010471285480509017	1.1172196869775737
1.9999999999999998	0.010471285480509017	1.161798867080178
2.288838595949997	0.010471285480509017	1.1202588966886304
2.6193910591551774	0.010471285480509017	1.04519832034548
2.9976816770403563	0.010471285480509017	0.9416831961265529
3.4306047603910415	0.010471285480509017	0.8254727604706321
3.926050291516404	0.010471285480509017	0.717795930291918
4.493047718431742	0.010471285480509017	0.6259914864093947
5.141930515695824	0.010471285480509017	0.5397161609555527
5.884524511008838	0.010471285480509017	0.44491158397396313
6.734363409805407	0.010471285480509017	0.31620384630203796
7.706935445758021	0.010471285480509017	0.1686692933409358
8.819965652373028	0.010471285480509017	0.07208111593147898
10.093738900052346	0.010471285480509017	0.032150513839565124
11.551469585940843	0.010471285480509017	0.012684977185911446
13.219724714121972	0.010471285480509017	0.003724821813581459
15.128908076758211	0.010471285480509017	0.0013837144832887238
17.313814360331925	0.010471285480509017	0.0005929888985855297
19.814263275520517	0.010471285480509017	0.000241930746397494
22.675825267662994	0.010471285480509017	0.00008822727484363314
25.950652033822625	0.010471285480509017	0.000028046855442102678
29.698426982540767	0.010471285480509017	0.000010724473178917812
33.98745295832107	0.010471285480509017	3.6547953092813652e-6
38.895897054520105	0.010471285480509017	1.1493113534235353e-6
44.51321520124173	0.010471285480509017	2.7171172225307813e-7
50.941782491215115	0.010471285480509017	6.164090505707073e-8
58.29875895619149	0.010471285480509017	1.3759605162655348e-8
66.71822479745835	0.010471285480509017	2.7631271038214463e-9
76.35362398484546	0.010471285480509017	4.146791008004385e-10
87.38056075858388	0.010471285480509017	3.9558456191384375e-11
100.00000000000031	0.010471285480509017	2.153016101403208e-12
111.55639876771902	0.010471285480509017	1.3376043951791357e-13
138.21730389017998	0.010471285480509017	5.089730807702647e-17
171.24990861750976	0.010471285480509017	7.209954339669381e-22
212.17698780180757	0.010471285480509017	0
262.885244821937	0.010471285480509017	0
325.7122869971341	0.010471285480509017	0
403.5543872869759	0.010471285480509017	0
499.9999999999984	0.010471285480509017	0
1000	0.010471285480509017	0
2000	0.010471285480509017	0
1.	0.012022644346174156	1.1280396126058443
1.9999999999999998	0.012022644346174156	1.2545316954718504
2.288838595949997	0.012022644346174156	1.2360525688014328
2.6193910591551774	0.012022644346174156	1.1793529601488641
2.9976816770403563	0.012022644346174156	1.0812432273732249
3.4306047603910415	0.012022644346174156	0.9556594934369754
3.926050291516404	0.012022644346174156	0.8284792376391247
4.493047718431742	0.012022644346174156	0.7186242040019923
5.141930515695824	0.012022644346174156	0.6225542935712587
5.884524511008838	0.012022644346174156	0.5224634611239245
6.734363409805407	0.012022644346174156	0.3870114913074151
7.706935445758021	0.012022644346174156	0.21687635697034835
8.819965652373028	0.012022644346174156	0.0925241818724361
10.093738900052346	0.012022644346174156	0.04018922499146805
11.551469585940843	0.012022644346174156	0.01626041711650608
13.219724714121972	0.012022644346174156	0.004731574453686177
15.128908076758211	0.012022644346174156	0.0016836761350539444
17.313814360331925	0.012022644346174156	0.0007234634843255512
19.814263275520517	0.012022644346174156	0.00028901984153553923
22.675825267662994	0.012022644346174156	0.00010714802668092869
25.950652033822625	0.012022644346174156	0.00003363858104659283
29.698426982540767	0.012022644346174156	0.000012636328034777277
33.98745295832107	0.012022644346174156	4.341059668705426e-6
38.895897054520105	0.012022644346174156	1.3535282194085714e-6
44.51321520124173	0.012022644346174156	3.2208004006043873e-7
50.941782491215115	0.012022644346174156	7.294620346454772e-8
58.29875895619149	0.012022644346174156	1.6243079121797025e-8
66.71822479745835	0.012022644346174156	3.256548047701889e-9
76.35362398484546	0.012022644346174156	4.891631994995338e-10
87.38056075858388	0.012022644346174156	4.6696914874318695e-11
100.00000000000031	0.012022644346174156	2.552511746504913e-12
111.55639876771902	0.012022644346174156	1.59080817487464e-13
138.21730389017998	0.012022644346174156	6.107216414406359e-17
171.24990861750976	0.012022644346174156	8.743793354091089e-22
212.17698780180757	0.012022644346174156	0
262.885244821937	0.012022644346174156	0
325.7122869971341	0.012022644346174156	0
403.5543872869759	0.012022644346174156	0
499.9999999999984	0.012022644346174156	0
1000	0.012022644346174156	0
2000	0.012022644346174156	0
1.	0.01380384264602888	1.1124793137348732
1.9999999999999998	0.01380384264602888	1.3226307104543562
2.288838595949997	0.01380384264602888	1.3356214334561631
2.6193910591551774	0.01380384264602888	1.309282116983603
2.9976816770403563	0.01380384264602888	1.230412610193301
3.4306047603910415	0.01380384264602888	1.1048920390352504
3.926050291516404	0.01380384264602888	0.9607901501765248
4.493047718431742	0.01380384264602888	0.8295602348371723
5.141930515695824	0.01380384264602888	0.7174692039510745
5.884524511008838	0.01380384264602888	0.6100292856758656
6.734363409805407	0.01380384264602888	0.47086936896458087
7.706935445758021	0.01380384264602888	0.2795465854581796
8.819965652373028	0.01380384264602888	0.12048545606833547
10.093738900052346	0.01380384264602888	0.050774400211440016
11.551469585940843	0.01380384264602888	0.020994752681902592
13.219724714121972	0.01380384264602888	0.006093529356005817
15.128908076758211	0.01380384264602888	0.002072665955711047
17.313814360331925	0.01380384264602888	0.0008832979398714508
19.814263275520517	0.01380384264602888	0.0003476953079690041
22.675825267662994	0.01380384264602888	0.00013255570927926726
25.950652033822625	0.01380384264602888	0.00004102116259315593
29.698426982540767	0.01380384264602888	0.000015113685871844924
33.98745295832107	0.01380384264602888	5.233858220920304e-6
38.895897054520105	0.01380384264602888	1.6169523260823456e-6
44.51321520124173	0.01380384264602888	3.874726335522785e-7
50.941782491215115	0.01380384264602888	8.756548370100444e-8
58.29875895619149	0.01380384264602888	1.9454001695599335e-8
66.71822479745835	0.01380384264602888	3.8940050433616075e-9
76.35362398484546	0.01380384264602888	5.853907403278843e-10
87.38056075858388	0.01380384264602888	5.594275282944633e-11
100.00000000000031	0.01380384264602888	3.0712056199991513e-12
111.55639876771902	0.01380384264602888	1.9206722423265079e-13
138.21730389017998	0.01380384264602888	7.448626056025595e-17
171.24990861750976	0.01380384264602888	1.0793937281818936e-21
212.17698780180757	0.01380384264602888	0
262.885244821937	0.01380384264602888	0
325.7122869971341	0.01380384264602888	0
403.5543872869759	0.01380384264602888	0
499.9999999999984	0.01380384264602888	0
1000	0.01380384264602888	0
2000	0.01380384264602888	0
1.	0.015848931924611172	1.0795693709161625
1.9999999999999998	0.015848931924611172	1.3566999121702703
2.288838595949997	0.015848931924611172	1.4073901266662987
2.6193910591551774	0.015848931924611172	1.4213909098406354
2.9976816770403563	0.015848931924611172	1.378901308433344
3.4306047603910415	0.015848931924611172	1.2690707990703973
3.926050291516404	0.015848931924611172	1.1150923185281814
4.493047718431742	0.015848931924611172	0.9593637418854404
5.141930515695824	0.015848931924611172	0.826737653517093
5.884524511008838	0.015848931924611172	0.7071067828380638
6.734363409805407	0.015848931924611172	0.5686847551662402
7.706935445758021	0.015848931924611172	0.3605693746330024
8.819965652373028	0.015848931924611172	0.16051654815834082
10.093738900052346	0.015848931924611172	0.0649157634342577
11.551469585940843	0.015848931924611172	0.027294295479248346
13.219724714121972	0.015848931924611172	0.008079126020599124
15.128908076758211	0.015848931924611172	0.0025691125360678014
17.313814360331925	0.015848931924611172	0.0010758794777291068
19.814263275520517	0.015848931924611172	0.0004168239162417702
22.675825267662994	0.015848931924611172	0.00016175622408169465
25.950652033822625	0.015848931924611172	0.00004925850825287933
29.698426982540767	0.015848931924611172	0.000017771591962812515
33.98745295832107	0.015848931924611172	6.201383127812217e-6
38.895897054520105	0.015848931924611172	1.8971100049088641e-6
44.51321520124173	0.015848931924611172	4.5825267830981256e-7
50.941782491215115	0.015848931924611172	1.032134360614764e-7
58.29875895619149	0.015848931924611172	2.2887068490308886e-8
66.71822479745835	0.015848931924611172	4.573652797321704e-9
76.35362398484546	0.015848931924611172	6.880366874122046e-10
87.38056075858388	0.015848931924611172	6.585786469493838e-11
100.00000000000031	0.015848931924611172	3.6310967909408988e-12
111.55639876771902	0.015848931924611172	2.279295421541136e-13
138.21730389017998	0.015848931924611172	8.942026564956392e-17
171.24990861750976	0.015848931924611172	1.3137043233906775e-21
212.17698780180757	0.015848931924611172	0
262.885244821937	0.015848931924611172	0
325.7122869971341	0.015848931924611172	0
403.5543872869759	0.015848931924611172	0
499.9999999999984	0.015848931924611172	0
1000	0.015848931924611172	0
2000	0.015848931924611172	0
1.	0.01819700858609988	1.0332998309914139
1.9999999999999998	0.01819700858609988	1.3502398360169576
2.288838595949997	0.01819700858609988	1.4348295069279182
2.6193910591551774	0.01819700858609988	1.4970600946755739
2.9976816770403563	0.01819700858609988	1.5064300099532069
3.4306047603910415	0.01819700858609988	1.4366590919034528
3.926050291516404	0.01819700858609988	1.2915105087169017
4.493047718431742	0.01819700858609988	1.114941287583027
5.141930515695824	0.01819700858609988	0.9544653889747492
5.884524511008838	0.01819700858609988	0.818726661253426
6.734363409805407	0.01819700858609988	0.6778936377244659
7.706935445758021	0.01819700858609988	0.46354739809545653
8.819965652373028	0.01819700858609988	0.2169102157156615
10.093738900052346	0.01819700858609988	0.08458117740677452
11.551469585940843	0.01819700858609988	0.03542526064505281
13.219724714121972	0.01819700858609988	0.010826013153969074
15.128908076758211	0.01819700858609988	0.0031616359086224103
17.313814360331925	0.01819700858609988	0.0013158562999341563
19.814263275520517	0.01819700858609988	0.0005077782328753671
22.675825267662994	0.01819700858609988	0.00019678640577037196
25.950652033822625	0.01819700858609988	0.000058894713518160045
29.698426982540767	0.01819700858609988	0.000020774763289440064
33.98745295832107	0.01819700858609988	7.298989871675999e-6
38.895897054520105	0.01819700858609988	2.2098587896153365e-6
44.51321520124173	0.01819700858609988	5.388841569132967e-7
50.941782491215115	0.01819700858609988	1.207363065303596e-7
58.29875895619149	0.01819700858609988	2.6735457132462236e-8
66.71822479745835	0.01819700858609988	5.33314125932216e-9
76.35362398484546	0.01819700858609988	8.027822672168459e-10
87.38056075858388	0.01819700858609988	7.702152323558656e-11
100.00000000000031	0.01819700858609988	4.264337093916033e-12
111.55639876771902	0.01819700858609988	2.687593545336132e-13
138.21730389017998	0.01819700858609988	1.0683081794139592e-16
171.24990861750976	0.01819700858609988	1.5941421044559036e-21
212.17698780180757	0.01819700858609988	0
262.885244821937	0.01819700858609988	0
325.7122869971341	0.01819700858609988	0
403.5543872869759	0.01819700858609988	0
499.9999999999984	0.01819700858609988	0
1000	0.01819700858609988	0
2000	0.01819700858609988	0
1.	0.02089296130854045	0.9802327616017712
1.9999999999999998	0.02089296130854045	1.2987507389552122
2.288838595949997	0.02089296130854045	1.4091198324690073
2.6193910591551774	0.02089296130854045	1.518549904009667
2.9976816770403563	0.02089296130854045	1.5944187178837308
3.4306047603910415	0.02089296130854045	1.5894267536976814
3.926050291516404	0.02089296130854045	1.4797472040856414
4.493047718431742	0.02089296130854045	1.2961381383539612
5.141930515695824	0.02089296130854045	1.1061977118909228
5.884524511008838	0.02089296130854045	0.9470873776065326
6.734363409805407	0.02089296130854045	0.8001035002785452
7.706935445758021	0.02089296130854045	0.5873792189242001
8.819965652373028	0.02089296130854045	0.29613700059192144
10.093738900052346	0.02089296130854045	0.1125728333074936
11.551469585940843	0.02089296130854045	0.04643322195762575
13.219724714121972	0.02089296130854045	0.014709605879451837
15.128908076758211	0.02089296130854045	0.00401938878780936
17.313814360331925	0.02089296130854045	0.001611260080360014
19.814263275520517	0.02089296130854045	0.0006222328834164744
22.675825267662994	0.02089296130854045	0.0002444389802528466
25.950652033822625	0.02089296130854045	0.000071864737694053
29.698426982540767	0.02089296130854045	0.000024747788024352767
33.98745295832107	0.02089296130854045	8.743261854347634e-6
38.895897054520105	0.02089296130854045	2.6190620073746448e-6
44.51321520124173	0.02089296130854045	6.459993759907265e-7
50.941782491215115	0.02089296130854045	1.436158742653384e-7
58.29875895619149	0.02089296130854045	3.177099250389324e-8
66.71822479745835	0.02089296130854045	6.324186915276728e-9
76.35362398484546	0.02089296130854045	9.526240593793009e-10
87.38056075858388	0.02089296130854045	9.169557087150668e-11
100.00000000000031	0.02089296130854045	5.097166227434705e-12
111.55639876771902	0.02089296130854045	3.2265229106569855e-13
138.21730389017998	0.02089296130854045	1.301726559885778e-16
171.24990861750976	0.02089296130854045	1.977104089712876e-21
212.17698780180757	0.02089296130854045	0
262.885244821937	0.02089296130854045	0
325.7122869971341	0.02089296130854045	0
403.5543872869759	0.02089296130854045	0
499.9999999999984	0.02089296130854045	0
1000	0.02089296130854045	0
2000	0.02089296130854045	0
1.	0.023988329190194974	0.9320586046182341
1.9999999999999998	0.023988329190194974	1.214029128975752
2.288838595949997	0.023988329190194974	1.3364584834965434
2.6193910591551774	0.023988329190194974	1.4790095539177976
2.9976816770403563	0.023988329190194974	1.6159098344934464
3.4306047603910415	0.023988329190194974	1.6953099165056766
3.926050291516404	0.023988329190194974	1.6605310494966372
4.493047718431742	0.023988329190194974	1.5028523598662988
5.141930515695824	0.023988329190194974	1.2892516190027068
5.884524511008838	0.023988329190194974	1.0975205865986333
6.734363409805407	0.023988329190194974	0.9347265202563926
7.706935445758021	0.023988329190194974	0.7317312582641761
8.819965652373028	0.023988329190194974	0.40695849069719575
10.093738900052346	0.023988329190194974	0.15422304404548312
11.551469585940843	0.023988329190194974	0.06132700247138488
13.219724714121972	0.023988329190194974	0.020482069156023613
15.128908076758211	0.023988329190194974	0.005341271438391417
17.313814360331925	0.023988329190194974	0.002026967500866483
19.814263275520517	0.023988329190194974	0.0007670335678453203
22.675825267662994	0.023988329190194974	0.00030246951187981244
25.950652033822625	0.023988329190194974	0.0000874181220334619
29.698426982540767	0.023988329190194974	0.00002934182983778432
33.98745295832107	0.023988329190194974	0.000010404869029031998
38.895897054520105	0.023988329190194974	3.084211782513602e-6
44.51321520124173	0.023988329190194974	7.710231990905441e-7
50.941782491215115	0.023988329190194974	1.6962939954566443e-7
58.29875895619149	0.023988329190194974	3.74932899897892e-8
66.71822479745835	0.023988329190194974	7.442587466535824e-9
76.35362398484546	0.023988329190194974	1.1223215133530509e-9
87.38056075858388	0.023988329190194974	1.0848956792415629e-10
100.00000000000031	0.023988329190194974	6.054454935419153e-12
111.55639876771902	0.023988329190194974	3.8507256333954865e-13
138.21730389017998	0.023988329190194974	1.5797603289459489e-16
171.24990861750976	0.023988329190194974	2.4478606647297e-21
212.17698780180757	0.023988329190194974	0
262.885244821937	0.023988329190194974	0
325.7122869971341	0.023988329190194974	0
403.5543872869759	0.023988329190194974	0
499.9999999999984	0.023988329190194974	0
1000	0.023988329190194974	0
2000	0.023988329190194974	0
1.	0.027542287033381744	0.8839201756330997
1.9999999999999998	0.027542287033381744	1.1079803869189269
2.288838595949997	0.027542287033381744	1.2242798439500613
2.6193910591551774	0.027542287033381744	1.378030873177724
2.9976816770403563	0.027542287033381744	1.5583108590868988
3.4306047603910415	0.027542287033381744	1.7258305837998087
3.926050291516404	0.027542287033381744	1.798179453954248
4.493047718431742	0.027542287033381744	1.7129195766498424
5.141930515695824	0.027542287033381744	1.5025790630401314
5.884524511008838	0.027542287033381744	1.2741483500660582
6.734363409805407	0.027542287033381744	1.08471877339346
7.706935445758021	0.027542287033381744	0.8909463264775633
8.819965652373028	0.027542287033381744	0.5557507664465193
10.093738900052346	0.027542287033381744	0.21789912329415828
11.551469585940843	0.027542287033381744	0.08133057638325712
13.219724714121972	0.027542287033381744	0.028414393955632222
15.128908076758211	0.027542287033381744	0.007008067637272948
17.313814360331925	0.027542287033381744	0.0026036787903669567
19.814263275520517	0.027542287033381744	0.0010182123695816115
22.675825267662994	0.027542287033381744	0.0003772090673649868
25.950652033822625	0.027542287033381744	0.0001073989318461695
29.698426982540767	0.027542287033381744	0.000035066952399191805
33.98745295832107	0.027542287033381744	0.000012450410090633883
38.895897054520105	0.027542287033381744	3.6551167603280226e-6
44.51321520124173	0.027542287033381744	9.275728435564321e-7
50.941782491215115	0.027542287033381744	2.015012320868615e-7
58.29875895619149	0.027542287033381744	4.447584023770774e-8
66.71822479745835	0.027542287033381744	8.795328162872695e-9
76.35362398484546	0.027542287033381744	1.328859189853045e-9
87.38056075858388	0.027542287033381744	1.291195487005424e-10
100.00000000000031	0.027542287033381744	7.2351601044855615e-12
111.55639876771902	0.027542287033381744	4.625734442676019e-13
138.21730389017998	0.027542287033381744	1.9335441699574733e-16
171.24990861750976	0.027542287033381744	3.064172457256067e-21
212.17698780180757	0.027542287033381744	0
262.885244821937	0.027542287033381744	0
325.7122869971341	0.027542287033381744	0
403.5543872869759	0.027542287033381744	0
499.9999999999984	0.027542287033381744	0
1000	0.027542287033381744	0
2000	0.027542287033381744	0
1.	0.03162277660168389	0.8373282671668532
1.9999999999999998	0.03162277660168389	0.9978356315911109
2.288838595949997	0.03162277660168389	1.0941002785310698
2.6193910591551774	0.03162277660168389	1.2355613647108035
2.9976816770403563	0.03162277660168389	1.431201612442441
3.4306047603910415	0.03162277660168389	1.6592922075873784
3.926050291516404	0.03162277660168389	1.8493397302842511
4.493047718431742	0.03162277660168389	1.8953287689709586
5.141930515695824	0.03162277660168389	1.7391584691969515
5.884524511008838	0.03162277660168389	1.488297560513288
6.734363409805407	0.03162277660168389	1.2600582843713788
7.706935445758021	0.03162277660168389	1.0574899935690876
8.819965652373028	0.03162277660168389	0.7397221863115041
10.093738900052346	0.03162277660168389	0.3157559610014015
11.551469585940843	0.03162277660168389	0.11048011572947876
13.219724714121972	0.03162277660168389	0.04025783575968199
15.128908076758211	0.03162277660168389	0.009641401617517958
17.313814360331925	0.03162277660168389	0.0033431338824674098
19.814263275520517	0.03162277660168389	0.0012750289019828984
22.675825267662994	0.03162277660168389	0.0004680923537563067
25.950652033822625	0.03162277660168389	0.0001317405078731432
29.698426982540767	0.03162277660168389	0.000041733263069213
33.98745295832107	0.03162277660168389	0.000014786683898513652
38.895897054520105	0.03162277660168389	4.3071195765377165e-6
44.51321520124173	0.03162277660168389	1.1101007333060677e-6
50.941782491215115	0.03162277660168389	2.3788645886355915e-7
58.29875895619149	0.03162277660168389	5.2358264517237694e-8
66.71822479745835	0.03162277660168389	1.0301654476033877e-8
76.35362398484546	0.03162277660168389	1.5612785650051034e-9
87.38056075858388	0.03162277660168389	1.5258600661399455e-10
100.00000000000031	0.03162277660168389	8.589793243356715e-12
111.55639876771902	0.03162277660168389	5.523897578987211e-13
138.21730389017998	0.03162277660168389	2.3574332555034556e-16
171.24990861750976	0.03162277660168389	3.830696758209168e-21
212.17698780180757	0.03162277660168389	0
262.885244821937	0.03162277660168389	0
325.7122869971341	0.03162277660168389	0
403.5543872869759	0.03162277660168389	0
499.9999999999984	0.03162277660168389	0
1000	0.03162277660168389	0
2000	0.03162277660168389	0
1.	0.03630780547701025	0.7752649190376699
1.9999999999999998	0.03630780547701025	0.8911709006693063
2.288838595949997	0.03630780547701025	0.9635445293061465
2.6193910591551774	0.03630780547701025	1.0793803463990286
2.9976816770403563	0.03630780547701025	1.2566307784073985
3.4306047603910415	0.03630780547701025	1.5061324941155125
3.926050291516404	0.03630780547701025	1.7881499174632425
4.493047718431742	0.03630780547701025	1.990009135963579
5.141930515695824	0.03630780547701025	1.9657499898620163
5.884524511008838	0.03630780547701025	1.7333188307097238
6.734363409805407	0.03630780547701025	1.463839439829187
7.706935445758021	0.03630780547701025	1.2342112757180648
8.819965652373028	0.03630780547701025	0.95430031561957
10.093738900052346	0.03630780547701025	0.4647499656709364
11.551469585940843	0.03630780547701025	0.15562252268988822
13.219724714121972	0.03630780547701025	0.056675071599383384
15.128908076758211	0.03630780547701025	0.013990470815137098
17.313814360331925	0.03630780547701025	0.004339995756075478
19.814263275520517	0.03630780547701025	0.0016174604795030348
22.675825267662994	0.03630780547701025	0.0005836610225426762
25.950652033822625	0.03630780547701025	0.00016302540446962258
29.698426982540767	0.03630780547701025	0.000049927026207724926
33.98745295832107	0.03630780547701025	0.000017576827405839043
38.895897054520105	0.03630780547701025	5.094503839415847e-6
44.51321520124173	0.03630780547701025	1.331999417050954e-6
50.941782491215115	0.03630780547701025	2.8184596737504854e-7
58.29875895619149	0.03630780547701025	6.170492657851997e-8
66.71822479745835	0.03630780547701025	1.2063850120909844e-8
76.35362398484546	0.03630780547701025	1.8363012240501257e-9
87.38056075858388	0.03630780547701025	1.8053637248293004e-10
100.00000000000031	0.03630780547701025	1.0222371141434755e-11
111.55639876771902	0.03630780547701025	6.617286740134321e-13
138.21730389017998	0.03630780547701025	2.8894925387385425e-16
171.24990861750976	0.03630780547701025	4.826596249352869e-21
212.17698780180757	0.03630780547701025	0
262.885244821937	0.03630780547701025	0
325.7122869971341	0.03630780547701025	0
403.5543872869759	0.03630780547701025	0
499.9999999999984	0.03630780547701025	0
1000	0.03630780547701025	0
2000	0.03630780547701025	0
1.	0.04168693834703368	0.6957493465587476
1.9999999999999998	0.04168693834703368	0.7936153804409326
2.288838595949997	0.04168693834703368	0.8467850614821741
2.6193910591551774	0.04168693834703368	0.9321845755708466
2.9976816770403563	0.04168693834703368	1.0718898106933603
3.4306047603910415	0.04168693834703368	1.2943915984937884
3.926050291516404	0.04168693834703368	1.6051585703798203
4.493047718431742	0.04168693834703368	1.9391674085276331
5.141930515695824	0.04168693834703368	2.1143198833379686
5.884524511008838	0.04168693834703368	1.989779784379587
6.734363409805407	0.04168693834703368	1.7043606284938342
7.706935445758021	0.04168693834703368	1.4310726363110313
8.819965652373028	0.04168693834703368	1.17258232244888
10.093738900052346	0.04168693834703368	0.675751694309464
11.551469585940843	0.04168693834703368	0.2273820942079877
13.219724714121972	0.04168693834703368	0.08039102685234195
15.128908076758211	0.04168693834703368	0.02036391194146132
17.313814360331925	0.04168693834703368	0.005706994851139522
19.814263275520517	0.04168693834703368	0.0021018671518367583
22.675825267662994	0.04168693834703368	0.0007317451585175153
25.950652033822625	0.04168693834703368	0.00020351222291932263
29.698426982540767	0.04168693834703368	0.00005999564450651549
33.98745295832107	0.04168693834703368	0.000020868606946085494
38.895897054520105	0.04168693834703368	6.040896075125269e-6
44.51321520124173	0.04168693834703368	1.5977623673209833e-6
50.941782491215115	0.04168693834703368	3.3485953147006127e-7
58.29875895619149	0.04168693834703368	7.267367015591673e-8
66.71822479745835	0.04168693834703368	1.4109941715958058e-8
76.35362398484546	0.04168693834703368	2.1586380319908033e-9
87.38056075858388	0.04168693834703368	2.133999958168575e-10
100.00000000000031	0.04168693834703368	1.2175959979640443e-11
111.55639876771902	0.04168693834703368	7.941846886701007e-13
138.21730389017998	0.04168693834703368	3.5560721993241225e-16
171.24990861750976	0.04168693834703368	6.120682120017991e-21
212.17698780180757	0.04168693834703368	0
262.885244821937	0.04168693834703368	0
325.7122869971341	0.04168693834703368	0
403.5543872869759	0.04168693834703368	0
499.9999999999984	0.04168693834703368	0
1000	0.04168693834703368	0
2000	0.04168693834703368	0
1.	0.047863009232264	0.5905078409055065
1.9999999999999998	0.047863009232264	0.6938308553037813
2.288838595949997	0.047863009232264	0.737256643540982
2.6193910591551774	0.047863009232264	0.8008291258922663
2.9976816770403563	0.047863009232264	0.9025824587277188
3.4306047603910415	0.047863009232264	1.0709323990704709
3.926050291516404	0.047863009232264	1.3472498511729358
4.493047718431742	0.047863009232264	1.7382580226080215
5.141930515695824	0.047863009232264	2.1094597926415206
5.884524511008838	0.047863009232264	2.1990588160357682
6.734363409805407	0.047863009232264	1.9598992365304615
7.706935445758021	0.047863009232264	1.6495617761073365
8.819965652373028	0.047863009232264	1.3840112992485403
10.093738900052346	0.047863009232264	0.9429754562324724
11.551469585940843	0.047863009232264	0.34647669732623704
13.219724714121972	0.047863009232264	0.11323000046026883
15.128908076758211	0.047863009232264	0.031013438817523668
17.313814360331925	0.047863009232264	0.008212351930225683
19.814263275520517	0.047863009232264	0.0027787810506774047
22.675825267662994	0.047863009232264	0.0009340961173461192
25.950652033822625	0.047863009232264	0.00025893005829260814
29.698426982540767	0.047863009232264	0.00007317645114439961
33.98745295832107	0.047863009232264	0.00002497107187145601
38.895897054520105	0.047863009232264	7.24764244308505e-6
44.51321520124173	0.047863009232264	1.9316747214719864e-6
50.941782491215115	0.047863009232264	4.028722574565389e-7
58.29875895619149	0.047863009232264	8.632868355398756e-8
66.71822479745835	0.047863009232264	1.6657488347119775e-8
76.35362398484546	0.047863009232264	2.56028958012512e-9
87.38056075858388	0.047863009232264	2.5427922850796233e-10
100.00000000000031	0.047863009232264	1.465395881170591e-11
111.55639876771902	0.047863009232264	9.642431374835218e-13
138.21730389017998	0.047863009232264	4.4374805502696654e-16
171.24990861750976	0.047863009232264	7.886524108387338e-21
212.17698780180757	0.047863009232264	0
262.885244821937	0.047863009232264	0
325.7122869971341	0.047863009232264	0
403.5543872869759	0.047863009232264	0
499.9999999999984	0.047863009232264	0
1000	0.047863009232264	0
2000	0.047863009232264	0
1.	0.05495408738576265	0.4683112173741678
1.9999999999999998	0.05495408738576265	0.5826931977015005
2.288838595949997	0.05495408738576265	0.6256049900207937
2.6193910591551774	0.05495408738576265	0.6787044281281063
2.9976816770403563	0.05495408738576265	0.7540237305882797
3.4306047603910415	0.05495408738576265	0.8744033109190326
3.926050291516404	0.05495408738576265	1.0785306576768203
4.493047718431742	0.05495408738576265	1.427959145905274
5.141930515695824	0.05495408738576265	1.9024006199642418
5.884524511008838	0.05495408738576265	2.2647395882980312
6.734363409805407	0.05495408738576265	2.2091884640217887
7.706935445758021	0.05495408738576265	1.8975710180234793
8.819965652373028	0.05495408738576265	1.5852308620898579
10.093738900052346	0.05495408738576265	1.230241070353405
11.551469585940843	0.05495408738576265	0.5400260563307645
13.219724714121972	0.05495408738576265	0.1629594332305851
15.128908076758211	0.05495408738576265	0.04875962744625874
17.313814360331925	0.05495408738576265	0.010620856178424402
19.814263275520517	0.05495408738576265	0.0037365794066578435
22.675825267662994	0.05495408738576265	0.001245517450478008
25.950652033822625	0.05495408738576265	0.0003433395075627151
29.698426982540767	0.05495408738576265	0.00009280392536890277
33.98745295832107	0.05495408738576265	0.00003080915701423162
38.895897054520105	0.05495408738576265	8.995718508777472e-6
44.51321520124173	0.05495408738576265	2.406224039271274e-6
50.941782491215115	0.05495408738576265	5.01971759909985e-7
58.29875895619149	0.05495408738576265	1.0580196470304912e-7
66.71822479745835	0.05495408738576265	2.0334590573883554e-8
76.35362398484546	0.05495408738576265	3.134904158959442e-9
87.38056075858388	0.05495408738576265	3.125286296645284e-10
100.00000000000031	0.05495408738576265	1.8232779838223454e-11
111.55639876771902	0.05495408738576265	1.212026642017882e-12
138.21730389017998	0.05495408738576265	5.7462556323377e-16
171.24990861750976	0.05495408738576265	1.0564468572426344e-20
212.17698780180757	0.05495408738576265	0
262.885244821937	0.05495408738576265	0
325.7122869971341	0.05495408738576265	0
403.5543872869759	0.05495408738576265	0
499.9999999999984	0.05495408738576265	0
1000	0.05495408738576265	0
2000	0.05495408738576265	0
1.	0.06309573444801955	0.34537061843656436
1.9999999999999998	0.06309573444801955	0.46227555252104047
2.288838595949997	0.06309573444801955	0.5045793390101256
2.6193910591551774	0.06309573444801955	0.5566707165112386
2.9976816770403563	0.06309573444801955	0.6230758432630227
3.4306047603910415	0.06309573444801955	0.7098238139987894
3.926050291516404	0.06309573444801955	0.8504214445943079
4.493047718431742	0.06309573444801955	1.1020779740604374
5.141930515695824	0.06309573444801955	1.5413889150001192
5.884524511008838	0.06309573444801955	2.0923698933824415
6.734363409805407	0.06309573444801955	2.351368918771466
7.706935445758021	0.06309573444801955	2.1388216921073293
8.819965652373028	0.06309573444801955	1.7920322096946069
10.093738900052346	0.06309573444801955	1.471083430934668
11.551469585940843	0.06309573444801955	0.8250797540453132
13.219724714121972	0.06309573444801955	0.24212934917642578
15.128908076758211	0.06309573444801955	0.07475571758413466
17.313814360331925	0.06309573444801955	0.015449471554730407
19.814263275520517	0.06309573444801955	0.004984489975323629
22.675825267662994	0.06309573444801955	0.00165953271465687
25.950652033822625	0.06309573444801955	0.0004529241933889438
29.698426982540767	0.06309573444801955	0.00011722930715388582
33.98745295832107	0.06309573444801955	0.000037510056283354576
38.895897054520105	0.06309573444801955	0.000011040709029027672
44.51321520124173	0.06309573444801955	2.952295068147228e-6
50.941782491215115	0.06309573444801955	6.187585807104262e-7
58.29875895619149	0.06309573444801955	1.2797091760098808e-7
66.71822479745835	0.06309573444801955	2.456231177002307e-8
76.35362398484546	0.06309573444801955	3.79026001883533e-9
87.38056075858388	0.06309573444801955	3.792644664861157e-10
100.00000000000031	0.06309573444801955	2.24294657931236e-11
111.55639876771902	0.06309573444801955	1.5086569934775018e-12
138.21730389017998	0.06309573444801955	7.385893226043633e-16
171.24990861750976	0.06309573444801955	1.4071302266001805e-20
212.17698780180757	0.06309573444801955	0
262.885244821937	0.06309573444801955	0
325.7122869971341	0.06309573444801955	0
403.5543872869759	0.06309573444801955	0
499.9999999999984	0.06309573444801955	0
1000	0.06309573444801955	0
2000	0.06309573444801955	0
1.	0.07244359600749928	0.24182904422292809
1.9999999999999998	0.07244359600749928	0.34084705186249
2.288838595949997	0.07244359600749928	0.38101485751829806
2.6193910591551774	0.07244359600749928	0.4292902225775825
2.9976816770403563	0.07244359600749928	0.4893553467633254
3.4306047603910415	0.07244359600749928	0.5641280275454543
3.926050291516404	0.07244359600749928	0.664595162923193
4.493047718431742	0.07244359600749928	0.8271114634820341
5.141930515695824	0.07244359600749928	1.143130550131297
5.884524511008838	0.07244359600749928	1.6903731962844857
6.734363409805407	0.07244359600749928	2.260180276404149
7.706935445758021	0.07244359600749928	2.327909602084761
8.819965652373028	0.07244359600749928	2.024071087730491
10.093738900052346	0.07244359600749928	1.652837072119877
11.551469585940843	0.07244359600749928	1.1712898991201337
13.219724714121972	0.07244359600749928	0.38209944228724724
15.128908076758211	0.07244359600749928	0.11188265941950815
17.313814360331925	0.07244359600749928	0.024039696674232405
19.814263275520517	0.07244359600749928	0.006687254130791553
22.675825267662994	0.07244359600749928	0.00222209033396352
25.950652033822625	0.07244359600749928	0.0005985649930539272
29.698426982540767	0.07244359600749928	0.00014915253513317182
33.98745295832107	0.07244359600749928	0.00004554464261056959
38.895897054520105	0.07244359600749928	0.000013521414742967893
44.51321520124173	0.07244359600749928	3.5981290984296225e-6
50.941782491215115	0.07244359600749928	7.600905243789024e-7
58.29875895619149	0.07244359600749928	1.5428703369946384e-7
66.71822479745835	0.07244359600749928	2.9582428829183264e-8
76.35362398484546	0.07244359600749928	4.565437394711868e-9
87.38056075858388	0.07244359600749928	4.5908439091228074e-10
100.00000000000031	0.07244359600749928	2.7520030119302586e-11
111.55639876771902	0.07244359600749928	1.875814320521236e-12
138.21730389017998	0.07244359600749928	9.504519425180104e-16
171.24990861750976	0.07244359600749928	1.8801160824474178e-20
212.17698780180757	0.07244359600749928	0
262.885244821937	0.07244359600749928	0
325.7122869971341	0.07244359600749928	0
403.5543872869759	0.07244359600749928	0
499.9999999999984	0.07244359600749928	0
1000	0.07244359600749928	0
2000	0.07244359600749928	0
1.	0.08317637711026743	0.1678661577401321
1.9999999999999998	0.08317637711026743	0.23260723084233872
2.288838595949997	0.08317637711026743	0.26310910318672626
2.6193910591551774	0.08317637711026743	0.3029894164034047
2.9976816770403563	0.08317637711026743	0.35550753852704053
3.4306047603910415	0.08317637711026743	0.42083710135773705
3.926050291516404	0.08317637711026743	0.503657400440074
4.493047718431742	0.08317637711026743	0.6149290047693411
5.141930515695824	0.08317637711026743	0.8104149835610408
5.884524511008838	0.08317637711026743	1.2049445610487817
6.734363409805407	0.08317637711026743	1.8691725107551476
7.706935445758021	0.08317637711026743	2.3474577186501455
8.819965652373028	0.08317637711026743	2.2186500881697984
10.093738900052346	0.08317637711026743	1.8310298015621795
11.551469585940843	0.08317637711026743	1.463097054200095
13.219724714121972	0.08317637711026743	0.6215105634310274
15.128908076758211	0.08317637711026743	0.16372642947303398
17.313814360331925	0.08317637711026743	0.039299793909829045
19.814263275520517	0.08317637711026743	0.009081818709600098
22.675825267662994	0.08317637711026743	0.002956734351776982
25.950652033822625	0.08317637711026743	0.0007882565079532034
29.698426982540767	0.08317637711026743	0.00019068792337485324
33.98745295832107	0.08317637711026743	0.000054994561337585296
38.895897054520105	0.08317637711026743	0.00001645031727257605
44.51321520124173	0.08317637711026743	4.329606998900579e-6
50.941782491215115	0.08317637711026743	9.245501941099589e-7
58.29875895619149	0.08317637711026743	1.847143069752968e-7
66.71822479745835	0.08317637711026743	3.5230750227801053e-8
76.35362398484546	0.08317637711026743	5.446042270334598e-9
87.38056075858388	0.08317637711026743	5.516256684286505e-10
100.00000000000031	0.08317637711026743	3.3481490353184445e-11
111.55639876771902	0.08317637711026743	2.3149496666566562e-12
138.21730389017998	0.08317637711026743	1.216797919868461e-15
171.24990861750976	0.08317637711026743	2.505582430682338e-20
212.17698780180757	0.08317637711026743	0
262.885244821937	0.08317637711026743	0
325.7122869971341	0.08317637711026743	0
403.5543872869759	0.08317637711026743	0
499.9999999999984	0.08317637711026743	0
1000	0.08317637711026743	0
2000	0.08317637711026743	0
1.	0.09549925860214398	0.12205915388517237
1.9999999999999998	0.09549925860214398	0.15766625175865484
2.288838595949997	0.09549925860214398	0.174609214949024
2.6193910591551774	0.09549925860214398	0.20148144343274876
2.9976816770403563	0.09549925860214398	0.2380635912864283
3.4306047603910415	0.09549925860214398	0.28885210325764943
3.926050291516404	0.09549925860214398	0.3575285372240294
4.493047718431742	0.09549925860214398	0.44761019961165976
5.141930515695824	0.09549925860214398	0.5773359441400502
5.884524511008838	0.09549925860214398	0.8093599961039438
6.734363409805407	0.09549925860214398	1.311834461544264
7.706935445758021	0.09549925860214398	2.0503475398995312
8.819965652373028	0.09549925860214398	2.3219385921475673
10.093738900052346	0.09549925860214398	2.03171875143221
11.551469585940843	0.09549925860214398	1.6354576885511476
13.219724714121972	0.09549925860214398	0.980205260363874
15.128908076758211	0.09549925860214398	0.24365207075295725
17.313814360331925	0.09549925860214398	0.0649106131963744
19.814263275520517	0.09549925860214398	0.01254075754518611
22.675825267662994	0.09549925860214398	0.0040065811218769915
25.950652033822625	0.09549925860214398	0.0010690306815785472
29.698426982540767	0.09549925860214398	0.0002531253611236912
33.98745295832107	0.09549925860214398	0.00006823712267651552
38.895897054520105	0.09549925860214398	0.00002049343582027521
44.51321520124173	0.09549925860214398	5.301277439262505e-6
50.941782491215115	0.09549925860214398	1.148730011159715e-6
58.29875895619149	0.09549925860214398	2.263200063241734e-7
66.71822479745835	0.09549925860214398	4.263936014922443e-8
76.35362398484546	0.09549925860214398	6.619749068658892e-9
87.38056075858388	0.09549925860214398	6.770768830551484e-10
100.00000000000031	0.09549925860214398	4.1590224615660464e-11
111.55639876771902	0.09549925860214398	2.9165463468236277e-12
138.21730389017998	0.09549925860214398	1.5948946627267793e-15
171.24990861750976	0.09549925860214398	3.429786160583708e-20
212.17698780180757	0.09549925860214398	0
262.885244821937	0.09549925860214398	0
325.7122869971341	0.09549925860214398	0
403.5543872869759	0.09549925860214398	0
499.9999999999984	0.09549925860214398	0
1000	0.09549925860214398	0
2000	0.09549925860214398	0
1.	0.10964781961431896	0.09467994906752672
1.9999999999999998	0.10964781961431896	0.11116459286683153
2.288838595949997	0.10964781961431896	0.12048464474960979
2.6193910591551774	0.10964781961431896	0.13561489045970013
2.9976816770403563	0.10964781961431896	0.15372419452174396
3.4306047603910415	0.10964781961431896	0.1845077871004205
3.926050291516404	0.10964781961431896	0.23204763558726432
4.493047718431742	0.10964781961431896	0.30164458091906593
5.141930515695824	0.10964781961431896	0.39844138017603337
5.884524511008838	0.10964781961431896	0.5415499671267219
6.734363409805407	0.10964781961431896	0.834073354017242
7.706935445758021	0.10964781961431896	1.479504255578908
8.819965652373028	0.10964781961431896	2.191238886211574
10.093738900052346	0.10964781961431896	2.1735078615353425
11.551469585940843	0.10964781961431896	1.786376152986241
13.219724714121972	0.10964781961431896	1.3421431329527103
15.128908076758211	0.10964781961431896	0.3956299799576486
17.313814360331925	0.10964781961431896	0.1028210311073028
19.814263275520517	0.10964781961431896	0.018275268631050588
22.675825267662994	0.10964781961431896	0.005336478803765433
25.950652033822625	0.10964781961431896	0.0014487934921734212
29.698426982540767	0.10964781961431896	0.0003373510285038925
33.98745295832107	0.10964781961431896	0.0000843064610303265
38.895897054520105	0.10964781961431896	0.000025218041889045694
44.51321520124173	0.10964781961431896	6.40593609203147e-6
50.941782491215115	0.10964781961431896	1.4147469263596974e-6
58.29875895619149	0.10964781961431896	2.7342047623855587e-7
66.71822479745835	0.10964781961431896	5.0725124012369823e-8
76.35362398484546	0.10964781961431896	7.912386176312011e-9
87.38056075858388	0.10964781961431896	8.18348727813593e-10
100.00000000000031	0.10964781961431896	5.097387474537548e-11
111.55639876771902	0.10964781961431896	3.6205639308265883e-12
138.21730389017998	0.10964781961431896	2.0683411947066473e-15
171.24990861750976	0.10964781961431896	4.6618618515573117e-20
212.17698780180757	0.10964781961431896	0
262.885244821937	0.10964781961431896	0
325.7122869971341	0.10964781961431896	0
403.5543872869759	0.10964781961431896	0
499.9999999999984	0.10964781961431896	0
1000	0.10964781961431896	0
2000	0.10964781961431896	0