1.	0.001	0.134697
1.9999999999999998	0.001	0.10112700000000001
2.288838595949997	0.001	0.09316343871102549
2.6193910591551774	0.001	0.08512077643618417
2.9976816770403563	0.001	0.07670466390907815
3.4306047603910415	0.001	0.06738789818845173
3.926050291516404	0.001	0.05679169407830955
4.493047718431742	0.001	0.045274046346417504
5.141930515695824	0.001	0.0336165923815437
5.884524511008838	0.001	0.022646150362660093
6.734363409805407	0.001	0.013294876539874075
7.706935445758021	0.001	0.006603391334072645
8.819965652373028	0.001	0.0028708945795088347
10.093738900052346	0.001	0.001175960929474818
11.551469585940843	0.001	0.0004613169103162097
13.219724714121972	0.001	0.00018952564826102105
15.128908076758211	0.001	0.00008510312019500094
17.313814360331925	0.001	0.00003646287201817201
19.814263275520517	0.001	0.00001417842729508211
22.675825267662994	0.001	4.485036555753536e-6
25.950652033822625	0.001	1.4465345047444476e-6
29.698426982540767	0.001	5.539396720064487e-7
33.98745295832107	0.001	1.8389205865133786e-7
38.895897054520105	0.001	6.179921689068626e-8
44.51321520124173	0.001	1.2487258498366455e-8
50.941782491215115	0.001	2.9262053171133926e-9
58.29875895619149	0.001	5.2277147483281e-10
66.71822479745835	0.001	7.170357367447888e-11
76.35362398484546	0.001	5.482330366533396e-12
87.38056075858388	0.001	1.6754781645610326e-13
100.00000000000031	0.001	1.902187464535083e-15
111.55639876771902	0.001	4.085021041315522e-17
138.21730389017998	0.001	2.7813814557794753e-19
171.24990861750976	0.001	4.4211781021913785e-20
212.17698780180757	0.001	8.128389303273939e-21
262.885244821937	0.001	1.177637028723416e-21
325.7122869971341	0.001	6.341069561466935e-23
403.5543872869759	0.001	9.341175703420314e-25
499.9999999999984	0.001	0
1000	0.001	0
2000	0.001	0
1.	0.0011481536214968829	0.15652254312873126
1.9999999999999998	0.0011481536214968829	0.11708239510528866
2.288838595949997	0.0011481536214968829	0.1077334054876821
2.6193910591551774	0.0011481536214968829	0.09834619869385694
2.9976816770403563	0.0011481536214968829	0.08859245143331229
3.4306047603910415	0.0011481536214968829	0.07790654313583988
3.926050291516404	0.0011481536214968829	0.06578491527368921
4.493047718431742	0.0011481536214968829	0.05252623394382697
5.141930515695824	0.0011481536214968829	0.039095927660948486
5.884524511008838	0.0011481536214968829	0.026417436331768792
6.734363409805407	0.0011481536214968829	0.01553112932536441
7.706935445758021	0.0011481536214968829	0.00772025512668693
8.819965652373028	0.0011481536214968829	0.0033843491051494365
10.093738900052346	0.0011481536214968829	0.0013732026700048155
11.551469585940843	0.0011481536214968829	0.0005367343678868921
13.219724714121972	0.0011481536214968829	0.00022038517618165745
15.128908076758211	0.0011481536214968829	0.00009863622344210978
17.313814360331925	0.0011481536214968829	0.00004217119176985272
19.814263275520517	0.0011481536214968829	0.000016381534417997402
22.675825267662994	0.0011481536214968829	5.191210142757972e-6
25.950652033822625	0.0011481536214968829	1.6682570673076864e-6
29.698426982540767	0.0011481536214968829	6.39050427489556e-7
33.98745295832107	0.0011481536214968829	2.123103779455861e-7
38.895897054520105	0.0011481536214968829	7.127618208685676e-8
44.51321520124173	0.0011481536214968829	1.4419498045401715e-8
50.941782491215115	0.0011481536214968829	3.3771828000489664e-9
58.29875895619149	0.0011481536214968829	6.029600960112667e-10
66.71822479745835	0.0011481536214968829	8.277820466061315e-11
76.35362398484546	0.0011481536214968829	6.3287408367656474e-12
87.38056075858388	0.0011481536214968829	1.9362254293394525e-13
100.00000000000031	0.0011481536214968829	2.199227703467405e-15
111.55639876771902	0.0011481536214968829	4.723900467064542e-17
138.21730389017998	0.0011481536214968829	3.205961569731782e-19
171.24990861750976	0.0011481536214968829	5.0958766843177515e-20
212.17698780180757	0.0011481536214968829	9.368577419047077e-21
262.885244821937	0.0011481536214968829	1.3573178489978863e-21
325.7122869971341	0.0011481536214968829	7.30873047218361e-23
403.5543872869759	0.0011481536214968829	1.0767006602292642e-24
499.9999999999984	0.0011481536214968829	0
1000	0.0011481536214968829	0
2000	0.0011481536214968829	0
1.	0.0013182567385564075	0.18203351086973765
1.9999999999999998	0.0013182567385564075	0.13564064417652325
2.288838595949997	0.0013182567385564075	0.12464472920507927
2.6193910591551774	0.0013182567385564075	0.11365867473690731
2.9976816770403563	0.0013182567385564075	0.10234668884547632
3.4306047603910415	0.0013182567385564075	0.0901002328077745
3.926050291516404	0.0013182567385564075	0.07621659217097723
4.493047718431742	0.0013182567385564075	0.06100869855881307
5.141930515695824	0.0013182567385564075	0.045505766916024086
5.884524511008838	0.0013182567385564075	0.030838148128191786
6.734363409805407	0.0013182567385564075	0.018194816906360302
7.706935445758021	0.0013182567385564075	0.009061307056972907
8.819965652373028	0.0013182567385564075	0.003955918983319577
10.093738900052346	0.0013182567385564075	0.0016076493284872605
11.551469585940843	0.0013182567385564075	0.0006267247406302722
13.219724714121972	0.0013182567385564075	0.00025571649115733596
15.128908076758211	0.0013182567385564075	0.00011423845873450341
17.313814360331925	0.0013182567385564075	0.00004874150318811123
19.814263275520517	0.0013182567385564075	0.000018995086780819185
22.675825267662994	0.0013182567385564075	6.00496291803896e-6
25.950652033822625	0.0013182567385564075	1.9250448349774095e-6
29.698426982540767	0.0013182567385564075	7.382579951921317e-7
33.98745295832107	0.0013182567385564075	2.4507278106379586e-7
38.895897054520105	0.0013182567385564075	8.217994648643386e-8
44.51321520124173	0.0013182567385564075	1.6648677706126355e-8
50.941782491215115	0.0013182567385564075	3.896648307644989e-9
58.29875895619149	0.0013182567385564075	6.952350189233558e-10
66.71822479745835	0.0013182567385564075	9.554431751839108e-11
76.35362398484546	0.0013182567385564075	7.304277159756311e-12
87.38056075858388	0.0013182567385564075	2.237431538522507e-13
100.00000000000031	0.0013182567385564075	2.542807212145736e-15
111.55639876771902	0.0013182567385564075	5.462992574790549e-17
138.21730389017998	0.0013182567385564075	3.693788334531329e-19
171.24990861750976	0.0013182567385564075	5.871007172872089e-20
212.17698780180757	0.0013182567385564075	1.0793256840793767e-20
262.885244821937	0.0013182567385564075	1.5637301801719985e-21
325.7122869971341	0.0013182567385564075	8.420411162511679e-23
403.5543872869759	0.0013182567385564075	1.2405164578653087e-24
499.9999999999984	0.0013182567385564075	0
1000	0.0013182567385564075	0
2000	0.0013182567385564075	0
1.	0.0015135612484362087	0.21185919379043683
1.9999999999999998	0.0015135612484362087	0.15726513996470873
2.288838595949997	0.0015135612484362087	0.14427319023027166
2.6193910591551774	0.0015135612484362087	0.13138507796120236
2.9976816770403563	0.0015135612484362087	0.11832904847012017
3.4306047603910415	0.0015135612484362087	0.10427893919577423
3.926050291516404	0.0015135612484362087	0.08842237034001058
4.493047718431742	0.0015135612484362087	0.07096173532201024
5.141930515695824	0.0015135612484362087	0.05305193795299916
5.884524511008838	0.0015135612484362087	0.03608475663830274
6.734363409805407	0.0015135612484362087	0.02136828387598659
7.706935445758021	0.0015135612484362087	0.010675860662290901
8.819965652373028	0.0015135612484362087	0.004620018249184475
10.093738900052346	0.0015135612484362087	0.0018842611686715864
11.551469585940843	0.0015135612484362087	0.0007346297072256845
13.219724714121972	0.0015135612484362087	0.00030028609980354084
15.128908076758211	0.0015135612484362087	0.0001326818376005182
17.313814360331925	0.0015135612484362087	0.000056429654137321293
19.814263275520517	0.0015135612484362087	0.000022065024030308982
22.675825267662994	0.0015135612484362087	6.97683951728206e-6
25.950652033822625	0.0015135612484362087	2.223081559600775e-6
29.698426982540767	0.0015135612484362087	8.553081655993344e-7
33.98745295832107	0.0015135612484362087	2.842445111004453e-7
38.895897054520105	0.0015135612484362087	9.518957706980526e-8
44.51321520124173	0.0015135612484362087	1.9316072667666586e-8
50.941782491215115	0.0015135612484362087	4.5171564233564854e-9
58.29875895619149	0.0015135612484362087	8.053652228450514e-10
66.71822479745835	0.0015135612484362087	1.1080687073312976e-10
76.35362398484546	0.0015135612484362087	8.470417748893138e-12
87.38056075858388	0.0015135612484362087	2.5982706479393257e-13
100.00000000000031	0.0015135612484362087	2.9550013797714298e-15
111.55639876771902	0.0015135612484362087	6.349759231502056e-17
138.21730389017998	0.0015135612484362087	4.27508253245099e-19
171.24990861750976	0.0015135612484362087	6.794559301408071e-20
212.17698780180757	0.0015135612484362087	1.2490723875492084e-20
262.885244821937	0.0015135612484362087	1.8096635032259977e-21
325.7122869971341	0.0015135612484362087	9.744998495058543e-23
403.5543872869759	0.0015135612484362087	1.4357134562078165e-24
499.9999999999984	0.0015135612484362087	0
1000	0.0015135612484362087	0
2000	0.0015135612484362087	0
1.	0.0017378008287493763	0.24666713082111164
1.9999999999999998	0.0017378008287493763	0.18240509465305452
2.288838595949997	0.0017378008287493763	0.16709816005697273
2.6193910591551774	0.0017378008287493763	0.15195403462153004
2.9976816770403563	0.0017378008287493763	0.13681100658962514
3.4306047603910415	0.0017378008287493763	0.12072288793453503
3.926050291516404	0.0017378008287493763	0.10266904292186424
4.493047718431742	0.0017378008287493763	0.082647824613343
5.141930515695824	0.0017378008287493763	0.06198532039547855
5.884524511008838	0.0017378008287493763	0.0423272330674635
6.734363409805407	0.0017378008287493763	0.025205470378942097
7.706935445758021	0.0017378008287493763	0.012578566575077907
8.819965652373028	0.0017378008287493763	0.005445261091660693
10.093738900052346	0.0017378008287493763	0.002216005200854539
11.551469585940843	0.0017378008287493763	0.0008641986841652814
13.219724714121972	0.0017378008287493763	0.00034867866288898085
15.128908076758211	0.0017378008287493763	0.00015414177178281588
17.313814360331925	0.0017378008287493763	0.00006567930339663585
19.814263275520517	0.0017378008287493763	0.000025533802819552266
22.675825267662994	0.0017378008287493763	8.089731890559183e-6
25.950652033822625	0.0017378008287493763	2.5700421485719907e-6
29.698426982540767	0.0017378008287493763	9.914923313044554e-7
33.98745295832107	0.0017378008287493763	3.287404349118686e-7
38.895897054520105	0.0017378008287493763	1.0992551203535202e-7
44.51321520124173	0.0017378008287493763	2.2349539733456066e-8
50.941782491215115	0.0017378008287493763	5.221070571151435e-9
58.29875895619149	0.0017378008287493763	9.301561634856688e-10
66.71822479745835	0.0017378008287493763	1.2814218683763157e-10
76.35362398484546	0.0017378008287493763	9.794666615514089e-12
87.38056075858388	0.0017378008287493763	3.00923728283703e-13
100.00000000000031	0.0017378008287493763	3.4254074305882428e-15
111.55639876771902	0.0017378008287493763	7.361923415548083e-17
138.21730389017998	0.0017378008287493763	4.932302642468931e-19
171.24990861750976	0.0017378008287493763	7.838636288986347e-20
212.17698780180757	0.0017378008287493763	1.4409442311573704e-20
262.885244821937	0.0017378008287493763	2.0876657685074343e-21
325.7122869971341	0.0017378008287493763	1.1242385639570446e-22
403.5543872869759	0.0017378008287493763	1.656403569054642e-24
499.9999999999984	0.0017378008287493763	0
1000	0.0017378008287493763	0
2000	0.0017378008287493763	0
1.	0.0019952623149688807	0.28730837266918946
1.9999999999999998	0.0019952623149688807	0.2118102686479059
2.288838595949997	0.0019952623149688807	0.193706330252664
2.6193910591551774	0.0019952623149688807	0.175881168435323
2.9976816770403563	0.0019952623149688807	0.15821912369937
3.4306047603910415	0.0019952623149688807	0.1397979753089248
3.926050291516404	0.0019952623149688807	0.11920114011182306
4.493047718431742	0.0019952623149688807	0.0963322184652469
5.141930515695824	0.0019952623149688807	0.07256248206994664
5.884524511008838	0.0019952623149688807	0.049767962754271255
6.734363409805407	0.0019952623149688807	0.02975619057104318
7.706935445758021	0.0019952623149688807	0.014892191785082306
8.819965652373028	0.0019952623149688807	0.0064481624897922505
10.093738900052346	0.0019952623149688807	0.002611871145843197
11.551469585940843	0.0019952623149688807	0.0010133547729204227
13.219724714121972	0.0019952623149688807	0.0004049546757786028
15.128908076758211	0.0019952623149688807	0.00018483383406296667
17.313814360331925	0.0019952623149688807	0.00007622822957010562
19.814263275520517	0.0019952623149688807	0.00002963352274531087
22.675825267662994	0.0019952623149688807	9.481171164324167e-6
25.950652033822625	0.0019952623149688807	2.974549001594819e-6
29.698426982540767	0.0019952623149688807	1.147046614973822e-6
33.98745295832107	0.0019952623149688807	3.80281883165981e-7
38.895897054520105	0.0019952623149688807	1.2694392788898204e-7
44.51321520124173	0.0019952623149688807	2.5868377886582257e-8
50.941782491215115	0.0019952623149688807	6.035248598040063e-9
58.29875895619149	0.0019952623149688807	1.0743612239477617e-9
66.71822479745835	0.0019952623149688807	1.4822087736311067e-10
76.35362398484546	0.0019952623149688807	1.1328199926021702e-11
87.38056075858388	0.0019952623149688807	3.4866020920549777e-13
100.00000000000031	0.0019952623149688807	3.973091402723141e-15
111.55639876771902	0.0019952623149688807	8.540493440743289e-17
138.21730389017998	0.0019952623149688807	5.689851743423379e-19
171.24990861750976	0.0019952623149688807	9.041929375166571e-20
212.17698780180757	0.0019952623149688807	1.6620550322200118e-20
262.885244821937	0.0019952623149688807	2.4080243513605395e-21
325.7122869971341	0.0019952623149688807	1.2968080656864347e-22
403.5543872869759	0.0019952623149688807	1.9107585163374205e-24
499.9999999999984	0.0019952623149688807	0
1000	0.0019952623149688807	0
2000	0.0019952623149688807	0
1.	0.0022908676527677745	0.3348956221369807
1.9999999999999998	0.0022908676527677745	0.246114727607992
2.288838595949997	0.0022908676527677745	0.22463985876449782
2.6193910591551774	0.0022908676527677745	0.20370372146457535
2.9976816770403563	0.0022908676527677745	0.18312672005616143
3.4306047603910415	0.0022908676527677745	0.16191560029380833
3.926050291516404	0.0022908676527677745	0.1385938325865307
4.493047718431742	0.0022908676527677745	0.11247797688475815
5.141930515695824	0.0022908676527677745	0.08506358234154783
5.884524511008838	0.0022908676527677745	0.05857600601348266
6.734363409805407	0.0022908676527677745	0.035206595430302315
7.706935445758021	0.0022908676527677745	0.01772465937138171
8.819965652373028	0.0022908676527677745	0.007662089666374155
10.093738900052346	0.0022908676527677745	0.00309745537325534
11.551469585940843	0.0022908676527677745	0.0011948782540014628
13.219724714121972	0.0022908676527677745	0.00047202113918656786
15.128908076758211	0.0022908676527677745	0.00021491029438975814
17.313814360331925	0.0022908676527677745	0.0000886358907835927
19.814263275520517	0.0022908676527677745	0.00003453725561816026
22.675825267662994	0.0022908676527677745	0.000010932730715835872
25.950652033822625	0.0022908676527677745	3.446965892439378e-6
29.698426982540767	0.0022908676527677745	1.3307629419358956e-6
33.98745295832107	0.0022908676527677745	4.407272818853714e-7
38.895897054520105	0.0022908676527677745	1.4683830974914843e-7
44.51321520124173	0.0022908676527677745	3.0002425739793904e-8
50.941782491215115	0.0022908676527677745	6.988535704706797e-9
58.29875895619149	0.0022908676527677745	1.2430660800362138e-9
66.71822479745835	0.0022908676527677745	1.717675996787684e-10
76.35362398484546	0.0022908676527677745	1.3126408817907601e-11
87.38056075858388	0.0022908676527677745	4.048104901079023e-13
100.00000000000031	0.0022908676527677745	4.619042290509443e-15
111.55639876771902	0.0022908676527677745	9.93072347616703e-17
138.21730389017998	0.0022908676527677745	6.573481844596838e-19
171.24990861750976	0.0022908676527677745	1.0445290022388818e-19
212.17698780180757	0.0022908676527677745	1.9199080419463998e-20
262.885244821937	0.0022908676527677745	2.7816291302367583e-21
325.7122869971341	0.0022908676527677745	1.4980728631540368e-22
403.5543872869759	0.0022908676527677745	2.2074501905520678e-24
499.9999999999984	0.0022908676527677745	0
1000	0.0022908676527677745	0
2000	0.0022908676527677745	0
1.	0.0026302679918953843	0.3899906740232062
1.9999999999999998	0.0026302679918953843	0.2861827629324227
2.288838595949997	0.0026302679918953843	0.2607639098291527
2.6193910591551774	0.0026302679918953843	0.23588974251096284
2.9976816770403563	0.0026302679918953843	0.21193973606128705
3.4306047603910415	0.0026302679918953843	0.18781259115058002
3.926050291516404	0.0026302679918953843	0.16120785091341222
4.493047718431742	0.0026302679918953843	0.13147300726506078
5.141930515695824	0.0026302679918953843	0.09992549072611177
5.884524511008838	0.0026302679918953843	0.06919409166985181
6.734363409805407	0.0026302679918953843	0.04178178879021125
7.706935445758021	0.0026302679918953843	0.021157876262169795
8.819965652373028	0.0026302679918953843	0.009165437948981505
10.093738900052346	0.0026302679918953843	0.0036801561732407164
11.551469585940843	0.0026302679918953843	0.0014175258901868877
13.219724714121972	0.0026302679918953843	0.0005589504248120331
15.128908076758211	0.0026302679918953843	0.0002452472971096092
17.313814360331925	0.0026302679918953843	0.00010365954733449894
19.814263275520517	0.0026302679918953843	0.000040318196101349015
22.675825267662994	0.0026302679918953843	0.000012833520605648273
25.950652033822625	0.0026302679918953843	4.001166088050862e-6
29.698426982540767	0.0026302679918953843	1.5463722157034145e-6
33.98745295832107	0.0026302679918953843	5.117919267366997e-7
38.895897054520105	0.0026302679918953843	1.701408926805594e-7
44.51321520124173	0.0026302679918953843	3.487309770556873e-8
50.941782491215115	0.0026302679918953843	8.107011986316315e-9
58.29875895619149	0.0026302679918953843	1.4408984148569264e-9
66.71822479745835	0.0026302679918953843	1.994492901738822e-10
76.35362398484546	0.0026302679918953843	1.5240209889188293e-11
87.38056075858388	0.0026302679918953843	4.710378535741976e-13
100.00000000000031	0.0026302679918953843	5.383377080156356e-15
111.55639876771902	0.0026302679918953843	1.1575934030124426e-16
138.21730389017998	0.0026302679918953843	7.606060140814132e-19
171.24990861750976	0.0026302679918953843	1.2084855651728029e-19
212.17698780180757	0.0026302679918953843	2.2211321716878815e-20
262.885244821937	0.0026302679918953843	3.218071835014191e-21
325.7122869971341	0.0026302679918953843	1.7332135862627164e-22
403.5543872869759	0.0026302679918953843	2.554123573155454e-24
499.9999999999984	0.0026302679918953843	0
1000	0.0026302679918953843	0
2000	0.0026302679918953843	0
1.	0.003019951720402019	0.4534242793586507
1.9999999999999998	0.003019951720402019	0.33279920835774934
2.288838595949997	0.003019951720402019	0.3026603335266035
2.6193910591551774	0.003019951720402019	0.27328908813763525
2.9976816770403563	0.003019951720402019	0.24536303992308264
3.4306047603910415	0.003019951720402019	0.21751784515333406
3.926050291516404	0.003019951720402019	0.1875581000063512
4.493047718431742	0.003019951720402019	0.15370423728087015
5.141930515695824	0.003019951720402019	0.11752805567569252
5.884524511008838	0.003019951720402019	0.08194428798004919
6.734363409805407	0.003019951720402019	0.04979125254513406
7.706935445758021	0.003019951720402019	0.02542793417616522
8.819965652373028	0.003019951720402019	0.011013965125935507
10.093738900052346	0.003019951720402019	0.0043983909150780934
11.551469585940843	0.003019951720402019	0.0016826379156606025
13.219724714121972	0.003019951720402019	0.0006528637290840874
15.128908076758211	0.003019951720402019	0.00028726257938031026
17.313814360331925	0.003019951720402019	0.00012068465601330123
19.814263275520517	0.003019951720402019	0.000047061712320849565
22.675825267662994	0.003019951720402019	0.000015168228735932035
25.950652033822625	0.003019951720402019	4.651546980287255e-6
29.698426982540767	0.003019951720402019	1.79969356932349e-6
33.98745295832107	0.003019951720402019	5.944135943364557e-7
38.895897054520105	0.003019951720402019	1.9711680549693177e-7
44.51321520124173	0.003019951720402019	4.055166790943788e-8
50.941782491215115	0.003019951720402019	9.404343731045466e-9
58.29875895619149	0.003019951720402019	1.6702833876696764e-9
66.71822479745835	0.003019951720402019	2.316343016324284e-10
76.35362398484546	0.003019951720402019	1.7698032697673337e-11
87.38056075858388	0.003019951720402019	5.483271031473367e-13
100.00000000000031	0.003019951720402019	6.278939153888138e-15
111.55639876771902	0.003019951720402019	1.3504058964741654e-16
138.21730389017998	0.003019951720402019	8.798010807633888e-19
171.24990861750976	0.003019951720402019	1.3977121530813346e-19
212.17698780180757	0.003019951720402019	2.5687268968892042e-20
262.885244821937	0.003019951720402019	3.7217206347171084e-21
325.7122869971341	0.003019951720402019	2.0045822651164725e-22
403.5543872869759	0.003019951720402019	2.9542650415309522e-24
499.9999999999984	0.003019951720402019	0
1000	0.003019951720402019	0
2000	0.003019951720402019	0
1.	0.00346736850452532	0.5260757571650206
1.9999999999999998	0.00346736850452532	0.38698581888318256
2.288838595949997	0.00346736850452532	0.35129801090950924
2.6193910591551774	0.00346736850452532	0.3165447637327625
2.9976816770403563	0.00346736850452532	0.2837977487846289
3.4306047603910415	0.00346736850452532	0.25211055752276884
3.926050291516404	0.00346736850452532	0.21809287834580846
4.493047718431742	0.00346736850452532	0.1799850655011878
5.141930515695824	0.00346736850452532	0.13843390148610318
5.884524511008838	0.00346736850452532	0.09719734978626808
6.734363409805407	0.00346736850452532	0.05966386528931735
7.706935445758021	0.00346736850452532	0.03065281838548333
8.819965652373028	0.00346736850452532	0.013308660078172054
10.093738900052346	0.00346736850452532	0.005278929793216343
11.551469585940843	0.00346736850452532	0.0020088371368665644
13.219724714121972	0.00346736850452532	0.000772948968454484
15.128908076758211	0.00346736850452532	0.00033801610275494947
17.313814360331925	0.00346736850452532	0.00014118743721231085
19.814263275520517	0.00346736850452532	0.0000551263370375623
22.675825267662994	0.00346736850452532	0.00001773759634942896
25.950652033822625	0.00346736850452532	5.416977900970043e-6
29.698426982540767	0.00346736850452532	2.099240145236593e-6
33.98745295832107	0.00346736850452532	6.919211094497321e-7
38.895897054520105	0.00346736850452532	2.288020557488773e-7
44.51321520124173	0.00346736850452532	4.7274690178699115e-8
50.941782491215115	0.00346736850452532	1.0931223327625439e-8
58.29875895619149	0.00346736850452532	1.940282370176152e-9
66.71822479745835	0.00346736850452532	2.696173967361558e-10
76.35362398484546	0.00346736850452532	2.0599248156405156e-11
87.38056075858388	0.00346736850452532	6.398952177889844e-13
100.00000000000031	0.00346736850452532	7.344718759593446e-15
111.55639876771902	0.00346736850452532	1.5799127560881913e-16
138.21730389017998	0.00346736850452532	1.019379795158315e-18
171.24990861750976	0.00346736850452532	1.6192493466369851e-19
212.17698780180757	0.00346736850452532	2.975613436949676e-20
262.885244821937	0.00346736850452532	4.311281239184528e-21
325.7122869971341	0.00346736850452532	2.3222896658103125e-22
403.5543872869759	0.00346736850452532	3.4227991669480835e-24
499.9999999999984	0.00346736850452532	0
1000	0.00346736850452532	0
2000	0.00346736850452532	0
1.	0.003981071705534978	0.608526266730391
1.9999999999999998	0.003981071705534978	0.44954520859917985
2.288838595949997	0.003981071705534978	0.40772039159934514
2.6193910591551774	0.003981071705534978	0.36670005975680076
2.9976816770403563	0.003981071705534978	0.32824100589587324
3.4306047603910415	0.003981071705534978	0.29164276704940684
3.926050291516404	0.003981071705534978	0.25370609627002
4.493047718431742	0.003981071705534978	0.21080527669314747
5.141930515695824	0.003981071705534978	0.16347405207503746
5.884524511008838	0.003981071705534978	0.11552883196239092
6.734363409805407	0.003981071705534978	0.07168382118607806
7.706935445758021	0.003981071705534978	0.037117485097877594
8.819965652373028	0.003981071705534978	0.01618129219501465
10.093738900052346	0.003981071705534978	0.0063773182597234215
11.551469585940843	0.003981071705534978	0.002417084049080016
13.219724714121972	0.003981071705534978	0.0009167787760048169
15.128908076758211	0.003981071705534978	0.00039795335009842826
17.313814360331925	0.003981071705534978	0.0001658695058804079
19.814263275520517	0.003981071705534978	0.00006460752003153933
22.675825267662994	0.003981071705534978	0.000020861498670161773
25.950652033822625	0.003981071705534978	6.325176024337811e-6
29.698426982540767	0.003981071705534978	2.447180866077884e-6
33.98745295832107	0.003981071705534978	8.062813884970418e-7
38.895897054520105	0.003981071705534978	2.6576095246965974e-7
44.51321520124173	0.003981071705534978	5.519109522685415e-8
50.941782491215115	0.003981071705534978	1.2716370631058814e-8
58.29875895619149	0.003981071705534978	2.2561350363577263e-9
66.71822479745835	0.003981071705534978	3.1416558160814656e-10
76.35362398484546	0.003981071705534978	2.400380646686012e-11
87.38056075858388	0.003981071705534978	7.477628956846546e-13
100.00000000000031	0.003981071705534978	8.606973675150621e-15
111.55639876771902	0.003981071705534978	1.8518441984559443e-16
138.21730389017998	0.003981071705534978	1.1816290229861646e-18
171.24990861750976	0.003981071705534978	1.8766836654998868e-19
212.17698780180757	0.003981071705534978	3.4483631910286194e-20
262.885244821937	0.003981071705534978	4.99629679177403e-21
325.7122869971341	0.003981071705534978	2.6914716624671384e-22
403.5543872869759	0.003981071705534978	3.967373643135718e-24
499.9999999999984	0.003981071705534978	0
1000	0.003981071705534978	0
2000	0.003981071705534978	0
1.	0.0045708818961487565	0.7007672833709042
1.9999999999999998	0.0045708818961487565	0.5216832319260496
2.288838595949997	0.0045708818961487565	0.4728344486019467
2.6193910591551774	0.0045708818961487565	0.424603060661997
2.9976816770403563	0.0045708818961487565	0.3793080014321403
3.4306047603910415	0.0045708818961487565	0.3371377381026438
3.926050291516404	0.0045708818961487565	0.29462610776947173
4.493047718431742	0.0045708818961487565	0.2467923101489622
5.141930515695824	0.0045708818961487565	0.19299706039222145
5.884524511008838	0.0045708818961487565	0.13790180173796573
6.734363409805407	0.0045708818961487565	0.08633780620563089
7.706935445758021	0.0045708818961487565	0.04515262145166409
8.819965652373028	0.0045708818961487565	0.019783411372880734
10.093738900052346	0.0045708818961487565	0.007739815879265331
11.551469585940843	0.0045708818961487565	0.0029091525755027266
13.219724714121972	0.0045708818961487565	0.0010869726188189272
15.128908076758211	0.0045708818961487565	0.00046989322913435026
17.313814360331925	0.0045708818961487565	0.00019610740846258374
19.814263275520517	0.0045708818961487565	0.00007594420276509969
22.675825267662994	0.0045708818961487565	0.000024606179570225705
25.950652033822625	0.0045708818961487565	7.401325604151231e-6
29.698426982540767	0.0045708818961487565	2.8583893125808683e-6
33.98745295832107	0.0045708818961487565	9.415864431555989e-7
38.895897054520105	0.0045708818961487565	3.092237598658983e-7
44.51321520124173	0.0045708818961487565	6.459982472426438e-8
50.941782491215115	0.0045708818961487565	1.4820857469356355e-8
58.29875895619149	0.0045708818961487565	2.6289561720672295e-9
66.71822479745835	0.0045708818961487565	3.668723139132154e-10
76.35362398484546	0.0045708818961487565	2.8035711477690913e-11
87.38056075858388	0.0045708818961487565	8.759726721819826e-13
100.00000000000031	0.0045708818961487565	1.0116602259242503e-14
111.55639876771902	0.0045708818961487565	2.177224997701523e-16
138.21730389017998	0.0045708818961487565	1.3717066500848549e-18
171.24990861750976	0.0045708818961487565	2.1781786530893877e-19
212.17698780180757	0.0045708818961487565	4.0018980309282965e-20
262.885244821937	0.0045708818961487565	5.798383759243993e-21
325.7122869971341	0.0045708818961487565	3.1238435128630534e-22
403.5543872869759	0.0045708818961487565	4.605262489282359e-24
499.9999999999984	0.0045708818961487565	0
1000	0.0045708818961487565	0
2000	0.0045708818961487565	0
1.	0.005248074602497733	0.8019706520318577
1.9999999999999998	0.005248074602497733	0.6045135636377139
2.288838595949997	0.005248074602497733	0.5482437898170299
2.6193910591551774	0.005248074602497733	0.4915603134751898
2.9976816770403563	0.005248074602497733	0.4381612174834575
3.4306047603910415	0.005248074602497733	0.3894829002582711
3.926050291516404	0.005248074602497733	0.34189829481763107
4.493047718431742	0.005248074602497733	0.28881650262408604
5.141930515695824	0.005248074602497733	0.22823020364956176
5.884524511008838	0.005248074602497733	0.1648458710076375
6.734363409805407	0.005248074602497733	0.10440896057665534
7.706935445758021	0.005248074602497733	0.05536500484506855
8.819965652373028	0.005248074602497733	0.02416845642914638
10.093738900052346	0.005248074602497733	0.009449495456064204
11.551469585940843	0.005248074602497733	0.003547977704101848
13.219724714121972	0.005248074602497733	0.0013037018975996682
15.128908076758211	0.005248074602497733	0.0005560424212017188
17.313814360331925	0.005248074602497733	0.0002313114382791412
19.814263275520517	0.005248074602497733	0.00008948358102882503
22.675825267662994	0.005248074602497733	0.000029005476508676437
25.950652033822625	0.005248074602497733	8.6891363243521e-6
29.698426982540767	0.005248074602497733	3.3481392292230493e-6
33.98745295832107	0.005248074602497733	1.091525825070619e-6
38.895897054520105	0.005248074602497733	3.5697295319504e-7
44.51321520124173	0.005248074602497733	7.50926493163685e-8
50.941782491215115	0.005248074602497733	1.714118613754734e-8
58.29875895619149	0.005248074602497733	3.0409096908865677e-9
66.71822479745835	0.005248074602497733	4.252717490383131e-10
76.35362398484546	0.005248074602497733	3.251082696423512e-11
87.38056075858388	0.005248074602497733	1.0189682368266068e-12
100.00000000000031	0.005248074602497733	1.1814839855333893e-14
111.55639876771902	0.005248074602497733	2.543538703975406e-16
138.21730389017998	0.005248074602497733	1.579414924805374e-18
171.24990861750976	0.005248074602497733	2.5074763827119503e-19
212.17698780180757	0.005248074602497733	4.6063066200937906e-20
262.885244821937	0.005248074602497733	6.674218306241765e-21
325.7122869971341	0.005248074602497733	3.596059610055974e-22
403.5543872869759	0.005248074602497733	5.302174230153655e-24
499.9999999999984	0.005248074602497733	0
1000	0.005248074602497733	0
2000	0.005248074602497733	0
1.	0.006025595860743587	0.912121413595138
1.9999999999999998	0.006025595860743587	0.6997314930924128
2.288838595949997	0.006025595860743587	0.6354628480869923
2.6193910591551774	0.006025595860743587	0.5697744071768661
2.9976816770403563	0.006025595860743587	0.5067574144530712
3.4306047603910415	0.006025595860743587	0.44987116391672505
3.926050291516404	0.006025595860743587	0.3963136801461514
4.493047718431742	0.006025595860743587	0.3376429761525989
5.141930515695824	0.006025595860743587	0.2700697266904737
5.884524511008838	0.006025595860743587	0.1972494535251023
6.734363409805407	0.006025595860743587	0.12679667491068586
7.706935445758021	0.006025595860743587	0.0680669073922789
8.819965652373028	0.006025595860743587	0.030008917566052506
10.093738900052346	0.006025595860743587	0.011635493169250895
11.551469585940843	0.006025595860743587	0.0043208784974488575
13.219724714121972	0.006025595860743587	0.0015699368172485163
15.128908076758211	0.006025595860743587	0.0006610540102306741
17.313814360331925	0.006025595860743587	0.0002740198078886111
19.814263275520517	0.006025595860743587	0.00010603637907919621
22.675825267662994	0.006025595860743587	0.00003462488137954725
25.950652033822625	0.006025595860743587	0.000010167750350716971
29.698426982540767	0.006025595860743587	3.926860224022271e-6
33.98745295832107	0.006025595860743587	1.273088139798447e-6
38.895897054520105	0.006025595860743587	4.14378109400078e-7
44.51321520124173	0.006025595860743587	8.787004143614277e-8
50.941782491215115	0.006025595860743587	1.9938954886274047e-8
58.29875895619149	0.006025595860743587	3.5391415565088323e-9
66.71822479745835	0.006025595860743587	4.959705074780384e-10
76.35362398484546	0.006025595860743587	3.79412895784624e-11
87.38056075858388	0.006025595860743587	1.1929846379794625e-12
100.00000000000031	0.006025595860743587	1.3897239781601813e-14
111.55639876771902	0.006025595860743587	2.9930752725568897e-16
138.21730389017998	0.006025595860743587	1.8280754154043002e-18
171.24990861750976	0.006025595860743587	2.901527832826427e-19
212.17698780180757	0.006025595860743587	5.329391281191446e-20
262.885244821937	0.006025595860743587	7.7220658883058e-21
325.7122869971341	0.006025595860743587	4.1611071761319836e-22
403.5543872869759	0.006025595860743587	6.136337084943659e-24
499.9999999999984	0.006025595860743587	0
1000	0.006025595860743587	0
2000	0.006025595860743587	0
1.	0.006918309709189377	1.0259999629029224
1.9999999999999998	0.006918309709189377	0.8055209655380078
2.288838595949997	0.006918309709189377	0.7344983129806897
2.6193910591551774	0.006918309709189377	0.6587227647172365
2.9976816770403563	0.006918309709189377	0.5850377165632128
3.4306047603910415	0.006918309709189377	0.5184523947957079
3.926050291516404	0.006918309709189377	0.45778994704703807
4.493047718431742	0.006918309709189377	0.39374823942365844
5.141930515695824	0.006918309709189377	0.31893792655197883
5.884524511008838	0.006918309709189377	0.23609755259810872
6.734363409805407	0.006918309709189377	0.15419474634523256
7.706935445758021	0.006918309709189377	0.08439102155065606
8.819965652373028	0.006918309709189377	0.03749978072196275
10.093738900052346	0.006918309709189377	0.0144371558117709
11.551469585940843	0.006918309709189377	0.005320709879622916
13.219724714121972	0.006918309709189377	0.0019027154572496337
15.128908076758211	0.006918309709189377	0.0007876552509466953
17.313814360331925	0.006918309709189377	0.0003256638344187906
19.814263275520517	0.006918309709189377	0.0001256399313960587
22.675825267662994	0.006918309709189377	0.00004138017127848823
25.950652033822625	0.006918309709189377	0.000012021829405786417
29.698426982540767	0.006918309709189377	4.6439399636057615e-6
33.98745295832107	0.006918309709189377	1.4961744517585165e-6
38.895897054520105	0.006918309709189377	4.843663410161474e-7
44.51321520124173	0.006918309709189377	1.0366320423498116e-7
50.941782491215115	0.006918309709189377	2.336117169072998e-8
58.29875895619149	0.006918309709189377	4.150942548647462e-9
66.71822479745835	0.006918309709189377	5.827922612087971e-10
76.35362398484546	0.006918309709189377	4.4632249726126004e-11
87.38056075858388	0.006918309709189377	1.4079384202644518e-12
100.00000000000031	0.006918309709189377	1.6490715992726473e-14
111.55639876771902	0.006918309709189377	3.553455714312905e-16
138.21730389017998	0.006918309709189377	2.1298780687295234e-18
171.24990861750976	0.006918309709189377	3.3795619795790226e-19
212.17698780180757	0.006918309709189377	6.206358823602895e-20
262.885244821937	0.006918309709189377	8.992937482720305e-21
325.7122869971341	0.006918309709189377	4.846583255889517e-22
403.5543872869759	0.006918309709189377	7.148540584103403e-24
499.9999999999984	0.006918309709189377	0
1000	0.006918309709189377	0
2000	0.006918309709189377	0
1.	0.00794328234724283	1.1397102125987721
1.9999999999999998	0.00794328234724283	0.9219322482173938
2.288838595949997	0.00794328234724283	0.8447966191701285
2.6193910591551774	0.00794328234724283	0.7602829905692332
2.9976816770403563	0.00794328234724283	0.6748809049064883
3.4306047603910415	0.00794328234724283	0.5968445117857218
3.926050291516404	0.00794328234724283	0.5274001214609371
4.493047718431742	0.00794328234724283	0.4577594248411999
5.141930515695824	0.00794328234724283	0.3767020662604037
5.884524511008838	0.00794328234724283	0.28306760927010965
6.734363409805407	0.00794328234724283	0.18820779167907262
7.706935445758021	0.00794328234724283	0.10492344194379119
8.819965652373028	0.00794328234724283	0.04711065071272019
10.093738900052346	0.00794328234724283	0.018063102891253208
11.551469585940843	0.00794328234724283	0.006566133224942681
13.219724714121972	0.00794328234724283	0.002347802844081764
15.128908076758211	0.00794328234724283	0.0009404923385881012
17.313814360331925	0.00794328234724283	0.00038870078144295333
19.814263275520517	0.00794328234724283	0.00014973956677014047
22.675825267662994	0.00794328234724283	0.000049811535600431615
25.950652033822625	0.00794328234724283	0.000013848330736057055
29.698426982540767	0.00794328234724283	5.3344377088440515e-6
33.98745295832107	0.00794328234724283	1.7046502459773085e-6
38.895897054520105	0.00794328234724283	5.484821455977468e-7
44.51321520124173	0.00794328234724283	1.1862737549352324e-7
50.941782491215115	0.00794328234724283	2.65235979732191e-8
58.29875895619149	0.00794328234724283	4.7207579909479114e-9
66.71822479745835	0.00794328234724283	6.638176119386217e-10
76.35362398484546	0.00794328234724283	5.092267950468017e-11
87.38056075858388	0.00794328234724283	1.6116434829472498e-12
100.00000000000031	0.00794328234724283	1.8995440968136808e-14
111.55639876771902	0.00794328234724283	4.095749050052528e-16
138.21730389017998	0.00794328234724283	2.403011735632617e-18
171.24990861750976	0.00794328234724283	3.8116212012396735e-19
212.17698780180757	0.00794328234724283	6.998452021946188e-20
262.885244821937	0.00794328234724283	1.0140916260503985e-20
325.7122869971341	0.00794328234724283	5.466085753502752e-22
403.5543872869759	0.00794328234724283	8.064052157803651e-24
499.9999999999984	0.00794328234724283	0
1000	0.00794328234724283	0
2000	0.00794328234724283	0
1.	0.009120108393559116	1.246299854498497
1.9999999999999998	0.009120108393559116	1.046379830121296
2.288838595949997	0.009120108393559116	0.9672362175809637
2.6193910591551774	0.009120108393559116	0.8754375721369417
2.9976816770403563	0.009120108393559116	0.7787645011802301
3.4306047603910415	0.009120108393559116	0.6866031053960528
3.926050291516404	0.009120108393559116	0.6062478533006215
4.493047718431742	0.009120108393559116	0.5302622067915228
5.141930515695824	0.009120108393559116	0.44252383868622003
5.884524511008838	0.009120108393559116	0.3396183417782526
6.734363409805407	0.009120108393559116	0.23015759498539706
7.706935445758021	0.009120108393559116	0.13096942891198046
8.819965652373028	0.009120108393559116	0.059589561783068894
10.093738900052346	0.009120108393559116	0.022922201753865508
11.551469585940843	0.009120108393559116	0.008246993888806863
13.219724714121972	0.009120108393559116	0.0028800366218332133
15.128908076758211	0.009120108393559116	0.0011301872851382324
17.313814360331925	0.009120108393559116	0.00046582124388199066
19.814263275520517	0.009120108393559116	0.00017837318270838104
22.675825267662994	0.009120108393559116	0.00005637067837282339
25.950652033822625	0.009120108393559116	0.000015846490827651188
29.698426982540767	0.009120108393559116	5.607216447667807e-6
33.98745295832107	0.009120108393559116	1.922630114680089e-6
38.895897054520105	0.009120108393559116	6.143378961042666e-7
44.51321520124173	0.009120108393559116	1.3446096232702886e-7
50.941782491215115	0.009120108393559116	2.9798678911603113e-8
58.29875895619149	0.009120108393559116	5.3161884299837445e-9
66.71822479745835	0.009120108393559116	7.483483419529143e-10
76.35362398484546	0.009120108393559116	5.7546282156514324e-11
87.38056075858388	0.009120108393559116	1.8273215201141983e-12
100.00000000000031	0.009120108393559116	2.169207683567006e-14
111.55639876771902	0.009120108393559116	4.680736113909543e-16
138.21730389017998	0.009120108393559116	2.680496652781014e-18
171.24990861750976	0.009120108393559116	4.250026328090079e-19
212.17698780180757	0.009120108393559116	7.801621281245929e-20
262.885244821937	0.009120108393559116	1.1305052798032546e-20
325.7122869971341	0.009120108393559116	6.094655606791771e-22
403.5543872869759	0.009120108393559116	8.993602423197481e-24
499.9999999999984	0.009120108393559116	0
1000	0.009120108393559116	0
2000	0.009120108393559116	0
1.	0.010471285480509017	1.3377790169827817
1.9999999999999998	0.010471285480509017	1.1767385991897181
2.288838595949997	0.010471285480509017	1.0998289490431077
2.6193910591551774	0.010471285480509017	1.0050983071234034
2.9976816770403563	0.010471285480509017	0.8981043064101242
3.4306047603910415	0.010471285480509017	0.7919579587569622
3.926050291516404	0.010471285480509017	0.6973399777584286
4.493047718431742	0.010471285480509017	0.612960450879672
5.141930515695824	0.010471285480509017	0.5198540905274508
5.884524511008838	0.010471285480509017	0.40682061654614987
6.734363409805407	0.010471285480509017	0.2822350266605598
7.706935445758021	0.010471285480509017	0.16422919518115403
8.819965652373028	0.010471285480509017	0.07611956653822746
10.093738900052346	0.010471285480509017	0.02916623353160162
11.551469585940843	0.010471285480509017	0.010452966729102604
13.219724714121972	0.010471285480509017	0.0035987633419399144
15.128908076758211	0.010471285480509017	0.001363544532942507
17.313814360331925	0.010471285480509017	0.0005629669498193633
19.814263275520517	0.010471285480509017	0.00021363175186790202
22.675825267662994	0.010471285480509017	0.00006782139736912884
25.950652033822625	0.010471285480509017	0.00001862539071058195
29.698426982540767	0.010471285480509017	6.306016293584669e-6
33.98745295832107	0.010471285480509017	2.141823317169629e-6
38.895897054520105	0.010471285480509017	6.790427893960192e-7
44.51321520124173	0.010471285480509017	1.50609544824769e-7
50.941782491215115	0.010471285480509017	3.305253331490621e-8
58.29875895619149	0.010471285480509017	5.9148508974964154e-9
66.71822479745835	0.010471285480509017	8.330187237124441e-10
76.35362398484546	0.010471285480509017	6.427251665675254e-11
87.38056075858388	0.010471285480509017	2.0479090040562964e-12
100.00000000000031	0.010471285480509017	2.450704997908016e-14
111.55639876771902	0.010471285480509017	5.292770336381318e-16
138.21730389017998	0.010471285480509017	2.949065134201574e-18
171.24990861750976	0.010471285480509017	4.673602515377797e-19
212.17698780180757	0.010471285480509017	8.57694730537451e-20
262.885244821937	0.010471285480509017	1.2428915396581068e-20
325.7122869971341	0.010471285480509017	6.701898032355326e-22
403.5543872869759	0.010471285480509017	9.89250367780002e-24
499.9999999999984	0.010471285480509017	0
1000	0.010471285480509017	0
2000	0.010471285480509017	0
1.	0.012022644346174156	1.4096709064923651
1.9999999999999998	0.012022644346174156	1.3031827951633577
2.288838595949997	0.012022644346174156	1.2359335796662172
2.6193910591551774	0.012022644346174156	1.1439232791246783
2.9976816770403563	0.012022644346174156	1.031603192891
3.4306047603910415	0.012022644346174156	0.9114503579337899
3.926050291516404	0.012022644346174156	0.8004348990884328
4.493047718431742	0.012022644346174156	0.7049539435762129
5.141930515695824	0.012022644346174156	0.6072753068436142
5.884524511008838	0.012022644346174156	0.48635854247597515
6.734363409805407	0.012022644346174156	0.34537944558610656
7.706935445758021	0.012022644346174156	0.20657201017725751
8.819965652373028	0.012022644346174156	0.09835294510112795
10.093738900052346	0.012022644346174156	0.03779253679976333
11.551469585940843	0.012022644346174156	0.013286207065022372
13.219724714121972	0.012022644346174156	0.004498652550544662
15.128908076758211	0.012022644346174156	0.0016595053976749786
17.313814360331925	0.012022644346174156	0.000684358483356611
19.814263275520517	0.012022644346174156	0.00025681664008262106
22.675825267662994	0.012022644346174156	0.00008215381060892932
25.950652033822625	0.012022644346174156	0.000023089242049007934
29.698426982540767	0.012022644346174156	8.42847587007283e-6
33.98745295832107	0.012022644346174156	2.4534421726980193e-6
38.895897054520105	0.012022644346174156	7.710620734602683e-7
44.51321520124173	0.012022644346174156	1.7353404688471194e-7
50.941782491215115	0.012022644346174156	3.76819231593328e-8
58.29875895619149	0.012022644346174156	6.768740425503285e-9
66.71822479745835	0.012022644346174156	9.530638118951484e-10
76.35362398484546	0.012022644346174156	7.386395368564735e-11
87.38056075858388	0.012022644346174156	2.3622603769218026e-12
100.00000000000031	0.012022644346174156	2.852143933017139e-14
111.55639876771902	0.012022644346174156	6.165891163020133e-16
138.21730389017998	0.012022644346174156	3.330934539017768e-18
171.24990861750976	0.012022644346174156	5.275731883920911e-19
212.17698780180757	0.012022644346174156	9.679098965387688e-20
262.885244821937	0.012022644346174156	1.4026537929310963e-20
325.7122869971341	0.012022644346174156	7.565134290254961e-22
403.5543872869759	0.012022644346174156	1.117038281873144e-23
499.9999999999984	0.012022644346174156	0
1000	0.012022644346174156	0
2000	0.012022644346174156	0
1.	0.01380384264602888	1.4460799455742335
1.9999999999999998	0.01380384264602888	1.415451860068347
2.288838595949997	0.01380384264602888	1.3665826627329112
2.6193910591551774	0.01380384264602888	1.2882626282478642
2.9976816770403563	0.01380384264602888	1.1785427756214224
3.4306047603910415	0.01380384264602888	1.049001988322702
3.926050291516404	0.01380384264602888	0.9188508598091978
4.493047718431742	0.01380384264602888	0.807752933871923
5.141930515695824	0.01380384264602888	0.7033042231024168
5.884524511008838	0.01380384264602888	0.5783704043674226
6.734363409805407	0.01380384264602888	0.4229894025022359
7.706935445758021	0.01380384264602888	0.26120520447463674
8.819965652373028	0.01380384264602888	0.12736835639255825
10.093738900052346	0.01380384264602888	0.04947097253895414
11.551469585940843	0.01380384264602888	0.01713288531260874
13.219724714121972	0.01380384264602888	0.005675627890047849
15.128908076758211	0.01380384264602888	0.002021095436489999
17.313814360331925	0.01380384264602888	0.000842561778866203
19.814263275520517	0.01380384264602888	0.00031147223269706683
22.675825267662994	0.01380384264602888	0.00010490090742480769
25.950652033822625	0.01380384264602888	0.00003019613441013444
29.698426982540767	0.01380384264602888	0.000010575694330767612
33.98745295832107	0.01380384264602888	3.1217732313568888e-6
38.895897054520105	0.01380384264602888	9.716743894281424e-7
44.51321520124173	0.01380384264602888	2.2215928726973857e-7
50.941782491215115	0.01380384264602888	4.7700523677609584e-8
58.29875895619149	0.01380384264602888	8.605660526962454e-9
66.71822479745835	0.01380384264602888	1.2105420358783621e-9
76.35362398484546	0.01380384264602888	9.435770124480719e-11
87.38056075858388	0.01380384264602888	3.0306198819537437e-12
100.00000000000031	0.01380384264602888	3.694589861206752e-14
111.55639876771902	0.01380384264602888	7.996054071749803e-16
138.21730389017998	0.01380384264602888	4.171680431599123e-18
171.24990861750976	0.01380384264602888	6.602849001340913e-19
212.17698780180757	0.01380384264602888	1.2109741498557309e-19
262.885244821937	0.01380384264602888	1.7549678961767388e-20
325.7122869971341	0.01380384264602888	9.467821939351972e-22
403.5543872869759	0.01380384264602888	1.3985130246068636e-23
499.9999999999984	0.01380384264602888	0
1000	0.01380384264602888	0
2000	0.01380384264602888	0
1.	0.015848931924611172	1.4434694531715595
1.9999999999999998	0.015848931924611172	1.5046506802045472
2.288838595949997	0.015848931924611172	1.4828812610680269
2.6193910591551774	0.015848931924611172	1.42903139701517
2.9976816770403563	0.015848931924611172	1.3357115629081215
3.4306047603910415	0.015848931924611172	1.2043208939567338
3.926050291516404	0.015848931924611172	1.0587321023224128
4.493047718431742	0.015848931924611172	0.9270083820058928
5.141930515695824	0.015848931924611172	0.814073546849105
5.884524511008838	0.015848931924611172	0.6852687406464464
6.734363409805407	0.015848931924611172	0.5174468778312145
7.706935445758021	0.015848931924611172	0.3305910731136575
8.819965652373028	0.015848931924611172	0.16734436449864507
10.093738900052346	0.015848931924611172	0.0655592549052836
11.551469585940843	0.015848931924611172	0.022437500895322964
13.219724714121972	0.015848931924611172	0.00736351749449413
15.128908076758211	0.015848931924611172	0.002490723071482198
17.313814360331925	0.015848931924611172	0.0010261796083947648
19.814263275520517	0.015848931924611172	0.00038016966885459066
22.675825267662994	0.015848931924611172	0.00012810268314393265
25.950652033822625	0.015848931924611172	0.00003692032480081034
29.698426982540767	0.015848931924611172	0.000012552568378565802
33.98745295832107	0.015848931924611172	3.6721859478723856e-6
38.895897054520105	0.015848931924611172	1.1310548663050805e-6
44.51321520124173	0.015848931924611172	2.629462856208259e-7
50.941782491215115	0.015848931924611172	5.58003457764936e-8
58.29875895619149	0.015848931924611172	1.0114506674280552e-8
66.71822479745835	0.015848931924611172	1.420461261905979e-9
76.35362398484546	0.015848931924611172	1.1150442899344397e-10
87.38056075858388	0.015848931924611172	3.600281665715482e-12
100.00000000000031	0.015848931924611172	4.434347095253565e-14
111.55639876771902	0.015848931924611172	9.609049823297924e-16
138.21730389017998	0.015848931924611172	4.820422129079207e-18
171.24990861750976	0.015848931924611172	7.623499757754148e-19
212.17698780180757	0.015848931924611172	1.3976153734296213e-19
262.885244821937	0.015848931924611172	2.025548639983908e-20
325.7122869971341	0.015848931924611172	1.0930903287345235e-21
403.5543872869759	0.015848931924611172	1.6153243956713803e-23
499.9999999999984	0.015848931924611172	0
1000	0.015848931924611172	0
2000	0.015848931924611172	0
1.	0.01819700858609988	1.4032497384360598
1.9999999999999998	0.01819700858609988	1.5546800057007117
2.288838595949997	0.01819700858609988	1.567850061140983
2.6193910591551774	0.01819700858609988	1.5510000984476142
2.9976816770403563	0.01819700858609988	1.4880999801882617
3.4306047603910415	0.01819700858609988	1.3729590555314035
3.926050291516404	0.01819700858609988	1.2183404925154915
4.493047718431742	0.01819700858609988	1.0632211356639287
5.141930515695824	0.01819700858609988	0.9344243436728411
5.884524511008838	0.01819700858609988	0.805263492261264
6.734363409805407	0.01819700858609988	0.630195677995243
7.706935445758021	0.01819700858609988	0.4187143444661196
8.819965652373028	0.01819700858609988	0.22080399968119913
10.093738900052346	0.01819700858609988	0.0880377506431412
11.551469585940843	0.01819700858609988	0.029881447285900975
13.219724714121972	0.01819700858609988	0.009612115954165267
15.128908076758211	0.01819700858609988	0.0031148249171609613
17.313814360331925	0.01819700858609988	0.001270255944145115
19.814263275520517	0.01819700858609988	0.00046702102955997613
22.675825267662994	0.01819700858609988	0.00015654319382663997
25.950652033822625	0.01819700858609988	0.000043485676089779506
29.698426982540767	0.01819700858609988	0.000014335836005549995
33.98745295832107	0.01819700858609988	4.300951852814441e-6
38.895897054520105	0.01819700858609988	1.3100067549135133e-6
44.51321520124173	0.01819700858609988	3.0982974075263433e-7
50.941782491215115	0.01819700858609988	6.496603644503172e-8
58.29875895619149	0.01819700858609988	1.1832513573995847e-8
66.71822479745835	0.01819700858609988	1.658215992376419e-9
76.35362398484546	0.01819700858609988	1.312639995450158e-10
87.38056075858388	0.01819700858609988	4.267131008943535e-12
100.00000000000031	0.01819700858609988	5.312257270028442e-14
111.55639876771902	0.01819700858609988	1.152781965043359e-15
138.21730389017998	0.01819700858609988	5.5335857761986076e-18
171.24990861750976	0.01819700858609988	8.74299893330527e-19
212.17698780180757	0.01819700858609988	1.6021285060010799e-19
262.885244821937	0.01819700858609988	2.322082064654364e-20
325.7122869971341	0.01819700858609988	1.253553390687011e-21
403.5543872869759	0.01819700858609988	1.8533650217823643e-23
499.9999999999984	0.01819700858609988	0
1000	0.01819700858609988	0
2000	0.01819700858609988	0
1.	0.02089296130854045	1.3211211786830759
1.9999999999999998	0.02089296130854045	1.5564699743109376
2.288838595949997	0.02089296130854045	1.6071491896360928
2.6193910591551774	0.02089296130854045	1.6372087199794652
2.9976816770403563	0.02089296130854045	1.6219277731229536
3.4306047603910415	0.02089296130854045	1.5428761696531865
3.926050291516404	0.02089296130854045	1.3980273316233705
4.493047718431742	0.02089296130854045	1.2238183961678144
5.141930515695824	0.02089296130854045	1.0704979548381435
5.884524511008838	0.02089296130854045	0.9376211676842486
6.734363409805407	0.02089296130854045	0.7618962965703922
7.706935445758021	0.02089296130854045	0.5299194902931075
8.819965652373028	0.02089296130854045	0.29196090827461657
10.093738900052346	0.02089296130854045	0.1202414107044738
11.551469585940843	0.02089296130854045	0.04053061025732852
13.219724714121972	0.02089296130854045	0.012771136717655396
15.128908076758211	0.02089296130854045	0.0036598639910020475
17.313814360331925	0.02089296130854045	0.0014452122901765997
19.814263275520517	0.02089296130854045	0.0005399702485071237
22.675825267662994	0.02089296130854045	0.00017731271815083963
25.950652033822625	0.02089296130854045	0.000049810776739944546
29.698426982540767	0.02089296130854045	0.000014064446010052654
33.98745295832107	0.02089296130854045	4.863312846302489e-6
38.895897054520105	0.02089296130854045	1.4642972980532452e-6
44.51321520124173	0.02089296130854045	3.5232597689948726e-7
50.941782491215115	0.02089296130854045	7.298957793400209e-8
58.29875895619149	0.02089296130854045	1.3354589573801161e-8
66.71822479745835	0.02089296130854045	1.8672499584226604e-9
76.35362398484546	0.02089296130854045	1.4923443414182218e-10
87.38056075858388	0.02089296130854045	4.894438350289509e-12
100.00000000000031	0.02089296130854045	6.160604892275865e-14
111.55639876771902	0.02089296130854045	1.3391385352517097e-15
138.21730389017998	0.02089296130854045	6.117510532549072e-18
171.24990861750976	0.02089296130854045	9.654639449609559e-19
212.17698780180757	0.02089296130854045	1.7682739075307868e-19
262.885244821937	0.02089296130854045	2.563034746755393e-20
325.7122869971341	0.02089296130854045	1.3841867425229451e-21
403.5543872869759	0.02089296130854045	2.0476801668138165e-23
499.9999999999984	0.02089296130854045	0
1000	0.02089296130854045	0
2000	0.02089296130854045	0
1.	0.023988329190194974	1.2079789351410304
1.9999999999999998	0.023988329190194974	1.5032991395709552
2.288838595949997	0.023988329190194974	1.5896789259961341
2.6193910591551774	0.023988329190194974	1.666669815791824
2.9976816770403563	0.023988329190194974	1.7123501331045974
3.4306047603910415	0.023988329190194974	1.6944033361574138
3.926050291516404	0.023988329190194974	1.587891369780014
4.493047718431742	0.023988329190194974	1.4103324176874381
5.141930515695824	0.023988329190194974	1.2282414239070891
5.884524511008838	0.023988329190194974	1.0801103988852354
6.734363409805407	0.023988329190194974	0.9117694817173863
7.706935445758021	0.023988329190194974	0.6657644973065877
8.819965652373028	0.023988329190194974	0.3867261163197796
10.093738900052346	0.023988329190194974	0.16585860454166693
11.551469585940843	0.023988329190194974	0.055989480952377914
13.219724714121972	0.023988329190194974	0.017276996216968658
15.128908076758211	0.023988329190194974	0.005104601966552773
17.313814360331925	0.023988329190194974	0.001973766867768962
19.814263275520517	0.023988329190194974	0.0006757750196237684
22.675825267662994	0.023988329190194974	0.00023384824941744982
25.950652033822625	0.023988329190194974	0.00006218401729665422
29.698426982540767	0.023988329190194974	0.000019045173825756602
33.98745295832107	0.023988329190194974	6.344077487493468e-6
38.895897054520105	0.023988329190194974	1.888306513379798e-6
44.51321520124173	0.023988329190194974	4.6194651787631524e-7
50.941782491215115	0.023988329190194974	9.455188510602037e-8
58.29875895619149	0.023988329190194974	1.7369452886001638e-8
66.71822479745835	0.023988329190194974	2.4236867212837212e-9
76.35362398484546	0.023988329190194974	1.9576425076360627e-10
87.38056075858388	0.023988329190194974	6.493521429647833e-12
100.00000000000031	0.023988329190194974	8.265893833687281e-14
111.55639876771902	0.023988329190194974	1.8006128499900996e-15
138.21730389017998	0.023988329190194974	7.780451148125807e-18
171.24990861750976	0.023988329190194974	1.22626928199303e-18
212.17698780180757	0.023988329190194974	2.24460511327794e-19
262.885244821937	0.023988329190194974	3.2536930147329555e-20
325.7122869971341	0.023988329190194974	1.7580040911331225e-21
403.5543872869759	0.023988329190194974	2.602367920686812e-23
499.9999999999984	0.023988329190194974	0
1000	0.023988329190194974	0
2000	0.023988329190194974	0
1.	0.027542287033381744	1.0783304730225258
1.9999999999999998	0.027542287033381744	1.3985403822124165
2.288838595949997	0.027542287033381744	1.5100397485625852
2.6193910591551774	0.027542287033381744	1.6286704420044729
2.9976816770403563	0.027542287033381744	1.7370218010525487
3.4306047603910415	0.027542287033381744	2.225183649336664
3.926050291516404	0.027542287033381744	1.7657792748422285
4.493047718431742	0.027542287033381744	1.6176998392833242
5.141930515695824	0.027542287033381744	1.4141291991057563
5.884524511008838	0.027542287033381744	1.2374685657591913
6.734363409805407	0.027542287033381744	1.0754285408917603
7.706935445758021	0.027542287033381744	0.8295625536939736
8.819965652373028	0.027542287033381744	0.5116877857346303
10.093738900052346	0.027542287033381744	0.2311696998937211
11.551469585940843	0.027542287033381744	0.07895829193677523
13.219724714121972	0.027542287033381744	0.023825655104684696
15.128908076758211	0.027542287033381744	0.006753128263119322
17.313814360331925	0.027542287033381744	0.00250000897083406
19.814263275520517	0.027542287033381744	0.000913903426580888
22.675825267662994	0.027542287033381744	0.0003037250720378591
25.950652033822625	0.027542287033381744	0.00008689318577370719
29.698426982540767	0.027542287033381744	0.000025586769003345477
33.98745295832107	0.027542287033381744	8.557928693834375e-6
38.895897054520105	0.027542287033381744	2.5196346347385505e-6
44.51321520124173	0.027542287033381744	6.259210298536508e-7
50.941782491215115	0.027542287033381744	1.2659109475117939e-7
58.29875895619149	0.027542287033381744	2.3333324482670715e-8
66.71822479745835	0.027542287033381744	3.2512476983836035e-9
76.35362398484546	0.027542287033381744	2.655963876348505e-10
87.38056075858388	0.027542287033381744	8.932979791339094e-12
100.00000000000031	0.027542287033381744	1.1504345027034726e-13
111.55639876771902	0.027542287033381744	2.5132207955212837e-15
138.21730389017998	0.027542287033381744	1.0201898294363555e-17
171.24990861750976	0.027542287033381744	1.6053705763459337e-18
212.17698780180757	0.027542287033381744	2.9365311279826895e-19
262.885244821937	0.027542287033381744	4.2570210378144904e-20
325.7122869971341	0.027542287033381744	2.3013297701175284e-21
403.5543872869759	0.027542287033381744	3.409199951571201e-23
499.9999999999984	0.027542287033381744	0
1000	0.027542287033381744	0
2000	0.027542287033381744	0
1.	0.03162277660168389	0.9377558060821682
1.9999999999999998	0.03162277660168389	1.253780830079706
2.288838595949997	0.03162277660168389	1.3773201605131193
2.6193910591551774	0.03162277660168389	1.5239710497715606
2.9976816770403563	0.03162277660168389	1.6844808582933926
3.4306047603910415	0.03162277660168389	1.828272883797204
3.926050291516404	0.03162277660168389	1.8915292444846683
4.493047718431742	0.03162277660168389	1.8245390835074171
5.141930515695824	0.03162277660168389	1.6291886187705664
5.884524511008838	0.03162277660168389	1.4160180870611079
6.734363409805407	0.03162277660168389	1.248518194689069
7.706935445758021	0.03162277660168389	1.0166900125514122
8.819965652373028	0.03162277660168389	0.6723684235883451
10.093738900052346	0.03162277660168389	0.3244548294602944
11.551469585940843	0.03162277660168389	0.11326720948654043
13.219724714121972	0.03162277660168389	0.03384541658443896
15.128908076758211	0.03162277660168389	0.008664887798746902
17.313814360331925	0.03162277660168389	0.002919436955182584
19.814263275520517	0.03162277660168389	0.0010668263327135304
22.675825267662994	0.03162277660168389	0.00034827681764175005
25.950652033822625	0.03162277660168389	0.00009854149106672711
29.698426982540767	0.03162277660168389	0.000025334099114893672
33.98745295832107	0.03162277660168389	9.067515488451436e-6
38.895897054520105	0.03162277660168389	2.64386682095702e-6
44.51321520124173	0.03162277660168389	6.657141920168912e-7
50.941782491215115	0.03162277660168389	1.3306558325190903e-7
58.29875895619149	0.03162277660168389	2.4594764678633315e-8
66.71822479745835	0.03162277660168389	3.424926830145574e-9
76.35362398484546	0.03162277660168389	2.831236276176723e-10
87.38056075858388	0.03162277660168389	9.677202791029819e-12
100.00000000000031	0.03162277660168389	1.2617649919197452e-13
111.55639876771902	0.03162277660168389	2.767234086595717e-15
138.21730389017998	0.03162277660168389	1.0472545258805176e-17
171.24990861750976	0.03162277660168389	1.6448807710900532e-18
212.17698780180757	0.03162277660168389	3.0064554286300736e-19
262.885244821937	0.03162277660168389	4.3587937584566825e-20
325.7122869971341	0.03162277660168389	2.3577815256444195e-21
403.5543872869759	0.03162277660168389	3.495831657691528e-23
499.9999999999984	0.03162277660168389	0
1000	0.03162277660168389	0
2000	0.03162277660168389	0
1.	0.03630780547701025	0.8088868785845054
1.9999999999999998	0.03630780547701025	1.0845298261196121
2.288838595949997	0.03630780547701025	1.2042792286120905
2.6193910591551774	0.03630780547701025	1.3591303230624088
2.9976816770403563	0.03630780547701025	1.5465506093741834
3.4306047603910415	0.03630780547701025	1.755131499355824
3.926050291516404	0.03630780547701025	1.9287599479027229
4.493047718431742	0.03630780547701025	1.9861598312278033
5.141930515695824	0.03630780547701025	1.8620100446111745
5.884524511008838	0.03630780547701025	1.6276591830465204
6.734363409805407	0.03630780547701025	1.4280194801608614
7.706935445758021	0.03630780547701025	1.223411173871877
8.819965652373028	0.03630780547701025	0.8770055902175731
10.093738900052346	0.03630780547701025	0.45601545259605925
11.551469585940843	0.03630780547701025	0.16635712599263014
13.219724714121972	0.03630780547701025	0.048712160800194554
15.128908076758211	0.03630780547701025	0.01290397201170054
17.313814360331925	0.03630780547701025	0.0037428381573583313
19.814263275520517	0.03630780547701025	0.0013978050271161542
22.675825267662994	0.03630780547701025	0.00047201452234267095
25.950652033822625	0.03630780547701025	0.00012758008824778993
29.698426982540767	0.03630780547701025	0.00003695964624310465
33.98745295832107	0.03630780547701025	0.000011744080722794963
38.895897054520105	0.03630780547701025	3.3971334962715143e-6
44.51321520124173	0.03630780547701025	8.650221965505063e-7
50.941782491215115	0.03630780547701025	1.709695693219955e-7
58.29875895619149	0.03630780547701025	3.1679263833077513e-8
66.71822479745835	0.03630780547701025	4.411875459505446e-9
76.35362398484546	0.03630780547701025	3.6923262906940383e-10
87.38056075858388	0.03630780547701025	1.2844894204722197e-11
100.00000000000031	0.03630780547701025	1.6975277323812142e-13
111.55639876771902	0.03630780547701025	3.742993810667534e-15
138.21730389017998	0.03630780547701025	1.3095784862076597e-17
171.24990861750976	0.03630780547701025	2.052378699134075e-18
212.17698780180757	0.03630780547701025	3.747878023877915e-19
262.885244821937	0.03630780547701025	5.434293548678614e-20
325.7122869971341	0.03630780547701025	2.9416046572079734e-21
403.5543872869759	0.03630780547701025	4.3657457381623514e-23
499.9999999999984	0.03630780547701025	0
1000	0.03630780547701025	0
2000	0.03630780547701025	0
1.	0.04168693834703368	0.6896413658499239
1.9999999999999998	0.04168693834703368	0.9137570002054535
2.288838595949997	0.04168693834703368	1.018378349752355
2.6193910591551774	0.04168693834703368	1.1610492396168757
2.9976816770403563	0.04168693834703368	1.3514794844926104
3.4306047603910415	0.04168693834703368	1.5892310084310792
3.926050291516404	0.04168693834703368	1.8486088429557883
4.493047718431742	0.04168693834703368	2.0472486632378217
5.141930515695824	0.04168693834703368	2.0656604452208143
5.884524511008838	0.04168693834703368	1.8660701525701533
6.734363409805407	0.04168693834703368	1.6220006717054734
7.706935445758021	0.04168693834703368	1.4353120636493115
8.819965652373028	0.04168693834703368	1.109882851279701
10.093738900052346	0.04168693834703368	0.6349860988440258
11.551469585940843	0.04168693834703368	0.24745183204403456
13.219724714121972	0.04168693834703368	0.07261103436253832
15.128908076758211	0.04168693834703368	0.01867600715427277
17.313814360331925	0.04168693834703368	0.00533890874975082
19.814263275520517	0.04168693834703368	0.0019726118050045756
22.675825267662994	0.04168693834703368	0.0006487017843749931
25.950652033822625	0.04168693834703368	0.00017014620383685897
29.698426982540767	0.04168693834703368	0.00004174842808475473
33.98745295832107	0.04168693834703368	0.00001583031227687972
38.895897054520105	0.04168693834703368	4.55265365326567e-6
44.51321520124173	0.04168693834703368	1.1693012517639305e-6
50.941782491215115	0.04168693834703368	2.287998201551945e-7
58.29875895619149	0.04168693834703368	4.249906329538012e-8
66.71822479745835	0.04168693834703368	5.9211718581667996e-9
76.35362398484546	0.04168693834703368	5.019074558539546e-10
87.38056075858388	0.04168693834703368	1.7783884841731603e-11
100.00000000000031	0.04168693834703368	2.3858080839376285e-13
111.55639876771902	0.04168693834703368	5.298778000516472e-15
138.21730389017998	0.04168693834703368	1.6983015378232377e-17
171.24990861750976	0.04168693834703368	2.6546303750066866e-18
212.17698780180757	0.04168693834703368	4.842675256327997e-19
262.885244821937	0.04168693834703368	7.022544897897649e-20
325.7122869971341	0.04168693834703368	3.8043694434445485e-21
403.5543872869759	0.04168693834703368	5.652588314618204e-23
499.9999999999984	0.04168693834703368	0
1000	0.04168693834703368	0
2000	0.04168693834703368	0
1.	0.047863009232264	0.587506873473808
1.9999999999999998	0.047863009232264	0.7527328096248342
2.288838595949997	0.047863009232264	0.8345023847209599
2.6193910591551774	0.047863009232264	0.9527122139865267
2.9976816770403563	0.047863009232264	1.1201205909268142
3.4306047603910415	0.047863009232264	1.3502624940794143
3.926050291516404	0.047863009232264	1.6458097982179458
4.493047718431742	0.047863009232264	1.9606884241610358
5.141930515695824	0.047863009232264	2.159689859660575
5.884524511008838	0.047863009232264	2.099298790686621
6.734363409805407	0.047863009232264	1.835599631380242
7.706935445758021	0.047863009232264	1.6268812054239847
8.819965652373028	0.047863009232264	1.364371340662212
10.093738900052346	0.047863009232264	0.8669590359365347
11.551469585940843	0.047863009232264	0.36768964684001637
13.219724714121972	0.047863009232264	0.11006401315733871
15.128908076758211	0.047863009232264	0.027768740889898235
17.313814360331925	0.047863009232264	0.006640689871489002
19.814263275520517	0.047863009232264	0.002353314408118652
22.675825267662994	0.047863009232264	0.0007254903770555765
25.950652033822625	0.047863009232264	0.00020146678300606724
29.698426982540767	0.047863009232264	0.00005642669335747185
33.98745295832107	0.047863009232264	0.000020341501477100453
38.895897054520105	0.047863009232264	5.82933563777002e-6
44.51321520124173	0.047863009232264	1.5061106335487622e-6
50.941782491215115	0.047863009232264	2.9249044345207415e-7
58.29875895619149	0.047863009232264	5.4447904133741395e-8
66.71822479745835	0.047863009232264	7.588756185095053e-9
76.35362398484546	0.047863009232264	6.517474772882691e-10
87.38056075858388	0.047863009232264	2.3529893368558043e-11
100.00000000000031	0.047863009232264	3.210181045142373e-13
111.55639876771902	0.047863009232264	7.196233476508008e-15
138.21730389017998	0.047863009232264	2.0920126947604368e-17
171.24990861750976	0.047863009232264	3.2599060640492547e-18
212.17698780180757	0.047863009232264	5.939791859170477e-19
262.885244821937	0.047863009232264	8.614707294903997e-20
325.7122869971341	0.047863009232264	4.671184281032495e-21
403.5543872869759	0.047863009232264	6.949488139923749e-23
499.9999999999984	0.047863009232264	0
1000	0.047863009232264	0
2000	0.047863009232264	0
1.	0.05495408738576265	0.4903251728754092
1.9999999999999998	0.05495408738576265	0.6065102601136111
2.288838595949997	0.05495408738576265	0.6672190024722952
2.6193910591551774	0.05495408738576265	0.7570597181477183
2.9976816770403563	0.05495408738576265	0.8892471681941014
3.4306047603910415	0.05495408738576265	1.0847931787789171
3.926050291516404	0.05495408738576265	1.366480680463285
4.493047718431742	0.05495408738576265	1.7235189851940522
5.141930515695824	0.05495408738576265	2.0841102465675694
5.884524511008838	0.05495408738576265	2.2455590442500357
6.734363409805407	0.05495408738576265	2.114518408334077
7.706935445758021	0.05495408738576265	1.8020511515767084
8.819965652373028	0.05495408738576265	1.6065203330072755
10.093738900052346	0.05495408738576265	1.1427835418521144
11.551469585940843	0.05495408738576265	0.544422169813988
13.219724714121972	0.05495408738576265	0.17032823621264387
15.128908076758211	0.05495408738576265	0.04235645478251103
17.313814360331925	0.05495408738576265	0.01009265575831312
19.814263275520517	0.05495408738576265	0.003458435471992357
22.675825267662994	0.05495408738576265	0.0010482935299682937
25.950652033822625	0.05495408738576265	0.0002841660450196998
29.698426982540767	0.05495408738576265	0.00007207367424746347
33.98745295832107	0.05495408738576265	0.000024717911609126406
38.895897054520105	0.05495408738576265	7.072640743333989e-6
44.51321520124173	0.05495408738576265	1.833089162761815e-6
50.941782491215115	0.05495408738576265	3.5487661623619944e-7
58.29875895619149	0.05495408738576265	6.610162243762443e-8
66.71822479745835	0.05495408738576265	9.21622354791321e-9
76.35362398484546	0.05495408738576265	8.020408049121468e-10
87.38056075858388	0.05495408738576265	2.953056152028523e-11
100.00000000000031	0.05495408738576265	4.1056615236321986e-13
111.55639876771902	0.05495408738576265	9.30782801444961e-15
138.21730389017998	0.05495408738576265	2.42804481347471e-17
171.24990861750976	0.05495408738576265	3.769499296770485e-18
212.17698780180757	0.05495408738576265	6.858965839810163e-19
262.885244821937	0.05495408738576265	9.949338537941427e-20
325.7122869971341	0.05495408738576265	5.400544453292067e-21
403.5543872869759	0.05495408738576265	8.046522783066584e-23
499.9999999999984	0.05495408738576265	0
1000	0.05495408738576265	0
2000	0.05495408738576265	0
1.	0.06309573444801955	0.39748965524342145
1.9999999999999998	0.06309573444801955	0.4808745865161603
2.288838595949997	0.06309573444801955	0.5224873407920203
2.6193910591551774	0.06309573444801955	0.5869287352386183
2.9976816770403563	0.06309573444801955	0.6824899219025603
3.4306047603910415	0.06309573444801955	0.8288263740085745
3.926050291516404	0.06309573444801955	1.0564691255282486
4.493047718431742	0.06309573444801955	1.3915873129232128
5.141930515695824	0.06309573444801955	1.8152688061950135
5.884524511008838	0.06309573444801955	2.201559231079948
6.734363409805407	0.06309573444801955	2.257989087634759
7.706935445758021	0.06309573444801955	1.9900419140499126
8.819965652373028	0.06309573444801955	1.7802713190877046
10.093738900052346	0.06309573444801955	1.4328836445098219
11.551469585940843	0.06309573444801955	0.7855786014042616
13.219724714121972	0.06309573444801955	0.26678393534646927
15.128908076758211	0.06309573444801955	0.06581004745785037
17.313814360331925	0.06309573444801955	0.013897573181567197
19.814263275520517	0.06309573444801955	0.004059660019643938
22.675825267662994	0.06309573444801955	0.0013055046240561326
25.950652033822625	0.06309573444801955	0.0003157201442267205
29.698426982540767	0.06309573444801955	0.00009862088249782018
33.98745295832107	0.06309573444801955	0.000030766054205733845
38.895897054520105	0.06309573444801955	8.80191389121671e-6
44.51321520124173	0.06309573444801955	2.281541818055083e-6
50.941782491215115	0.06309573444801955	4.432378764286544e-7
58.29875895619149	0.06309573444801955	8.228424759465909e-8
66.71822479745835	0.06309573444801955	1.1483232899151699e-8
76.35362398484546	0.06309573444801955	1.012363610379449e-9
87.38056075858388	0.06309573444801955	3.809695964551099e-11
100.00000000000031	0.06309573444801955	5.413174008364809e-13
111.55639876771902	0.06309573444801955	1.2426792574971796e-14
138.21730389017998	0.06309573444801955	2.8747625247496975e-17
171.24990861750976	0.06309573444801955	4.443155116784363e-18
212.17698780180757	0.06309573444801955	8.072134321461592e-19
262.885244821937	0.06309573444801955	1.1711190916142955e-19
325.7122869971341	0.06309573444801955	6.364547929325428e-21
403.5543872869759	0.06309573444801955	9.498886296361692e-23
499.9999999999984	0.06309573444801955	0
1000	0.06309573444801955	0
2000	0.06309573444801955	0
1.	0.07244359600749928	0.30393603995703977
1.9999999999999998	0.07244359600749928	0.36867104792248
2.288838595949997	0.07244359600749928	0.3984949079832171
2.6193910591551774	0.07244359600749928	0.4424782436630914
2.9976816770403563	0.07244359600749928	0.5074704647217311
3.4306047603910415	0.07244359600749928	0.6081406726645893
3.926050291516404	0.07244359600749928	0.7724162529053307
4.493047718431742	0.07244359600749928	1.0283491252796817
5.141930515695824	0.07244359600749928	1.418520511888512
5.884524511008838	0.07244359600749928	1.9116220013499607
6.734363409805407	0.07244359600749928	2.2653296589975516
7.706935445758021	0.07244359600749928	2.1689603748493833
8.819965652373028	0.07244359600749928	1.915870930684492
10.093738900052346	0.07244359600749928	1.6820139087641923
11.551469585940843	0.07244359600749928	1.083002370731764
13.219724714121972	0.07244359600749928	0.4124859396150491
15.128908076758211	0.07244359600749928	0.10362668192683662
17.313814360331925	0.07244359600749928	0.021952002419151354
19.814263275520517	0.07244359600749928	0.0055600301106578836
22.675825267662994	0.07244359600749928	0.001919038721722634
25.950652033822625	0.07244359600749928	0.0004912748373887262
29.698426982540767	0.07244359600749928	0.0001283013907607819
33.98745295832107	0.07244359600749928	0.000033474438897460284
38.895897054520105	0.07244359600749928	9.579452342426117e-6
44.51321520124173	0.07244359600749928	2.4750417091753773e-6
50.941782491215115	0.07244359600749928	4.865393083332841e-7
58.29875895619149	0.07244359600749928	8.943532400505267e-8
66.71822479745835	0.07244359600749928	1.2510043693388744e-8
76.35362398484546	0.07244359600749928	1.1170871780341343e-9
87.38056075858388	0.07244359600749928	4.310158040768166e-11
100.00000000000031	0.07244359600749928	6.286583744433767e-13
111.55639876771902	0.07244359600749928	1.4614436110638045e-14
138.21730389017998	0.07244359600749928	2.95986615632337e-17
171.24990861750976	0.07244359600749928	4.550196215720987e-18
212.17698780180757	0.07244359600749928	8.251778412972908e-19
262.885244821937	0.07244359600749928	1.1974204482880612e-19
325.7122869971341	0.07244359600749928	6.5164703245719806e-21
403.5543872869759	0.07244359600749928	9.744468380671726e-23
499.9999999999984	0.07244359600749928	0
1000	0.07244359600749928	0
2000	0.07244359600749928	0
1.	0.08317637711026743	0.21419819138331295
1.9999999999999998	0.08317637711026743	0.2680042146914793
2.288838595949997	0.08317637711026743	0.2903801218060351
2.6193910591551774	0.08317637711026743	0.3237813718240434
2.9976816770403563	0.08317637711026743	0.36616955633971227
3.4306047603910415	0.08317637711026743	0.43199437509350475
3.926050291516404	0.08317637711026743	0.5360115927481854
4.493047718431742	0.08317637711026743	0.7082789894170661
5.141930515695824	0.08317637711026743	0.9975922148473874
5.884524511008838	0.08317637711026743	1.4542638438850277
6.734363409805407	0.08317637711026743	1.9946614201152277
7.706935445758021	0.08317637711026743	2.2350687332577692
8.819965652373028	0.08317637711026743	2.025920582262524
10.093738900052346	0.08317637711026743	1.821118281746208
11.551469585940843	0.08317637711026743	1.3931082686225493
13.219724714121972	0.08317637711026743	0.6244615967778909
15.128908076758211	0.08317637711026743	0.16473338428006928
17.313814360331925	0.08317637711026743	0.03342542694270046
19.814263275520517	0.08317637711026743	0.007553015741969258
22.675825267662994	0.08317637711026743	0.0026217033753223803
25.950652033822625	0.08317637711026743	0.0006612783516707211
29.698426982540767	0.08317637711026743	0.0001652801574468665
33.98745295832107	0.08317637711026743	0.00004388760921585204
38.895897054520105	0.08317637711026743	0.00001255338691741036
44.51321520124173	0.08317637711026743	3.2216605508906884e-6
50.941782491215115	0.08317637711026743	6.462236314774046e-7
58.29875895619149	0.08317637711026743	1.1674501504097311e-7
66.71822479745835	0.08317637711026743	1.6393810444818446e-8
76.35362398484546	0.08317637711026743	1.4840285244688033e-9
87.38056075858388	0.08317637711026743	5.886717906471104e-11
100.00000000000031	0.08317637711026743	8.862793660431721e-13
111.55639876771902	0.08317637711026743	2.084311882192416e-14
138.21730389017998	0.08317637711026743	3.645817665186793e-17
171.24990861750976	0.08317637711026743	5.568597239922703e-18
212.17698780180757	0.08317637711026743	1.0077865261561915e-18
262.885244821937	0.08317637711026743	1.4627312615488675e-19
325.7122869971341	0.08317637711026743	7.972905941861858e-21
403.5543872869759	0.08317637711026743	1.1948850287336623e-22
499.9999999999984	0.08317637711026743	0
1000	0.08317637711026743	0
2000	0.08317637711026743	0
1.	0.09549925860214398	0.14075324673295533
1.9999999999999998	0.09549925860214398	0.18312428514797807
2.288838595949997	0.09549925860214398	0.20136921033682764
2.6193910591551774	0.09549925860214398	0.22121243283821038
2.9976816770403563	0.09549925860214398	0.25273753635515495
3.4306047603910415	0.09549925860214398	0.292825037834553
3.926050291516404	0.09549925860214398	0.3521806709844796
4.493047718431742	0.09549925860214398	0.45607842917110325
5.141930515695824	0.09549925860214398	0.6352654459274971
5.884524511008838	0.09549925860214398	0.9646154411712798
6.734363409805407	0.09549925860214398	1.4914035914049903
7.706935445758021	0.09549925860214398	2.033548138302777
8.819965652373028	0.09549925860214398	2.113259395234929
10.093738900052346	0.09549925860214398	1.8597941100464368
11.551469585940843	0.09549925860214398	1.643943660820637
13.219724714121972	0.09549925860214398	0.9094306764982854
15.128908076758211	0.09549925860214398	0.2631409028454605
17.313814360331925	0.09549925860214398	0.055773863854490485
19.814263275520517	0.09549925860214398	0.010316358359113084
22.675825267662994	0.09549925860214398	0.003421447274352304
25.950652033822625	0.09549925860214398	0.0008242904927923009
29.698426982540767	0.09549925860214398	0.00020368990552922044
33.98745295832107	0.09549925860214398	0.000050228561850440095
38.895897054520105	0.09549925860214398	0.000014327778065297043
44.51321520124173	0.09549925860214398	3.6417540403303104e-6
50.941782491215115	0.09549925860214398	7.498532207522954e-7
58.29875895619149	0.09549925860214398	1.3239552146106166e-7
66.71822479745835	0.09549925860214398	1.86825350694451e-8
76.35362398484546	0.09549925860214398	1.719203815380837e-9
87.38056075858388	0.09549925860214398	7.01493792750101e-11
100.00000000000031	0.09549925860214398	1.0948903977260173e-12
111.55639876771902	0.09549925860214398	2.6033531845022676e-14
138.21730389017998	0.09549925860214398	3.880475900389586e-17
171.24990861750976	0.09549925860214398	5.880987795030917e-18
212.17698780180757	0.09549925860214398	1.0618081957490175e-18
262.885244821937	0.09549925860214398	1.541529154096383e-19
325.7122869971341	0.09549925860214398	8.41763301935767e-21
403.5543872869759	0.09549925860214398	1.2647287572064304e-22
499.9999999999984	0.09549925860214398	1.0463741317191593e-25
1000	0.09549925860214398	0
2000	0.09549925860214398	0
1.	0.10964781961431896	0.09050814059374616
1.9999999999999998	0.10964781961431896	0.11721384031752899
2.288838595949997	0.10964781961431896	0.12730589520470198
2.6193910591551774	0.10964781961431896	0.14242506339357
2.9976816770403563	0.10964781961431896	0.16346324377621585
3.4306047603910415	0.10964781961431896	0.19071963173641235
3.926050291516404	0.10964781961431896	0.22506065153232974
4.493047718431742	0.10964781961431896	0.28502793948389604
5.141930515695824	0.10964781961431896	0.38224836586036637
5.884524511008838	0.10964781961431896	0.5839207430349287
6.734363409805407	0.10964781961431896	0.9398741603520079
7.706935445758021	0.10964781961431896	1.5470333596465344
8.819965652373028	0.10964781961431896	2.017989375017482
10.093738900052346	0.10964781961431896	1.8855962226555034
11.551469585940843	0.10964781961431896	1.7563712627454626
13.219724714121972	0.10964781961431896	1.2220056189909732
15.128908076758211	0.10964781961431896	0.41892179493544324
17.313814360331925	0.10964781961431896	0.08917755722734069
19.814263275520517	0.10964781961431896	0.016587286198914263
22.675825267662994	0.10964781961431896	0.004322064187142306
25.950652033822625	0.10964781961431896	0.0011687017961565804
29.698426982540767	0.10964781961431896	0.00025410116878943817
33.98745295832107	0.10964781961431896	0.0000651833813742021
38.895897054520105	0.10964781961431896	0.00001846241662704283
44.51321520124173	0.10964781961431896	4.640984712033895e-6
50.941782491215115	0.10964781961431896	9.824955622284928e-7
58.29875895619149	0.10964781961431896	1.6919510312037543e-7
66.71822479745835	0.10964781961431896	2.4003987673067915e-8
76.35362398484546	0.10964781961431896	2.254568028025796e-9
87.38056075858388	0.10964781961431896	9.447173035588553e-11
100.00000000000031	0.10964781961431896	1.5292045063409266e-12
111.55639876771902	0.10964781961431896	3.682073856390943e-14
138.21730389017998	0.10964781961431896	4.6201555033538885e-17
171.24990861750976	0.10964781961431896	6.93594052617182e-18
212.17698780180757	0.10964781961431896	1.2488817923004412e-18
262.885244821937	0.10964781961431896	1.8136366045113145e-19
325.7122869971341	0.10964781961431896	9.92398591202703e-21
403.5543872869759	0.10964781961431896	1.4953760906335602e-22
499.9999999999984	0.10964781961431896	1.2436963269243107e-25
1000	0.10964781961431896	0
2000	0.10964781961431896	0