1.	0.001	0.0865159
1.9999999999999998	0.001	0.107959
2.288838595949997	0.001	0.11132598363302741
2.6193910591551774	0.001	0.11228299205682614
2.9976816770403563	0.001	0.10944596954815153
3.4306047603910415	0.001	0.10158487804482508
3.926050291516404	0.001	0.0888921920137873
4.493047718431742	0.001	0.07335906250450804
5.141930515695824	0.001	0.05795838996643527
5.884524511008838	0.001	0.04351022170917614
6.734363409805407	0.001	0.028760851937443353
7.706935445758021	0.001	0.015052064193843043
8.819965652373028	0.001	0.006203734562507507
10.093738900052346	0.001	0.002551591343573308
11.551469585940843	0.001	0.0011029902235801068
13.219724714121972	0.001	0.00038082807438231784
15.128908076758211	0.001	0.0001548227484061538
17.313814360331925	0.001	0.00008676244678522245
19.814263275520517	0.001	0.00006008439182471439
22.675825267662994	0.001	0.00003873419644802633
25.950652033822625	0.001	0.00002531329657505872
29.698426982540767	0.001	0.00001487925862444317
33.98745295832107	0.001	8.302382134632412e-6
38.895897054520105	0.001	4.0764125359187266e-6
44.51321520124173	0.001	1.3845038539799552e-6
50.941782491215115	0.001	4.431748561660696e-7
58.29875895619149	0.001	1.3343508091260643e-7
66.71822479745835	0.001	3.4079472582819014e-8
76.35362398484546	0.001	6.222239956239677e-9
87.38056075858388	0.001	6.575101484511153e-10
100.00000000000031	0.001	3.6199965118301853e-11
111.55639876771902	0.001	2.226601604501941e-12
138.21730389017998	0.001	8.039231605707738e-16
171.24990861750976	0.001	2.0305135584252549e-19
212.17698780180757	0.001	3.53646284212158e-20
262.885244821937	0.001	5.123603424110567e-21
325.7122869971341	0.001	2.7588443182011426e-22
403.5543872869759	0.001	4.064114007146269e-24
499.9999999999984	0.001	0
1000	0.001	0
2000	0.001	0
1.	0.0011481536214968829	0.09728325104162744
1.9999999999999998	0.0011481536214968829	0.12248134505450285
2.288838595949997	0.0011481536214968829	0.12659734588861857
2.6193910591551774	0.0011481536214968829	0.12807137121554074
2.9976816770403563	0.0011481536214968829	0.12515034742033532
3.4306047603910415	0.0011481536214968829	0.11650622591255215
3.926050291516404	0.0011481536214968829	0.1021853160901723
4.493047718431742	0.0011481536214968829	0.08444144435922497
5.141930515695824	0.0011481536214968829	0.06678140616976466
5.884524511008838	0.0011481536214968829	0.05021997650926692
6.734363409805407	0.0011481536214968829	0.03329485703735251
7.706935445758021	0.0011481536214968829	0.017465534586932768
8.819965652373028	0.0011481536214968829	0.007201094803020427
10.093738900052346	0.0011481536214968829	0.0029482551469090395
11.551469585940843	0.0011481536214968829	0.0012742492112876617
13.219724714121972	0.0011481536214968829	0.0004405830592953729
15.128908076758211	0.0011481536214968829	0.00017862129749343067
17.313814360331925	0.0011481536214968829	0.0001001191540744547
19.814263275520517	0.0011481536214968829	0.00006935637878549229
22.675825267662994	0.0011481536214968829	0.00004467002371211264
25.950652033822625	0.0011481536214968829	0.000029158721889298902
29.698426982540767	0.0011481536214968829	0.000017130207617723873
33.98745295832107	0.0011481536214968829	9.55479399664338e-6
38.895897054520105	0.0011481536214968829	4.656875731577663e-6
44.51321520124173	0.0011481536214968829	1.5818492657116762e-6
50.941782491215115	0.0011481536214968829	5.063788694689583e-7
58.29875895619149	0.0011481536214968829	1.524118103225953e-7
66.71822479745835	0.0011481536214968829	3.892486387462574e-8
76.35362398484546	0.0011481536214968829	7.105105543218459e-9
87.38056075858388	0.0011481536214968829	7.508646589499016e-10
100.00000000000031	0.0011481536214968829	4.138616077936699e-11
111.55639876771902	0.0011481536214968829	2.545254157825406e-12
138.21730389017998	0.0011481536214968829	9.198181861319442e-16
171.24990861750976	0.0011481536214968829	2.3183282476613005e-19
212.17698780180757	0.0011481536214968829	4.0367601338855844e-20
262.885244821937	0.0011481536214968829	5.848436822027097e-21
325.7122869971341	0.0011481536214968829	3.149194406726709e-22
403.5543872869759	0.0011481536214968829	4.639315080712342e-24
499.9999999999984	0.0011481536214968829	0
1000	0.0011481536214968829	0
2000	0.0011481536214968829	0
1.	0.0013182567385564075	0.10907477391721333
1.9999999999999998	0.0013182567385564075	0.13868868925120367
2.288838595949997	0.0013182567385564075	0.14378364571458888
2.6193910591551774	0.0013182567385564075	0.14589165034629423
2.9976816770403563	0.0013182567385564075	0.14304162031476966
3.4306047603910415	0.0013182567385564075	0.13358051774447283
3.926050291516404	0.0013182567385564075	0.11746069673527994
4.493047718431742	0.0013182567385564075	0.09726243545582286
5.141930515695824	0.0013182567385564075	0.07700549079501512
5.884524511008838	0.0013182567385564075	0.05803344693241147
6.734363409805407	0.0013182567385564075	0.038580634581957554
7.706935445758021	0.0013182567385564075	0.020305531124452783
8.819965652373028	0.0013182567385564075	0.008361694401452428
10.093738900052346	0.0013182567385564075	0.003409419550930215
11.551469585940843	0.0013182567385564075	0.0014755164900480703
13.219724714121972	0.0013182567385564075	0.000508706778234814
15.128908076758211	0.0013182567385564075	0.00020622513593531608
17.313814360331925	0.0013182567385564075	0.00011565449746665416
19.814263275520517	0.0013182567385564075	0.00008001721900775416
22.675825267662994	0.0013182567385564075	0.000051405233534464255
25.950652033822625	0.0013182567385564075	0.000033606675412889276
29.698426982540767	0.0013182567385564075	0.000019726495363373107
33.98745295832107	0.0013182567385564075	0.000011006667801322628
38.895897054520105	0.0013182567385564075	5.257741929217924e-6
44.51321520124173	0.0013182567385564075	1.7861961124200147e-6
50.941782491215115	0.0013182567385564075	5.718443643203415e-7
58.29875895619149	0.0013182567385564075	1.7205008892247426e-7
66.71822479745835	0.0013182567385564075	4.393873121344976e-8
76.35362398484546	0.0013182567385564075	8.018073896337105e-9
87.38056075858388	0.0013182567385564075	8.474321555279424e-10
100.00000000000031	0.0013182567385564075	4.6767367192224085e-11
111.55639876771902	0.0013182567385564075	2.8757976846421877e-12
138.21730389017998	0.0013182567385564075	1.0403620609062146e-15
171.24990861750976	0.0013182567385564075	2.615815933748929e-19
212.17698780180757	0.0013182567385564075	4.5534676243423337e-20
262.885244821937	0.0013182567385564075	6.597064437629202e-21
325.7122869971341	0.0013182567385564075	3.552405033906541e-22
403.5543872869759	0.0013182567385564075	5.233486540669144e-24
499.9999999999984	0.0013182567385564075	0
1000	0.0013182567385564075	0
2000	0.0013182567385564075	0
1.	0.0015135612484362087	0.12180007613434336
1.9999999999999998	0.0015135612484362087	0.1567351105298076
2.288838595949997	0.0015135612484362087	0.16297108857328135
2.6193910591551774	0.0015135612484362087	0.16598311786948308
2.9976816770403563	0.0015135612484362087	0.16333708814928485
3.4306047603910415	0.0015135612484362087	0.1531329504390162
3.926050291516404	0.0015135612484362087	0.13506610087316165
4.493047718431742	0.0015135612484362087	0.1120391881791711
5.141930515695824	0.0015135612484362087	0.08885096123398312
5.884524511008838	0.0015135612484362087	0.0670892400795837
6.734363409805407	0.0015135612484362087	0.04479086613758778
7.706935445758021	0.0015135612484362087	0.02361552118200588
8.819965652373028	0.0015135612484362087	0.009739833185316087
10.093738900052346	0.0015135612484362087	0.00394689373450456
11.551469585940843	0.0015135612484362087	0.0017085082030430733
13.219724714121972	0.0015135612484362087	0.0005924109175070577
15.128908076758211	0.0015135612484362087	0.00023817482022505564
17.313814360331925	0.0015135612484362087	0.00013357088101425125
19.814263275520517	0.0015135612484362087	0.00009246328419380365
22.675825267662994	0.0015135612484362087	0.00005927549210749284
25.950652033822625	0.0015135612484362087	0.000038749733826242974
29.698426982540767	0.0015135612484362087	0.00002272625608675363
33.98745295832107	0.0015135612484362087	0.00001267691973220382
38.895897054520105	0.0015135612484362087	5.8723883893231854e-6
44.51321520124173	0.0015135612484362087	1.9953349856540826e-6
50.941782491215115	0.0015135612484362087	6.388611632541683e-7
58.29875895619149	0.0015135612484362087	1.9213167529992479e-7
66.71822479745835	0.0015135612484362087	4.9065573547590876e-8
76.35362398484546	0.0015135612484362087	8.950909406916454e-9
87.38056075858388	0.0015135612484362087	9.461516766156136e-10
100.00000000000031	0.0015135612484362087	5.228767088909309e-11
111.55639876771902	0.0015135612484362087	3.2148156006701545e-12
138.21730389017998	0.0015135612484362087	1.1644012565309444e-15
171.24990861750976	0.0015135612484362087	2.9195696106901903e-19
212.17698780180757	0.0015135612484362087	5.080604277367097e-20
262.885244821937	0.0015135612484362087	7.360820330814031e-21
325.7122869971341	0.0015135612484362087	3.9637776590830773e-22
403.5543872869759	0.0015135612484362087	5.8397759471924794e-24
499.9999999999984	0.0015135612484362087	0
1000	0.0015135612484362087	0
2000	0.0015135612484362087	0
1.	0.0017378008287493763	0.13547504645902178
1.9999999999999998	0.0017378008287493763	0.17658806996697132
2.288838595949997	0.0017378008287493763	0.18432503833821673
2.6193910591551774	0.0017378008287493763	0.188485074671094
2.9976816770403563	0.0017378008287493763	0.18627004127943267
3.4306047603910415	0.0017378008287493763	0.17541088879368505
3.926050291516404	0.0017378008287493763	0.15531106148454274
4.493047718431742	0.0017378008287493763	0.12919616879753737
5.141930515695824	0.0017378008287493763	0.10256403367757172
5.884524511008838	0.0017378008287493763	0.0775862039492953
6.734363409805407	0.0017378008287493763	0.0520433416351226
7.706935445758021	0.0017378008287493763	0.02757152967759566
8.819965652373028	0.0017378008287493763	0.011353769448512763
10.093738900052346	0.0017378008287493763	0.004569543211933073
11.551469585940843	0.0017378008287493763	0.001978195088389042
13.219724714121972	0.0017378008287493763	0.0006827680936386864
15.128908076758211	0.0017378008287493763	0.0002753386935797276
17.313814360331925	0.0017378008287493763	0.00015460380508938647
19.814263275520517	0.0017378008287493763	0.00010691175484457174
22.675825267662994	0.0017378008287493763	0.00006834225200843513
25.950652033822625	0.0017378008287493763	0.00004471066835742008
29.698426982540767	0.0017378008287493763	0.000026194238630898953
33.98745295832107	0.0017378008287493763	0.000014385436099735783
38.895897054520105	0.0017378008287493763	6.645827633044711e-6
44.51321520124173	0.0017378008287493763	2.258549943116727e-6
50.941782491215115	0.0017378008287493763	7.232223991228375e-7
58.29875895619149	0.0017378008287493763	2.1740253641769515e-7
66.71822479745835	0.0017378008287493763	5.551698907005063e-8
76.35362398484546	0.0017378008287493763	1.0124547162071121e-8
87.38056075858388	0.0017378008287493763	1.0703864585438362e-9
100.00000000000031	0.0017378008287493763	5.92441126166382e-11
111.55639876771902	0.0017378008287493763	3.6420233443623745e-12
138.21730389017998	0.0017378008287493763	1.3209480354153434e-15
171.24990861750976	0.0017378008287493763	3.3015581571348526e-19
212.17698780180757	0.0017378008287493763	5.743241433184397e-20
262.885244821937	0.0017378008287493763	8.320891017867094e-21
325.7122869971341	0.0017378008287493763	4.4809321488055e-22
403.5543872869759	0.0017378008287493763	6.601992396892765e-24
499.9999999999984	0.0017378008287493763	0
1000	0.0017378008287493763	0
2000	0.0017378008287493763	0
1.	0.0019952623149688807	0.1499081172089552
1.9999999999999998	0.0019952623149688807	0.19832418512859626
2.288838595949997	0.0019952623149688807	0.20791915602905298
2.6193910591551774	0.0019952623149688807	0.2136092143126795
2.9976816770403563	0.0019952623149688807	0.21216218442623988
3.4306047603910415	0.0019952623149688807	0.2008600120979625
3.926050291516404	0.0019952623149688807	0.1785831936494152
4.493047718431742	0.0019952623149688807	0.14898929786966028
5.141930515695824	0.0019952623149688807	0.11841512474609824
5.884524511008838	0.0019952623149688807	0.08986755622440315
6.734363409805407	0.0019952623149688807	0.060565578975391665
7.706935445758021	0.0019952623149688807	0.032257576161163544
8.819965652373028	0.0019952623149688807	0.013248892064263353
10.093738900052346	0.0019952623149688807	0.005303616450647357
11.551469585940843	0.0019952623149688807	0.0022958756450113887
13.219724714121972	0.0019952623149688807	0.0007970208013984711
15.128908076758211	0.0019952623149688807	0.00031879788016814665
17.313814360331925	0.0019952623149688807	0.00017914290559955997
19.814263275520517	0.0019952623149688807	0.0001238069674163539
22.675825267662994	0.0019952623149688807	0.00007901138395396403
25.950652033822625	0.0019952623149688807	0.00005161586410703656
29.698426982540767	0.0019952623149688807	0.000030208241198589
33.98745295832107	0.0019952623149688807	0.000016430165177633626
38.895897054520105	0.0019952623149688807	7.57429155550736e-6
44.51321520124173	0.0019952623149688807	2.574624051775832e-6
50.941782491215115	0.0019952623149688807	8.245455048500582e-7
58.29875895619149	0.0019952623149688807	2.477359076156958e-7
66.71822479745835	0.0019952623149688807	6.326052482616231e-8
76.35362398484546	0.0019952623149688807	1.1532764777521407e-8
87.38056075858388	0.0019952623149688807	1.2195204590969559e-9
100.00000000000031	0.0019952623149688807	6.761254092004723e-11
111.55639876771902	0.0019952623149688807	4.155994475457824e-12
138.21730389017998	0.0019952623149688807	1.5097303059209867e-15
171.24990861750976	0.0019952623149688807	3.759614545596008e-19
212.17698780180757	0.0019952623149688807	6.537312737813049e-20
262.885244821937	0.0019952623149688807	9.471400887188787e-21
325.7122869971341	0.0019952623149688807	5.100701082686193e-22
403.5543872869759	0.0019952623149688807	7.515532484899163e-24
499.9999999999984	0.0019952623149688807	0
1000	0.0019952623149688807	0
2000	0.0019952623149688807	0
1.	0.0022908676527677745	0.1648748811575227
1.9999999999999998	0.0022908676527677745	0.2219638122912966
2.288838595949997	0.0022908676527677745	0.23379873697522568
2.6193910591551774	0.0022908676527677745	0.24149277806066197
2.9976816770403563	0.0022908676527677745	0.2413027238074783
3.4306047603910415	0.0022908676527677745	0.229736535470138
3.926050291516404	0.0022908676527677745	0.20525377103404818
4.493047718431742	0.0022908676527677745	0.17181895326291374
5.141930515695824	0.0022908676527677745	0.13687583067974116
5.884524511008838	0.0022908676527677745	0.10413870841056105
6.734363409805407	0.0022908676527677745	0.07055400594248641
7.706935445758021	0.0022908676527677745	0.03782550904542951
8.819965652373028	0.0022908676527677745	0.015523669050773828
10.093738900052346	0.0022908676527677745	0.006160839908671129
11.551469585940843	0.0022908676527677745	0.002665120002742338
13.219724714121972	0.0022908676527677745	0.0009236848192938833
15.128908076758211	0.0022908676527677745	0.0003694180001291342
17.313814360331925	0.0022908676527677745	0.00020766940529898996
19.814263275520517	0.0022908676527677745	0.00014355978474314522
22.675825267662994	0.0022908676527677745	0.00009118435996122759
25.950652033822625	0.0022908676527677745	0.00005964099829109365
29.698426982540767	0.0022908676527677745	0.00003376797395638872
33.98745295832107	0.0022908676527677745	0.00001822565621003431
38.895897054520105	0.0022908676527677745	8.371259585161704e-6
44.51321520124173	0.0022908676527677745	2.8462086763289703e-6
50.941782491215115	0.0022908676527677745	9.116586900553554e-7
58.29875895619149	0.0022908676527677745	2.7376081789572536e-7
66.71822479745835	0.0022908676527677745	6.99028704646815e-8
76.35362398484546	0.0022908676527677745	1.2739195396087964e-8
87.38056075858388	0.0022908676527677745	1.347444787989116e-9
100.00000000000031	0.0022908676527677745	7.484353197842756e-11
111.55639876771902	0.0022908676527677745	4.600040586718956e-12
138.21730389017998	0.0022908676527677745	1.6740496880484127e-15
171.24990861750976	0.0022908676527677745	4.1513110452806773e-19
212.17698780180757	0.0022908676527677745	7.214946886589148e-20
262.885244821937	0.0022908676527677745	1.0453269387085574e-20
325.7122869971341	0.0022908676527677745	5.629700575204526e-22
403.5543872869759	0.0022908676527677745	8.295517575821356e-24
499.9999999999984	0.0022908676527677745	0
1000	0.0022908676527677745	0
2000	0.0022908676527677745	0
1.	0.0026302679918953843	0.1801509096175424
1.9999999999999998	0.0026302679918953843	0.24723985045123076
2.288838595949997	0.0026302679918953843	0.2618917625608526
2.6193910591551774	0.0026302679918953843	0.2721758230377303
2.9976816770403563	0.0026302679918953843	0.27381076326466613
3.4306047603910415	0.0026302679918953843	0.2623495536627286
3.926050291516404	0.0026302679918953843	0.23597879884136086
4.493047718431742	0.0026302679918953843	0.19830399489948206
5.141930515695824	0.0026302679918953843	0.15829484721363735
5.884524511008838	0.0026302679918953843	0.12077169765177675
6.734363409805407	0.0026302679918953843	0.08235159744605816
7.706935445758021	0.0026302679918953843	0.04448703789391332
8.819965652373028	0.0026302679918953843	0.018229986550680713
10.093738900052346	0.0026302679918953843	0.007175255289541301
11.551469585940843	0.0026302679918953843	0.003101542411773817
13.219724714121972	0.0026302679918953843	0.001076800696149124
15.128908076758211	0.0026302679918953843	0.0004280579606749489
17.313814360331925	0.0026302679918953843	0.00024075937740618102
19.814263275520517	0.0026302679918953843	0.00016644195612709254
22.675825267662994	0.0026302679918953843	0.00010547163381669767
25.950652033822625	0.0026302679918953843	0.00006896817947874142
29.698426982540767	0.0026302679918953843	0.00003798225960080449
33.98745295832107	0.0026302679918953843	0.000019628493002729988
38.895897054520105	0.0026302679918953843	9.151961667626737e-6
44.51321520124173	0.0026302679918953843	3.1124918187841344e-6
50.941782491215115	0.0026302679918953843	9.97114281413033e-7
58.29875895619149	0.0026302679918953843	2.992496743143295e-7
66.71822479745835	0.0026302679918953843	7.640673198571337e-8
76.35362398484546	0.0026302679918953843	1.3919556220540209e-8
87.38056075858388	0.0026302679918953843	1.4727791485713742e-9
100.00000000000031	0.0026302679918953843	8.197059143974291e-11
111.55639876771902	0.0026302679918953843	5.037808226908993e-12
138.21730389017998	0.0026302679918953843	1.837141315725982e-15
171.24990861750976	0.0026302679918953843	4.533777974826768e-19
212.17698780180757	0.0026302679918953843	7.875372398534458e-20
262.885244821937	0.0026302679918953843	1.1410201744711598e-20
325.7122869971341	0.0026302679918953843	6.145378239271286e-22
403.5543872869759	0.0026302679918953843	9.05602901574328e-24
499.9999999999984	0.0026302679918953843	0
1000	0.0026302679918953843	0
2000	0.0026302679918953843	0
1.	0.003019951720402019	0.1953920563354566
1.9999999999999998	0.003019951720402019	0.27402110672244884
2.288838595949997	0.003019951720402019	0.2920540357174252
2.6193910591551774	0.003019951720402019	0.30570315237422374
2.9976816770403563	0.003019951720402019	0.3100271124916626
3.4306047603910415	0.003019951720402019	0.299331889466313
3.926050291516404	0.003019951720402019	0.27115713263622826
4.493047718431742	0.003019951720402019	0.22906130594463406
5.141930515695824	0.003019951720402019	0.18327608238618354
5.884524511008838	0.003019951720402019	0.14030885753637626
6.734363409805407	0.003019951720402019	0.09635230977728729
7.706935445758021	0.003019951720402019	0.052429142356287005
8.819965652373028	0.003019951720402019	0.02155943568072959
10.093738900052346	0.003019951720402019	0.0084386364140026
11.551469585940843	0.003019951720402019	0.003610943075082614
13.219724714121972	0.003019951720402019	0.0012643008743783934
15.128908076758211	0.003019951720402019	0.0004968035115921946
17.313814360331925	0.003019951720402019	0.0002800676778586176
19.814263275520517	0.003019951720402019	0.00019321839581854753
22.675825267662994	0.003019951720402019	0.00012219069526567218
25.950652033822625	0.003019951720402019	0.00007295314724016901
29.698426982540767	0.003019951720402019	0.00004083439164633366
33.98745295832107	0.003019951720402019	0.000021190822780208127
38.895897054520105	0.003019951720402019	0.000010056312333581299
44.51321520124173	0.003019951720402019	3.421125065227766e-6
50.941782491215115	0.003019951720402019	1.0961709834506339e-6
58.29875895619149	0.003019951720402019	3.287792099147207e-7
66.71822479745835	0.003019951720402019	8.393991383452464e-8
76.35362398484546	0.003019951720402019	1.5286739303789143e-8
87.38056075858388	0.003019951720402019	1.618094958934169e-9
100.00000000000031	0.003019951720402019	9.025670428894484e-11
111.55639876771902	0.003019951720402019	5.547092003901392e-12
138.21730389017998	0.003019951720402019	2.027645472526435e-15
171.24990861750976	0.003019951720402019	4.976129488250851e-19
212.17698780180757	0.003019951720402019	8.638341046224475e-20
262.885244821937	0.003019951720402019	1.2515710261027855e-20
325.7122869971341	0.003019951720402019	6.741209198191106e-22
403.5543872869759	0.003019951720402019	9.934855569056202e-24
499.9999999999984	0.003019951720402019	0
1000	0.003019951720402019	0
2000	0.003019951720402019	0
1.	0.00346736850452532	0.21004295102990583
1.9999999999999998	0.00346736850452532	0.3017759072305669
2.288838595949997	0.00346736850452532	0.32413978404321975
2.6193910591551774	0.00346736850452532	0.3421819001199008
2.9976816770403563	0.00346736850452532	0.3500568310745793
3.4306047603910415	0.00346736850452532	0.3409885753134953
3.926050291516404	0.00346736850452532	0.3112798418779297
4.493047718431742	0.00346736850452532	0.26457406924152266
5.141930515695824	0.00346736850452532	0.21246186875047596
5.884524511008838	0.00346736850452532	0.16393865029615473
6.734363409805407	0.00346736850452532	0.11293676587182805
7.706935445758021	0.00346736850452532	0.06196790678790059
8.819965652373028	0.00346736850452532	0.025486529374106538
10.093738900052346	0.00346736850452532	0.009802056541378893
11.551469585940843	0.00346736850452532	0.004222164375807492
13.219724714121972	0.00346736850452532	0.0014748376887154442
15.128908076758211	0.00346736850452532	0.0005781477960349437
17.313814360331925	0.00346736850452532	0.00032600626344138817
19.814263275520517	0.00346736850452532	0.00022449138643654206
22.675825267662994	0.00346736850452532	0.0001417394562175495
25.950652033822625	0.00346736850452532	0.00007973088558182872
29.698426982540767	0.00346736850452532	0.00004479395027106594
33.98745295832107	0.00346736850452532	0.000023097431592909146
38.895897054520105	0.00346736850452532	0.000011526202030582989
44.51321520124173	0.00346736850452532	3.92258485678881e-6
50.941782491215115	0.00346736850452532	1.2570641970834444e-6
58.29875895619149	0.00346736850452532	3.7679686693649545e-7
66.71822479745835	0.00346736850452532	9.618953104851117e-8
76.35362398484546	0.00346736850452532	1.7512139540107713e-8
87.38056075858388	0.00346736850452532	1.8545853442251238e-9
100.00000000000031	0.00346736850452532	1.036949319377334e-10
111.55639876771902	0.00346736850452532	6.373511782910287e-12
138.21730389017998	0.00346736850452532	2.3360564322717894e-15
171.24990861750976	0.00346736850452532	5.696367050449598e-19
212.17698780180757	0.00346736850452532	9.881560877407536e-20
262.885244821937	0.00346736850452532	1.4317135212052227e-20
325.7122869971341	0.00346736850452532	7.7120124656606335e-22
403.5543872869759	0.00346736850452532	1.1366631843687034e-23
499.9999999999984	0.00346736850452532	0
1000	0.00346736850452532	0
2000	0.00346736850452532	0
1.	0.003981071705534978	0.2234910331761123
1.9999999999999998	0.003981071705534978	0.3300120810390088
2.288838595949997	0.003981071705534978	0.35758696362984804
2.6193910591551774	0.003981071705534978	0.3809651513858587
2.9976816770403563	0.003981071705534978	0.39339211267370905
3.4306047603910415	0.003981071705534978	0.3875118572224219
3.926050291516404	0.003981071705534978	0.35724012378447567
4.493047718431742	0.003981071705534978	0.3058583444473026
5.141930515695824	0.003981071705534978	0.24648507547326823
5.884524511008838	0.003981071705534978	0.19017278639999424
6.734363409805407	0.003981071705534978	0.13277586137681113
7.706935445758021	0.003981071705534978	0.07368841799526281
8.819965652373028	0.003981071705534978	0.030366587038242666
10.093738900052346	0.003981071705534978	0.011495831103280991
11.551469585940843	0.003981071705534978	0.004943489187862178
13.219724714121972	0.003981071705534978	0.0017353571268590303
15.128908076758211	0.003981071705534978	0.0006723382438121252
17.313814360331925	0.003981071705534978	0.000380219501458288
19.814263275520517	0.003981071705534978	0.0002614868386193947
22.675825267662994	0.003981071705534978	0.00015366949409376313
25.950652033822625	0.003981071705534978	0.00008568061185268445
29.698426982540767	0.003981071705534978	0.000046624482992750795
33.98745295832107	0.003981071705534978	0.000025780839782432667
38.895897054520105	0.003981071705534978	0.000013213113092476461
44.51321520124173	0.003981071705534978	4.498487943963613e-6
50.941782491215115	0.003981071705534978	1.4418493070347262e-6
58.29875895619149	0.003981071705534978	4.3190727811569727e-7
66.71822479745835	0.003981071705534978	1.1024319659947539e-7
76.35362398484546	0.003981071705534978	2.0065798829008084e-8
87.38056075858388	0.003981071705534978	2.1263474426762287e-9
100.00000000000031	0.003981071705534978	1.1919330112095517e-10
111.55639876771902	0.003981071705534978	7.327552173693843e-12
138.21730389017998	0.003981071705534978	2.6940918838542048e-15
171.24990861750976	0.003981071705534978	6.521081401638489e-19
212.17698780180757	0.003981071705534978	1.1302908264240813e-19
262.885244821937	0.003981071705534978	1.6376662468328944e-20
325.7122869971341	0.003981071705534978	8.822012694588143e-22
403.5543872869759	0.003981071705534978	1.3004124923216892e-23
499.9999999999984	0.003981071705534978	0
1000	0.003981071705534978	0
2000	0.003981071705534978	0
1.	0.0045708818961487565	0.23496402394021157
1.9999999999999998	0.0045708818961487565	0.35803707433225684
2.288838595949997	0.0045708818961487565	0.3913639313419282
2.6193910591551774	0.0045708818961487565	0.42128516842103775
2.9976816770403563	0.0045708818961487565	0.44023413256772814
3.4306047603910415	0.0045708818961487565	0.4387218733315422
3.926050291516404	0.0045708818961487565	0.4091831359181195
4.493047718431742	0.0045708818961487565	0.3534743782825152
5.141930515695824	0.0045708818961487565	0.28610908525232515
5.884524511008838	0.0045708818961487565	0.22166575801831429
6.734363409805407	0.0045708818961487565	0.15647683841809884
7.706935445758021	0.0045708818961487565	0.08797356967784292
8.819965652373028	0.0045708818961487565	0.03652862155861289
10.093738900052346	0.0045708818961487565	0.013555100084747218
11.551469585940843	0.0045708818961487565	0.005801134665127846
13.219724714121972	0.0045708818961487565	0.0020422847542772024
15.128908076758211	0.0045708818961487565	0.0007842691106164898
17.313814360331925	0.0045708818961487565	0.0004436263502652462
19.814263275520517	0.0045708818961487565	0.00029426228417671146
22.675825267662994	0.0045708818961487565	0.00016012850856185265
25.950652033822625	0.0045708818961487565	0.00009122204835124379
29.698426982540767	0.0045708818961487565	0.00005150798708634521
33.98745295832107	0.0045708818961487565	0.000029644052332762272
38.895897054520105	0.0045708818961487565	0.000015132714911139103
44.51321520124173	0.0045708818961487565	5.1543879712414745e-6
50.941782491215115	0.0045708818961487565	1.6522969901593042e-6
58.29875895619149	0.0045708818961487565	4.946277550779217e-7
66.71822479745835	0.0045708818961487565	1.2622867771209393e-7
76.35362398484546	0.0045708818961487565	2.2971852084796996e-8
87.38056075858388	0.0045708818961487565	2.4361568098778404e-9
100.00000000000031	0.0045708818961487565	1.3693262283945232e-10
111.55639876771902	0.0045708818961487565	8.420947252500455e-12
138.21730389017998	0.0045708818961487565	3.1071508139869857e-15
171.24990861750976	0.0045708818961487565	7.457136302512844e-19
212.17698780180757	0.0045708818961487565	1.291314086947093e-19
262.885244821937	0.0045708818961487565	1.8710006567970286e-20
325.7122869971341	0.0045708818961487565	1.0079848221844686e-21
403.5543872869759	0.0045708818961487565	1.4860099034505153e-23
499.9999999999984	0.0045708818961487565	0
1000	0.0045708818961487565	0
2000	0.0045708818961487565	0
1.	0.005248074602497733	0.2435140313786484
1.9999999999999998	0.005248074602497733	0.38458413860826834
2.288838595949997	0.005248074602497733	0.4247009892911972
2.6193910591551774	0.005248074602497733	0.4624873166631684
2.9976816770403563	0.005248074602497733	0.4896713221013391
3.4306047603910415	0.005248074602497733	0.49484610005250224
3.926050291516404	0.005248074602497733	0.46795435715327005
4.493047718431742	0.005248074602497733	0.40851461375507286
5.141930515695824	0.005248074602497733	0.3325392696808362
5.884524511008838	0.005248074602497733	0.25882486186644016
6.734363409805407	0.005248074602497733	0.18454392140469433
7.706935445758021	0.005248074602497733	0.10543749848393973
8.819965652373028	0.005248074602497733	0.04388899518728319
10.093738900052346	0.005248074602497733	0.016055772190729574
11.551469585940843	0.005248074602497733	0.006832079671656704
13.219724714121972	0.005248074602497733	0.0024134132732131224
15.128908076758211	0.005248074602497733	0.0009163564435381191
17.313814360331925	0.005248074602497733	0.0005179394253345684
19.814263275520517	0.005248074602497733	0.00032656421915911555
22.675825267662994	0.005248074602497733	0.00017449470444936058
25.950652033822625	0.005248074602497733	0.00010518014382083353
29.698426982540767	0.005248074602497733	0.00006030571336894142
33.98745295832107	0.005248074602497733	0.000034119418131956484
38.895897054520105	0.005248074602497733	0.0000173481252218761
44.51321520124173	0.005248074602497733	5.9120551425099145e-6
50.941782491215115	0.005248074602497733	1.8953386039643847e-6
58.29875895619149	0.005248074602497733	5.6702628137624e-7
66.71822479745835	0.005248074602497733	1.446673189555724e-7
76.35362398484546	0.005248074602497733	2.632715473534697e-8
87.38056075858388	0.005248074602497733	2.7945968108299962e-9
100.00000000000031	0.005248074602497733	1.5753247568113718e-10
111.55639876771902	0.005248074602497733	9.692976690672943e-12
138.21730389017998	0.005248074602497733	3.591157123245071e-15
171.24990861750976	0.005248074602497733	8.534534686262249e-19
212.17698780180757	0.005248074602497733	1.4762839613725096e-19
262.885244821937	0.005248074602497733	2.1390364498498868e-20
325.7122869971341	0.005248074602497733	1.1525037929575595e-21
403.5543872869759	0.005248074602497733	1.6993076915236398e-23
499.9999999999984	0.005248074602497733	0
1000	0.005248074602497733	0
2000	0.005248074602497733	0
1.	0.006025595860743587	0.24881497177961207
1.9999999999999998	0.006025595860743587	0.4079998753426515
2.288838595949997	0.006025595860743587	0.45583560171941456
2.6193910591551774	0.006025595860743587	0.5031248888610643
2.9976816770403563	0.006025595860743587	0.5406987852919789
3.4306047603910415	0.006025595860743587	0.5553984667780478
3.926050291516404	0.006025595860743587	0.5334526196079568
4.493047718431742	0.006025595860743587	0.471792911243573
5.141930515695824	0.006025595860743587	0.38674565264022753
5.884524511008838	0.006025595860743587	0.3020983238606604
6.734363409805407	0.006025595860743587	0.2181195020394523
7.706935445758021	0.006025595860743587	0.12707031118869633
8.819965652373028	0.006025595860743587	0.05314193951319256
10.093738900052346	0.006025595860743587	0.019151987344334438
11.551469585940843	0.006025595860743587	0.008053305061472537
13.219724714121972	0.006025595860743587	0.0028615044386193734
15.128908076758211	0.006025595860743587	0.0010711574583439436
17.313814360331925	0.006025595860743587	0.0006065323167127847
19.814263275520517	0.006025595860743587	0.00039555773132007193
22.675825267662994	0.006025595860743587	0.00021491410573661908
25.950652033822625	0.006025595860743587	0.00012690117348591613
29.698426982540767	0.006025595860743587	0.0000735009148661593
33.98745295832107	0.006025595860743587	0.00003934344682578759
38.895897054520105	0.006025595860743587	0.00001990879803017824
44.51321520124173	0.006025595860743587	6.788649257144302e-6
50.941782491215115	0.006025595860743587	2.1763772187572756e-6
58.29875895619149	0.006025595860743587	6.507235947382856e-7
66.71822479745835	0.006025595860743587	1.659627464421529e-7
76.35362398484546	0.006025595860743587	3.020794322255667e-8
87.38056075858388	0.006025595860743587	3.2101862736845815e-9
100.00000000000031	0.006025595860743587	1.8150610601126226e-10
111.55639876771902	0.006025595860743587	1.1176846290798196e-11
138.21730389017998	0.006025595860743587	4.160378911786493e-15
171.24990861750976	0.006025595860743587	9.775998559813457e-19
212.17698780180757	0.006025595860743587	1.6889224696415003e-19
262.885244821937	0.006025595860743587	2.4471772457411225e-20
325.7122869971341	0.006025595860743587	1.3186840707008375e-21
403.5543872869759	0.006025595860743587	1.9446524887181813e-23
499.9999999999984	0.006025595860743587	0
1000	0.006025595860743587	0
2000	0.006025595860743587	0
1.	0.006918309709189377	0.25010799957879026
1.9999999999999998	0.006918309709189377	0.4269289938336589
2.288838595949997	0.006918309709189377	0.4831187179729106
2.6193910591551774	0.006918309709189377	0.5413281285497544
2.9976816770403563	0.006918309709189377	0.5916860887148038
3.4306047603910415	0.006918309709189377	0.6188748534831138
3.926050291516404	0.006918309709189377	0.6057779448172186
4.493047718431742	0.006918309709189377	0.5442732238806095
5.141930515695824	0.006918309709189377	0.45021491216204557
5.884524511008838	0.006918309709189377	0.3535024791897804
6.734363409805407	0.006918309709189377	0.25854061918219395
7.706935445758021	0.006918309709189377	0.15367648237780637
8.819965652373028	0.006918309709189377	0.0651465418972579
10.093738900052346	0.006918309709189377	0.02299473874738557
11.551469585940843	0.006918309709189377	0.009504160994485852
13.219724714121972	0.006918309709189377	0.003386332289199917
15.128908076758211	0.006918309709189377	0.0012588679158875844
17.313814360331925	0.006918309709189377	0.0007116226011350947
19.814263275520517	0.006918309709189377	0.00047401046428951197
22.675825267662994	0.006918309709189377	0.0002784451157177368
25.950652033822625	0.006918309709189377	0.0001665196264594323
29.698426982540767	0.006918309709189377	0.0000927706041745115
33.98745295832107	0.006918309709189377	0.00004674530239047902
38.895897054520105	0.006918309709189377	0.000023178213077026313
44.51321520124173	0.006918309709189377	7.908499174427275e-6
50.941782491215115	0.006918309709189377	2.5351429212529124e-6
58.29875895619149	0.006918309709189377	7.575908769283421e-7
66.71822479745835	0.006918309709189377	1.9312970509031796e-7
76.35362398484546	0.006918309709189377	3.516780302305622e-8
87.38056075858388	0.006918309709189377	3.742421452622797e-9
100.00000000000031	0.006918309709189377	2.1226277055426996e-10
111.55639876771902	0.006918309709189377	1.3085112964467804e-11
138.21730389017998	0.006918309709189377	4.896864049113724e-15
171.24990861750976	0.006918309709189377	1.1357551170601756e-18
212.17698780180757	0.006918309709189377	1.959348794701125e-19
262.885244821937	0.006918309709189377	2.839076494931873e-20
325.7122869971341	0.006918309709189377	1.5300675326080188e-21
403.5543872869759	0.006918309709189377	2.2567994576979666e-23
499.9999999999984	0.006918309709189377	0
1000	0.006918309709189377	0
2000	0.006918309709189377	0
1.	0.00794328234724283	0.2462759816820797
1.9999999999999998	0.00794328234724283	0.4392840079562482
2.288838595949997	0.00794328234724283	0.5044667090607791
2.6193910591551774	0.00794328234724283	0.5744792373835601
2.9976816770403563	0.00794328234724283	0.640421258060452
3.4306047603910415	0.00794328234724283	0.6846361292526574
3.926050291516404	0.00794328234724283	0.6847191361706018
4.493047718431742	0.00794328234724283	0.6267784179033478
5.141930515695824	0.00794328234724283	0.5248010376358205
5.884524511008838	0.00794328234724283	0.41431757120895796
6.734363409805407	0.00794328234724283	0.3067996937547625
7.706935445758021	0.00794328234724283	0.18660164502014606
8.819965652373028	0.00794328234724283	0.0804298544116905
10.093738900052346	0.00794328234724283	0.027801069719565703
11.551469585940843	0.00794328234724283	0.011218450219396086
13.219724714121972	0.00794328234724283	0.004068638095132836
15.128908076758211	0.00794328234724283	0.0014816581394082
17.313814360331925	0.00794328234724283	0.0008335737729578338
19.814263275520517	0.00794328234724283	0.0005690710828284539
22.675825267662994	0.00794328234724283	0.0003500900595182981
25.950652033822625	0.00794328234724283	0.0002126841218272627
29.698426982540767	0.00794328234724283	0.00011735170427586936
33.98745295832107	0.00794328234724283	0.000060649161809667324
38.895897054520105	0.00794328234724283	0.000027365836827536654
44.51321520124173	0.00794328234724283	9.343670491050732e-6
50.941782491215115	0.00794328234724283	2.994450833454113e-6
58.29875895619149	0.00794328234724283	8.944530627960455e-7
66.71822479745835	0.00794328234724283	2.2788246601699153e-7
76.35362398484546	0.00794328234724283	4.1527321609076125e-8
87.38056075858388	0.00794328234724283	4.426476184210014e-9
100.00000000000031	0.00794328234724283	2.51872366669727e-10
111.55639876771902	0.00794328234724283	1.5549890979598562e-11
138.21730389017998	0.00794328234724283	5.8550753712372744e-15
171.24990861750976	0.00794328234724283	1.3377638634110627e-18
212.17698780180757	0.00794328234724283	2.304024133396223e-19
262.885244821937	0.00794328234724283	3.338587863682908e-20
325.7122869971341	0.00794328234724283	1.799543680430801e-21
403.5543872869759	0.00794328234724283	2.654845202431596e-23
499.9999999999984	0.00794328234724283	0
1000	0.00794328234724283	0
2000	0.00794328234724283	0
1.	0.009120108393559116	0.23709201253669016
1.9999999999999998	0.009120108393559116	0.44327299455478464
2.288838595949997	0.009120108393559116	0.5174596216411754
2.6193910591551774	0.009120108393559116	0.6009291962844904
2.9976816770403563	0.009120108393559116	0.6839301928260642
3.4306047603910415	0.009120108393559116	0.7490390935563324
3.926050291516404	0.009120108393559116	0.7679258614721599
4.493047718431742	0.009120108393559116	0.7194070687931747
5.141930515695824	0.009120108393559116	0.5821378546021163
5.884524511008838	0.009120108393559116	0.48547226094878043
6.734363409805407	0.009120108393559116	0.364539441776146
7.706935445758021	0.009120108393559116	0.22779958407111775
8.819965652373028	0.009120108393559116	0.10033047074342595
10.093738900052346	0.009120108393559116	0.03393394218702191
11.551469585940843	0.009120108393559116	0.013344326679419798
13.219724714121972	0.009120108393559116	0.004862468625181653
15.128908076758211	0.009120108393559116	0.0017499567874496966
17.313814360331925	0.009120108393559116	0.0009799840104547446
19.814263275520517	0.009120108393559116	0.0006683604413282823
22.675825267662994	0.009120108393559116	0.00041010581745118163
25.950652033822625	0.009120108393559116	0.0002674590145675259
29.698426982540767	0.009120108393559116	0.00014793253500286447
33.98745295832107	0.009120108393559116	0.000080654210595067
38.895897054520105	0.009120108393559116	0.00003581631537090853
44.51321520124173	0.009120108393559116	0.000012237517323259859
50.941782491215115	0.009120108393559116	3.920132652521103e-6
58.29875895619149	0.009120108393559116	1.1705599502838954e-6
66.71822479745835	0.009120108393559116	2.980004227411563e-7
76.35362398484546	0.009120108393559116	5.436705168079695e-8
87.38056075858388	0.009120108393559116	5.806516728053362e-9
100.00000000000031	0.009120108393559116	3.314896044667757e-10
111.55639876771902	0.009120108393559116	2.0505088908554735e-11
138.21730389017998	0.009120108393559116	7.775086867790251e-15
171.24990861750976	0.009120108393559116	1.7460666611161787e-18
212.17698780180757	0.009120108393559116	3.0014976958569115e-19
262.885244821937	0.009120108393559116	4.3493523918568563e-20
325.7122869971341	0.009120108393559116	2.3447765430019635e-21
403.5543872869759	0.009120108393559116	3.460086529003028e-23
499.9999999999984	0.009120108393559116	0
1000	0.009120108393559116	0
2000	0.009120108393559116	0
1.	0.010471285480509017	0.22294615200876225
1.9999999999999998	0.010471285480509017	0.438308053352432
2.288838595949997	0.010471285480509017	0.5202815712007606
2.6193910591551774	0.010471285480509017	0.6160951230738947
2.9976816770403563	0.010471285480509017	0.7182589771512576
3.4306047603910415	0.010471285480509017	0.8075878022270648
3.926050291516404	0.010471285480509017	0.8524840750976981
4.493047718431742	0.010471285480509017	0.8208660369699788
5.141930515695824	0.010471285480509017	0.6775918994390017
5.884524511008838	0.010471285480509017	0.5698383680278785
6.734363409805407	0.010471285480509017	0.4331807202776805
7.706935445758021	0.010471285480509017	0.27855417866802623
8.819965652373028	0.010471285480509017	0.126275316021412
10.093738900052346	0.010471285480509017	0.04198961893133183
11.551469585940843	0.010471285480509017	0.015964014848146444
13.219724714121972	0.010471285480509017	0.005865700147071759
15.128908076758211	0.010471285480509017	0.0020748431012096846
17.313814360331925	0.010471285480509017	0.0011530260330721873
19.814263275520517	0.010471285480509017	0.0007860731245847199
22.675825267662994	0.010471285480509017	0.00047924597587327346
25.950652033822625	0.010471285480509017	0.000313200940520871
29.698426982540767	0.010471285480509017	0.00017856514649930097
33.98745295832107	0.010471285480509017	0.00009522035759565498
38.895897054520105	0.010471285480509017	0.00004425333992164891
44.51321520124173	0.010471285480509017	0.000015130417774983134
50.941782491215115	0.010471285480509017	4.843505643559356e-6
58.29875895619149	0.010471285480509017	1.4459625344659474e-6
66.71822479745835	0.010471285480509017	3.6776773359938386e-7
76.35362398484546	0.010471285480509017	6.720260914694351e-8
87.38056075858388	0.010471285480509017	7.194110522180545e-9
100.00000000000031	0.010471285480509017	4.1208822964067227e-10
111.55639876771902	0.010471285480509017	2.5554048315959822e-11
138.21730389017998	0.010471285480509017	9.767033287461594e-15
171.24990861750976	0.010471285480509017	2.150450753448977e-18
212.17698780180757	0.010471285480509017	3.68846702183591e-19
262.885244821937	0.010471285480509017	5.344981056180153e-20
325.7122869971341	0.010471285480509017	2.882112064539891e-21
403.5543872869759	0.010471285480509017	4.254220963144585e-23
499.9999999999984	0.010471285480509017	0
1000	0.010471285480509017	0
2000	0.010471285480509017	0
1.	0.012022644346174156	0.20548448901814598
1.9999999999999998	0.012022644346174156	0.42287933869128785
2.288838595949997	0.012022644346174156	0.5108789938295946
2.6193910591551774	0.012022644346174156	0.6184729748109602
2.9976816770403563	0.012022644346174156	0.7397115363918926
3.4306047603910415	0.012022644346174156	0.856635577105916
3.926050291516404	0.012022644346174156	0.9341498491809702
4.493047718431742	0.012022644346174156	0.9308498087662076
5.141930515695824	0.012022644346174156	0.7881980257627207
5.884524511008838	0.012022644346174156	0.6701481033862109
6.734363409805407	0.012022644346174156	0.5143118219606116
7.706935445758021	0.012022644346174156	0.34203177519726397
8.819965652373028	0.012022644346174156	0.1609808339852473
10.093738900052346	0.012022644346174156	0.05290686894612849
11.551469585940843	0.012022644346174156	0.019191805153639205
13.219724714121972	0.012022644346174156	0.00717547985149822
15.128908076758211	0.012022644346174156	0.002473768216317059
17.313814360331925	0.012022644346174156	0.0013588235623280573
19.814263275520517	0.012022644346174156	0.0009261124492744061
22.675825267662994	0.012022644346174156	0.0005620488980861998
25.950652033822625	0.012022644346174156	0.0003595740658751037
29.698426982540767	0.012022644346174156	0.0001963238589819443
33.98745295832107	0.012022644346174156	0.00010438710560152536
38.895897054520105	0.012022644346174156	0.00004732387465245864
44.51321520124173	0.012022644346174156	0.00001618971820349829
50.941782491215115	0.012022644346174156	5.177534152266996e-6
58.29875895619149	0.012022644346174156	1.5455151785373563e-6
66.71822479745835	0.012022644346174156	3.9264975708847866e-7
76.35362398484546	0.012022644346174156	7.190108351699956e-8
87.38056075858388	0.012022644346174156	7.718082539732102e-9
100.00000000000031	0.012022644346174156	4.436194257907324e-10
111.55639876771902	0.012022644346174156	2.7594639632483433e-11
138.21730389017998	0.012022644346174156	1.0642753270390998e-14
171.24990861750976	0.012022644346174156	2.2908778785572505e-18
212.17698780180757	0.012022644346174156	3.919234863621359e-19
262.885244821937	0.012022644346174156	5.679603872860504e-20
325.7122869971341	0.012022644346174156	3.063252037419653e-21
403.5543872869759	0.012022644346174156	4.52308793249759e-23
499.9999999999984	0.012022644346174156	0
1000	0.012022644346174156	0
2000	0.012022644346174156	0
1.	0.01380384264602888	0.1849605515400239
1.9999999999999998	0.01380384264602888	0.3963172689847985
2.288838595949997	0.01380384264602888	0.48764681990029984
2.6193910591551774	0.01380384264602888	0.6038267630060086
2.9976816770403563	0.01380384264602888	0.743063233685257
3.4306047603910415	0.01380384264602888	0.8900663661373076
3.926050291516404	0.01380384264602888	1.008491161794061
4.493047718431742	0.01380384264602888	1.043132117503419
5.141930515695824	0.01380384264602888	0.9130238035816972
5.884524511008838	0.01380384264602888	0.7878569459749569
6.734363409805407	0.01380384264602888	0.611752733640821
7.706935445758021	0.01380384264602888	0.4210968880994978
8.819965652373028	0.01380384264602888	0.20623907332762267
10.093738900052346	0.01380384264602888	0.06771354643947212
11.551469585940843	0.01380384264602888	0.023277836286631375
13.219724714121972	0.01380384264602888	0.008810807011099198
15.128908076758211	0.01380384264602888	0.0029693281253188207
17.313814360331925	0.01380384264602888	0.0016017270638033322
19.814263275520517	0.01380384264602888	0.0010905516557480081
22.675825267662994	0.01380384264602888	0.0006608681573498891
25.950652033822625	0.01380384264602888	0.00040376525468882054
29.698426982540767	0.01380384264602888	0.0002138901568906654
33.98745295832107	0.01380384264602888	0.0001082931595761896
38.895897054520105	0.01380384264602888	0.00004894698983792674
44.51321520124173	0.01380384264602888	0.000016751633278283968
50.941782491215115	0.01380384264602888	5.350192789563337e-6
58.29875895619149	0.01380384264602888	1.5970246550824105e-6
66.71822479745835	0.01380384264602888	4.0522577134918695e-7
76.35362398484546	0.01380384264602888	7.440008133590142e-8
87.38056075858388	0.01380384264602888	8.011444659527337e-9
100.00000000000031	0.01380384264602888	4.621115231997621e-10
111.55639876771902	0.01380384264602888	2.885396228170518e-11
138.21730389017998	0.01380384264602888	1.1242741692506249e-14
171.24990861750976	0.01380384264602888	2.358520993602778e-18
212.17698780180757	0.01380384264602888	4.022877940617397e-19
262.885244821937	0.01380384264602888	5.830020337893862e-20
325.7122869971341	0.01380384264602888	3.1452264289513774e-21
403.5543872869759	0.01380384264602888	4.645880341968021e-23
499.9999999999984	0.01380384264602888	0
1000	0.01380384264602888	0
2000	0.01380384264602888	0
1.	0.015848931924611172	0.16345473589899406
1.9999999999999998	0.015848931924611172	0.36126142766558833
2.288838595949997	0.015848931924611172	0.45234492965304984
2.6193910591551774	0.015848931924611172	0.5737667865669709
2.9976816770403563	0.015848931924611172	0.7269611213728564
3.4306047603910415	0.015848931924611172	0.9010133151258378
3.926050291516404	0.015848931924611172	1.0633504199536779
4.493047718431742	0.015848931924611172	1.1513608840321072
5.141930515695824	0.015848931924611172	1.099591922783773
5.884524511008838	0.015848931924611172	0.9260031495642274
6.734363409805407	0.015848931924611172	0.7269441103512233
7.706935445758021	0.015848931924611172	0.5167825515261534
8.819965652373028	0.015848931924611172	0.265419055648792
10.093738900052346	0.015848931924611172	0.08844040444218056
11.551469585940843	0.015848931924611172	0.02851394328960057
13.219724714121972	0.015848931924611172	0.010855042271712446
15.128908076758211	0.015848931924611172	0.0036014154068066194
17.313814360331925	0.015848931924611172	0.002081247733608751
19.814263275520517	0.015848931924611172	0.00128947258730123
22.675825267662994	0.015848931924611172	0.0007155881807853443
25.950652033822625	0.015848931924611172	0.00037925870025358184
29.698426982540767	0.015848931924611172	0.00020531671094533788
33.98745295832107	0.015848931924611172	0.00010836023576617492
38.895897054520105	0.015848931924611172	0.000051547436326774624
44.51321520124173	0.015848931924611172	0.000017642753701204382
50.941782491215115	0.015848931924611172	5.6253782008409945e-6
58.29875895619149	0.015848931924611172	1.6791744422705254e-6
66.71822479745835	0.015848931924611172	4.254926201879923e-7
76.35362398484546	0.015848931924611172	7.83683845948198e-8
87.38056075858388	0.015848931924611172	8.469068933637414e-9
100.00000000000031	0.015848931924611172	4.903285685610259e-10
111.55639876771902	0.015848931924611172	3.075434089473661e-11
138.21730389017998	0.015848931924611172	1.212184144685416e-14
171.24990861750976	0.015848931924611172	2.4698180461657424e-18
212.17698780180757	0.015848931924611172	4.1979658948449114e-19
262.885244821937	0.015848931924611172	6.084040107845037e-20
325.7122869971341	0.015848931924611172	3.2832563822965243e-21
403.5543872869759	0.015848931924611172	4.851873930237869e-23
499.9999999999984	0.015848931924611172	0
1000	0.015848931924611172	0
2000	0.015848931924611172	0
1.	0.01819700858609988	0.14402993911703582
1.9999999999999998	0.01819700858609988	0.319165852800617
2.288838595949997	0.01819700858609988	0.4061854029525991
2.6193910591551774	0.01819700858609988	0.5265212515468626
2.9976816770403563	0.01819700858609988	0.686297563963185
3.4306047603910415	0.01819700858609988	0.8830188432382176
3.926050291516404	0.01819700858609988	1.0909100539529897
4.493047718431742	0.01819700858609988	1.2424295926525717
5.141930515695824	0.01819700858609988	1.249880342806922
5.884524511008838	0.01819700858609988	1.0882693800070349
6.734363409805407	0.01819700858609988	0.8628047053934251
7.706935445758021	0.01819700858609988	0.6320665186536092
8.819965652373028	0.01819700858609988	0.34439745885231887
10.093738900052346	0.01819700858609988	0.11812492872842772
11.551469585940843	0.01819700858609988	0.03535355795979
13.219724714121972	0.01819700858609988	0.013515292712816714
15.128908076758211	0.01819700858609988	0.0044124053806861
17.313814360331925	0.01819700858609988	0.002249006272568482
19.814263275520517	0.01819700858609988	0.001359964482480952
22.675825267662994	0.01819700858609988	0.0007726504670729138
25.950652033822625	0.01819700858609988	0.00043619163688361903
29.698426982540767	0.01819700858609988	0.00022891964580000192
33.98745295832107	0.01819700858609988	0.00012103732205187578
38.895897054520105	0.01819700858609988	0.00005906688043578748
44.51321520124173	0.01819700858609988	0.0000202077818204958
50.941782491215115	0.01819700858609988	6.430151792205564e-6
58.29875895619149	0.01819700858609988	1.9192424359704504e-6
66.71822479745835	0.01819700858609988	4.856760030860404e-7
76.35362398484546	0.01819700858609988	8.977435136752424e-8
87.38056075858388	0.01819700858609988	9.740932599207339e-9
100.00000000000031	0.01819700858609988	5.66261950227287e-10
111.55639876771902	0.01819700858609988	3.570400278838025e-11
138.21730389017998	0.01819700858609988	1.4255371238402154e-14
171.24990861750976	0.01819700858609988	2.8105164285994867e-18
212.17698780180757	0.01819700858609988	4.757387714715469e-19
262.885244821937	0.01819700858609988	6.89520805164937e-20
325.7122869971341	0.01819700858609988	3.722331024818238e-21
403.5543872869759	0.01819700858609988	5.503412567972298e-23
499.9999999999984	0.01819700858609988	0
1000	0.01819700858609988	0
2000	0.01819700858609988	0
1.	0.02089296130854045	0.12491327435631755
1.9999999999999998	0.02089296130854045	0.2729466633231677
2.288838595949997	0.02089296130854045	0.35153740226028213
2.6193910591551774	0.02089296130854045	0.46504132767890194
2.9976816770403563	0.02089296130854045	0.6240997080259694
3.4306047603910415	0.02089296130854045	0.8345880856352879
3.926050291516404	0.02089296130854045	1.0833902223591392
4.493047718431742	0.02089296130854045	1.3059681924678221
5.141930515695824	0.02089296130854045	1.3927578637851359
5.884524511008838	0.02089296130854045	1.2693760999654
6.734363409805407	0.02089296130854045	1.024306789358027
7.706935445758021	0.02089296130854045	0.7696512178997041
8.819965652373028	0.02089296130854045	0.4496417395643703
10.093738900052346	0.02089296130854045	0.1613012793069933
11.551469585940843	0.02089296130854045	0.04509418475774163
13.219724714121972	0.02089296130854045	0.01682750548142287
15.128908076758211	0.02089296130854045	0.0054730544596929675
17.313814360331925	0.02089296130854045	0.0026818187665170975
19.814263275520517	0.02089296130854045	0.0018073964213715151
22.675825267662994	0.02089296130854045	0.0011064517550133266
25.950652033822625	0.02089296130854045	0.0006587473634715669
29.698426982540767	0.02089296130854045	0.00033080749225015965
33.98745295832107	0.02089296130854045	0.0001646221971993002
38.895897054520105	0.02089296130854045	0.0000726465603015586
44.51321520124173	0.02089296130854045	0.000024826134938337362
50.941782491215115	0.02089296130854045	7.881193401993173e-6
58.29875895619149	0.02089296130854045	2.3515414801784694e-6
66.71822479745835	0.02089296130854045	5.943845259440011e-7
76.35362398484546	0.02089296130854045	1.1029427955043408e-7
87.38056075858388	0.02089296130854045	1.2021316493933068e-8
100.00000000000031	0.02089296130854045	7.020628562262281e-10
111.55639876771902	0.02089296130854045	4.453124619862929e-11
138.21730389017998	0.02089296130854045	1.8037526750665442e-14
171.24990861750976	0.02089296130854045	3.4273924134195083e-18
212.17698780180757	0.02089296130854045	5.773442512040342e-19
262.885244821937	0.02089296130854045	8.368346954778644e-20
325.7122869971341	0.02089296130854045	4.5194047327916694e-21
403.5543872869759	0.02089296130854045	6.685700448760062e-23
499.9999999999984	0.02089296130854045	0
1000	0.02089296130854045	0
2000	0.02089296130854045	0
1.	0.023988329190194974	0.11074491886867024
1.9999999999999998	0.023988329190194974	0.22825466221014387
2.288838595949997	0.023988329190194974	0.2949752251110981
2.6193910591551774	0.023988329190194974	0.39566182357750285
2.9976816770403563	0.023988329190194974	0.5450150610213338
3.4306047603910415	0.023988329190194974	0.756095759955173
3.926050291516404	0.023988329190194974	1.029889342485772
4.493047718431742	0.023988329190194974	1.3207684746192145
5.141930515695824	0.023988329190194974	1.5118804586221082
5.884524511008838	0.023988329190194974	1.3309114733881724
6.734363409805407	0.023988329190194974	1.214040844804285
7.706935445758021	0.023988329190194974	0.9332658921252568
8.819965652373028	0.023988329190194974	0.5905117501851054
10.093738900052346	0.023988329190194974	0.22499435098579218
11.551469585940843	0.023988329190194974	0.05930683759217148
13.219724714121972	0.023988329190194974	0.02117346318173326
15.128908076758211	0.023988329190194974	0.006919932437060154
17.313814360331925	0.023988329190194974	0.0032224094126171473
19.814263275520517	0.023988329190194974	0.002150639179521557
22.675825267662994	0.023988329190194974	0.0013366584335418306
25.950652033822625	0.023988329190194974	0.0008314167016462439
29.698426982540767	0.023988329190194974	0.00047174482105877974
33.98745295832107	0.023988329190194974	0.00023908450602599696
38.895897054520105	0.023988329190194974	0.00010751800525933857
44.51321520124173	0.023988329190194974	0.000036671255753897656
50.941782491215115	0.023988329190194974	0.000011611530108472287
58.29875895619149	0.023988329190194974	3.461752028718371e-6
66.71822479745835	0.023988329190194974	8.743412106546117e-7
76.35362398484546	0.023988329190194974	1.6288034958003078e-7
87.38056075858388	0.023988329190194974	1.7840763054523707e-8
100.00000000000031	0.023988329190194974	1.0476473149364237e-9
111.55639876771902	0.023988329190194974	6.689184493212483e-11
138.21730389017998	0.023988329190194974	2.7532040167030485e-14
171.24990861750976	0.023988329190194974	5.020671046050387e-18
212.17698780180757	0.023988329190194974	8.408664922635419e-19
262.885244821937	0.023988329190194974	1.218889224847982e-19
325.7122869971341	0.023988329190194974	6.5857642671056e-21
403.5543872869759	0.023988329190194974	9.748890848672599e-23
499.9999999999984	0.023988329190194974	0
1000	0.023988329190194974	0
2000	0.023988329190194974	0
1.	0.027542287033381744	0.10086703603946402
1.9999999999999998	0.027542287033381744	0.18712815005011504
2.288838595949997	0.027542287033381744	0.24011894255417016
2.6193910591551774	0.027542287033381744	0.3232696270423212
2.9976816770403563	0.027542287033381744	0.45289109998275845
3.4306047603910415	0.027542287033381744	0.6500820919651984
3.926050291516404	0.027542287033381744	0.9316275363656814
4.493047718431742	0.027542287033381744	1.2775587656405156
5.141930515695824	0.027542287033381744	1.5830197423996824
5.884524511008838	0.027542287033381744	1.5858282786089815
6.734363409805407	0.027542287033381744	1.436748095563
7.706935445758021	0.027542287033381744	1.1253107576855337
8.819965652373028	0.027542287033381744	0.7623457908476223
10.093738900052346	0.027542287033381744	0.31903531304488864
11.551469585940843	0.027542287033381744	0.08130787967430865
13.219724714121972	0.027542287033381744	0.026980044521389267
15.128908076758211	0.027542287033381744	0.008880794434747371
17.313814360331925	0.027542287033381744	0.003900309882308179
19.814263275520517	0.027542287033381744	0.0025692580220469763
22.675825267662994	0.027542287033381744	0.001620564097878369
25.950652033822625	0.027542287033381744	0.0009898666596867775
29.698426982540767	0.027542287033381744	0.0005064121566827605
33.98745295832107	0.027542287033381744	0.00023351201347884758
38.895897054520105	0.027542287033381744	0.00009854601372427427
44.51321520124173	0.027542287033381744	0.000033513191527831066
50.941782491215115	0.027542287033381744	0.00001058323940183201
58.29875895619149	0.027542287033381744	3.150317994103156e-6
66.71822479745835	0.027542287033381744	7.955776087485772e-7
76.35362398484546	0.027542287033381744	1.487592781221475e-7
87.38056075858388	0.027542287033381744	1.6382331170071726e-8
100.00000000000031	0.027542287033381744	9.684344459567853e-10
111.55639876771902	0.027542287033381744	6.227745893204391e-11
138.21730389017998	0.027542287033381744	2.6091878722155416e-14
171.24990861750976	0.027542287033381744	4.545965448285615e-18
212.17698780180757	0.027542287033381744	7.561494717231017e-19
262.885244821937	0.027542287033381744	1.0961714859914375e-19
325.7122869971341	0.027542287033381744	5.925848454277663e-21
403.5543872869759	0.027542287033381744	8.778607295246088e-23
499.9999999999984	0.027542287033381744	0
1000	0.027542287033381744	0
2000	0.027542287033381744	0
1.	0.03162277660168389	0.09636442581871293
1.9999999999999998	0.03162277660168389	0.15455718676793384
2.288838595949997	0.03162277660168389	0.19318908131461873
2.6193910591551774	0.03162277660168389	0.2566096760513845
2.9976816770403563	0.03162277660168389	0.36154818317777127
3.4306047603910415	0.03162277660168389	0.5317712302443918
3.926050291516404	0.03162277660168389	0.7973569604138393
4.493047718431742	0.03162277660168389	1.1678391383530036
5.141930515695824	0.03162277660168389	1.5766002019679348
5.884524511008838	0.03162277660168389	1.8144179930703803
6.734363409805407	0.03162277660168389	1.6832674034371151
7.706935445758021	0.03162277660168389	1.3458503153999135
8.819965652373028	0.03162277660168389	0.9720622575051944
10.093738900052346	0.03162277660168389	0.4546222009507071
11.551469585940843	0.03162277660168389	0.11655085143458967
13.219724714121972	0.03162277660168389	0.03434626097503688
15.128908076758211	0.03162277660168389	0.011419460876936212
17.313814360331925	0.03162277660168389	0.004774004311790431
19.814263275520517	0.03162277660168389	0.0029146853274051475
22.675825267662994	0.03162277660168389	0.0018236917205252962
25.950652033822625	0.03162277660168389	0.0009015890122096596
29.698426982540767	0.03162277660168389	0.00047706863803158024
33.98745295832107	0.03162277660168389	0.00023382966600127487
38.895897054520105	0.03162277660168389	0.0001064000314308332
44.51321520124173	0.03162277660168389	0.00003604391227424545
50.941782491215115	0.03162277660168389	0.000011353278589195261
58.29875895619149	0.03162277660168389	3.371086426571502e-6
66.71822479745835	0.03162277660168389	8.519047059431694e-7
76.35362398484546	0.03162277660168389	1.5981579940268774e-7
87.38056075858388	0.03162277660168389	1.770436385603142e-8
100.00000000000031	0.03162277660168389	1.0551763155335556e-9
111.55639876771902	0.03162277660168389	6.837110361399454e-11
138.21730389017998	0.03162277660168389	2.921408595639096e-14
171.24990861750976	0.03162277660168389	4.840030063433306e-18
212.17698780180757	0.03162277660168389	7.984771155936784e-19
262.885244821937	0.03162277660168389	1.1576420935839638e-19
325.7122869971341	0.03162277660168389	6.261977665708369e-21
403.5543872869759	0.03162277660168389	9.284494709921693e-23
499.9999999999984	0.03162277660168389	0
1000	0.03162277660168389	0
2000	0.03162277660168389	0
1.	0.03630780547701025	0.09458650193957295
1.9999999999999998	0.03630780547701025	0.1299439832536321
2.288838595949997	0.03630780547701025	0.1552758497028058
2.6193910591551774	0.03630780547701025	0.19967217389815783
2.9976816770403563	0.03630780547701025	0.2775354521205918
3.4306047603910415	0.03630780547701025	0.4123900834415951
3.926050291516404	0.03630780547701025	0.6405520233868286
4.493047718431742	0.03630780547701025	0.9980783508692225
5.141930515695824	0.03630780547701025	1.472110084205032
5.884524511008838	0.03630780547701025	1.8883601700571555
6.734363409805407	0.03630780547701025	1.9308390282649683
7.706935445758021	0.03630780547701025	1.598231845124319
8.819965652373028	0.03630780547701025	1.2099217784424843
10.093738900052346	0.03630780547701025	0.6461786959501461
11.551469585940843	0.03630780547701025	0.1754999217793449
13.219724714121972	0.03630780547701025	0.044973233395408346
15.128908076758211	0.03630780547701025	0.015418270252415312
17.313814360331925	0.03630780547701025	0.005905748837650186
19.814263275520517	0.03630780547701025	0.003697643202056207
22.675825267662994	0.03630780547701025	0.002001253111583271
25.950652033822625	0.03630780547701025	0.0009801056512477645
29.698426982540767	0.03630780547701025	0.0005116566927396099
33.98745295832107	0.03630780547701025	0.0002575098804249023
38.895897054520105	0.03630780547701025	0.00012072712135132249
44.51321520124173	0.03630780547701025	0.00004070704176546296
50.941782491215115	0.03630780547701025	0.000012793440047307503
58.29875895619149	0.03630780547701025	3.7850001517986343e-6
66.71822479745835	0.03630780547701025	9.57988304067655e-7
76.35362398484546	0.03630780547701025	1.8021004451815758e-7
87.38056075858388	0.03630780547701025	2.009490176091712e-8
100.00000000000031	0.03630780547701025	1.209576474789187e-9
111.55639876771902	0.03630780547701025	7.899890785238404e-11
138.21730389017998	0.03630780547701025	3.449984740119341e-14
171.24990861750976	0.03630780547701025	5.407646592339679e-18
212.17698780180757	0.03630780547701025	8.83371478656422e-19
262.885244821937	0.03630780547701025	1.280858081408807e-19
325.7122869971341	0.03630780547701025	6.933312401101687e-21
403.5543872869759	0.03630780547701025	1.0290006228769706e-22
499.9999999999984	0.03630780547701025	0
1000	0.03630780547701025	0
2000	0.03630780547701025	0
1.	0.04168693834703368	0.09649141293011733
1.9999999999999998	0.04168693834703368	0.11349694128205542
2.288838595949997	0.04168693834703368	0.12860281870833373
2.6193910591551774	0.04168693834703368	0.15635395874529112
2.9976816770403563	0.04168693834703368	0.2085200547714493
3.4306047603910415	0.04168693834703368	0.3055271671413914
3.926050291516404	0.04168693834703368	0.48298728474630637
4.493047718431742	0.04168693834703368	0.7913761765244833
5.141930515695824	0.04168693834703368	1.2709085041884087
5.884524511008838	0.04168693834703368	1.8339202487353385
6.734363409805407	0.04168693834703368	2.121739517543657
7.706935445758021	0.04168693834703368	1.8807228858575227
8.819965652373028	0.04168693834703368	1.4669032820404935
10.093738900052346	0.04168693834703368	0.8977742730988253
11.551469585940843	0.04168693834703368	0.2752369993937918
13.219724714121972	0.04168693834703368	0.06066914630398728
15.128908076758211	0.04168693834703368	0.020738195066287123
17.313814360331925	0.04168693834703368	0.007397625851238298
19.814263275520517	0.04168693834703368	0.004455138062850287
22.675825267662994	0.04168693834703368	0.002974023413850379
25.950652033822625	0.04168693834703368	0.0016622595223404328
29.698426982540767	0.04168693834703368	0.0007980368032444052
33.98745295832107	0.04168693834703368	0.0003488143617655891
38.895897054520105	0.04168693834703368	0.0001592963170552867
44.51321520124173	0.04168693834703368	0.000053438507408545165
50.941782491215115	0.04168693834703368	0.0000167668223437204
58.29875895619149	0.04168693834703368	4.937433928654254e-6
66.71822479745835	0.04168693834703368	1.2524424951486555e-6
76.35362398484546	0.04168693834703368	2.3615269723951296e-7
87.38056075858388	0.04168693834703368	2.6528972841792023e-8
100.00000000000031	0.04168693834703368	1.6155325094073052e-9
111.55639876771902	0.04168693834703368	1.0638838531529468e-10
138.21730389017998	0.04168693834703368	4.7601209343145826e-14
171.24990861750976	0.04168693834703368	7.020667759102325e-18
212.17698780180757	0.04168693834703368	1.133352000965767e-18
262.885244821937	0.04168693834703368	1.6435185577961512e-19
325.7122869971341	0.04168693834703368	8.903528412920051e-21
403.5543872869759	0.04168693834703368	1.322899794024068e-22
499.9999999999984	0.04168693834703368	1.0724807079016813e-25
1000	0.04168693834703368	0
2000	0.04168693834703368	0
1.	0.047863009232264	0.09857390091006368
1.9999999999999998	0.047863009232264	0.10403999435877696
2.288838595949997	0.047863009232264	0.11123095432954859
2.6193910591551774	0.047863009232264	0.12618606299792415
2.9976816770403563	0.047863009232264	0.15681919792169752
3.4306047603910415	0.047863009232264	0.218886106789282
3.926050291516404	0.047863009232264	0.3422539592164082
4.493047718431742	0.047863009232264	0.5364980338815636
5.141930515695824	0.047863009232264	0.9670260701768764
5.884524511008838	0.047863009232264	1.6279225022419905
6.734363409805407	0.047863009232264	2.180129752701334
7.706935445758021	0.047863009232264	2.163740206876963
8.819965652373028	0.047863009232264	1.735162035895476
10.093738900052346	0.047863009232264	1.2014800439378575
11.551469585940843	0.047863009232264	0.4380352616634315
13.219724714121972	0.047863009232264	0.08695450067391522
15.128908076758211	0.047863009232264	0.02788614429344122
17.313814360331925	0.047863009232264	0.009451139563532274
19.814263275520517	0.047863009232264	0.005235653546010568
22.675825267662994	0.047863009232264	0.00354336650573419
25.950652033822625	0.047863009232264	0.0017120370668816018
29.698426982540767	0.047863009232264	0.0008993951072129895
33.98745295832107	0.047863009232264	0.000418831297701588
38.895897054520105	0.047863009232264	0.00019204415441969604
44.51321520124173	0.047863009232264	0.00006409902752175241
50.941782491215115	0.047863009232264	0.00002009376307439204
58.29875895619149	0.047863009232264	5.885089753360627e-6
66.71822479745835	0.047863009232264	1.496366909607418e-6
76.35362398484546	0.047863009232264	2.828200306403473e-7
87.38056075858388	0.047863009232264	3.204664511677545e-8
100.00000000000031	0.047863009232264	1.977085712341476e-9
111.55639876771902	0.047863009232264	1.313397906944789e-10
138.21730389017998	0.047863009232264	6.037373481668203e-14
171.24990861750976	0.047863009232264	8.329447756551675e-18
212.17698780180757	0.047863009232264	1.3255149482098096e-18
262.885244821937	0.047863009232264	1.9224432671971667e-19
325.7122869971341	0.047863009232264	1.0424129423633225e-20
403.5543872869759	0.047863009232264	1.550834042771224e-22
499.9999999999984	0.047863009232264	1.2602522085165512e-25
1000	0.047863009232264	0
2000	0.047863009232264	0
1.	0.05495408738576265	0.09927289875656077
1.9999999999999998	0.05495408738576265	0.09970710770772222
2.288838595949997	0.05495408738576265	0.10300099862853972
2.6193910591551774	0.05495408738576265	0.10869707443023652
2.9976816770403563	0.05495408738576265	0.12416919122669304
3.4306047603910415	0.05495408738576265	0.1585408345165787
3.926050291516404	0.05495408738576265	0.23422227473356064
4.493047718431742	0.05495408738576265	0.3947956059342978
5.141930515695824	0.05495408738576265	0.668409968754171
5.884524511008838	0.05495408738576265	1.2984744919933977
6.734363409805407	0.05495408738576265	2.0343210635344526
7.706935445758021	0.05495408738576265	2.2636887481455603
8.819965652373028	0.05495408738576265	2.013060484640103
10.093738900052346	0.05495408738576265	1.521557345245538
11.551469585940843	0.05495408738576265	0.6939358122602693
13.219724714121972	0.05495408738576265	0.13711562049814058
15.128908076758211	0.05495408738576265	0.03744169024489992
17.313814360331925	0.05495408738576265	0.012349461190264317
19.814263275520517	0.05495408738576265	0.006489573834529405
22.675825267662994	0.05495408738576265	0.004031682676766869
25.950652033822625	0.05495408738576265	0.0018990809033589677
29.698426982540767	0.05495408738576265	0.0009996062981142099
33.98745295832107	0.05495408738576265	0.00043950710634278127
38.895897054520105	0.05495408738576265	0.00020612311500281438
44.51321520124173	0.05495408738576265	0.00006848694533550543
50.941782491215115	0.05495408738576265	0.000021468402284809433
58.29875895619149	0.05495408738576265	6.252077930527595e-6
66.71822479745835	0.05495408738576265	1.5924051924527872e-6
76.35362398484546	0.05495408738576265	3.0193827397246603e-7
87.38056075858388	0.05495408738576265	3.456492057529789e-8
100.00000000000031	0.05495408738576265	2.161792753253365e-9
111.55639876771902	0.05495408738576265	1.449757049881363e-10
138.21730389017998	0.05495408738576265	6.867871699183568e-14
171.24990861750976	0.05495408738576265	8.807884477796564e-18
212.17698780180757	0.05495408738576265	1.3774978367541238e-18
262.885244821937	0.05495408738576265	1.9981452090655834e-19
325.7122869971341	0.05495408738576265	1.0846023675669062e-20
403.5543872869759	0.05495408738576265	1.615989967449217e-22
499.9999999999984	0.05495408738576265	1.3167604402482672e-25
1000	0.05495408738576265	0
2000	0.05495408738576265	0
1.	0.06309573444801955	0.09697657621115487
1.9999999999999998	0.06309573444801955	0.0970733883569018
2.288838595949997	0.06309573444801955	0.09731618747256475
2.6193910591551774	0.06309573444801955	0.09947040113832364
2.9976816770403563	0.06309573444801955	0.10570202993769436
3.4306047603910415	0.06309573444801955	0.12119631336974065
3.926050291516404	0.06309573444801955	0.1606518998200941
4.493047718431742	0.06309573444801955	0.2546102998488986
5.141930515695824	0.06309573444801955	0.46851163831782955
5.884524511008838	0.06309573444801955	0.9164717739341013
6.734363409805407	0.06309573444801955	1.6782506358058382
7.706935445758021	0.06309573444801955	2.3783056406201215
8.819965652373028	0.06309573444801955	2.277171063094331
10.093738900052346	0.06309573444801955	1.7995406983679083
11.551469585940843	0.06309573444801955	1.046797189031758
13.219724714121972	0.06309573444801955	0.2343893081676354
15.128908076758211	0.06309573444801955	0.04993315066981233
17.313814360331925	0.06309573444801955	0.016528272937062487
19.814263275520517	0.06309573444801955	0.007844863568275559
22.675825267662994	0.06309573444801955	0.005068294531417247
25.950652033822625	0.06309573444801955	0.002448520795758484
29.698426982540767	0.06309573444801955	0.0012677767401146102
33.98745295832107	0.06309573444801955	0.000615464564142089
38.895897054520105	0.06309573444801955	0.00026261038272528395
44.51321520124173	0.06309573444801955	0.00008693912273735015
50.941782491215115	0.06309573444801955	0.00002726889757311636
58.29875895619149	0.06309573444801955	7.898552987319104e-6
66.71822479745835	0.06309573444801955	2.0122118152958116e-6
76.35362398484546	0.06309573444801955	3.834056142577153e-7
87.38056075858388	0.06309573444801955	4.442908500103529e-8
100.00000000000031	0.06309573444801955	2.816415589951647e-9
111.55639876771902	0.06309573444801955	1.9087475290251662e-10
138.21730389017998	0.06309573444801955	9.350058022021978e-14
171.24990861750976	0.06309573444801955	1.1075765852991777e-17
212.17698780180757	0.06309573444801955	1.6957062418750616e-18
262.885244821937	0.06309573444801955	2.4601684824752655e-19
325.7122869971341	0.06309573444801955	1.3370015210589561e-20
403.5543872869759	0.06309573444801955	1.9954259706770868e-22
499.9999999999984	0.06309573444801955	1.6309735988034652e-25
1000	0.06309573444801955	0
2000	0.06309573444801955	0
1.	0.07244359600749928	0.09052120275711006
1.9999999999999998	0.07244359600749928	0.09391390134942672
2.288838595949997	0.07244359600749928	0.09423699974454293
2.6193910591551774	0.07244359600749928	0.09504470887305229
2.9976816770403563	0.07244359600749928	0.09753872603318152
3.4306047603910415	0.07244359600749928	0.1033591709483773
3.926050291516404	0.07244359600749928	0.12035804130009536
4.493047718431742	0.07244359600749928	0.16721384878203605
5.141930515695824	0.07244359600749928	0.28594827657797367
5.884524511008838	0.07244359600749928	0.5719374000740187
6.734363409805407	0.07244359600749928	1.1847633666051873
7.706935445758021	0.07244359600749928	2.084895910284668
8.819965652373028	0.07244359600749928	2.458448463445328
10.093738900052346	0.07244359600749928	2.012724877539068
11.551469585940843	0.07244359600749928	1.4494415803572644
13.219724714121972	0.07244359600749928	0.42323734743955577
15.128908076758211	0.07244359600749928	0.07005601641088192
17.313814360331925	0.07244359600749928	0.022717121347466635
19.814263275520517	0.07244359600749928	0.00948224368339117
22.675825267662994	0.07244359600749928	0.006355864377615402
25.950652033822625	0.07244359600749928	0.0031063373146627085
29.698426982540767	0.07244359600749928	0.0014967650571994927
33.98745295832107	0.07244359600749928	0.0007266253993509027
38.895897054520105	0.07244359600749928	0.00030900923078513396
44.51321520124173	0.07244359600749928	0.00010204953729941318
50.941782491215115	0.07244359600749928	0.00003202605382870673
58.29875895619149	0.07244359600749928	9.230623080165614e-6
66.71822479745835	0.07244359600749928	2.3476561685742187e-6
76.35362398484546	0.07244359600749928	4.5050730054577486e-7
87.38056075858388	0.07244359600749928	5.2949504038423746e-8
100.00000000000031	0.07244359600749928	3.3995028867088005e-9
111.55639876771902	0.07244359600749928	2.3314254260618795e-10
138.21730389017998	0.07244359600749928	1.185036511636407e-13
171.24990861750976	0.07244359600749928	1.2889594265403569e-17
212.17698780180757	0.07244359600749928	1.9220830012552497e-18
262.885244821937	0.07244359600749928	2.7891489531278546e-19
325.7122869971341	0.07244359600749928	1.517886287782863e-20
403.5543872869759	0.07244359600749928	2.269780823113529e-22
499.9999999999984	0.07244359600749928	1.8617865850668458e-25
1000	0.07244359600749928	0
2000	0.07244359600749928	0
1.	0.08317637711026743	0.08153801915837858
1.9999999999999998	0.08317637711026743	0.08813571232310792
2.288838595949997	0.08317637711026743	0.09037039738341088
2.6193910591551774	0.08317637711026743	0.09293280787337442
2.9976816770403563	0.08317637711026743	0.09413621941515783
3.4306047603910415	0.08317637711026743	0.09727497267253088
3.926050291516404	0.08317637711026743	0.1034880450772132
4.493047718431742	0.08317637711026743	0.12118502695383876
5.141930515695824	0.08317637711026743	0.17790733417953278
5.884524511008838	0.08317637711026743	0.32732360063359006
6.734363409805407	0.08317637711026743	0.7189828585985122
7.706935445758021	0.08317637711026743	1.5362273432498628
8.819965652373028	0.08317637711026743	2.3871768280893164
10.093738900052346	0.08317637711026743	2.19566850392312
11.551469585940843	0.08317637711026743	1.7794879792865426
13.219724714121972	0.08317637711026743	0.7531599631397209
15.128908076758211	0.08317637711026743	0.10941462786562184
17.313814360331925	0.08317637711026743	0.03145336629207188
19.814263275520517	0.08317637711026743	0.011416090166480972
22.675825267662994	0.08317637711026743	0.007333658957578341
25.950652033822625	0.08317637711026743	0.0035806639582993825
29.698426982540767	0.08317637711026743	0.0018018833583355305
33.98745295832107	0.08317637711026743	0.0008495901824301416
38.895897054520105	0.08317637711026743	0.00035482419918866047
44.51321520124173	0.08317637711026743	0.00011707372704873172
50.941782491215115	0.08317637711026743	0.000036712649140627465
58.29875895619149	0.08317637711026743	0.00001052800724992795
66.71822479745835	0.08317637711026743	2.6695357401687883e-6
76.35362398484546	0.08317637711026743	5.169316404558225e-7
87.38056075858388	0.08317637711026743	6.171401252568652e-8
100.00000000000031	0.08317637711026743	4.011390228315005e-9
111.55639876771902	0.08317637711026743	2.787963643458805e-10
138.21730389017998	0.08317637711026743	1.4753121251683522e-13
171.24990861750976	0.08317637711026743	1.466685724350205e-17
212.17698780180757	0.08317637711026743	2.1159323580888235e-18
262.885244821937	0.08317637711026743	3.0711322273049654e-19
325.7122869971341	0.08317637711026743	1.6739777557019027e-20
403.5543872869759	0.08317637711026743	2.5087640451298213e-22
499.9999999999984	0.08317637711026743	2.0661220297691751e-25
1000	0.08317637711026743	0
2000	0.08317637711026743	0
1.	0.09549925860214398	0.0669419490345005
1.9999999999999998	0.09549925860214398	0.07807423380085274
2.288838595949997	0.09549925860214398	0.08129901479896343
2.6193910591551774	0.09549925860214398	0.0857242391007125
2.9976816770403563	0.09549925860214398	0.0910402231025413
3.4306047603910415	0.09549925860214398	0.09431913057221215
3.926050291516404	0.09549925860214398	0.09646752619591493
4.493047718431742	0.09549925860214398	0.10154604554004526
5.141930515695824	0.09549925860214398	0.12320023083361425
5.884524511008838	0.09549925860214398	0.19095154486291124
6.734363409805407	0.09549925860214398	0.3956849502307328
7.706935445758021	0.09549925860214398	0.9273895555505792
8.819965652373028	0.09549925860214398	1.9415475356335765
10.093738900052346	0.09549925860214398	2.583511765217149
11.551469585940843	0.09549925860214398	1.9490126686847122
13.219724714121972	0.09549925860214398	1.2239352159413626
15.128908076758211	0.09549925860214398	0.2040360855466586
17.313814360331925	0.09549925860214398	0.04265209585507716
19.814263275520517	0.09549925860214398	0.013656718332797534
22.675825267662994	0.09549925860214398	0.007910521909050136
25.950652033822625	0.09549925860214398	0.004520946488059999
29.698426982540767	0.09549925860214398	0.0021571316609225654
33.98745295832107	0.09549925860214398	0.0010212918809826652
38.895897054520105	0.09549925860214398	0.0004701799431794675
44.51321520124173	0.09549925860214398	0.0001553352782108837
50.941782491215115	0.09549925860214398	0.00004853024718408709
58.29875895619149	0.09549925860214398	0.000013829374084373644
66.71822479745835	0.09549925860214398	3.4964682805372442e-6
76.35362398484546	0.09549925860214398	6.83636703474802e-7
87.38056075858388	0.09549925860214398	8.293691562099259e-8
100.00000000000031	0.09549925860214398	5.465204608191611e-9
111.55639876771902	0.09549925860214398	3.8544587569200873e-10
138.21730389017998	0.09549925860214398	2.1298860730230267e-13
171.24990861750976	0.09549925860214398	1.9301925834693267e-17
212.17698780180757	0.09549925860214398	2.6701581325489067e-18
262.885244821937	0.09549925860214398	3.876533013145706e-19
325.7122869971341	0.09549925860214398	2.1168047111100542e-20
403.5543872869759	0.09549925860214398	3.180455851828525e-22
499.9999999999984	0.09549925860214398	2.6313543123757176e-25
1000	0.09549925860214398	0
2000	0.09549925860214398	0
1.	0.10964781961431896	0.056649631220648075
1.9999999999999998	0.10964781961431896	0.06148381151813804
2.288838595949997	0.10964781961431896	0.06527878580105748
2.6193910591551774	0.10964781961431896	0.06948023213147667
2.9976816770403563	0.10964781961431896	0.07841988997016017
3.4306047603910415	0.10964781961431896	0.08592366542455238
3.926050291516404	0.10964781961431896	0.09200035930796234
4.493047718431742	0.10964781961431896	0.09657964489119637
5.141930515695824	0.10964781961431896	0.10704522378604706
5.884524511008838	0.10964781961431896	0.13270822788574896
6.734363409805407	0.10964781961431896	0.2241411914609565
7.706935445758021	0.10964781961431896	0.5106239720090463
8.819965652373028	0.10964781961431896	1.2796554348113234
10.093738900052346	0.10964781961431896	2.2370192398228106
11.551469585940843	0.10964781961431896	2.042982850193768
13.219724714121972	0.10964781961431896	1.6873778144091727
15.128908076758211	0.10964781961431896	0.4299767481162767
17.313814360331925	0.10964781961431896	0.05902844811985193
19.814263275520517	0.10964781961431896	0.016701082857206336
22.675825267662994	0.10964781961431896	0.008460216535945926
25.950652033822625	0.10964781961431896	0.005031403713605839
29.698426982540767	0.10964781961431896	0.0024426586725978727
33.98745295832107	0.10964781961431896	0.0012207508588123305
38.895897054520105	0.10964781961431896	0.0005487734012223008
44.51321520124173	0.10964781961431896	0.00018206912344630153
50.941782491215115	0.10964781961431896	0.000056450721610707843
58.29875895619149	0.10964781961431896	0.00001595043207828599
66.71822479745835	0.10964781961431896	4.027624026761343e-6
76.35362398484546	0.10964781961431896	7.940592512995097e-7
87.38056075858388	0.10964781961431896	9.782175561121507e-8
100.00000000000031	0.10964781961431896	6.561185930590777e-9
111.55639876771902	0.10964781961431896	4.701216957060659e-10
138.21730389017998	0.10964781961431896	2.720262591643983e-13
171.24990861750976	0.10964781961431896	2.2456673602359884e-17
212.17698780180757	0.10964781961431896	2.9452582957583687e-18
262.885244821937	0.10964781961431896	4.2771379114056023e-19
325.7122869971341	0.10964781961431896	2.3403837338073928e-20
403.5543872869759	0.10964781961431896	3.5265761372459654e-22
499.9999999999984	0.10964781961431896	2.9330285803470806e-25
1000	0.10964781961431896	0
2000	0.10964781961431896	0