1.	0.001	0.0960026
1.9999999999999998	0.001	0.0945629
2.288838595949997	0.001	0.09211891188027353
2.6193910591551774	0.001	0.0880102840948933
2.9976816770403563	0.001	0.08232957559784645
3.4306047603910415	0.001	0.07603024801282104
3.926050291516404	0.001	0.07061959771126204
4.493047718431742	0.001	0.06616801791292638
5.141930515695824	0.001	0.05967189174431119
5.884524511008838	0.001	0.04778381891129329
6.734363409805407	0.001	0.032507352548528386
7.706935445758021	0.001	0.0189728633776589
8.819965652373028	0.001	0.009398367399013511
10.093738900052346	0.001	0.003751097443709895
11.551469585940843	0.001	0.001406878909721021
13.219724714121972	0.001	0.0006009323460507081
15.128908076758211	0.001	0.00024141256951311238
17.313814360331925	0.001	0.00012495865119411327
19.814263275520517	0.001	0.00006422389202079017
22.675825267662994	0.001	0.00003618268787218968
25.950652033822625	0.001	0.000021650312854763798
29.698426982540767	0.001	0.000011025664352736361
33.98745295832107	0.001	5.359332147858692e-6
38.895897054520105	0.001	2.517381705388691e-6
44.51321520124173	0.001	8.73778309988015e-7
50.941782491215115	0.001	3.2358849928337377e-7
58.29875895619149	0.001	1.2221863598454778e-7
66.71822479745835	0.001	4.391201039993115e-8
76.35362398484546	0.001	1.4752657254800522e-8
87.38056075858388	0.001	4.954007888904837e-9
100.00000000000031	0.001	1.78234870405891e-9
111.55639876771902	0.001	8.025177015967013e-10
138.21730389017998	0.001	1.4627812671558172e-10
171.24990861750976	0.001	2.3558095998702583e-11
212.17698780180757	0.001	4.3312094596060636e-12
262.885244821937	0.001	6.275017894970775e-13
325.7122869971341	0.001	3.37883101756339e-14
403.5543872869759	0.001	4.977436774813458e-16
499.9999999999984	0.001	3.9719309249090967e-19
1000	0.001	0
2000	0.001	0
1.	0.0011481536214968829	0.10855529479082557
1.9999999999999998	0.0011481536214968829	0.10769831516453975
2.288838595949997	0.0011481536214968829	0.10515132660877789
2.6193910591551774	0.0011481536214968829	0.10067328914205247
2.9976816770403563	0.0011481536214968829	0.09433686465226326
3.4306047603910415	0.0011481536214968829	0.08718651219708401
3.926050291516404	0.0011481536214968829	0.08096034968678038
4.493047718431742	0.0011481536214968829	0.07590285738019746
5.141930515695824	0.0011481536214968829	0.06853720756478471
5.884524511008838	0.0011481536214968829	0.0550697872550579
6.734363409805407	0.0011481536214968829	0.037576170391858114
7.706935445758021	0.0011481536214968829	0.02195264722061946
8.819965652373028	0.0011481536214968829	0.010883580403562491
10.093738900052346	0.0011481536214968829	0.004349962279299116
11.551469585940843	0.0011481536214968829	0.0016315021800449192
13.219724714121972	0.0011481536214968829	0.0006946688703314222
15.128908076758211	0.0011481536214968829	0.0002743894163616947
17.313814360331925	0.0011481536214968829	0.0001439260671287841
19.814263275520517	0.0011481536214968829	0.00007399596654729462
22.675825267662994	0.0011481536214968829	0.00004166600456804427
25.950652033822625	0.0011481536214968829	0.000024919025334866363
29.698426982540767	0.0011481536214968829	0.000012695400058062764
33.98745295832107	0.0011481536214968829	6.16533137395804e-6
38.895897054520105	0.0011481536214968829	2.8969912294855623e-6
44.51321520124173	0.0011481536214968829	1.0064367145518926e-6
50.941782491215115	0.0011481536214968829	3.7266361101778793e-7
58.29875895619149	0.0011481536214968829	1.4069131072042716e-7
66.71822479745835	0.0011481536214968829	5.053242203296171e-8
76.35362398484546	0.0011481536214968829	1.697821880545126e-8
87.38056075858388	0.0011481536214968829	5.7005117376295015e-9
100.00000000000031	0.0011481536214968829	2.0510584127620246e-9
111.55639876771902	0.0011481536214968829	9.23451946735581e-10
138.21730389017998	0.0011481536214968829	1.6831946869756128e-10
171.24990861750976	0.0011481536214968829	2.7107265598915817e-11
212.17698780180757	0.0011481536214968829	4.983583362395756e-12
262.885244821937	0.0011481536214968829	7.220203746457716e-13
325.7122869971341	0.0011481536214968829	3.8878495605159826e-14
403.5543872869759	0.0011481536214968829	5.727468305622852e-16
499.9999999999984	0.0011481536214968829	4.570697556079737e-19
1000	0.0011481536214968829	0
2000	0.0011481536214968829	0
1.	0.0013182567385564075	0.12240173451760963
1.9999999999999998	0.0013182567385564075	0.12250171616947303
2.288838595949997	0.0013182567385564075	0.11991072960790132
2.6193910591551774	0.0013182567385564075	0.11508770397548848
2.9976816770403563	0.0013182567385564075	0.10806870531664063
3.4306047603910415	0.0013182567385564075	0.09996338629621086
3.926050291516404	0.0013182567385564075	0.09281036982688858
4.493047718431742	0.0013182567385564075	0.08703620977151082
5.141930515695824	0.0013182567385564075	0.07872589409590966
5.884524511008838	0.0013182567385564075	0.06352973123786376
6.734363409805407	0.0013182567385564075	0.04345532408530056
7.706935445758021	0.0013182567385564075	0.02543131770313409
8.819965652373028	0.0013182567385564075	0.012629316534548869
10.093738900052346	0.0013182567385564075	0.005046162376527384
11.551469585940843	0.0013182567385564075	0.0018880709712428654
13.219724714121972	0.0013182567385564075	0.0008032076198266764
15.128908076758211	0.0013182567385564075	0.0003165986337897561
17.313814360331925	0.0013182567385564075	0.00016594311439699312
19.814263275520517	0.0013182567385564075	0.0000852442695719807
22.675825267662994	0.0013182567385564075	0.000047949830827068653
25.950652033822625	0.0013182567385564075	0.000028678710177888738
29.698426982540767	0.0013182567385564075	0.000014627715550415575
33.98745295832107	0.0013182567385564075	7.093134849779132e-6
38.895897054520105	0.0013182567385564075	3.332323910002884e-6
44.51321520124173	0.0013182567385564075	1.1588345680347422e-6
50.941782491215115	0.0013182567385564075	4.290248088812223e-7
58.29875895619149	0.0013182567385564075	1.6188764323479764e-7
66.71822479745835	0.0013182567385564075	5.812380882507393e-8
76.35362398484546	0.0013182567385564075	1.953034860806847e-8
87.38056075858388	0.0013182567385564075	6.556360518978892e-9
100.00000000000031	0.0013182567385564075	2.35914716946914e-9
111.55639876771902	0.0013182567385564075	1.0620922991078118e-9
138.21730389017998	0.0013182567385564075	1.9358733766949608e-10
171.24990861750976	0.0013182567385564075	3.117576675274528e-11
212.17698780180757	0.0013182567385564075	5.731389484768494e-12
262.885244821937	0.0013182567385564075	8.3036372448797e-13
325.7122869971341	0.0013182567385564075	4.471357582883728e-14
403.5543872869759	0.0013182567385564075	6.587317288008784e-16
499.9999999999984	0.0013182567385564075	5.257241740580071e-19
1000	0.0013182567385564075	0
2000	0.0013182567385564075	0
1.	0.0015135612484362087	0.13761309229653707
1.9999999999999998	0.0015135612484362087	0.13911510351486991
2.288838595949997	0.0015135612484362087	0.1365851167429422
2.6193910591551774	0.0015135612484362087	0.1314630819279839
2.9976816770403563	0.0015135612484362087	0.12375106387719013
3.4306047603910415	0.0015135612484362087	0.1146110140002862
3.926050291516404	0.0015135612484362087	0.1063810830420163
4.493047718431742	0.0015135612484362087	0.0997511081020592
5.141930515695824	0.0015135612484362087	0.09049586295836508
5.884524511008838	0.0015135612484362087	0.07326874036577756
6.734363409805407	0.0015135612484362087	0.0502682712142303
7.706935445758021	0.0015135612484362087	0.029452524377959175
8.819965652373028	0.0015135612484362087	0.014678770897628134
10.093738900052346	0.0015135612484362087	0.005862126992337716
11.551469585940843	0.0015135612484362087	0.002176828807781703
13.219724714121972	0.0015135612484362087	0.0009273955419990655
15.128908076758211	0.0015135612484362087	0.0003656386712600585
17.313814360331925	0.0015135612484362087	0.0001912526276723484
19.814263275520517	0.0015135612484362087	0.00009844314777802267
22.675825267662994	0.0015135612484362087	0.00005520737446658482
25.950652033822625	0.0015135612484362087	0.00003301905288587687
29.698426982540767	0.0015135612484362087	0.00001685435965456825
33.98745295832107	0.0015135612484362087	8.159152248070036e-6
38.895897054520105	0.0015135612484362087	3.832885859151381e-6
44.51321520124173	0.0015135612484362087	1.33442508869783e-6
50.941782491215115	0.0015135612484362087	4.939399710227832e-7
58.29875895619149	0.0015135612484362087	1.8627479146991236e-7
66.71822479745835	0.0015135612484362087	6.685175866276827e-8
76.35362398484546	0.0015135612484362087	2.2464982998686537e-8
87.38056075858388	0.0015135612484362087	7.540166398274265e-9
100.00000000000031	0.0015135612484362087	2.713326222950813e-9
111.55639876771902	0.0015135612484362087	1.2214514133161539e-9
138.21730389017998	0.0015135612484362087	2.22631352627148e-10
171.24990861750976	0.0015135612484362087	3.585193952593826e-11
212.17698780180757	0.0015135612484362087	6.590821453354782e-12
262.885244821937	0.0015135612484362087	9.548844517558411e-13
325.7122869971341	0.0015135612484362087	5.142019151963388e-14
403.5543872869759	0.0015135612484362087	7.575666584229017e-16
499.9999999999984	0.0015135612484362087	6.046480710322998e-19
1000	0.0015135612484362087	0
2000	0.0015135612484362087	0
1.	0.0017378008287493763	0.15419105734871003
1.9999999999999998	0.0017378008287493763	0.15770806650016841
2.288838595949997	0.0017378008287493763	0.1553450792356456
2.6193910591551774	0.0017378008287493763	0.15005704383606774
2.9976816770403563	0.0017378008287493763	0.14158402567357758
3.4306047603910415	0.0017378008287493763	0.13132897110436348
3.926050291516404	0.0017378008287493763	0.12190905307333653
4.493047718431742	0.0017378008287493763	0.11437608368237338
5.141930515695824	0.0017378008287493763	0.10395303629138579
5.884524511008838	0.0017378008287493763	0.08448650257337588
6.734363409805407	0.0017378008287493763	0.058206146052478855
7.706935445758021	0.0017378008287493763	0.03428503005900471
8.819965652373028	0.0017378008287493763	0.017047876474243183
10.093738900052346	0.0017378008287493763	0.006820508927323469
11.551469585940843	0.0017378008287493763	0.00252131096376557
13.219724714121972	0.0017378008287493763	0.0010735821390626054
15.128908076758211	0.0017378008287493763	0.0004223794672883913
17.313814360331925	0.0017378008287493763	0.00022011449786891874
19.814263275520517	0.0017378008287493763	0.000113651620174267
22.675825267662994	0.0017378008287493763	0.00006340963516996003
25.950652033822625	0.0017378008287493763	0.000038029490395454514
29.698426982540767	0.0017378008287493763	0.000019433046469087694
33.98745295832107	0.0017378008287493763	9.394884712817206e-6
38.895897054520105	0.0017378008287493763	4.41898515140174e-6
44.51321520124173	0.0017378008287493763	1.5404397828960122e-6
50.941782491215115	0.0017378008287493763	5.70076868043626e-7
58.29875895619149	0.0017378008287493763	2.1484686720841295e-7
66.71822479745835	0.0017378008287493763	7.706969240570367e-8
76.35362398484546	0.0017378008287493763	2.590099242491959e-8
87.38056075858388	0.0017378008287493763	8.691671553636977e-9
100.00000000000031	0.0017378008287493763	3.1279252100983046e-9
111.55639876771902	0.0017378008287493763	1.4079683938826877e-9
138.21730389017998	0.0017378008287493763	2.5662321556842584e-10
171.24990861750976	0.0017378008287493763	4.132445125014764e-11
212.17698780180757	0.0017378008287493763	7.596531528941608e-12
262.885244821937	0.0017378008287493763	1.1005972123428183e-12
325.7122869971341	0.0017378008287493763	5.926881608210094e-14
403.5543872869759	0.0017378008287493763	8.732416993244857e-16
499.9999999999984	0.0017378008287493763	6.970337350975888e-19
1000	0.0017378008287493763	0
2000	0.0017378008287493763	0
1.	0.0019952623149688807	0.17200714938718706
1.9999999999999998	0.0019952623149688807	0.17836717956847345
2.288838595949997	0.0019952623149688807	0.17639219371099005
2.6193910591551774	0.0019952623149688807	0.17104515963639366
2.9976816770403563	0.0019952623149688807	0.1619011365558077
3.4306047603910415	0.0019952623149688807	0.15047006572182278
3.926050291516404	0.0019952623149688807	0.13960015410542673
4.493047718431742	0.0019952623149688807	0.1309561836688819
5.141930515695824	0.0019952623149688807	0.11942712426924006
5.884524511008838	0.0019952623149688807	0.09755655888802839
6.734363409805407	0.0019952623149688807	0.06750088811904724
7.706935445758021	0.0019952623149688807	0.039890680955005954
8.819965652373028	0.0019952623149688807	0.019888604836095947
10.093738900052346	0.0019952623149688807	0.007955315927087512
11.551469585940843	0.0019952623149688807	0.0029144388827530452
13.219724714121972	0.0019952623149688807	0.0012502917215414574
15.128908076758211	0.0019952623149688807	0.0004891677360394551
17.313814360331925	0.0019952623149688807	0.000254068599343193
19.814263275520517	0.0019952623149688807	0.00013121596528592973
22.675825267662994	0.0019952623149688807	0.00007303896055797546
25.950652033822625	0.0019952623149688807	0.0000438246803410421
29.698426982540767	0.0019952623149688807	0.00002242155410843378
33.98745295832107	0.0019952623149688807	0.000010828640040984563
38.895897054520105	0.0019952623149688807	5.0917195397759005e-6
44.51321520124173	0.0019952623149688807	1.7775158648706667e-6
50.941782491215115	0.0019952623149688807	6.576513114218884e-7
58.29875895619149	0.0019952623149688807	2.4766696668104747e-7
66.71822479745835	0.0019952623149688807	8.87959324472653e-8
76.35362398484546	0.0019952623149688807	2.98446275777458e-8
87.38056075858388	0.0019952623149688807	1.0012789926731553e-8
100.00000000000031	0.0019952623149688807	3.6036396134729706e-9
111.55639876771902	0.0019952623149688807	1.621943864686105e-9
138.21730389017998	0.0019952623149688807	2.956176023876556e-10
171.24990861750976	0.0019952623149688807	4.7601897372699627e-11
212.17698780180757	0.0019952623149688807	8.75006667825705e-12
262.885244821937	0.0019952623149688807	1.2677294309945823e-12
325.7122869971341	0.0019952623149688807	6.827186622235997e-14
403.5543872869759	0.0019952623149688807	1.0059380295728558e-15
499.9999999999984	0.0019952623149688807	8.030377255977343e-19
1000	0.0019952623149688807	0
2000	0.0019952623149688807	0
1.	0.0022908676527677745	0.19108284853082802
1.9999999999999998	0.0022908676527677745	0.20129681792890997
2.288838595949997	0.0022908676527677745	0.1999018201046471
2.6193910591551774	0.0022908676527677745	0.19469878500480284
2.9976816770403563	0.0022908676527677745	0.18499276708137788
3.4306047603910415	0.0022908676527677745	0.17219870877502114
3.926050291516404	0.0022908676527677745	0.15984583416202355
4.493047718431742	0.0022908676527677745	0.14996788878734743
5.141930515695824	0.0022908676527677745	0.13723484154609078
5.884524511008838	0.0022908676527677745	0.11267869767496794
6.734363409805407	0.0022908676527677745	0.07834450220911475
7.706935445758021	0.0022908676527677745	0.04648799678842861
8.819965652373028	0.0022908676527677745	0.02329876350164942
10.093738900052346	0.0022908676527677745	0.00928900194480549
11.551469585940843	0.0022908676527677745	0.0033881993524908166
13.219724714121972	0.0022908676527677745	0.001451306949274804
15.128908076758211	0.0022908676527677745	0.0005664363756671686
17.313814360331925	0.0022908676527677745	0.00029300187971983776
19.814263275520517	0.0022908676527677745	0.00015176591118131293
22.675825267662994	0.0022908676527677745	0.000084016354394672
25.950652033822625	0.0022908676527677745	0.00005052113743007007
29.698426982540767	0.0022908676527677745	0.000025874388284841084
33.98745295832107	0.0022908676527677745	0.000012474733895762337
38.895897054520105	0.0022908676527677745	5.870287781014597e-6
44.51321520124173	0.0022908676527677745	2.052629474937625e-6
50.941782491215115	0.0022908676527677745	7.592245438185544e-7
58.29875895619149	0.0022908676527677745	2.8567679448483374e-7
66.71822479745835	0.0022908676527677745	1.0236436250469115e-7
76.35362398484546	0.0022908676527677745	3.440797975961414e-8
87.38056075858388	0.0022908676527677745	1.1540991523789373e-8
100.00000000000031	0.0022908676527677745	4.153947905230303e-9
111.55639876771902	0.0022908676527677745	1.869413215168024e-9
138.21730389017998	0.0022908676527677745	3.4071473943232686e-10
171.24990861750976	0.0022908676527677745	5.486119005844121e-11
212.17698780180757	0.0022908676527677745	1.0083912425789978e-11
262.885244821937	0.0022908676527677745	1.4609876835358984e-12
325.7122869971341	0.0022908676527677745	7.868283055947517e-14
403.5543872869759	0.0022908676527677745	1.1594105895885437e-15
499.9999999999984	0.0022908676527677745	9.256576423329234e-19
1000	0.0022908676527677745	0
2000	0.0022908676527677745	0
1.	0.0026302679918953843	0.21099888216437382
1.9999999999999998	0.0026302679918953843	0.22639385151030778
2.288838595949997	0.0026302679918953843	0.2259588479449026
2.6193910591551774	0.0026302679918953843	0.22126181465884412
2.9976816770403563	0.0026302679918953843	0.21119779038465672
3.4306047603910415	0.0026302679918953843	0.19711071718677514
3.926050291516404	0.0026302679918953843	0.1830168570887833
4.493047718431742	0.0026302679918953843	0.17170291692873052
5.141930515695824	0.0026302679918953843	0.15752986090431415
5.884524511008838	0.0026302679918953843	0.13014468957500272
6.734363409805407	0.0026302679918953843	0.09113149505215135
7.706935445758021	0.0026302679918953843	0.05425382673888332
8.819965652373028	0.0026302679918953843	0.027284881759345906
10.093738900052346	0.0026302679918953843	0.010880305465911358
11.551469585940843	0.0026302679918953843	0.0039432114516971895
13.219724714121972	0.0026302679918953843	0.0016902952166808853
15.128908076758211	0.0026302679918953843	0.0006575102819445099
17.313814360331925	0.0026302679918953843	0.00033851579314605925
19.814263275520517	0.0026302679918953843	0.00017526525865090316
22.675825267662994	0.0026302679918953843	0.00009731941992509377
25.950652033822625	0.0026302679918953843	0.000058260826296354515
29.698426982540767	0.0026302679918953843	0.00002988917875252076
33.98745295832107	0.0026302679918953843	0.000014392058627163168
38.895897054520105	0.0026302679918953843	6.776989205015389e-6
44.51321520124173	0.0026302679918953843	2.373981167827022e-6
50.941782491215115	0.0026302679918953843	8.778006938414168e-7
58.29875895619149	0.0026302679918953843	3.2997763910580024e-7
66.71822479745835	0.0026302679918953843	1.181615367746632e-7
76.35362398484546	0.0026302679918953843	3.972130425157986e-8
87.38056075858388	0.0026302679918953843	1.3319476213777536e-8
100.00000000000031	0.0026302679918953843	4.794480996252091e-9
111.55639876771902	0.0026302679918953843	2.1573885816957997e-9
138.21730389017998	0.0026302679918953843	3.931925123836423e-10
171.24990861750976	0.0026302679918953843	6.330764296679706e-11
212.17698780180757	0.0026302679918953843	1.163567882585174e-11
262.885244821937	0.0026302679918953843	1.6858228848715224e-12
325.7122869971341	0.0026302679918953843	9.079625133385015e-14
403.5543872869759	0.0026302679918953843	1.3380004277077786e-15
499.9999999999984	0.0026302679918953843	1.0683880260458341e-18
1000	0.0026302679918953843	0
2000	0.0026302679918953843	0
1.	0.003019951720402019	0.23210907787220442
1.9999999999999998	0.003019951720402019	0.2538221134014938
2.288838595949997	0.003019951720402019	0.2547711167286281
2.6193910591551774	0.003019951720402019	0.2508940981316462
2.9976816770403563	0.003019951720402019	0.24072006931025552
3.4306047603910415	0.003019951720402019	0.2254509695214578
3.926050291516404	0.003019951720402019	0.20940710911213462
4.493047718431742	0.003019951720402019	0.19636016162206985
5.141930515695824	0.003019951720402019	0.18081508222927892
5.884524511008838	0.003019951720402019	0.15042885640460452
6.734363409805407	0.003019951720402019	0.10614391858869385
7.706935445758021	0.003019951720402019	0.0636313410503495
8.819965652373028	0.003019951720402019	0.03207864527027678
10.093738900052346	0.003019951720402019	0.012821388853650303
11.551469585940843	0.003019951720402019	0.00458146491080895
13.219724714121972	0.003019951720402019	0.0019577857816231257
15.128908076758211	0.003019951720402019	0.0007638991097169238
17.313814360331925	0.003019951720402019	0.00039091915765086257
19.814263275520517	0.003019951720402019	0.00020309588409164942
22.675825267662994	0.003019951720402019	0.00011221971936084695
25.950652033822625	0.003019951720402019	0.00006723679880317652
29.698426982540767	0.003019951720402019	0.000034539807878749625
33.98745295832107	0.003019951720402019	0.000016588506691227083
38.895897054520105	0.003019951720402019	7.814539851290543e-6
44.51321520124173	0.003019951720402019	2.7430047647289872e-6
50.941782491215115	0.003019951720402019	1.0138622526529214e-6
58.29875895619149	0.003019951720402019	3.807151598895825e-7
66.71822479745835	0.003019951720402019	1.3623264888042274e-7
76.35362398484546	0.003019951720402019	4.5799565893409315e-8
87.38056075858388	0.003019951720402019	1.5353013848600877e-8
100.00000000000031	0.003019951720402019	5.526911801375166e-9
111.55639876771902	0.003019951720402019	2.486592811798643e-9
138.21730389017998	0.003019951720402019	4.531787520853312e-10
171.24990861750976	0.003019951720402019	7.296156672015392e-11
212.17698780180757	0.003019951720402019	1.340899080626756e-11
262.885244821937	0.003019951720402019	1.942773771397727e-12
325.7122869971341	0.003019951720402019	1.0464141763337927e-13
403.5543872869759	0.003019951720402019	1.542151815983825e-15
499.9999999999984	0.003019951720402019	1.2315911141338574e-18
1000	0.003019951720402019	0
2000	0.003019951720402019	0
1.	0.00346736850452532	0.2523609323088972
1.9999999999999998	0.00346736850452532	0.283313901424748
2.288838595949997	0.00346736850452532	0.2863278798716011
2.6193910591551774	0.00346736850452532	0.2838228627922321
2.9976816770403563	0.00346736850452532	0.27412782436790417
3.4306047603910415	0.00346736850452532	0.2576147187099946
3.926050291516404	0.00346736850452532	0.23952789171876496
4.493047718431742	0.00346736850452532	0.2247389646547601
5.141930515695824	0.00346736850452532	0.20768788693517581
5.884524511008838	0.00346736850452532	0.17421765251427113
6.734363409805407	0.00346736850452532	0.12373376876382437
7.706935445758021	0.00346736850452532	0.07454829383033497
8.819965652373028	0.00346736850452532	0.03780582437727261
10.093738900052346	0.00346736850452532	0.015094032645720868
11.551469585940843	0.00346736850452532	0.005359930490191886
13.219724714121972	0.00346736850452532	0.0022793209527724534
15.128908076758211	0.00346736850452532	0.000890936954206697
17.313814360331925	0.00346736850452532	0.0004523825503317901
19.814263275520517	0.00346736850452532	0.0002357350728410573
22.675825267662994	0.00346736850452532	0.00012949754200906267
25.950652033822625	0.00346736850452532	0.00007762422506587731
29.698426982540767	0.00346736850452532	0.00003995215096569634
33.98745295832107	0.00346736850452532	0.00001913791976753302
38.895897054520105	0.00346736850452532	9.007262092540242e-6
44.51321520124173	0.00346736850452532	3.1688545076179924e-6
50.941782491215115	0.00346736850452532	1.170744079970611e-6
58.29875895619149	0.00346736850452532	4.3909319356466704e-7
66.71822479745835	0.00346736850452532	1.5699912110934182e-7
76.35362398484546	0.00346736850452532	5.278413081300917e-8
87.38056075858388	0.00346736850452532	1.7688415075920677e-8
100.00000000000031	0.00346736850452532	6.368152022352604e-9
111.55639876771902	0.00346736850452532	2.864583536293204e-9
138.21730389017998	0.00346736850452532	5.220516632701868e-10
171.24990861750976	0.00346736850452532	8.404431073724949e-11
212.17698780180757	0.00346736850452532	1.5444485029496448e-11
262.885244821937	0.00346736850452532	2.2377069646928433e-12
325.7122869971341	0.00346736850452532	1.2053480610913864e-13
403.5543872869759	0.00346736850452532	1.776554386169592e-15
499.9999999999984	0.00346736850452532	1.4190351538586777e-18
1000	0.00346736850452532	0
2000	0.00346736850452532	0
1.	0.003981071705534978	0.27263805456289225
1.9999999999999998	0.003981071705534978	0.31461109391271674
2.288838595949997	0.003981071705534978	0.32048007653664395
2.6193910591551774	0.003981071705534978	0.3202940902516853
2.9976816770403563	0.003981071705534978	0.3115410531591854
3.4306047603910415	0.003981071705534978	0.2941829245232142
3.926050291516404	0.003981071705534978	0.2738021044921076
4.493047718431742	0.003981071705534978	0.2567131746549755
5.141930515695824	0.003981071705534978	0.23816207524037075
5.884524511008838	0.003981071705534978	0.20151378998194594
6.734363409805407	0.003981071705534978	0.14464187095889167
7.706935445758021	0.003981071705534978	0.08768541246335387
8.819965652373028	0.003981071705534978	0.044709493959875675
10.093738900052346	0.003981071705534978	0.017877200327020455
11.551469585940843	0.003981071705534978	0.006280245245184979
13.219724714121972	0.003981071705534978	0.0026761801138295996
15.128908076758211	0.003981071705534978	0.0010381686150057298
17.313814360331925	0.003981071705534978	0.0005234358085107905
19.814263275520517	0.003981071705534978	0.0002738427966533366
22.675825267662994	0.003981071705534978	0.00014952260619302486
25.950652033822625	0.003981071705534978	0.00008967471702586014
29.698426982540767	0.003981071705534978	0.000046254669176398567
33.98745295832107	0.003981071705534978	0.000022082775053981785
38.895897054520105	0.003981071705534978	0.000010386411696852608
44.51321520124173	0.003981071705534978	3.663271656291488e-6
50.941782491215115	0.003981071705534978	1.3527211850855165e-6
58.29875895619149	0.003981071705534978	5.066509721218713e-7
66.71822479745835	0.003981071705534978	1.8099904184492236e-7
76.35362398484546	0.003981071705534978	6.085548098861211e-8
87.38056075858388	0.003981071705534978	2.0385636183786282e-8
100.00000000000031	0.003981071705534978	7.339786538591977e-9
111.55639876771902	0.003981071705534978	3.30100822104807e-9
138.21730389017998	0.003981071705534978	6.015674981285442e-10
171.24990861750976	0.003981071705534978	9.683734806127545e-11
212.17698780180757	0.003981071705534978	1.779368843427018e-11
262.885244821937	0.003981071705534978	2.578112492305957e-12
325.7122869971341	0.003981071705534978	1.3888181049774177e-13
403.5543872869759	0.003981071705534978	2.0471841354310284e-15
499.9999999999984	0.003981071705534978	1.6355272932031867e-18
1000	0.003981071705534978	0
2000	0.003981071705534978	0
1.	0.0045708818961487565	0.29150704656161147
1.9999999999999998	0.0045708818961487565	0.347088093473226
2.288838595949997	0.0045708818961487565	0.3568140594476344
2.6193910591551774	0.0045708818961487565	0.3599801009365097
2.9976816770403563	0.0045708818961487565	0.3531780625458088
3.4306047603910415	0.0045708818961487565	0.3358019115139385
3.926050291516404	0.0045708818961487565	0.3129761145237644
4.493047718431742	0.0045708818961487565	0.2933321948467379
5.141930515695824	0.0045708818961487565	0.2729830833551913
5.884524511008838	0.0045708818961487565	0.23328176282823954
6.734363409805407	0.0045708818961487565	0.16907285242578413
7.706935445758021	0.0045708818961487565	0.10350835997709479
8.819965652373028	0.0045708818961487565	0.05373242088406595
10.093738900052346	0.0045708818961487565	0.02126474220471898
11.551469585940843	0.0045708818961487565	0.007416862514523824
13.219724714121972	0.0045708818961487565	0.0031318767321116044
15.128908076758211	0.0045708818961487565	0.0012172283321631643
17.313814360331925	0.0045708818961487565	0.0006071066192208457
19.814263275520517	0.0045708818961487565	0.0003190913771816515
22.675825267662994	0.0045708818961487565	0.00017302554083038839
25.950652033822625	0.0045708818961487565	0.00010365906153757074
29.698426982540767	0.0045708818961487565	0.00005360104730850344
33.98745295832107	0.0045708818961487565	0.000025519819215625143
38.895897054520105	0.0045708818961487565	0.000012004213287640624
44.51321520124173	0.0045708818961487565	4.2456920060832505e-6
50.941782491215115	0.0045708818961487565	1.5668596086299803e-6
58.29875895619149	0.0045708818961487565	5.859595145984224e-7
66.71822479745835	0.0045708818961487565	2.0913765491328735e-7
76.35362398484546	0.0045708818961487565	7.031634330624493e-8
87.38056075858388	0.0045708818961487565	2.354535126130322e-8
100.00000000000031	0.0045708818961487565	8.478026215216571e-9
111.55639876771902	0.0045708818961487565	3.812096357113364e-9
138.21730389017998	0.0045708818961487565	6.946805181687188e-10
171.24990861750976	0.0045708818961487565	1.1181600844152239e-10
212.17698780180757	0.0045708818961487565	2.0543652075762366e-11
262.885244821937	0.0045708818961487565	2.9765854129456986e-12
325.7122869971341	0.0045708818961487565	1.603612026460361e-13
403.5543872869759	0.0045708818961487565	2.3641024300494902e-15
499.9999999999984	0.0045708818961487565	1.8891541374518888e-18
1000	0.0045708818961487565	0
2000	0.0045708818961487565	0
1.	0.005248074602497733	0.3081360802431537
1.9999999999999998	0.005248074602497733	0.3804711973522236
2.288838595949997	0.005248074602497733	0.39493016549553306
2.6193910591551774	0.005248074602497733	0.40283026308074177
2.9976816770403563	0.005248074602497733	0.39955523313766617
3.4306047603910415	0.005248074602497733	0.3825270675917355
3.926050291516404	0.005248074602497733	0.35748428450980185
4.493047718431742	0.005248074602497733	0.33468936734386867
5.141930515695824	0.005248074602497733	0.3125992360569515
5.884524511008838	0.005248074602497733	0.2703008713238986
6.734363409805407	0.005248074602497733	0.19846293643362778
7.706935445758021	0.005248074602497733	0.12242249212995374
8.819965652373028	0.005248074602497733	0.06318020633207624
10.093738900052346	0.005248074602497733	0.025457583456087028
11.551469585940843	0.005248074602497733	0.008700019152772107
13.219724714121972	0.005248074602497733	0.003673674691980637
15.128908076758211	0.005248074602497733	0.0014270688193000342
17.313814360331925	0.005248074602497733	0.0007047207534051701
19.814263275520517	0.005248074602497733	0.0003716122579496594
22.675825267662994	0.005248074602497733	0.0002001835702788139
25.950652033822625	0.005248074602497733	0.0001199202877893692
29.698426982540767	0.005248074602497733	0.0000621614540650759
33.98745295832107	0.005248074602497733	0.000029528085626324627
38.895897054520105	0.005248074602497733	0.000013853221985986224
44.51321520124173	0.005248074602497733	4.914749662662235e-6
50.941782491215115	0.005248074602497733	1.8125195911135876e-6
58.29875895619149	0.005248074602497733	6.766759655838494e-7
66.71822479745835	0.005248074602497733	2.4127514866122915e-7
76.35362398484546	0.005248074602497733	8.11182764783977e-8
87.38056075858388	0.005248074602497733	2.7150278695772475e-8
100.00000000000031	0.005248074602497733	9.776701829386421e-9
111.55639876771902	0.005248074602497733	4.394934920413177e-9
138.21730389017998	0.005248074602497733	8.008524160268716e-10
171.24990861750976	0.005248074602497733	1.2889206898239298e-10
212.17698780180757	0.005248074602497733	2.367794391489918e-11
262.885244821937	0.005248074602497733	3.430768810657995e-12
325.7122869971341	0.005248074602497733	1.848488734552231e-13
403.5543872869759	0.005248074602497733	2.7254968467191803e-15
499.9999999999984	0.005248074602497733	2.178522158294038e-18
1000	0.005248074602497733	0
2000	0.005248074602497733	0
1.	0.006025595860743587	0.3216919278333184
1.9999999999999998	0.006025595860743587	0.41381082251127443
2.288838595949997	0.006025595860743587	0.4347616861079291
2.6193910591551774	0.006025595860743587	0.448822758682344
2.9976816770403563	0.006025595860743587	0.4500836710028287
3.4306047603910415	0.006025595860743587	0.4345944627454468
3.926050291516404	0.006025595860743587	0.4075277200759073
4.493047718431742	0.006025595860743587	0.3812508578594059
5.141930515695824	0.006025595860743587	0.3574397304104833
5.884524511008838	0.006025595860743587	0.31298134697054525
6.734363409805407	0.006025595860743587	0.23276151114492166
7.706935445758021	0.006025595860743587	0.14540728668885414
8.819965652373028	0.006025595860743587	0.07583770436252782
10.093738900052346	0.006025595860743587	0.03063323008469461
11.551469585940843	0.006025595860743587	0.01030891548121174
13.219724714121972	0.006025595860743587	0.004311242527839813
15.128908076758211	0.006025595860743587	0.0016787054761175967
17.313814360331925	0.006025595860743587	0.0008173121955485609
19.814263275520517	0.006025595860743587	0.0004333643103591365
22.675825267662994	0.006025595860743587	0.0002322081093503836
25.950652033822625	0.006025595860743587	0.00013887126621126093
29.698426982540767	0.006025595860743587	0.00007219000766831832
33.98745295832107	0.006025595860743587	0.00003420869165827561
38.895897054520105	0.006025595860743587	0.000015978399625857158
44.51321520124173	0.006025595860743587	5.687860065209609e-6
50.941782491215115	0.006025595860743587	2.0959453715172445e-6
58.29875895619149	0.006025595860743587	7.810090251537016e-7
66.71822479745835	0.006025595860743587	2.7818264925496596e-7
76.35362398484546	0.006025595860743587	9.351710026392872e-8
87.38056075858388	0.006025595860743587	3.1284955762804706e-8
100.00000000000031	0.006025595860743587	1.1266096087100761e-8
111.55639876771902	0.006025595860743587	5.0630640519165156e-9
138.21730389017998	0.006025595860743587	9.225531995030437e-10
171.24990861750976	0.006025595860743587	1.484607947730217e-10
212.17698780180757	0.006025595860743587	2.7268718606604772e-11
262.885244821937	0.006025595860743587	3.9511191086360505e-12
325.7122869971341	0.006025595860743587	2.129100646122369e-13
403.5543872869759	0.006025595860743587	3.1397583877190472e-15
499.9999999999984	0.006025595860743587	2.5104152327060736e-18
1000	0.006025595860743587	0
2000	0.006025595860743587	0
1.	0.006918309709189377	0.33098499697269756
1.9999999999999998	0.006918309709189377	0.44519598977597263
2.288838595949997	0.006918309709189377	0.47365084901183646
2.6193910591551774	0.006918309709189377	0.4957460070178865
2.9976816770403563	0.006918309709189377	0.5037119387949845
3.4306047603910415	0.006918309709189377	0.4924217098165363
3.926050291516404	0.006918309709189377	0.46418096589477464
4.493047718431742	0.006918309709189377	0.4337421053848457
5.141930515695824	0.006918309709189377	0.40827095134763974
5.884524511008838	0.006918309709189377	0.3620565192653354
6.734363409805407	0.006918309709189377	0.2745016299259402
7.706935445758021	0.006918309709189377	0.17282446719003935
8.819965652373028	0.006918309709189377	0.09125381360207573
10.093738900052346	0.006918309709189377	0.03712843461661357
11.551469585940843	0.006918309709189377	0.012273317936683377
13.219724714121972	0.006918309709189377	0.005096989414916538
15.128908076758211	0.006918309709189377	0.001981546092546419
17.313814360331925	0.006918309709189377	0.0009512024019447361
19.814263275520517	0.006918309709189377	0.0005064185088118868
22.675825267662994	0.006918309709189377	0.0002690201544120901
25.950652033822625	0.006918309709189377	0.00016098157523154378
29.698426982540767	0.006918309709189377	0.00008395221369119135
33.98745295832107	0.006918309709189377	0.00003905089089659063
38.895897054520105	0.006918309709189377	0.000018377111624427956
44.51321520124173	0.006918309709189377	6.5657412376773766e-6
50.941782491215115	0.006918309709189377	2.417194058795796e-6
58.29875895619149	0.006918309709189377	8.988367854750042e-7
66.71822479745835	0.006918309709189377	3.1979658901300207e-7
76.35362398484546	0.006918309709189377	1.0748739855033404e-7
87.38056075858388	0.006918309709189377	3.5939312570104083e-8
100.00000000000031	0.006918309709189377	1.2942561133360156e-8
111.55639876771902	0.006918309709189377	5.814669841630942e-9
138.21730389017998	0.006918309709189377	1.0594396527742266e-9
171.24990861750976	0.006918309709189377	1.7046527631925712e-10
212.17698780180757	0.006918309709189377	3.130501605951943e-11
262.885244821937	0.006918309709189377	4.536060847185783e-12
325.7122869971341	0.006918309709189377	2.4446252381845907e-13
403.5543872869759	0.006918309709189377	3.6057555650430604e-15
499.9999999999984	0.006918309709189377	2.884000616206476e-18
1000	0.006918309709189377	0
2000	0.006918309709189377	0
1.	0.00794328234724283	0.33426399388671324
1.9999999999999998	0.00794328234724283	0.47294504498302004
2.288838595949997	0.00794328234724283	0.510327883028288
2.6193910591551774	0.00794328234724283	0.5426191388517208
2.9976816770403563	0.00794328234724283	0.5602700947339545
3.4306047603910415	0.00794328234724283	0.5551248691016941
3.926050291516404	0.00794328234724283	0.5274771244919766
4.493047718431742	0.00794328234724283	0.4937232699710134
5.141930515695824	0.00794328234724283	0.4651620952650417
5.884524511008838	0.00794328234724283	0.41798662288561983
6.734363409805407	0.00794328234724283	0.32288070888505105
7.706935445758021	0.00794328234724283	0.20697662414100435
8.819965652373028	0.00794328234724283	0.11010342562243298
10.093738900052346	0.00794328234724283	0.04534750435596072
11.551469585940843	0.00794328234724283	0.014751744525137712
13.219724714121972	0.00794328234724283	0.0060386545281393336
15.128908076758211	0.00794328234724283	0.0023513562863249566
17.313814360331925	0.00794328234724283	0.0011061674219874373
19.814263275520517	0.00794328234724283	0.0005931127462745271
22.675825267662994	0.00794328234724283	0.00031259113317097406
25.950652033822625	0.00794328234724283	0.00018690190147068104
29.698426982540767	0.00794328234724283	0.00009778189045553985
33.98745295832107	0.00794328234724283	0.000044024102101188524
38.895897054520105	0.00794328234724283	0.00002051421989885835
44.51321520124173	0.00794328234724283	7.358435602764227e-6
50.941782491215115	0.00794328234724283	2.7060877749578055e-6
58.29875895619149	0.00794328234724283	1.0039530165713138e-6
66.71822479745835	0.00794328234724283	3.567881090235994e-7
76.35362398484546	0.00794328234724283	1.1988735182271034e-7
87.38056075858388	0.00794328234724283	4.00621521374074e-8
100.00000000000031	0.00794328234724283	1.4427316094337125e-8
111.55639876771902	0.00794328234724283	6.479423451102415e-9
138.21730389017998	0.00794328234724283	1.1804829972164098e-9
171.24990861750976	0.00794328234724283	1.8991007492620752e-10
212.17698780180757	0.00794328234724283	3.48691378426575e-11
262.885244821937	0.00794328234724283	5.05261891394093e-12
325.7122869971341	0.00794328234724283	2.7234325618063284e-13
403.5543872869759	0.00794328234724283	4.017840390732453e-15
499.9999999999984	0.00794328234724283	3.2149067970573856e-18
1000	0.00794328234724283	0
2000	0.00794328234724283	0
1.	0.009120108393559116	0.33119900418390197
1.9999999999999998	0.009120108393559116	0.49549796921385303
2.288838595949997	0.009120108393559116	0.5427897258013524
2.6193910591551774	0.009120108393559116	0.5874570236345417
2.9976816770403563	0.009120108393559116	0.6177589406025495
3.4306047603910415	0.009120108393559116	0.6226836763160744
3.926050291516404	0.009120108393559116	0.5985938835823952
4.493047718431742	0.009120108393559116	0.5609800595463909
5.141930515695824	0.009120108393559116	0.5293498795103943
5.884524511008838	0.009120108393559116	0.48201837456685726
6.734363409805407	0.009120108393559116	0.380658455288751
7.706935445758021	0.009120108393559116	0.24778756648225836
8.819965652373028	0.009120108393559116	0.13378041300427815
10.093738900052346	0.009120108393559116	0.05578297345431992
11.551469585940843	0.009120108393559116	0.01784828724164691
13.219724714121972	0.009120108393559116	0.0071716618268123766
15.128908076758211	0.009120108393559116	0.0027972338230846244
17.313814360331925	0.009120108393559116	0.001290926347624316
19.814263275520517	0.009120108393559116	0.0006988825510579074
22.675825267662994	0.009120108393559116	0.00036420879556077175
25.950652033822625	0.009120108393559116	0.00021723911124377343
29.698426982540767	0.009120108393559116	0.00011214559123220793
33.98745295832107	0.009120108393559116	0.000050286369918511885
38.895897054520105	0.009120108393559116	0.000023417712159760054
44.51321520124173	0.009120108393559116	8.43575019816312e-6
50.941782491215115	0.009120108393559116	3.0983491909797333e-6
58.29875895619149	0.009120108393559116	1.146601084093991e-6
66.71822479745835	0.009120108393559116	4.070099929302471e-7
76.35362398484546	0.009120108393559116	1.3670986672419372e-7
87.38056075858388	0.009120108393559116	4.565480341549879e-8
100.00000000000031	0.009120108393559116	1.6440698408466092e-8
111.55639876771902	0.009120108393559116	7.380726782334041e-9
138.21730389017998	0.009120108393559116	1.3445895051728722e-9
171.24990861750976	0.009120108393559116	2.1627081906171918e-10
212.17698780180757	0.009120108393559116	3.970021143146887e-11
262.885244821937	0.009120108393559116	5.7528156466384895e-12
325.7122869971341	0.009120108393559116	3.1013901349212753e-13
403.5543872869759	0.009120108393559116	4.576581630680595e-15
499.9999999999984	0.009120108393559116	3.663672507837618e-18
1000	0.009120108393559116	0
2000	0.009120108393559116	0
1.	0.010471285480509017	0.32115710790838337
1.9999999999999998	0.010471285480509017	0.5099538446600688
2.288838595949997	0.010471285480509017	0.5688644334401948
2.6193910591551774	0.010471285480509017	0.6276086983977474
2.9976816770403563	0.010471285480509017	0.6739894704016117
3.4306047603910415	0.010471285480509017	0.6932580768977864
3.926050291516404	0.010471285480509017	0.6761141464489693
4.493047718431742	0.010471285480509017	0.6361773526479612
5.141930515695824	0.010471285480509017	0.6009201988789403
5.884524511008838	0.010471285480509017	0.5547826538306727
6.734363409805407	0.010471285480509017	0.44848074274456007
7.706935445758021	0.010471285480509017	0.29775216890420514
8.819965652373028	0.010471285480509017	0.16405519690922613
10.093738900052346	0.010471285480509017	0.06929648865873424
11.551469585940843	0.010471285480509017	0.021850046921439315
13.219724714121972	0.010471285480509017	0.008502299151474369
15.128908076758211	0.010471285480509017	0.0033613071079129763
17.313814360331925	0.010471285480509017	0.0015135036399970077
19.814263275520517	0.010471285480509017	0.000822548819281666
22.675825267662994	0.010471285480509017	0.0004241009865598842
25.950652033822625	0.010471285480509017	0.0002465612853270026
29.698426982540767	0.010471285480509017	0.000130932335526425
33.98745295832107	0.010471285480509017	0.000057400430046846996
38.895897054520105	0.010471285480509017	0.000024282410581495386
44.51321520124173	0.010471285480509017	8.786751585899398e-6
50.941782491215115	0.010471285480509017	3.222531186504065e-6
58.29875895619149	0.010471285480509017	1.1893220835222324e-6
66.71822479745835	0.010471285480509017	4.2168900752608534e-7
76.35362398484546	0.010471285480509017	1.4156630276558816e-7
87.38056075858388	0.010471285480509017	4.724408960588831e-8
100.00000000000031	0.010471285480509017	1.7011393557136022e-8
111.55639876771902	0.010471285480509017	7.63360689226081e-9
138.21730389017998	0.010471285480509017	1.3905326777028869e-9
171.24990861750976	0.010471285480509017	2.2361306456693235e-10
212.17698780180757	0.010471285480509017	4.1037445978460695e-11
262.885244821937	0.010471285480509017	5.9467443544408555e-12
325.7122869971341	0.010471285480509017	3.2065968102010083e-13
403.5543872869759	0.010471285480509017	4.733177244073532e-15
499.9999999999984	0.010471285480509017	3.791055964519656e-18
1000	0.010471285480509017	0
2000	0.010471285480509017	0
1.	0.012022644346174156	0.3048704809764807
1.9999999999999998	0.012022644346174156	0.5160608461377968
2.288838595949997	0.012022644346174156	0.5858677696155766
2.6193910591551774	0.012022644346174156	0.6599656751310994
2.9976816770403563	0.012022644346174156	0.7260451713108219
3.4306047603910415	0.012022644346174156	0.7648295975481547
3.926050291516404	0.012022644346174156	0.760354142282238
4.493047718431742	0.012022644346174156	0.7207674920497825
5.141930515695824	0.012022644346174156	0.6803181829276237
5.884524511008838	0.012022644346174156	0.6365816587842135
6.734363409805407	0.012022644346174156	0.528695709866358
7.706935445758021	0.012022644346174156	0.35890567532798734
8.819965652373028	0.012022644346174156	0.2013427933260207
10.093738900052346	0.012022644346174156	0.08686818496873651
11.551469585940843	0.012022644346174156	0.027124722573784683
13.219724714121972	0.012022644346174156	0.010204670717070147
15.128908076758211	0.012022644346174156	0.004054043242488049
17.313814360331925	0.012022644346174156	0.0017686931179182082
19.814263275520517	0.012022644346174156	0.0009738291822776873
22.675825267662994	0.012022644346174156	0.0005012222696614127
25.950652033822625	0.012022644346174156	0.0002797896049656235
29.698426982540767	0.012022644346174156	0.00014751282716228277
33.98745295832107	0.012022644346174156	0.00006406067494493236
38.895897054520105	0.012022644346174156	0.000027209656929531166
44.51321520124173	0.012022644346174156	9.892533893759151e-6
50.941782491215115	0.012022644346174156	3.6218629448579205e-6
58.29875895619149	0.012022644346174156	1.3328100671869029e-6
66.71822479745835	0.012022644346174156	4.720346532309047e-7
76.35362398484546	0.012022644346174156	1.5836237100218743e-7
87.38056075858388	0.012022644346174156	5.280949831583824e-8
100.00000000000031	0.012022644346174156	1.9012253717206996e-8
111.55639876771902	0.012022644346174156	8.52732845067095e-9
138.21730389017998	0.012022644346174156	1.5531746694974845e-9
171.24990861750976	0.012022644346174156	2.497067767582011e-10
212.17698780180757	0.012022644346174156	4.581238094563507e-11
262.885244821937	0.012022644346174156	6.638953791725237e-12
325.7122869971341	0.012022644346174156	3.5806712785518096e-13
403.5543872869759	0.012022644346174156	5.287087008189498e-15
499.9999999999984	0.012022644346174156	4.237254436130054e-18
1000	0.012022644346174156	0
2000	0.012022644346174156	0
1.	0.01380384264602888	0.28402348499878965
1.9999999999999998	0.01380384264602888	0.5098805982294077
2.288838595949997	0.01380384264602888	0.5902433624789366
2.6193910591551774	0.01380384264602888	0.6796512835514186
2.9976816770403563	0.01380384264602888	0.7670572367610557
3.4306047603910415	0.01380384264602888	0.8307232940848844
3.926050291516404	0.01380384264602888	0.8472177469719833
4.493047718431742	0.01380384264602888	0.8144642326955949
5.141930515695824	0.01380384264602888	0.7692170093272973
5.884524511008838	0.01380384264602888	0.7262094661629654
6.734363409805407	0.01380384264602888	0.62128357200881
7.706935445758021	0.01380384264602888	0.4344277760713563
8.819965652373028	0.01380384264602888	0.24865298912792377
10.093738900052346	0.01380384264602888	0.1101336087392871
11.551469585940843	0.01380384264602888	0.03419778540665113
13.219724714121972	0.01380384264602888	0.012226457551974535
15.128908076758211	0.01380384264602888	0.004925262116103845
17.313814360331925	0.01380384264602888	0.0020772826202458184
19.814263275520517	0.01380384264602888	0.001154898122095929
22.675825267662994	0.01380384264602888	0.0005806772542884376
25.950652033822625	0.01380384264602888	0.00033448201444461807
29.698426982540767	0.01380384264602888	0.00016165818244529213
33.98745295832107	0.01380384264602888	0.00007448975500155051
38.895897054520105	0.01380384264602888	0.000032624742347738746
44.51321520124173	0.01380384264602888	0.000011918885516542327
50.941782491215115	0.01380384264602888	4.3550291680145e-6
58.29875895619149	0.01380384264602888	1.597661283245493e-6
66.71822479745835	0.01380384264602888	5.652331143190535e-7
76.35362398484546	0.01380384264602888	1.8947427107176783e-7
87.38056075858388	0.01380384264602888	6.31321248651445e-8
100.00000000000031	0.01380384264602888	2.2722692041037518e-8
111.55639876771902	0.01380384264602888	1.0186089514444707e-8
138.21730389017998	0.01380384264602888	1.8550873964802173e-9
171.24990861750976	0.01380384264602888	2.981622353843918e-10
212.17698780180757	0.01380384264602888	5.4683606665204515e-11
262.885244821937	0.01380384264602888	7.924859385637006e-12
325.7122869971341	0.01380384264602888	4.275356588108898e-13
403.5543872869759	0.01380384264602888	6.315191608303658e-15
499.9999999999984	0.01380384264602888	5.064755428232018e-18
1000	0.01380384264602888	0
2000	0.01380384264602888	0
1.	0.015848931924611172	0.2593266482867993
1.9999999999999998	0.015848931924611172	0.49061357214957235
2.288838595949997	0.015848931924611172	0.5784041962736327
2.6193910591551774	0.015848931924611172	0.6815131370227244
2.9976816770403563	0.015848931924611172	0.8145379983782343
3.4306047603910415	0.015848931924611172	0.8851809358847484
3.926050291516404	0.015848931924611172	0.9318010232665517
4.493047718431742	0.015848931924611172	0.9152125016525644
5.141930515695824	0.015848931924611172	0.8670064383939996
5.884524511008838	0.015848931924611172	0.8232279696989905
6.734363409805407	0.015848931924611172	0.7280849228379181
7.706935445758021	0.015848931924611172	0.5255944472717768
8.819965652373028	0.015848931924611172	0.309242867943744
10.093738900052346	0.015848931924611172	0.14058997782020333
11.551469585940843	0.015848931924611172	0.043841203709516934
13.219724714121972	0.015848931924611172	0.014723230991080926
15.128908076758211	0.015848931924611172	0.006011155905574338
17.313814360331925	0.015848931924611172	0.002456970066639873
19.814263275520517	0.015848931924611172	0.0013742895029234834
22.675825267662994	0.015848931924611172	0.0006839655220152748
25.950652033822625	0.015848931924611172	0.00040202408382232285
29.698426982540767	0.015848931924611172	0.0001967048708341214
33.98745295832107	0.015848931924611172	0.00008882604126170238
38.895897054520105	0.015848931924611172	0.00004304173988244849
44.51321520124173	0.015848931924611172	0.00001580109696924074
50.941782491215115	0.015848931924611172	5.760091710063398e-6
58.29875895619149	0.015848931924611172	2.1062870123370475e-6
66.71822479745835	0.015848931924611172	7.444322223034441e-7
76.35362398484546	0.015848931924611172	2.493060381566711e-7
87.38056075858388	0.015848931924611172	8.29916332632741e-8
100.00000000000031	0.015848931924611172	2.9859183200867774e-8
111.55639876771902	0.015848931924611172	1.337741880699002e-8
138.21730389017998	0.015848931924611172	2.4359617157342653e-9
171.24990861750976	0.015848931924611172	3.913974252995724e-10
212.17698780180757	0.015848931924611172	7.175507055109571e-11
262.885244821937	0.015848931924611172	1.0399365278770063e-11
325.7122869971341	0.015848931924611172	5.612039589457567e-13
403.5543872869759	0.015848931924611172	8.293222248172879e-15
499.9999999999984	0.015848931924611172	6.656441389311752e-18
1000	0.015848931924611172	0
2000	0.015848931924611172	0
1.	0.01819700858609988	0.23345792663916515
1.9999999999999998	0.01819700858609988	0.45914486600779664
2.288838595949997	0.01819700858609988	0.5506774165757927
2.6193910591551774	0.01819700858609988	0.6641972390574378
2.9976816770403563	0.01819700858609988	0.7942914139385227
3.4306047603910415	0.01819700858609988	0.921069857883474
3.926050291516404	0.01819700858609988	1.0076901890101035
4.493047718431742	0.01819700858609988	1.0207502713365042
5.141930515695824	0.01819700858609988	0.9750373540556125
5.884524511008838	0.01819700858609988	0.9316949251996596
6.734363409805407	0.01819700858609988	0.8481756770949782
7.706935445758021	0.01819700858609988	0.6358525652005494
8.819965652373028	0.01819700858609988	0.38447428419750224
10.093738900052346	0.01819700858609988	0.18174785546986627
11.551469585940843	0.01819700858609988	0.05745935347518329
13.219724714121972	0.01819700858609988	0.017942377154055535
15.128908076758211	0.01819700858609988	0.00741185901871346
17.313814360331925	0.01819700858609988	0.0029192044822475985
19.814263275520517	0.01819700858609988	0.0016391798338186588
22.675825267662994	0.01819700858609988	0.0008088098932524044
25.950652033822625	0.01819700858609988	0.00047221019716082345
29.698426982540767	0.01819700858609988	0.00023712142299568863
33.98745295832107	0.01819700858609988	0.00011516140326601228
38.895897054520105	0.01819700858609988	0.00005130947152067741
44.51321520124173	0.01819700858609988	0.00001892517127899525
50.941782491215115	0.01819700858609988	6.880053441758181e-6
58.29875895619149	0.01819700858609988	2.5074886237258476e-6
66.71822479745835	0.01819700858609988	8.853966045607498e-7
76.35362398484546	0.01819700858609988	2.96197905221373e-7
87.38056075858388	0.01819700858609988	9.849987948725168e-8
100.00000000000031	0.01819700858609988	3.541986298257837e-8
111.55639876771902	0.01819700858609988	1.5858573822846113e-8
138.21730389017998	0.01819700858609988	2.8873132520525794e-9
171.24990861750976	0.01819700858609988	4.637464969554172e-10
212.17698780180757	0.01819700858609988	8.498039310803691e-11
262.885244821937	0.01819700858609988	1.2316798128265124e-11
325.7122869971341	0.01819700858609988	6.649103179366629e-13
403.5543872869759	0.01819700858609988	9.830650440959451e-15
499.9999999999984	0.01819700858609988	7.897635463211506e-18
1000	0.01819700858609988	0
2000	0.01819700858609988	0
1.	0.02089296130854045	0.2104233305852265
1.9999999999999998	0.02089296130854045	0.41707260380778094
2.288838595949997	0.02089296130854045	0.507195185955684
2.6193910591551774	0.02089296130854045	0.624889970579661
2.9976816770403563	0.02089296130854045	0.7700599638919715
3.4306047603910415	0.02089296130854045	0.929111189581368
3.926050291516404	0.02089296130854045	1.064929208096962
4.493047718431742	0.02089296130854045	1.1224483090055273
5.141930515695824	0.02089296130854045	1.0956582353798319
5.884524511008838	0.02089296130854045	1.0474079842820572
6.734363409805407	0.02089296130854045	0.9805205207710808
7.706935445758021	0.02089296130854045	0.8151282015687233
8.819965652373028	0.02089296130854045	0.479388949258891
10.093738900052346	0.02089296130854045	0.23580097058559432
11.551469585940843	0.02089296130854045	0.07640085388843007
13.219724714121972	0.02089296130854045	0.02217197109849124
15.128908076758211	0.02089296130854045	0.009178493635675848
17.313814360331925	0.02089296130854045	0.003494922944158203
19.814263275520517	0.02089296130854045	0.001963817828528607
22.675825267662994	0.02089296130854045	0.0009627786520653042
25.950652033822625	0.02089296130854045	0.0005560487541370276
29.698426982540767	0.02089296130854045	0.00029685912920917115
33.98745295832107	0.02089296130854045	0.00013576547116489967
38.895897054520105	0.02089296130854045	0.00006173539479418597
44.51321520124173	0.02089296130854045	0.000022868963474929123
50.941782491215115	0.02089296130854045	8.287153484928907e-6
58.29875895619149	0.02089296130854045	3.010261017463925e-6
66.71822479745835	0.02089296130854045	1.0619526739249792e-6
76.35362398484546	0.02089296130854045	3.548620704624382e-7
87.38056075858388	0.02089296130854045	1.1787054065283551e-7
100.00000000000031	0.02089296130854045	4.23537054316464e-8
111.55639876771902	0.02089296130854045	1.8950147289026175e-8
138.21730389017998	0.02089296130854045	3.4495645508096684e-9
171.24990861750976	0.02089296130854045	5.538164116818689e-10
212.17698780180757	0.02089296130854045	1.0143276056972217e-10
262.885244821937	0.02089296130854045	1.4702252038977464e-11
325.7122869971341	0.02089296130854045	7.940087523333832e-13
403.5543872869759	0.02089296130854045	1.1746010002087646e-14
499.9999999999984	0.02089296130854045	9.4462996418728e-18
1000	0.02089296130854045	0
2000	0.02089296130854045	0
1.	0.023988329190194974	0.19209489793287762
1.9999999999999998	0.023988329190194974	0.3669015709107045
2.288838595949997	0.023988329190194974	0.44972106036748
2.6193910591551774	0.023988329190194974	0.5628778010033372
2.9976816770403563	0.023988329190194974	0.7145440571432797
3.4306047603910415	0.023988329190194974	0.8998522157879333
3.926050291516404	0.023988329190194974	1.0851798640816201
4.493047718431742	0.023988329190194974	1.2085299272895929
5.141930515695824	0.023988329190194974	1.2190609624229953
5.884524511008838	0.023988329190194974	1.1703108573905907
6.734363409805407	0.023988329190194974	1.119310540996164
7.706935445758021	0.023988329190194974	0.9290573933187158
8.819965652373028	0.023988329190194974	0.604238519640627
10.093738900052346	0.023988329190194974	0.30888634540008225
11.551469585940843	0.023988329190194974	0.1049355947055266
13.219724714121972	0.023988329190194974	0.02774205764514359
15.128908076758211	0.023988329190194974	0.011442497444736702
17.313814360331925	0.023988329190194974	0.004303916425945587
19.814263275520517	0.023988329190194974	0.00236282244349923
22.675825267662994	0.023988329190194974	0.001158028124665951
25.950652033822625	0.023988329190194974	0.0006583253434078573
29.698426982540767	0.023988329190194974	0.0003501713671029921
33.98745295832107	0.023988329190194974	0.0001635053053925785
38.895897054520105	0.023988329190194974	0.0000753359669537591
44.51321520124173	0.023988329190194974	0.000028007014355521574
50.941782491215115	0.023988329190194974	0.00001011100689849878
58.29875895619149	0.023988329190194974	3.660764074042277e-6
66.71822479745835	0.023988329190194974	1.2902042075085891e-6
76.35362398484546	0.023988329190194974	4.3065420935146317e-7
87.38056075858388	0.023988329190194974	1.4285342536638465e-7
100.00000000000031	0.023988329190194974	5.127916244279353e-8
111.55639876771902	0.023988329190194974	2.29267236831079e-8
138.21730389017998	0.023988329190194974	4.1725261408568475e-9
171.24990861750976	0.023988329190194974	6.695608049855e-10
212.17698780180757	0.023988329190194974	1.225589543001683e-10
262.885244821937	0.023988329190194974	1.776563569354571e-11
325.7122869971341	0.023988329190194974	9.59891811238526e-13
403.5543872869759	0.023988329190194974	1.4209278718781184e-14
499.9999999999984	0.023988329190194974	1.1441031892974498e-17
1000	0.023988329190194974	0
2000	0.023988329190194974	0
1.	0.027542287033381744	0.17966804533938238
1.9999999999999998	0.027542287033381744	0.31465919060636954
2.288838595949997	0.027542287033381744	0.38433489986672537
2.6193910591551774	0.027542287033381744	0.48694868903652655
2.9976816770403563	0.027542287033381744	0.6341030565129816
3.4306047603910415	0.027542287033381744	0.8310754592557931
3.926050291516404	0.027542287033381744	1.0609101909642684
4.493047718431742	0.027542287033381744	1.2601090102468337
5.141930515695824	0.027542287033381744	1.3403595347333546
5.884524511008838	0.027542287033381744	1.30765927982018
6.734363409805407	0.027542287033381744	1.2663889220324773
7.706935445758021	0.027542287033381744	1.1119800556529462
8.819965652373028	0.027542287033381744	0.756532832776043
10.093738900052346	0.027542287033381744	0.40481275068334666
11.551469585940843	0.027542287033381744	0.14626924344403
13.219724714121972	0.027542287033381744	0.03609918789331781
15.128908076758211	0.027542287033381744	0.014344255706209156
17.313814360331925	0.027542287033381744	0.005226042942910594
19.814263275520517	0.027542287033381744	0.0028418432694247596
22.675825267662994	0.027542287033381744	0.0013991243667928052
25.950652033822625	0.027542287033381744	0.0007830365687956262
29.698426982540767	0.027542287033381744	0.0004160913681137185
33.98745295832107	0.027542287033381744	0.000194924311110933
38.895897054520105	0.027542287033381744	0.00008922121276962162
44.51321520124173	0.027542287033381744	0.000033248314052345616
50.941782491215115	0.027542287033381744	0.000011950943926893694
58.29875895619149	0.027542287033381744	4.313457802083994e-6
66.71822479745835	0.027542287033381744	1.5185426178068786e-6
76.35362398484546	0.027542287033381744	5.063551950008996e-7
87.38056075858388	0.027542287033381744	1.677017178006117e-7
100.00000000000031	0.027542287033381744	6.011949172216583e-8
111.55639876771902	0.027542287033381744	2.6857837663911186e-8
138.21730389017998	0.027542287033381744	4.886732566292308e-9
171.24990861750976	0.027542287033381744	7.837276843794824e-10
212.17698780180757	0.027542287033381744	1.4335865100488196e-10
262.885244821937	0.027542287033381744	2.078236953502316e-11
325.7122869971341	0.027542287033381744	1.1234845123009891e-12
403.5543872869759	0.027542287033381744	1.6643397636470566e-14
499.9999999999984	0.027542287033381744	1.341943179132484e-17
1000	0.027542287033381744	0
2000	0.027542287033381744	0
1.	0.03162277660168389	0.17235304194551707
1.9999999999999998	0.03162277660168389	0.26486828551049074
2.288838595949997	0.03162277660168389	0.31920010938768145
2.6193910591551774	0.03162277660168389	0.40292884473330237
2.9976816770403563	0.03162277660168389	0.5325603291825085
3.4306047603910415	0.03162277660168389	0.7253750714600937
3.926050291516404	0.03162277660168389	0.9819605933917033
4.493047718431742	0.03162277660168389	1.255578924949845
5.141930515695824	0.03162277660168389	1.4363494590831016
5.884524511008838	0.03162277660168389	1.4500389585055742
6.734363409805407	0.03162277660168389	1.4076388360516034
7.706935445758021	0.03162277660168389	1.3066693564203449
8.819965652373028	0.03162277660168389	0.9464783177681915
10.093738900052346	0.03162277660168389	0.530520634111422
11.551469585940843	0.03162277660168389	0.20655841343807993
13.219724714121972	0.03162277660168389	0.04892292613025049
15.128908076758211	0.03162277660168389	0.01799683676938726
17.313814360331925	0.03162277660168389	0.00655779439792703
19.814263275520517	0.03162277660168389	0.0034296025739730357
22.675825267662994	0.03162277660168389	0.0017077822596156618
25.950652033822625	0.03162277660168389	0.0009339764683782785
29.698426982540767	0.03162277660168389	0.0004945599008783021
33.98745295832107	0.03162277660168389	0.00023241566019605936
38.895897054520105	0.03162277660168389	0.00010515498499887445
44.51321520124173	0.03162277660168389	0.000039210811997878
50.941782491215115	0.03162277660168389	0.000014023895522410461
58.29875895619149	0.03162277660168389	5.0469248524611915e-6
66.71822479745835	0.03162277660168389	1.7742060690627444e-6
76.35362398484546	0.03162277660168389	5.911060335608857e-7
87.38056075858388	0.03162277660168389	1.9541476572098402e-7
100.00000000000031	0.03162277660168389	6.993460148001923e-8
111.55639876771902	0.03162277660168389	3.121624274747308e-8
138.21730389017998	0.03162277660168389	5.678021911028752e-9
171.24990861750976	0.03162277660168389	9.100475557713095e-10
212.17698780180757	0.03162277660168389	1.663344480751998e-10
262.885244821937	0.03162277660168389	2.4115323745867086e-11
325.7122869971341	0.03162277660168389	1.3044601824010353e-12
403.5543872869759	0.03162277660168389	1.9341033268407635e-14
499.9999999999984	0.03162277660168389	1.5619129056237278e-17
1000	0.03162277660168389	0
2000	0.03162277660168389	0
1.	0.03630780547701025	0.1699170019549478
1.9999999999999998	0.03630780547701025	0.22295797142416154
2.288838595949997	0.03630780547701025	0.26057777226744117
2.6193910591551774	0.03630780547701025	0.3226782243097992
2.9976816770403563	0.03630780547701025	0.42671489409597607
3.4306047603910415	0.03630780547701025	0.6825703967316394
3.926050291516404	0.03630780547701025	0.8512470008397146
4.493047718431742	0.03630780547701025	1.178538527384053
5.141930515695824	0.03630780547701025	1.4735800187763508
5.884524511008838	0.03630780547701025	1.582239912656375
6.734363409805407	0.03630780547701025	1.548359951921366
7.706935445758021	0.03630780547701025	1.494060421109811
8.819965652373028	0.03630780547701025	1.1753315110732727
10.093738900052346	0.03630780547701025	0.6949165221058051
11.551469585940843	0.03630780547701025	0.2942164872830952
13.219724714121972	0.03630780547701025	0.06975072571045633
15.128908076758211	0.03630780547701025	0.0225517536915973
17.313814360331925	0.03630780547701025	0.008407818226920273
19.814263275520517	0.03630780547701025	0.004148073417231323
22.675825267662994	0.03630780547701025	0.0021064729317785864
25.950652033822625	0.03630780547701025	0.0011233246041784692
29.698426982540767	0.03630780547701025	0.0005639860881491557
33.98745295832107	0.03630780547701025	0.0002494944870664522
38.895897054520105	0.03630780547701025	0.00010840009738765692
44.51321520124173	0.03630780547701025	0.000040349650443327166
50.941782491215115	0.03630780547701025	0.000014350824351526067
58.29875895619149	0.03630780547701025	5.1505303871999195e-6
66.71822479745835	0.03630780547701025	1.8071226490516916e-6
76.35362398484546	0.03630780547701025	6.016979025811798e-7
87.38056075858388	0.03630780547701025	1.9849400403593767e-7
100.00000000000031	0.03630780547701025	7.088259680868612e-8
111.55639876771902	0.03630780547701025	3.161072950028578e-8
138.21730389017998	0.03630780547701025	5.747722171352099e-9
171.24990861750976	0.03630780547701025	9.205377249629391e-10
212.17698780180757	0.03630780547701025	1.6810042925012484e-10
262.885244821937	0.03630780547701025	2.4373942557347456e-11
325.7122869971341	0.03630780547701025	1.3193685723140965e-12
403.5543872869759	0.03630780547701025	1.9581243588681967e-14
499.9999999999984	0.03630780547701025	1.5841811003267802e-17
1000	0.03630780547701025	0
2000	0.03630780547701025	0
1.	0.04168693834703368	0.17183700348321526
1.9999999999999998	0.04168693834703368	0.19489289364706858
2.288838595949997	0.04168693834703368	0.21651772122966378
2.6193910591551774	0.04168693834703368	0.2568999224472264
2.9976816770403563	0.04168693834703368	0.33141703847789106
3.4306047603910415	0.04168693834703368	0.462610430825992
3.926050291516404	0.04168693834703368	0.686805122213036
4.493047718431742	0.04168693834703368	1.0257073402209267
5.141930515695824	0.04168693834703368	1.4179091566414999
5.884524511008838	0.04168693834703368	1.6730800689188003
6.734363409805407	0.04168693834703368	1.6881106702733641
7.706935445758021	0.04168693834703368	1.6579209610108523
8.819965652373028	0.04168693834703368	1.4366524346068765
10.093738900052346	0.04168693834703368	0.9059995711102151
11.551469585940843	0.04168693834703368	0.4190342245067493
13.219724714121972	0.04168693834703368	0.10579136913377551
15.128908076758211	0.04168693834703368	0.02842148575087803
17.313814360331925	0.04168693834703368	0.01105078796980473
19.814263275520517	0.04168693834703368	0.0049865455292889636
22.675825267662994	0.04168693834703368	0.0026147042759046774
25.950652033822625	0.04168693834703368	0.0013237509067963245
29.698426982540767	0.04168693834703368	0.0006294322089698929
33.98745295832107	0.04168693834703368	0.0002865694213886269
38.895897054520105	0.04168693834703368	0.0001208933212885692
44.51321520124173	0.04168693834703368	0.0000447873308896803
50.941782491215115	0.04168693834703368	0.000015833336096650327
58.29875895619149	0.04168693834703368	5.667489080012687e-6
66.71822479745835	0.04168693834703368	1.9833166446129558e-6
76.35362398484546	0.04168693834703368	6.600678966447521e-7
87.38056075858388	0.04168693834703368	2.172179993744282e-7
100.00000000000031	0.04168693834703368	7.736090960226589e-8
111.55639876771902	0.04168693834703368	3.446570838356416e-8
138.21730389017998	0.04168693834703368	6.264164466650852e-9
171.24990861750976	0.04168693834703368	1.00240076946874e-9
212.17698780180757	0.04168693834703368	1.828603961929945e-10
262.885244821937	0.04168693834703368	2.6517298725537438e-11
325.7122869971341	0.04168693834703368	1.43653644162025e-12
403.5543872869759	0.04168693834703368	2.1344290141364787e-14
499.9999999999984	0.04168693834703368	1.7303929996808152e-17
1000	0.04168693834703368	0
2000	0.04168693834703368	0
1.	0.047863009232264	0.17239799597957564
1.9999999999999998	0.047863009232264	0.17776398770437574
2.288838595949997	0.047863009232264	0.1885499268279615
2.6193910591551774	0.047863009232264	0.21080708996346437
2.9976816770403563	0.047863009232264	0.25576328584938063
3.4306047603910415	0.047863009232264	0.34611653171630746
3.926050291516404	0.047863009232264	0.5173679619638971
4.493047718431742	0.047863009232264	0.8169685059223388
5.141930515695824	0.047863009232264	1.2535399588397043
5.884524511008838	0.047863009232264	1.671330573339786
6.734363409805407	0.047863009232264	1.813110008918648
7.706935445758021	0.047863009232264	1.7899302436989064
8.819965652373028	0.047863009232264	1.689560648423782
10.093738900052346	0.047863009232264	1.1582052417733664
11.551469585940843	0.047863009232264	0.5904771366808599
13.219724714121972	0.047863009232264	0.16549146280381954
15.128908076758211	0.047863009232264	0.03646853624909248
17.313814360331925	0.047863009232264	0.014722456754791079
19.814263275520517	0.047863009232264	0.006027469398174179
22.675825267662994	0.047863009232264	0.003297028397640982
25.950652033822625	0.047863009232264	0.0016455946578753675
29.698426982540767	0.047863009232264	0.0008494263590432139
33.98745295832107	0.047863009232264	0.0003930131244605155
38.895897054520105	0.047863009232264	0.00015662721814413237
44.51321520124173	0.047863009232264	0.00005755949893640315
50.941782491215115	0.047863009232264	0.000020223820491415376
58.29875895619149	0.047863009232264	7.218095593120329e-6
66.71822479745835	0.047863009232264	2.5173885809794165e-6
76.35362398484546	0.047863009232264	8.374599660400602e-7
87.38056075858388	0.047863009232264	2.7483503061508125e-7
100.00000000000031	0.047863009232264	9.756361646331302e-8
111.55639876771902	0.047863009232264	4.3419556203816845e-8
138.21730389017998	0.047863009232264	7.88738744080049e-9
171.24990861750976	0.047863009232264	1.2609308987184952e-9
212.17698780180757	0.047863009232264	2.297484567073887e-10
262.885244821937	0.047863009232264	3.332131726233858e-11
325.7122869971341	0.047863009232264	1.8067968620983288e-12
403.5543872869759	0.047863009232264	2.688034328173054e-14
499.9999999999984	0.047863009232264	2.1843739133228442e-17
1000	0.047863009232264	0
2000	0.047863009232264	0
1.	0.05495408738576265	0.16931000549319075
1.9999999999999998	0.05495408738576265	0.16832001679977118
2.288838595949997	0.05495408738576265	0.1726190074419086
2.6193910591551774	0.05495408738576265	0.18322811418162904
2.9976816770403563	0.05495408738576265	0.2064872901897665
3.4306047603910415	0.05495408738576265	0.25877122257182
3.926050291516404	0.05495408738576265	0.36984137839106135
4.493047718431742	0.05495408738576265	0.5953784866348324
5.141930515695824	0.05495408738576265	0.9990788239014778
5.884524511008838	0.05495408738576265	1.5336620959264784
6.734363409805407	0.05495408738576265	1.8823799166040163
7.706935445758021	0.05495408738576265	1.893739762139652
8.819965652373028	0.05495408738576265	1.8864696781182733
10.093738900052346	0.05495408738576265	1.4591322614044118
11.551469585940843	0.05495408738576265	0.8144610519655793
13.219724714121972	0.05495408738576265	0.267639991201756
15.128908076758211	0.05495408738576265	0.049246468644496846
17.313814360331925	0.05495408738576265	0.019861618877852052
19.814263275520517	0.05495408738576265	0.007328301764829115
22.675825267662994	0.05495408738576265	0.004172361729063929
25.950652033822625	0.05495408738576265	0.002006161086807662
29.698426982540767	0.05495408738576265	0.0010263662736580072
33.98745295832107	0.05495408738576265	0.0004840757858081642
38.895897054520105	0.05495408738576265	0.0002152270570873144
44.51321520124173	0.05495408738576265	0.00007821373138312616
50.941782491215115	0.05495408738576265	0.000027322319433246978
58.29875895619149	0.05495408738576265	9.7167954534687e-6
66.71822479745835	0.05495408738576265	3.374697228165963e-6
76.35362398484546	0.05495408738576265	1.121887442381628e-6
87.38056075858388	0.05495408738576265	3.6706022545965426e-7
100.00000000000031	0.05495408738576265	1.2980800615336494e-7
111.55639876771902	0.05495408738576265	5.769888749023803e-8
138.21730389017998	0.05495408738576265	1.0474678672563997e-8
171.24990861750976	0.05495408738576265	1.672700650772085e-9
212.17698780180757	0.05495408738576265	3.043621438653283e-10
262.885244821937	0.05495408738576265	4.414942517675923e-11
325.7122869971341	0.05495408738576265	2.3964559376069484e-12
403.5543872869759	0.05495408738576265	3.570571579164445e-14
499.9999999999984	0.05495408738576265	2.9094104186384783e-17
1000	0.05495408738576265	0
2000	0.05495408738576265	0
1.	0.06309573444801955	0.15533290541802225
1.9999999999999998	0.06309573444801955	0.1599299491307714
2.288838595949997	0.06309573444801955	0.1629799431452652
2.6193910591551774	0.06309573444801955	0.1688589917042747
2.9976816770403563	0.06309573444801955	0.18012405326065217
3.4306047603910415	0.06309573444801955	0.20576849925296029
3.926050291516404	0.06309573444801955	0.26741985413107394
4.493047718431742	0.06309573444801955	0.4088609576804841
5.141930515695824	0.06309573444801955	0.7150074421926922
5.884524511008838	0.06309573444801955	1.2485916727463806
6.734363409805407	0.06309573444801955	1.8181196326730718
7.706935445758021	0.06309573444801955	1.9882093057496684
8.819965652373028	0.06309573444801955	1.9931301005478337
10.093738900052346	0.06309573444801955	1.773022592633891
11.551469585940843	0.06309573444801955	1.087005482329765
13.219724714121972	0.06309573444801955	0.424989316293246
15.128908076758211	0.06309573444801955	0.074357212538373
17.313814360331925	0.06309573444801955	0.026527430669125815
19.814263275520517	0.06309573444801955	0.009128165670158119
22.675825267662994	0.06309573444801955	0.00526190325866556
25.950652033822625	0.06309573444801955	0.0024634331302073476
29.698426982540767	0.06309573444801955	0.0012431268804178
33.98745295832107	0.06309573444801955	0.0005889244420100691
38.895897054520105	0.06309573444801955	0.00026232431647712806
44.51321520124173	0.06309573444801955	0.00009406025846914293
50.941782491215115	0.06309573444801955	0.00003270250386398207
58.29875895619149	0.06309573444801955	0.000011574531154909064
66.71822479745835	0.06309573444801955	4.000337290489667e-6
76.35362398484546	0.06309573444801955	1.328091646728023e-6
87.38056075858388	0.06309573444801955	4.3312073642978105e-7
100.00000000000031	0.06309573444801955	1.5250804481032096e-7
111.55639876771902	0.06309573444801955	6.769294089850861e-8
138.21730389017998	0.06309573444801955	1.2279548421003437e-8
171.24990861750976	0.06309573444801955	1.958442562258615e-9
212.17698780180757	0.06309573444801955	3.557969045586442e-10
262.885244821937	0.06309573444801955	5.161974522951459e-11
325.7122869971341	0.06309573444801955	2.8053188660233792e-12
403.5543872869759	0.06309573444801955	4.186835531124196e-14
499.9999999999984	0.06309573444801955	3.422139777593772e-17
1000	0.06309573444801955	0
2000	0.06309573444801955	0
1.	0.07244359600749928	0.12966701096198327
1.9999999999999998	0.07244359600749928	0.14612600589570707
2.288838595949997	0.07244359600749928	0.15157497838353023
2.6193910591551774	0.07244359600749928	0.15804903141433
2.9976816770403563	0.07244359600749928	0.16762005523876128
3.4306047603910415	0.07244359600749928	0.1805012759977112
3.926050291516404	0.07244359600749928	0.20810306253691768
4.493047718431742	0.07244359600749928	0.28046176367215053
5.141930515695824	0.07244359600749928	0.46308739861858633
5.884524511008838	0.07244359600749928	0.8821567366224602
6.734363409805407	0.07244359600749928	1.5566217220691787
7.706935445758021	0.07244359600749928	2.015947837275771
8.819965652373028	0.07244359600749928	2.025629948307988
10.093738900052346	0.07244359600749928	2.0170435445739723
11.551469585940843	0.07244359600749928	1.404302648692555
13.219724714121972	0.07244359600749928	0.6570540230525159
15.128908076758211	0.07244359600749928	0.1257386419975168
17.313814360331925	0.07244359600749928	0.03482966462675988
19.814263275520517	0.07244359600749928	0.011875635955946736
22.675825267662994	0.07244359600749928	0.006578242172259392
25.950652033822625	0.07244359600749928	0.0030444815106025497
29.698426982540767	0.07244359600749928	0.001513414523966224
33.98745295832107	0.07244359600749928	0.0006613183148013823
38.895897054520105	0.07244359600749928	0.00029502120584068377
44.51321520124173	0.07244359600749928	0.00010432739127063092
50.941782491215115	0.07244359600749928	0.00003616308683898853
58.29875895619149	0.07244359600749928	0.00001271688943072021
66.71822479745835	0.07244359600749928	4.371250454229398e-6
76.35362398484546	0.07244359600749928	1.4477787196499154e-6
87.38056075858388	0.07244359600749928	4.705648089262273e-7
100.00000000000031	0.07244359600749928	1.649027805491864e-7
111.55639876771902	0.07244359600749928	7.307002570000031e-8
138.21730389017998	0.07244359600749928	1.3242717018206613e-8
171.24990861750976	0.07244359600749928	2.1090051501293624e-9
212.17698780180757	0.07244359600749928	3.8246430948817616e-10
262.885244821937	0.07244359600749928	5.5499438215392275e-11
325.7122869971341	0.07244359600749928	3.020326786711852e-12
403.5543872869759	0.07244359600749928	4.5164965884976257e-14
499.9999999999984	0.07244359600749928	3.7046481562875625e-17
1000	0.07244359600749928	0
2000	0.07244359600749928	0
1.	0.08317637711026743	0.10183505935702117
1.9999999999999998	0.08317637711026743	0.1303360336751712
2.288838595949997	0.08317637711026743	0.1345270159856488
2.6193910591551774	0.08317637711026743	0.1462170562143142
2.9976816770403563	0.08317637711026743	0.15728205832967532
3.4306047603910415	0.08317637711026743	0.16664817287979009
3.926050291516404	0.08317637711026743	0.18156607276848064
4.493047718431742	0.08317637711026743	0.21302301724535005
5.141930515695824	0.08317637711026743	0.29877852371691865
5.884524511008838	0.08317637711026743	0.5483247782146571
6.734363409805407	0.08317637711026743	1.125983520491697
7.706935445758021	0.08317637711026743	1.8681668397631592
8.819965652373028	0.08317637711026743	2.0605091743104884
10.093738900052346	0.08317637711026743	2.096930762374703
11.551469585940843	0.08317637711026743	1.7571463367347822
13.219724714121972	0.08317637711026743	0.9556209805159638
15.128908076758211	0.08317637711026743	0.23080108764475057
17.313814360331925	0.08317637711026743	0.04460791592807936
19.814263275520517	0.08317637711026743	0.016188108209094925
22.675825267662994	0.08317637711026743	0.008082333635958536
25.950652033822625	0.08317637711026743	0.0037851013617938496
29.698426982540767	0.08317637711026743	0.0018490831086233669
33.98745295832107	0.08317637711026743	0.0008674533268136475
38.895897054520105	0.08317637711026743	0.0003635781561531691
44.51321520124173	0.08317637711026743	0.00012703178151732606
50.941782491215115	0.08317637711026743	0.00004399637384424475
58.29875895619149	0.08317637711026743	0.000015342405519530112
66.71822479745835	0.08317637711026743	5.242301181769714e-6
76.35362398484546	0.08317637711026743	1.7299395771215336e-6
87.38056075858388	0.08317637711026743	5.603185743004516e-7
100.00000000000031	0.08317637711026743	1.9534740346136062e-7
111.55639876771902	0.08317637711026743	8.637977640985074e-8
138.21730389017998	0.08317637711026743	1.563756082435531e-8
171.24990861750976	0.08317637711026743	2.486315383532648e-9
212.17698780180757	0.08317637711026743	4.499588743990811e-10
262.885244821937	0.08317637711026743	6.53084817759436e-11
325.7122869971341	0.08317637711026743	3.559766162643865e-12
403.5543872869759	0.08317637711026743	5.334949839345659e-14
499.9999999999984	0.08317637711026743	4.393652341278386e-17
1000	0.08317637711026743	0
2000	0.08317637711026743	0
1.	0.09549925860214398	0.07609258647999322
1.9999999999999998	0.09549925860214398	0.10346409027446356
2.288838595949997	0.09549925860214398	0.11303802565159471
2.6193910591551774	0.09549925860214398	0.12484310708243886
2.9976816770403563	0.09549925860214398	0.1374431230499164
3.4306047603910415	0.09549925860214398	0.15200321551693297
3.926050291516404	0.09549925860214398	0.16931304840418573
4.493047718431742	0.09549925860214398	0.18339704285305583
5.141930515695824	0.09549925860214398	0.2197463454272766
5.884524511008838	0.09549925860214398	0.3348385918731695
6.734363409805407	0.09549925860214398	0.6880161555647677
7.706935445758021	0.09549925860214398	1.4536378074224636
8.819965652373028	0.09549925860214398	2.072627541441137
10.093738900052346	0.09549925860214398	2.049910767425636
11.551469585940843	0.09549925860214398	2.0727484632467803
13.219724714121972	0.09549925860214398	1.2938776134954186
15.128908076758211	0.09549925860214398	0.42479800061376777
17.313814360331925	0.09549925860214398	0.06023303300171158
19.814263275520517	0.09549925860214398	0.02288272608005816
22.675825267662994	0.09549925860214398	0.009561717939678135
25.950652033822625	0.09549925860214398	0.004754597152660754
29.698426982540767	0.09549925860214398	0.0022674009501089526
33.98745295832107	0.09549925860214398	0.001052252706832885
38.895897054520105	0.09549925860214398	0.00045962003297905405
44.51321520124173	0.09549925860214398	0.0001593404293515743
50.941782491215115	0.09549925860214398	0.00005523942023363876
58.29875895619149	0.09549925860214398	0.000019064733803108598
66.71822479745835	0.09549925860214398	6.471506338613876e-6
76.35362398484546	0.09549925860214398	2.125191623241746e-6
87.38056075858388	0.09549925860214398	6.857916431615633e-7
100.00000000000031	0.09549925860214398	2.3778582994739875e-7
111.55639876771902	0.09549925860214398	1.0487426745867113e-7
138.21730389017998	0.09549925860214398	1.8960752783136108e-8
171.24990861750976	0.09549925860214398	3.009054380476216e-9
212.17698780180757	0.09549925860214398	5.432767021790751e-10
262.885244821937	0.09549925860214398	7.887283553307804e-11
325.7122869971341	0.09549925860214398	4.306893337723044e-12
403.5543872869759	0.09549925860214398	6.471029844757784e-14
499.9999999999984	0.09549925860214398	5.35381177664522e-17
1000	0.09549925860214398	0
2000	0.09549925860214398	0
1.	0.10964781961431896	0.06798470336985471
1.9999999999999998	0.10964781961431896	0.08601232249908944
2.288838595949997	0.10964781961431896	0.09500738615446686
2.6193910591551774	0.10964781961431896	0.10513628456821919
2.9976816770403563	0.10964781961431896	0.11703631512030425
3.4306047603910415	0.10964781961431896	0.1312204250411751
3.926050291516404	0.10964781961431896	0.1478802833544138
4.493047718431742	0.10964781961431896	0.1675231233402369
5.141930515695824	0.10964781961431896	0.19315638177732897
5.884524511008838	0.10964781961431896	0.25475076437042987
6.734363409805407	0.10964781961431896	0.39478761555280406
7.706935445758021	0.10964781961431896	0.9301841666461856
8.819965652373028	0.10964781961431896	1.8465193034210579
10.093738900052346	0.10964781961431896	2.057083676873246
11.551469585940843	0.10964781961431896	2.1982954530891834
13.219724714121972	0.10964781961431896	1.6502935512954124
15.128908076758211	0.10964781961431896	0.7306557691005828
17.313814360331925	0.10964781961431896	0.0999798049093316
19.814263275520517	0.10964781961431896	0.032361272283646686
22.675825267662994	0.10964781961431896	0.011192939327387953
25.950652033822625	0.10964781961431896	0.006024859501510585
29.698426982540767	0.10964781961431896	0.002779293613795115
33.98745295832107	0.10964781961431896	0.0012120151529550177
38.895897054520105	0.10964781961431896	0.0005317444886717642
44.51321520124173	0.10964781961431896	0.00018407901590566052
50.941782491215115	0.10964781961431896	0.0000638719434252158
58.29875895619149	0.10964781961431896	0.000021770506362304632
66.71822479745835	0.10964781961431896	7.336808738527086e-6
76.35362398484546	0.10964781961431896	2.395696678332977e-6
87.38056075858388	0.10964781961431896	7.698269069599192e-7
100.00000000000031	0.10964781961431896	2.653637699058784e-7
111.55639876771902	0.10964781961431896	1.1666639852720738e-7
138.21730389017998	0.10964781961431896	2.1060520945730753e-8
171.24990861750976	0.10964781961431896	3.33518313114368e-9
212.17698780180757	0.10964781961431896	6.005251123434047e-10
262.885244821937	0.10964781961431896	8.720864267742015e-11
325.7122869971341	0.10964781961431896	4.771930742997715e-12
403.5543872869759	0.10964781961431896	7.190511909990917e-14
499.9999999999984	0.10964781961431896	5.980288345923718e-17
1000	0.10964781961431896	0
2000	0.10964781961431896	0