1.	0.001	0.0015252
2.	0.001	0.00166178
2.28884	0.001	0.00171612
2.61939	0.001	0.00178573
2.99768	0.001	0.00187455
3.4306	0.001	0.00198754
3.92605	0.001	0.00213093
4.49305	0.001	0.0023126
5.14193	0.001	0.00254188
5.88452	0.001	0.00282767
6.73436	0.001	0.00317389
7.70694	0.001	0.00357512
8.81997	0.001	0.00400923
10.0937	0.001	0.00444315
11.5515	0.001	0.00481466
13.2197	0.001	0.00502939
15.1289	0.001	0.00500065
17.3138	0.001	0.00468127
19.8143	0.001	0.00408097
22.6758	0.001	0.00327529
25.9507	0.001	0.00239381
29.6984	0.001	0.00159277
33.9875	0.001	0.00096884
38.8959	0.001	0.000541379
44.5132	0.001	0.000278874
50.9418	0.001	0.000133232
58.2988	0.001	0.000059884
66.7182	0.001	0.0000253824
76.3536	0.001	0.0000108748
87.3806	0.001	4.16285e-6
100.	0.001	1.56326e-6
1.	0.00114815	0.00174965
2.	0.00114815	0.00190606
2.28884	0.00114815	0.00196834
2.61939	0.00114815	0.00204815
2.99768	0.00114815	0.00215002
3.4306	0.00114815	0.00227963
3.92605	0.00114815	0.00244413
4.49305	0.00114815	0.00265255
5.14193	0.00114815	0.00291556
5.88452	0.00114815	0.00324344
6.73436	0.00114815	0.00364075
7.70694	0.00114815	0.00410139
8.81997	0.00114815	0.00459988
10.0937	0.00114815	0.00509832
11.5515	0.00114815	0.00552538
13.2197	0.00114815	0.00577273
15.1289	0.00114815	0.00574058
17.3138	0.00114815	0.00537467
19.8143	0.00114815	0.004686
22.6758	0.00114815	0.00376133
25.9507	0.00114815	0.0027492
29.6984	0.00114815	0.00182928
33.9875	0.00114815	0.00111265
38.8959	0.00114815	0.000621756
44.5132	0.00114815	0.000320293
50.9418	0.00114815	0.000153014
58.2988	0.00114815	0.0000687122
66.7182	0.00114815	0.0000291248
76.3536	0.00114815	0.0000125023
87.3806	0.00114815	4.78093e-6
100.	0.00114815	1.7963e-6
1.	0.00131826	0.00200687
2.	0.00131826	0.00218592
2.28884	0.00131826	0.00225728
2.61939	0.00131826	0.00234877
2.99768	0.00131826	0.00246559
3.4306	0.00131826	0.00261425
3.92605	0.00131826	0.00280295
4.49305	0.00131826	0.00304201
5.14193	0.00131826	0.00334369
5.88452	0.00131826	0.00371981
6.73436	0.00131826	0.00417573
7.70694	0.00131826	0.00470455
8.81997	0.00131826	0.00527699
10.0937	0.00131826	0.00584957
11.5515	0.00131826	0.00634056
13.2197	0.00131826	0.0066256
15.1289	0.00131826	0.00658986
17.3138	0.00131826	0.00617075
19.8143	0.00131826	0.0053808
22.6758	0.00131826	0.00431964
25.9507	0.00131826	0.00315756
29.6984	0.00131826	0.002101
33.9875	0.00131826	0.00127794
38.8959	0.00131826	0.000714077
44.5132	0.00131826	0.000367877
50.9418	0.00131826	0.000175746
58.2988	0.00131826	0.0000789075
66.7182	0.00131826	0.0000334509
76.3536	0.00131826	0.0000143762
87.3806	0.00131826	5.49533e-6
100.	0.00131826	2.07244e-6
1.	0.00151356	0.00230157
2.	0.00151356	0.00250645
2.28884	0.00151356	0.00258819
2.61939	0.00151356	0.00269303
2.99768	0.00151356	0.00282697
3.4306	0.00151356	0.00299745
3.92605	0.00151356	0.00321387
4.49305	0.00151356	0.00348806
5.14193	0.00151356	0.00383403
5.88452	0.00151356	0.00426544
6.73436	0.00151356	0.00478856
7.70694	0.00151356	0.00539566
8.81997	0.00151356	0.00605303
10.0937	0.00151356	0.00671078
11.5515	0.00151356	0.00727543
13.2197	0.00151356	0.00760409
15.1289	0.00151356	0.00756453
17.3138	0.00151356	0.00708468
19.8143	0.00151356	0.0061787
22.6758	0.00151356	0.00496097
25.9507	0.00151356	0.00362669
29.6984	0.00151356	0.00241322
33.9875	0.00151356	0.00146789
38.8959	0.00151356	0.000820131
44.5132	0.00151356	0.000422544
50.9418	0.00151356	0.000201852
58.2988	0.00151356	0.0000906307
66.7182	0.00151356	0.0000383915
76.3536	0.00151356	0.0000165178
87.3806	0.00151356	6.31686e-6
100.	0.00151356	2.38037e-6
1.	0.0017378	0.0026391
2.	0.0017378	0.00287341
2.28884	0.0017378	0.00296702
2.61939	0.0017378	0.00308713
2.99768	0.0017378	0.00324065
3.4306	0.0017378	0.00343613
3.92605	0.0017378	0.00368431
4.49305	0.0017378	0.00399872
5.14193	0.0017378	0.00439543
5.88452	0.0017378	0.00489016
6.73436	0.0017378	0.00549035
7.70694	0.0017378	0.0061873
8.81997	0.0017378	0.00694221
10.0937	0.0017378	0.0076979
11.5515	0.0017378	0.00834735
13.2197	0.0017378	0.00872656
15.1289	0.0017378	0.0086831
17.3138	0.0017378	0.00813397
19.8143	0.0017378	0.00709503
22.6758	0.0017378	0.00569779
25.9507	0.0017378	0.00416575
29.6984	0.0017378	0.00277195
33.9875	0.0017378	0.00168617
38.8959	0.0017378	0.000941986
44.5132	0.0017378	0.000485275
50.9418	0.0017378	0.000231879
58.2988	0.0017378	0.000104111
66.7182	0.0017378	0.0000440729
76.3536	0.0017378	0.0000189719
87.3806	0.0017378	7.257e-6
100.	0.0017378	2.72241e-6
1.	0.00199526	0.00302555
2.	0.00199526	0.00329337
2.28884	0.00199526	0.00340051
2.61939	0.00199526	0.00353808
2.99768	0.00199526	0.003714
3.4306	0.00199526	0.00393809
3.92605	0.00199526	0.00422264
4.49305	0.00199526	0.00458312
5.14193	0.00199526	0.00503791
5.88452	0.00199526	0.00560518
6.73436	0.00199526	0.00629368
7.70694	0.00199526	0.00709376
8.81997	0.00199526	0.00796074
10.0937	0.00199526	0.00882898
11.5515	0.00199526	0.0095762
13.2197	0.00199526	0.010014
15.1289	0.00199526	0.0099667
17.3138	0.00199526	0.00933856
19.8143	0.00199526	0.00814737
22.6758	0.00199526	0.00654435
25.9507	0.00199526	0.00478512
29.6984	0.00199526	0.00318421
33.9875	0.00199526	0.00193696
38.8959	0.00199526	0.00108207
44.5132	0.00199526	0.000557524
50.9418	0.00199526	0.000266322
58.2988	0.00199526	0.000119553
66.7182	0.00199526	0.0000506144
76.3536	0.00199526	0.0000217927
87.3806	0.00199526	8.3407e-6
100.	0.00199526	3.18111e-6
1.	0.00229087	0.00346784
2.	0.00229087	0.00377374
2.28884	0.00229087	0.00389631
2.61939	0.00229087	0.00405381
2.99768	0.00229087	0.00425534
3.4306	0.00229087	0.00451217
3.92605	0.00229087	0.00483836
4.49305	0.00229087	0.00525156
5.14193	0.00229087	0.00577284
5.88452	0.00229087	0.00642314
6.73436	0.00229087	0.00721286
7.70694	0.00229087	0.00813129
8.81997	0.00229087	0.00912698
10.0937	0.00229087	0.0101247
11.5515	0.00229087	0.0109846
13.2197	0.00229087	0.0114905
15.1289	0.00229087	0.0114397
17.3138	0.00229087	0.0107214
19.8143	0.00229087	0.0093561
22.6758	0.00229087	0.00751711
25.9507	0.00229087	0.00549713
29.6984	0.00229087	0.00365818
33.9875	0.00229087	0.00222524
38.8959	0.00229087	0.00124305
44.5132	0.00229087	0.000640407
50.9418	0.00229087	0.00030594
58.2988	0.00229087	0.000137277
66.7182	0.00229087	0.0000580986
76.3536	0.00229087	0.000024999
87.3806	0.00229087	9.58425e-6
100.	0.00229087	3.5935e-6
1.	0.00263027	0.00397378
2.	0.00263027	0.0043229
2.28884	0.00263027	0.00446306
2.61939	0.00263027	0.0046433
2.99768	0.00263027	0.00487409
3.4306	0.00263027	0.00516835
3.92605	0.00263027	0.00554218
4.49305	0.00263027	0.00601571
5.14193	0.00263027	0.00661305
5.88452	0.00263027	0.00735836
6.73436	0.00263027	0.00826403
7.70694	0.00263027	0.00931828
8.81997	0.00263027	0.0104618
10.0937	0.00263027	0.0116085
11.5515	0.00263027	0.0125984
13.2197	0.00263027	0.0131834
15.1289	0.00263027	0.0131296
17.3138	0.00263027	0.012309
19.8143	0.00263027	0.0107443
22.6758	0.00263027	0.008635
25.9507	0.00263027	0.0063157
29.6984	0.00263027	0.00420286
33.9875	0.00263027	0.00255666
38.8959	0.00263027	0.00142832
44.5132	0.00263027	0.000735732
50.9418	0.00263027	0.000351458
58.2988	0.00263027	0.000157754
66.7182	0.00263027	0.0000666878
76.3536	0.00263027	0.0000286899
87.3806	0.00263027	0.0000110096
100.	0.00263027	4.12238e-6
1.	0.00301995	0.00455223
2.	0.00301995	0.00495032
2.28884	0.00301995	0.00511048
2.61939	0.00301995	0.00531663
2.99768	0.00301995	0.00558082
3.4306	0.00301995	0.00591787
3.92605	0.00301995	0.00634618
4.49305	0.00301995	0.00688871
5.14193	0.00301995	0.00757302
5.88452	0.00301995	0.00842699
6.73436	0.00301995	0.00946544
7.70694	0.00301995	0.0106755
8.81997	0.00301995	0.011989
10.0937	0.00301995	0.0133069
11.5515	0.00301995	0.014447
13.2197	0.00301995	0.015124
15.1289	0.00301995	0.0150683
17.3138	0.00301995	0.0141315
19.8143	0.00301995	0.0123388
22.6758	0.00301995	0.00991966
25.9507	0.00301995	0.00725678
29.6984	0.00301995	0.0048314
33.9875	0.00301995	0.00293785
38.8959	0.00301995	0.00164129
44.5132	0.00301995	0.000845395
50.9418	0.00301995	0.000403772
58.2988	0.00301995	0.000180998
66.7182	0.00301995	0.0000765596
76.3536	0.00301995	0.0000329858
87.3806	0.00301995	0.0000126876
100.	0.00301995	4.7342e-6
1.	0.00346737	0.00521316
2.	0.00346737	0.00566662
2.28884	0.00346737	0.0058495
2.61939	0.00346737	0.00608515
2.99768	0.00346737	0.00638744
3.4306	0.00346737	0.00677336
3.92605	0.00346737	0.00726393
4.49305	0.00346737	0.00788532
5.14193	0.00346737	0.00866901
5.88452	0.00346737	0.00964719
6.73436	0.00346737	0.0108376
7.70694	0.00346737	0.0122265
8.81997	0.00346737	0.0137351
10.0937	0.00346737	0.0152501
11.5515	0.00346737	0.0165636
13.2197	0.00346737	0.0173484
15.1289	0.00346737	0.0172922
17.3138	0.00346737	0.0162236
19.8143	0.00346737	0.0141704
22.6758	0.00346737	0.011396
25.9507	0.00346737	0.00833912
29.6984	0.00346737	0.00555248
33.9875	0.00346737	0.00337593
38.8959	0.00346737	0.00188623
44.5132	0.00346737	0.000971349
50.9418	0.00346737	0.000463895
58.2988	0.00346737	0.000208126
66.7182	0.00346737	0.0000877896
76.3536	0.00346737	0.0000379727
87.3806	0.00346737	0.0000145031
100.	0.00346737	5.44717e-6
1.	0.00398107	0.00596781
2.	0.00398107	0.00648372
2.28884	0.00398107	0.00669236
2.61939	0.00398107	0.00696154
2.99768	0.00398107	0.00730723
3.4306	0.00398107	0.00774892
3.92605	0.00398107	0.0083106
4.49305	0.00398107	0.00902207
5.14193	0.00398107	0.00991926
5.88452	0.00398107	0.0110393
6.73436	0.00398107	0.0124036
7.70694	0.00398107	0.0139975
8.81997	0.00398107	0.0157305
10.0937	0.00398107	0.0174724
11.5515	0.00398107	0.0189863
13.2197	0.00398107	0.0198964
15.1289	0.00398107	0.0198426
17.3138	0.00398107	0.0186252
19.8143	0.00398107	0.0162742
22.6758	0.00398107	0.0130938
25.9507	0.00398107	0.00958413
29.6984	0.00398107	0.00638194
33.9875	0.00398107	0.00388046
38.8959	0.00398107	0.00216834
44.5132	0.00398107	0.00111635
50.9418	0.00398107	0.000533332
58.2988	0.00398107	0.000239484
66.7182	0.00398107	0.000100876
76.3536	0.00398107	0.0000438425
87.3806	0.00398107	0.0000166424
100.	0.00398107	6.32844e-6
1.	0.00457088	0.00682877
2.	0.00457088	0.00741491
2.28884	0.00457088	0.00765271
2.61939	0.00457088	0.00795995
2.99768	0.00457088	0.00835501
3.4306	0.00457088	0.00886027
3.92605	0.00457088	0.00950311
4.49305	0.00457088	0.0103174
5.14193	0.00457088	0.0113441
5.88452	0.00457088	0.0126261
6.73436	0.00457088	0.0141892
7.70694	0.00457088	0.0160182
8.81997	0.00457088	0.0180091
10.0937	0.00457088	0.0200121
11.5515	0.00457088	0.0217579
13.2197	0.00457088	0.0228154
15.1289	0.00457088	0.0227669
17.3138	0.00457088	0.0213818
19.8143	0.00457088	0.0186914
22.6758	0.00457088	0.0150457
25.9507	0.00457088	0.0110167
29.6984	0.00457088	0.00733634
33.9875	0.00457088	0.00446118
38.8959	0.00457088	0.00249251
44.5132	0.00457088	0.00128322
50.9418	0.00457088	0.000613012
58.2988	0.00457088	0.00027685
66.7182	0.00457088	0.000116093
76.3536	0.00457088	0.0000504303
87.3806	0.00457088	0.0000191211
100.	0.00457088	7.35802e-6
1.	0.00524807	0.00781006
2.	0.00524807	0.00847497
2.28884	0.00524807	0.00874569
2.61939	0.00524807	0.00909604
2.99768	0.00524807	0.00954719
3.4306	0.00524807	0.0101248
3.92605	0.00524807	0.0108602
4.49305	0.00524807	0.0117918
5.14193	0.00524807	0.0129662
5.88452	0.00524807	0.014433
6.73436	0.00524807	0.0162231
7.70694	0.00524807	0.0183216
8.81997	0.00524807	0.0206086
10.0937	0.00524807	0.0229126
11.5515	0.00524807	0.0249269
13.2197	0.00524807	0.0261582
15.1289	0.00524807	0.0261202
17.3138	0.00524807	0.0245454
19.8143	0.00524807	0.0214688
22.6758	0.00524807	0.0172897
25.9507	0.00524807	0.0126656
29.6984	0.00524807	0.00843486
33.9875	0.00524807	0.00512952
38.8959	0.00524807	0.00286503
44.5132	0.00524807	0.00147511
50.9418	0.00524807	0.000704747
58.2988	0.00524807	0.000319495
66.7182	0.00524807	0.000133491
76.3536	0.00524807	0.0000580871
87.3806	0.00524807	0.0000219217
100.	0.00524807	8.25647e-6
1.	0.0060256	0.00892729
2.	0.0060256	0.00968024
2.28884	0.0060256	0.00998804
2.61939	0.0060256	0.0103871
2.99768	0.0060256	0.0109018
3.4306	0.0060256	0.0115618
3.92605	0.0060256	0.0124025
4.49305	0.0060256	0.0134677
5.14193	0.0060256	0.0148104
5.88452	0.0060256	0.0164877
6.73436	0.0060256	0.0185371
7.70694	0.0060256	0.0209443
8.81997	0.0060256	0.0235718
10.0937	0.0060256	0.0262224
11.5515	0.0060256	0.0285481
13.2197	0.0060256	0.0299824
15.1289	0.0060256	0.0299635
17.3138	0.0060256	0.0281768
19.8143	0.0060256	0.0246603
22.6758	0.0060256	0.0198712
25.9507	0.0060256	0.0145643
29.6984	0.0060256	0.0097004
33.9875	0.0060256	0.0058989
38.8959	0.0060256	0.00329395
44.5132	0.0060256	0.00169663
50.9418	0.0060256	0.000811017
58.2988	0.0060256	0.000363236
66.7182	0.0060256	0.000153693
76.3536	0.0060256	0.0000667799
87.3806	0.0060256	0.0000251919
100.	0.0060256	9.49807e-6
1.	0.00691831	0.0101977
2.	0.00691831	0.0110486
2.28884	0.00691831	0.0113981
2.61939	0.00691831	0.011852
2.99768	0.00691831	0.0124388
3.4306	0.00691831	0.0131921
3.92605	0.00691831	0.0141527
4.49305	0.00691831	0.01537
5.14193	0.00691831	0.0169043
5.88452	0.00691831	0.018821
6.73436	0.00691831	0.021166
7.70694	0.00691831	0.0239269
8.81997	0.00691831	0.0269457
10.0937	0.00691831	0.0299962
11.5515	0.00691831	0.0326826
13.2197	0.00691831	0.0343576
15.1289	0.00691831	0.034367
17.3138	0.00691831	0.0323439
19.8143	0.00691831	0.0283275
22.6758	0.00691831	0.0228399
25.9507	0.00691831	0.0167516
29.6984	0.00691831	0.0111578
33.9875	0.00691831	0.00678521
38.8959	0.00691831	0.00378716
44.5132	0.00691831	0.00195159
50.9418	0.00691831	0.00093239
58.2988	0.00691831	0.000418061
66.7182	0.00691831	0.000176712
76.3536	0.00691831	0.000076882
87.3806	0.00691831	0.0000289086
100.	0.00691831	0.0000109731
1.	0.00794328	0.0116401
2.	0.00794328	0.0125998
2.28884	0.00794328	0.0129958
2.61939	0.00794328	0.0135115
2.99768	0.00794328	0.0141793
3.4306	0.00794328	0.0150385
3.92605	0.00794328	0.0161352
4.49305	0.00794328	0.0175254
5.14193	0.00794328	0.0192773
5.88452	0.00794328	0.0214666
6.73436	0.00794328	0.0241482
7.70694	0.00794328	0.0273137
8.81997	0.00794328	0.0307823
10.0937	0.00794328	0.0342938
11.5515	0.00794328	0.0373995
13.2197	0.00794328	0.0393592
15.1289	0.00794328	0.0394113
17.3138	0.00794328	0.0371261
19.8143	0.00794328	0.0325425
22.6758	0.00794328	0.0262549
25.9507	0.00794328	0.0192757
29.6984	0.00794328	0.012838
33.9875	0.00794328	0.00780626
38.8959	0.00794328	0.00435761
44.5132	0.00794328	0.00224506
50.9418	0.00794328	0.00107157
58.2988	0.00794328	0.000481066
66.7182	0.00794328	0.00020366
76.3536	0.00794328	0.0000886474
87.3806	0.00794328	0.0000330802
100.	0.00794328	0.0000126943
1.	0.00912011	0.013275
2.	0.00912011	0.0143547
2.28884	0.00912011	0.0148026
2.61939	0.00912011	0.0153874
2.99768	0.00912011	0.0161466
3.4306	0.00912011	0.0171252
3.92605	0.00912011	0.0183761
4.49305	0.00912011	0.0199627
5.14193	0.00912011	0.0219618
5.88452	0.00912011	0.0244604
6.73436	0.00912011	0.027525
7.70694	0.00912011	0.031153
8.81997	0.00912011	0.0351385
10.0937	0.00912011	0.0391821
11.5515	0.00912011	0.0427751
13.2197	0.00912011	0.045073
15.1289	0.00912011	0.0451874
17.3138	0.00912011	0.0426133
19.8143	0.00912011	0.037388
22.6758	0.00912011	0.0301874
25.9507	0.00912011	0.0221789
29.6984	0.00912011	0.0147753
33.9875	0.00912011	0.00898366
38.8959	0.00912011	0.00501474
44.5132	0.00912011	0.00258313
50.9418	0.00912011	0.00123329
58.2988	0.00912011	0.000553591
66.7182	0.00912011	0.000234612
76.3536	0.00912011	0.000101643
87.3806	0.00912011	0.0000380591
100.	0.00912011	0.0000145192
1.	0.0104713	0.0151244
2.	0.0104713	0.016336
2.28884	0.0104713	0.0168416
2.61939	0.0104713	0.0175035
2.99768	0.0104713	0.0183651
3.4306	0.0104713	0.0194782
3.92605	0.0104713	0.0209034
4.49305	0.0104713	0.0227124
5.14193	0.0104713	0.0249918
5.88452	0.0104713	0.0278411
6.73436	0.0104713	0.0313405
7.70694	0.0104713	0.0354966
8.81997	0.0104713	0.0400758
10.0937	0.0104713	0.044734
11.5515	0.0104713	0.0488942
13.2197	0.0104713	0.0515943
15.1289	0.0104713	0.0517976
17.3138	0.0104713	0.0489089
19.8143	0.0104713	0.0429592
22.6758	0.0104713	0.0347152
25.9507	0.0104713	0.0255238
29.6984	0.0104713	0.0170116
33.9875	0.0104713	0.0103417
38.8959	0.0104713	0.00577249
44.5132	0.0104713	0.00297306
50.9418	0.0104713	0.00142015
58.2988	0.0104713	0.000636653
66.7182	0.0104713	0.00027028
76.3536	0.0104713	0.000117316
87.3806	0.0104713	0.0000439425
100.	0.0104713	0.0000167556
1.	0.0120226	0.0172112
2.	0.0120226	0.0185674
2.28884	0.0120226	0.0191368
2.61939	0.0120226	0.0198842
2.99768	0.0120226	0.0208601
3.4306	0.0120226	0.0221241
3.92605	0.0120226	0.0237458
4.49305	0.0120226	0.0258062
5.14193	0.0120226	0.028403
5.88452	0.0120226	0.0316493
6.73436	0.0120226	0.0356416
7.70694	0.0120226	0.0403997
8.81997	0.0120226	0.0456611
10.0937	0.0120226	0.0510296
11.5515	0.0120226	0.0558513
13.2197	0.0120226	0.0590309
15.1289	0.0120226	0.0593586
17.3138	0.0120226	0.0561297
19.8143	0.0120226	0.0493657
22.6758	0.0120226	0.0399299
25.9507	0.0120226	0.0293883
29.6984	0.0120226	0.0195945
33.9875	0.0120226	0.0119115
38.8959	0.0120226	0.00664702
44.5132	0.0120226	0.00342306
50.9418	0.0120226	0.00163299
58.2988	0.0120226	0.000732727
66.7182	0.0120226	0.000310894
76.3536	0.0120226	0.000135089
87.3806	0.0120226	0.0000505518
100.	0.0120226	0.0000192378
1.	0.0138038	0.0195592
2.	0.0138038	0.0210736
2.28884	0.0138038	0.0217131
2.61939	0.0138038	0.022555
2.99768	0.0138038	0.0236578
3.4306	0.0138038	0.0250903
3.92605	0.0138038	0.0269325
4.49305	0.0138038	0.0292765
5.14193	0.0138038	0.032232
5.88452	0.0138038	0.0359271
6.73436	0.0138038	0.0404768
7.70694	0.0138038	0.04592
8.81997	0.0138038	0.0519641
10.0937	0.0138038	0.0581538
11.5515	0.0138038	0.0637494
13.2197	0.0138038	0.0675014
15.1289	0.0138038	0.0680032
17.3138	0.0138038	0.0644089
19.8143	0.0138038	0.0567329
22.6758	0.0138038	0.0459412
25.9507	0.0138038	0.0338479
29.6984	0.0138038	0.0225797
33.9875	0.0138038	0.0137269
38.8959	0.0138038	0.00766069
44.5132	0.0138038	0.00394159
50.9418	0.0138038	0.00188044
58.2988	0.0138038	0.000844
66.7182	0.0138038	0.000356753
76.3536	0.0138038	0.00015521
87.3806	0.0138038	0.0000580464
100.	0.0138038	0.0000221878
1.	0.0158489	0.022192
2.	0.0158489	0.0238793
2.28884	0.0158489	0.0245955
2.61939	0.0158489	0.0255414
2.99768	0.0158489	0.0267841
3.4306	0.0158489	0.0284037
3.92605	0.0158489	0.0304923
4.49305	0.0158489	0.0331551
5.14193	0.0158489	0.0365151
5.88452	0.0158489	0.0407165
6.73436	0.0158489	0.0458953
7.70694	0.0158489	0.0521159
8.81997	0.0158489	0.0590575
10.0937	0.0158489	0.0661975
11.5515	0.0158489	0.0726931
13.2197	0.0158489	0.0771355
15.1289	0.0158489	0.0778769
17.3138	0.0158489	0.0739008
19.8143	0.0158489	0.0652024
22.6758	0.0158489	0.0528726
25.9507	0.0158489	0.0389983
29.6984	0.0158489	0.0260337
33.9875	0.0158489	0.0158275
38.8959	0.0158489	0.00882838
44.5132	0.0158489	0.00454136
50.9418	0.0158489	0.00216552
58.2988	0.0158489	0.000973364
66.7182	0.0158489	0.000411331
76.3536	0.0158489	0.000178153
87.3806	0.0158489	0.0000667283
100.	0.0158489	0.0000255762
1.	0.018197	0.0251319
2.	0.018197	0.0270086
2.28884	0.018197	0.0278087
2.61939	0.018197	0.0288681
2.99768	0.018197	0.0302643
3.4306	0.018197	0.0320902
3.92605	0.018197	0.0344526
4.49305	0.018197	0.037472
5.14193	0.018197	0.0412868
5.88452	0.018197	0.0460583
6.73436	0.018197	0.0519452
7.70694	0.018197	0.0590458
8.81997	0.018197	0.0670145
10.0937	0.018197	0.0752548
11.5515	0.018197	0.082801
13.2197	0.018197	0.0880758
15.1289	0.018197	0.0891442
17.3138	0.018197	0.0847781
19.8143	0.018197	0.0749437
22.6758	0.018197	0.0608635
25.9507	0.018197	0.0449638
29.6984	0.018197	0.0300372
33.9875	0.018197	0.0182688
38.8959	0.018197	0.0101891
44.5132	0.018197	0.00524082
50.9418	0.018197	0.00249834
58.2988	0.018197	0.00112006
66.7182	0.018197	0.0004747
76.3536	0.018197	0.000205132
87.3806	0.018197	0.0000789772
100.	0.018197	0.0000291802
1.	0.020893	0.0283971
2.	0.020893	0.0304838
2.28884	0.020893	0.0313753
2.61939	0.020893	0.0325582
2.99768	0.020893	0.0341217
3.4306	0.020893	0.0361732
3.92605	0.020893	0.0388374
4.49305	0.020893	0.0422536
5.14193	0.020893	0.046578
5.88452	0.020893	0.0519898
6.73436	0.020893	0.058672
7.70694	0.020893	0.0667659
8.81997	0.020893	0.0759074
10.0937	0.020893	0.0854202
11.5515	0.020893	0.0941972
13.2197	0.020893	0.100475
15.1289	0.020893	0.101984
17.3138	0.020893	0.0972407
19.8143	0.020893	0.0861485
22.6758	0.020893	0.0700959
25.9507	0.020893	0.0518658
29.6984	0.020893	0.0346819
33.9875	0.020893	0.0210924
38.8959	0.020893	0.0117557
44.5132	0.020893	0.0060453
50.9418	0.020893	0.0028806
58.2988	0.020893	0.00129059
66.7182	0.020893	0.00054843
76.3536	0.020893	0.000237149
87.3806	0.020893	0.0000884149
100.	0.020893	0.0000333754
1.	0.0239883	0.0320044
2.	0.0239883	0.0343235
2.28884	0.0239883	0.0353145
2.61939	0.0239883	0.0366313
2.99768	0.0239883	0.0383756
3.4306	0.0239883	0.040672
3.92605	0.0239883	0.0436661
4.49305	0.0239883	0.0475205
5.14193	0.0239883	0.0524132
5.88452	0.0239883	0.0585423
6.73436	0.0239883	0.066163
7.70694	0.0239883	0.0753247
8.81997	0.0239883	0.085801
10.0937	0.0239883	0.0967873
11.5515	0.0239883	0.107009
13.2197	0.0239883	0.114493
15.1289	0.0239883	0.116596
17.3138	0.0239883	0.111503
19.8143	0.0239883	0.0990298
22.6758	0.0239883	0.0807431
25.9507	0.0239883	0.0598522
29.6984	0.0239883	0.0400821
33.9875	0.0239883	0.0243607
38.8959	0.0239883	0.0135831
44.5132	0.0239883	0.00698032
50.9418	0.0239883	0.00332214
58.2988	0.0239883	0.00148743
66.7182	0.0239883	0.000633405
76.3536	0.0239883	0.000271454
87.3806	0.0239883	0.000101263
100.	0.0239883	0.0000385693
1.	0.0275423	0.0359596
2.	0.0275423	0.0385401
2.28884	0.0275423	0.0396399
2.61939	0.0275423	0.0411015
2.99768	0.0275423	0.0430403
3.4306	0.0275423	0.0456001
3.92605	0.0275423	0.0489514
4.49305	0.0275423	0.0532856
5.14193	0.0275423	0.0588076
5.88452	0.0275423	0.0657371
6.73436	0.0275423	0.0743617
7.70694	0.0275423	0.0847622
8.81997	0.0275423	0.0967513
10.0937	0.0275423	0.109441
11.5515	0.0275423	0.121356
13.2197	0.0275423	0.130299
15.1289	0.0275423	0.133202
17.3138	0.0275423	0.127814
19.8143	0.0275423	0.113868
22.6758	0.0275423	0.0930496
25.9507	0.0275423	0.0691102
29.6984	0.0275423	0.0463469
33.9875	0.0275423	0.0281809
38.8959	0.0275423	0.0156946
44.5132	0.0275423	0.00806627
50.9418	0.0275423	0.00383372
58.2988	0.0275423	0.00171913
66.7182	0.0275423	0.000730545
76.3536	0.0275423	0.000312655
87.3806	0.0275423	0.000117288
100.	0.0275423	0.0000441825
1.	0.0316228	0.0402594
2.	0.0316228	0.043137
2.28884	0.0316228	0.0443564
2.61939	0.0316228	0.0459748
2.99768	0.0316228	0.048122
3.4306	0.0316228	0.0509627
3.92605	0.0316228	0.0546966
4.49305	0.0316228	0.0595499
5.14193	0.0316228	0.0657625
5.88452	0.0316228	0.0735797
6.73436	0.0316228	0.0833238
7.70694	0.0316228	0.0951054
8.81997	0.0316228	0.108799
10.0937	0.0316228	0.123451
11.5515	0.0316228	0.137357
13.2197	0.0316228	0.148061
15.1289	0.0316228	0.152022
17.3138	0.0316228	0.146458
19.8143	0.0316228	0.130913
22.6758	0.0316228	0.107268
25.9507	0.0316228	0.0798676
29.6984	0.0316228	0.0536406
33.9875	0.0316228	0.0326297
38.8959	0.0316228	0.0181589
44.5132	0.0316228	0.00933113
50.9418	0.0316228	0.00442476
58.2988	0.0316228	0.00198472
66.7182	0.0316228	0.0008429
76.3536	0.0316228	0.00035615
87.3806	0.0316228	0.000136454
100.	0.0316228	0.0000505707
1.	0.0363078	0.0448873
2.	0.0363078	0.048104
2.28884	0.0363078	0.0494556
2.61939	0.0363078	0.0512447
2.99768	0.0363078	0.0536156
3.4306	0.0363078	0.0567546
3.92605	0.0363078	0.0608937
4.49305	0.0363078	0.0663013
5.14193	0.0363078	0.073262
5.88452	0.0363078	0.0820562
6.73436	0.0363078	0.0930426
7.70694	0.0363078	0.106356
8.81997	0.0363078	0.121958
10.0937	0.0363078	0.138865
11.5515	0.0363078	0.155108
13.2197	0.0363078	0.16794
15.1289	0.0363078	0.173305
17.3138	0.0363078	0.167723
19.8143	0.0363078	0.150518
22.6758	0.0363078	0.12373
25.9507	0.0363078	0.0923477
29.6984	0.0363078	0.0621407
33.9875	0.0363078	0.0378156
38.8959	0.0363078	0.0210614
44.5132	0.0363078	0.0108175
50.9418	0.0363078	0.00511417
58.2988	0.0363078	0.0022944
66.7182	0.0363078	0.000984851
76.3536	0.0363078	0.000409642
87.3806	0.0363078	0.000161266
100.	0.0363078	0.0000581838
1.	0.0416869	0.0498114
2.	0.0416869	0.053413
2.28884	0.0416869	0.0549115
2.61939	0.0416869	0.0568877
2.99768	0.0416869	0.0594994
3.4306	0.0416869	0.0629551
3.92605	0.0416869	0.06752
4.49305	0.0416869	0.073511
5.14193	0.0416869	0.0812694
5.88452	0.0416869	0.0911252
6.73436	0.0416869	0.103483
7.70694	0.0416869	0.11849
8.81997	0.0416869	0.13621
10.0937	0.0416869	0.155688
11.5515	0.0416869	0.174691
13.2197	0.0416869	0.190076
15.1289	0.0416869	0.197276
17.3138	0.0416869	0.191978
19.8143	0.0416869	0.17307
22.6758	0.0416869	0.142806
25.9507	0.0416869	0.106884
29.6984	0.0416869	0.0720716
33.9875	0.0416869	0.0438835
38.8959	0.0416869	0.0244681
44.5132	0.0416869	0.0125387
50.9418	0.0416869	0.00592124
58.2988	0.0416869	0.00264863
66.7182	0.0416869	0.00114333
76.3536	0.0416869	0.000470793
87.3806	0.0416869	0.000189743
100.	0.0416869	0.0000664245
1.	0.047863	0.0549841
2.	0.047863	0.0590127
2.28884	0.047863	0.0606744
2.61939	0.047863	0.0628566
2.99768	0.047863	0.0657302
3.4306	0.047863	0.0695233
3.92605	0.047863	0.0745343
4.49305	0.047863	0.0811308
5.14193	0.047863	0.0897236
5.88452	0.047863	0.100714
6.73436	0.047863	0.114571
7.70694	0.047863	0.131444
8.81997	0.047863	0.151499
10.0937	0.047863	0.17388
11.5515	0.047863	0.196117
13.2197	0.047863	0.214581
15.1289	0.047863	0.224167
17.3138	0.047863	0.219495
19.8143	0.047863	0.198955
22.6758	0.047863	0.164959
25.9507	0.047863	0.123807
29.6984	0.047863	0.0837072
33.9875	0.047863	0.0510065
38.8959	0.047863	0.0284272
44.5132	0.047863	0.014568
50.9418	0.047863	0.00686652
58.2988	0.047863	0.00305851
66.7182	0.047863	0.00132051
76.3536	0.047863	0.00053861
87.3806	0.047863	0.000220036
100.	0.047863	0.0000771086
1.	0.0549541	0.0603338
2.	0.0549541	0.0648244
2.28884	0.0549541	0.0666658
2.61939	0.0549541	0.069075
2.99768	0.0549541	0.0722349
3.4306	0.0549541	0.0763911
3.92605	0.0549541	0.0818703
4.49305	0.0549541	0.0890897
5.14193	0.0549541	0.0985375
5.88452	0.0549541	0.110712
6.73436	0.0549541	0.126184
7.70694	0.0549541	0.145101
8.81997	0.0549541	0.167715
10.0937	0.0549541	0.193332
11.5515	0.0549541	0.219341
13.2197	0.0549541	0.241516
15.1289	0.0549541	0.254167
17.3138	0.0549541	0.250702
19.8143	0.0549541	0.228682
22.6758	0.0549541	0.190641
25.9507	0.0549541	0.143617
29.6984	0.0549541	0.0973375
33.9875	0.0549541	0.059389
38.8959	0.0549541	0.0330798
44.5132	0.0549541	0.0169515
50.9418	0.0549541	0.00798934
58.2988	0.0549541	0.00353609
66.7182	0.0549541	0.00152514
76.3536	0.0549541	0.000646651
87.3806	0.0549541	0.000245138
100.	0.0549541	0.0000887482
1.	0.0630957	0.0657721
2.	0.0630957	0.0707416
2.28884	0.0630957	0.0727763
2.61939	0.0630957	0.075433
2.99768	0.0630957	0.0789058
3.4306	0.0630957	0.0834548
3.92605	0.0630957	0.0894292
4.49305	0.0630957	0.0972874
5.14193	0.0630957	0.107596
5.88452	0.0630957	0.120976
6.73436	0.0630957	0.138145
7.70694	0.0630957	0.159277
8.81997	0.0630957	0.184678
10.0937	0.0630957	0.21386
11.5515	0.0630957	0.244226
13.2197	0.0630957	0.27088
15.1289	0.0630957	0.287395
17.3138	0.0630957	0.285924
19.8143	0.0630957	0.262705
22.6758	0.0630957	0.220493
25.9507	0.0630957	0.166778
29.6984	0.0630957	0.113394
33.9875	0.0630957	0.0692912
38.8959	0.0630957	0.0385544
44.5132	0.0630957	0.0197683
50.9418	0.0630957	0.00930102
58.2988	0.0630957	0.00408804
66.7182	0.0630957	0.00177944
76.3536	0.0630957	0.000744782
87.3806	0.0630957	0.000273061
100.	0.0630957	0.000116237
1.	0.0724436	0.0711826
2.	0.0724436	0.076631
2.28884	0.0724436	0.0788674
2.61939	0.0724436	0.0817862
2.99768	0.0724436	0.0855948
3.4306	0.0724436	0.0905666
3.92605	0.0724436	0.0970663
4.49305	0.0724436	0.105583
5.14193	0.0724436	0.116751
5.88452	0.0724436	0.131324
6.73436	0.0724436	0.150221
7.70694	0.0724436	0.173709
8.81997	0.0724436	0.202132
10.0937	0.0724436	0.235187
11.5515	0.0724436	0.270501
13.2197	0.0724436	0.30252
15.1289	0.0724436	0.32392
17.3138	0.0724436	0.325462
19.8143	0.0724436	0.301575
22.6758	0.0724436	0.25508
25.9507	0.0724436	0.193996
29.6984	0.0724436	0.132325
33.9875	0.0724436	0.0810225
38.8959	0.0724436	0.0450483
44.5132	0.0724436	0.023096
50.9418	0.0724436	0.0108725
58.2988	0.0724436	0.00474635
66.7182	0.0724436	0.0020561
76.3536	0.0724436	0.00086287
87.3806	0.0724436	0.00031606
100.	0.0724436	0.000121593
1.	0.0831764	0.0764185
2.	0.0831764	0.0823371
2.28884	0.0831764	0.0847761
2.61939	0.0831764	0.0879619
2.99768	0.0831764	0.0921175
3.4306	0.0831764	0.0975317
3.92605	0.0831764	0.104584
4.49305	0.0831764	0.113784
5.14193	0.0831764	0.125815
5.88452	0.0831764	0.141545
6.73436	0.0831764	0.162129
7.70694	0.0831764	0.188041
8.81997	0.0831764	0.219708
10.0937	0.0831764	0.256932
11.5515	0.0831764	0.297732
13.2197	0.0831764	0.336158
15.1289	0.0831764	0.363624
17.3138	0.0831764	0.369569
19.8143	0.0831764	0.345964
22.6758	0.0831764	0.295109
25.9507	0.0831764	0.22605
29.6984	0.0831764	0.154713
33.9875	0.0831764	0.0949824
38.8959	0.0831764	0.0527632
44.5132	0.0831764	0.0269505
50.9418	0.0831764	0.0127343
58.2988	0.0831764	0.00552898
66.7182	0.0831764	0.00235384
76.3536	0.0831764	0.000986073
87.3806	0.0831764	0.000363776
100.	0.0831764	0.000140997
1.	0.0954993	0.0813019
2.	0.0954993	0.0876861
2.28884	0.0954993	0.0903206
2.61939	0.0954993	0.0937644
2.99768	0.0954993	0.0982589
3.4306	0.0954993	0.104114
3.92605	0.0954993	0.11173
4.49305	0.0954993	0.121636
5.14193	0.0954993	0.134541
5.88452	0.0954993	0.15139
6.73436	0.0954993	0.173557
7.70694	0.0954993	0.201842
8.81997	0.0954993	0.236904
10.0937	0.0954993	0.278593
11.5515	0.0954993	0.325341
13.2197	0.0954993	0.37126
15.1289	0.0954993	0.406216
17.3138	0.0954993	0.418243
19.8143	0.0954993	0.396254
22.6758	0.0954993	0.341289
25.9507	0.0954993	0.263858
29.6984	0.0954993	0.181369
33.9875	0.0954993	0.111627
38.8959	0.0954993	0.0620068
44.5132	0.0954993	0.0315553
50.9418	0.0954993	0.0149403
58.2988	0.0954993	0.00648801
66.7182	0.0954993	0.00272002
76.3536	0.0954993	0.00118873
87.3806	0.0954993	0.000418783
100.	0.0954993	0.000164124
1.	0.109648	0.0856429
2.	0.109648	0.0924858
2.28884	0.109648	0.0953023
2.61939	0.109648	0.0989828
2.99768	0.109648	0.103788
3.4306	0.109648	0.110054
3.92605	0.109648	0.118213
4.49305	0.109648	0.12882
5.14193	0.109648	0.142606
5.88452	0.109648	0.160549
6.73436	0.109648	0.184168
7.70694	0.109648	0.214648
8.81997	0.109648	0.253101
10.0937	0.109648	0.299507
11.5515	0.109648	0.352564
13.2197	0.109648	0.406992
15.1289	0.109648	0.451266
17.3138	0.109648	0.471381
19.8143	0.109648	0.453034
22.6758	0.109648	0.39446
25.9507	0.109648	0.30825
29.6984	0.109648	0.213253
33.9875	0.109648	0.13164
38.8959	0.109648	0.073108
44.5132	0.109648	0.0370416
50.9418	0.109648	0.0175124
58.2988	0.109648	0.00761135
66.7182	0.109648	0.00319717
76.3536	0.109648	0.00135468
87.3806	0.109648	0.000483085
100.	0.109648	0.000189546