1.	0.001	0.19585
1.9999999999999998	0.001	0.159065
2.288838595949997	0.001	0.14336207633221573
2.6193910591551774	0.001	0.12435694075517842
2.9976816770403563	0.001	0.10319691820922484
3.4306047603910415	0.001	0.08208292343172048
3.926050291516404	0.001	0.06370629285101007
4.493047718431742	0.001	0.049801555951940586
5.141930515695824	0.001	0.03969149399559753
5.884524511008838	0.001	0.03104525422268743
6.734363409805407	0.001	0.0224211718578338
7.706935445758021	0.001	0.014394237587551014
8.819965652373028	0.001	0.00808483464522442
10.093738900052346	0.001	0.003932300279960796
11.551469585940843	0.001	0.0016943666921943727
13.219724714121972	0.001	0.0006871298572956781
15.128908076758211	0.001	0.00028985340332019936
17.313814360331925	0.001	0.0001284415730573678
19.814263275520517	0.001	0.000054101491844256704
22.675825267662994	0.001	0.0000191713006229118
25.950652033822625	0.001	6.291488649778995e-6
29.698426982540767	0.001	2.2709205652577823e-6
33.98745295832107	0.001	7.712154486405485e-7
38.895897054520105	0.001	2.3378332249776336e-7
44.51321520124173	0.001	4.8212318865986505e-8
50.941782491215115	0.001	1.1368642372956141e-8
58.29875895619149	0.001	2.031835740287436e-9
66.71822479745835	0.001	2.8298798155773476e-10
76.35362398484546	0.001	2.132843555864817e-11
87.38056075858388	0.001	6.517623328814372e-13
100.00000000000031	0.001	6.84903196474409e-15
111.55639876771902	0.001	1.178357044147088e-16
138.21730389017998	0.001	4.358064262077807e-22
171.24990861750976	0.001	0
212.17698780180757	0.001	0
262.885244821937	0.001	0
325.7122869971341	0.001	0
403.5543872869759	0.001	0
499.9999999999984	0.001	0
1000	0.001	0
2000	0.001	0
1.	0.0011481536214968829	0.2217446126377979
1.9999999999999998	0.0011481536214968829	0.1817245466840189
2.288838595949997	0.0011481536214968829	0.16421959145429957
2.6193910591551774	0.0011481536214968829	0.14283838445321104
2.9976816770403563	0.0011481536214968829	0.11886129099936395
3.4306047603910415	0.0011481536214968829	0.09469610773671304
3.926050291516404	0.0011481536214968829	0.07353313451068315
4.493047718431742	0.0011481536214968829	0.057454853522263184
5.141930515695824	0.0011481536214968829	0.04578194339900176
5.884524511008838	0.0011481536214968829	0.03583956577215239
6.734363409805407	0.0011481536214968829	0.02591775411200927
7.706935445758021	0.0011481536214968829	0.016653699473233596
8.819965652373028	0.0011481536214968829	0.009358180145125109
10.093738900052346	0.0011481536214968829	0.004550966208277543
11.551469585940843	0.0011481536214968829	0.0019592206418212817
13.219724714121972	0.0011481536214968829	0.0007933916774025443
15.128908076758211	0.0011481536214968829	0.0003340013991925974
17.313814360331925	0.0011481536214968829	0.00014787398633254453
19.814263275520517	0.0011481536214968829	0.00006230375854466304
22.675825267662994	0.0011481536214968829	0.000022079457011362713
25.950652033822625	0.0011481536214968829	7.237570606527274e-6
29.698426982540767	0.0011481536214968829	2.6109474870113387e-6
33.98745295832107	0.0011481536214968829	8.865787404209307e-7
38.895897054520105	0.0011481536214968829	2.687982289845275e-7
44.51321520124173	0.0011481536214968829	5.5542945959876796e-8
50.941782491215115	0.0011481536214968829	1.3078159912994456e-8
58.29875895619149	0.0011481536214968829	2.338292652984272e-9
66.71822479745835	0.0011481536214968829	3.257209322352214e-10
76.35362398484546	0.0011481536214968829	2.4557341359474606e-11
87.38056075858388	0.0011481536214968829	7.507150898108312e-13
100.00000000000031	0.0011481536214968829	7.899019893890024e-15
111.55639876771902	0.0011481536214968829	1.3597905230661158e-16
138.21730389017998	0.0011481536214968829	5.040621685729141e-22
171.24990861750976	0.0011481536214968829	0
212.17698780180757	0.0011481536214968829	0
262.885244821937	0.0011481536214968829	0
325.7122869971341	0.0011481536214968829	0
403.5543872869759	0.0011481536214968829	0
499.9999999999984	0.0011481536214968829	0
1000	0.0011481536214968829	0
2000	0.0011481536214968829	0
1.	0.0013182567385564075	0.25052044827134057
1.9999999999999998	0.0013182567385564075	0.2074025076679207
2.288838595949997	0.0013182567385564075	0.1880036382790222
2.6193910591551774	0.0013182567385564075	0.16404951737157375
2.9976816770403563	0.0013182567385564075	0.13692654663869583
3.4306047603910415	0.0013182567385564075	0.10930748568645943
3.926050291516404	0.0013182567385564075	0.08493647179057463
4.493047718431742	0.0013182567385564075	0.06632400484461208
5.141930515695824	0.0013182567385564075	0.05284175669590586
5.884524511008838	0.0013182567385564075	0.04140263273153604
6.734363409805407	0.0013182567385564075	0.02998498451567034
7.706935445758021	0.0013182567385564075	0.019288399572814356
8.819965652373028	0.0013182567385564075	0.010844704480466913
10.093738900052346	0.0013182567385564075	0.005272885964192229
11.551469585940843	0.0013182567385564075	0.0022677167850462315
13.219724714121972	0.0013182567385564075	0.0009166487554887945
15.128908076758211	0.0013182567385564075	0.00038506922699064377
17.313814360331925	0.0013182567385564075	0.00017031500383735376
19.814263275520517	0.0013182567385564075	0.00007178076548542726
22.675825267662994	0.0013182567385564075	0.000025439103560860362
25.950652033822625	0.0013182567385564075	8.32817971262935e-6
29.698426982540767	0.0013182567385564075	3.0024500180592917e-6
33.98745295832107	0.0013182567385564075	1.0193992033793464e-6
38.895897054520105	0.0013182567385564075	3.091116532817733e-7
44.51321520124173	0.0013182567385564075	6.401726224550687e-8
50.941782491215115	0.0013182567385564075	1.5048577887751143e-8
58.29875895619149	0.0013182567385564075	2.6918086126427133e-9
66.71822479745835	0.0013182567385564075	3.7502937893387537e-10
76.35362398484546	0.0013182567385564075	2.82857114062483e-11
87.38056075858388	0.0013182567385564075	8.650673404995135e-13
100.00000000000031	0.0013182567385564075	9.115605188062135e-15
111.55639876771902	0.0013182567385564075	1.5702838726853924e-16
138.21730389017998	0.0013182567385564075	5.836127850531087e-22
171.24990861750976	0.0013182567385564075	0
212.17698780180757	0.0013182567385564075	0
262.885244821937	0.0013182567385564075	0
325.7122869971341	0.0013182567385564075	0
403.5543872869759	0.0013182567385564075	0
499.9999999999984	0.0013182567385564075	0
1000	0.0013182567385564075	0
2000	0.0013182567385564075	0
1.	0.0015135612484362087	0.2823151946032788
1.9999999999999998	0.0015135612484362087	0.23645718246075575
2.288838595949997	0.0015135612484362087	0.2150812752402
2.6193910591551774	0.0015135612484362087	0.18839606954610472
2.9976816770403563	0.0015135612484362087	0.15775701176505677
3.4306047603910415	0.0015135612484362087	0.1262508398263793
3.926050291516404	0.0015135612484362087	0.0981858747346815
4.493047718431742	0.0015135612484362087	0.07661965339765463
5.141930515695824	0.0015135612484362087	0.06102554373527243
5.884524511008838	0.0015135612484362087	0.04787277215768229
6.734363409805407	0.0015135612484362087	0.03473118749377101
7.706935445758021	0.0015135612484362087	0.022367277952251897
8.819965652373028	0.0015135612484362087	0.012580949566739778
10.093738900052346	0.0015135612484362087	0.006117582395000735
11.551469585940843	0.0015135612484362087	0.0026280451539578077
13.219724714121972	0.0015135612484362087	0.0010600829587836982
15.128908076758211	0.0015135612484362087	0.0004442094653656546
17.313814360331925	0.0015135612484362087	0.0001962545151322876
19.814263275520517	0.0015135612484362087	0.00008274033783344215
22.675825267662994	0.0015135612484362087	0.000029325472749318257
25.950652033822625	0.0015135612484362087	9.586257203125957e-6
29.698426982540767	0.0015135612484362087	3.4534585449710665e-6
33.98745295832107	0.0015135612484362087	1.1724060001511564e-6
38.895897054520105	0.0015135612484362087	3.555377879802224e-7
44.51321520124173	0.0015135612484362087	7.382089831458163e-8
50.941782491215115	0.0015135612484362087	1.732059934859853e-8
58.29875895619149	0.0015135612484362087	3.099810947357253e-9
66.71822479745835	0.0015135612484362087	4.3195672917712314e-10
76.35362398484546	0.0015135612484362087	3.2593624377116784e-11
87.38056075858388	0.0015135612484362087	9.973177609508813e-13
100.00000000000031	0.0015135612484362087	1.0526854181994002e-14
111.55639876771902	0.0015135612484362087	1.8148272124045172e-16
138.21730389017998	0.0015135612484362087	6.765097129823827e-22
171.24990861750976	0.0015135612484362087	0
212.17698780180757	0.0015135612484362087	0
262.885244821937	0.0015135612484362087	0
325.7122869971341	0.0015135612484362087	0
403.5543872869759	0.0015135612484362087	0
499.9999999999984	0.0015135612484362087	0
1000	0.0015135612484362087	0
2000	0.0015135612484362087	0
1.	0.0017378008287493763	0.317269122606366
1.9999999999999998	0.0017378008287493763	0.26923011855693424
2.288838595949997	0.0017378008287493763	0.2458552260216798
2.6193910591551774	0.0017378008287493763	0.2162960060621709
2.9976816770403563	0.0017378008287493763	0.18179195030455267
3.4306047603910415	0.0017378008287493763	0.1459157630277882
3.926050291516404	0.0017378008287493763	0.11360104495049675
4.493047718431742	0.0017378008287493763	0.08858504550651883
5.141930515695824	0.0017378008287493763	0.0705217250366918
5.884524511008838	0.0017378008287493763	0.05540124798397042
6.734363409805407	0.0017378008287493763	0.040270770734738226
7.706935445758021	0.0017378008287493763	0.025969680589010866
8.819965652373028	0.0017378008287493763	0.014617852469652422
10.093738900052346	0.0017378008287493763	0.007108065456531696
11.551469585940843	0.0017378008287493763	0.0030498562633090387
13.219724714121972	0.0017378008287493763	0.0012273413790732067
15.128908076758211	0.0017378008287493763	0.0005128161972814827
17.313814360331925	0.0017378008287493763	0.00022626036047495386
19.814263275520517	0.0017378008287493763	0.00009542746889263569
22.675825267662994	0.0017378008287493763	0.000033825140971061595
25.950652033822625	0.0017378008287493763	0.000011038339155314454
29.698426982540767	0.0017378008287493763	3.97348541708299e-6
33.98745295832107	0.0017378008287493763	1.3487494425539726e-6
38.895897054520105	0.0017378008287493763	4.0902776230635354e-7
44.51321520124173	0.0017378008287493763	8.517351214699416e-8
50.941782491215115	0.0017378008287493763	1.994185967167152e-8
58.29875895619149	0.0017378008287493763	3.5710249202707858e-9
66.71822479745835	0.0017378008287493763	4.977264358028199e-10
76.35362398484546	0.0017378008287493763	3.757538699323069e-11
87.38056075858388	0.0017378008287493763	1.1504189245941767e-12
100.00000000000031	0.0017378008287493763	1.216615937643878e-14
111.55639876771902	0.0017378008287493763	2.0993777312929517e-16
138.21730389017998	0.0017378008287493763	7.852442234890165e-22
171.24990861750976	0.0017378008287493763	0
212.17698780180757	0.0017378008287493763	0
262.885244821937	0.0017378008287493763	0
325.7122869971341	0.0017378008287493763	0
403.5543872869759	0.0017378008287493763	0
499.9999999999984	0.0017378008287493763	0
1000	0.0017378008287493763	0
2000	0.0017378008287493763	0
1.	0.0019952623149688807	0.3553583222443573
1.9999999999999998	0.0019952623149688807	0.30606132264374647
2.288838595949997	0.0019952623149688807	0.28077243203345925
2.6193910591551774	0.0019952623149688807	0.24819117657639117
2.9976816770403563	0.0019952623149688807	0.20952809241602183
3.4306047603910415	0.0019952623149688807	0.16875485048618125
3.926050291516404	0.0019952623149688807	0.13156114916876935
4.493047718431742	0.0019952623149688807	0.10251624406104433
5.141930515695824	0.0019952623149688807	0.0815617885563528
5.884524511008838	0.0019952623149688807	0.06419228756710033
6.734363409805407	0.0019952623149688807	0.04675550158523645
7.706935445758021	0.0019952623149688807	0.03020141654403534
8.819965652373028	0.0019952623149688807	0.01714297207745976
10.093738900052346	0.0019952623149688807	0.008273424576443197
11.551469585940843	0.0019952623149688807	0.0035447332220529563
13.219724714121972	0.0019952623149688807	0.0014226010457925185
15.128908076758211	0.0019952623149688807	0.0005925235001812729
17.313814360331925	0.0019952623149688807	0.0002610114491777819
19.814263275520517	0.0019952623149688807	0.00011013134962239407
22.675825267662994	0.0019952623149688807	0.00003904044428754417
25.950652033822625	0.0019952623149688807	0.00001271550076280842
29.698426982540767	0.0019952623149688807	4.572896411126857e-6
33.98745295832107	0.0019952623149688807	1.5521349697456046e-6
38.895897054520105	0.0019952623149688807	4.7066520543360764e-7
44.51321520124173	0.0019952623149688807	9.833132048618666e-8
50.941782491215115	0.0019952623149688807	2.296716002650124e-8
58.29875895619149	0.0019952623149688807	4.115526613928188e-9
66.71822479745835	0.0019952623149688807	5.737560119071024e-10
76.35362398484546	0.0019952623149688807	4.3340306257055e-11
87.38056075858388	0.0019952623149688807	1.3278111102843067e-12
100.00000000000031	0.0019952623149688807	1.4072893727284905e-14
111.55639876771902	0.0019952623149688807	2.4310089694864306e-16
138.21730389017998	0.0019952623149688807	9.12815944248574e-22
171.24990861750976	0.0019952623149688807	0
212.17698780180757	0.0019952623149688807	0
262.885244821937	0.0019952623149688807	0
325.7122869971341	0.0019952623149688807	0
403.5543872869759	0.0019952623149688807	0
499.9999999999984	0.0019952623149688807	0
1000	0.0019952623149688807	0
2000	0.0019952623149688807	0
1.	0.0022908676527677745	0.39650667326457545
1.9999999999999998	0.0022908676527677745	0.34726067285962015
2.288838595949997	0.0022908676527677745	0.3202428179227152
2.6193910591551774	0.0022908676527677745	0.28456159063069764
2.9976816770403563	0.0022908676527677745	0.24149756717587526
3.4306047603910415	0.0022908676527677745	0.19529637819984552
3.926050291516404	0.0022908676527677745	0.1525158162542285
4.493047718431742	0.0022908676527677745	0.11875700688527903
5.141930515695824	0.0022908676527677745	0.09441008409925633
5.884524511008838	0.0022908676527677745	0.07442341230985657
6.734363409805407	0.0022908676527677745	0.054368972286830616
7.706935445758021	0.0022908676527677745	0.03518485026258468
8.819965652373028	0.0022908676527677745	0.019833438600936563
10.093738900052346	0.0022908676527677745	0.009647791772670625
11.551469585940843	0.0022908676527677745	0.004127380551394771
13.219724714121972	0.0022908676527677745	0.001651305677635041
15.128908076758211	0.0022908676527677745	0.0006851848452352121
17.313814360331925	0.0022908676527677745	0.00030132367986066396
19.814263275520517	0.0022908676527677745	0.0001271944219779626
22.675825267662994	0.0022908676527677745	0.0000450935170753776
25.950652033822625	0.0022908676527677745	0.000014654330446157571
29.698426982540767	0.0022908676527677745	5.2643426326333005e-6
33.98745295832107	0.0022908676527677745	1.786876276654616e-6
38.895897054520105	0.0022908676527677745	5.417231829511958e-7
44.51321520124173	0.0022908676527677745	1.1359826570511695e-7
50.941782491215115	0.0022908676527677745	2.646108801086157e-8
58.29875895619149	0.0022908676527677745	4.745179894030037e-9
66.71822479745835	0.0022908676527677745	6.617160753196397e-10
76.35362398484546	0.0022908676527677745	5.0018114022626694e-11
87.38056075858388	0.0022908676527677745	1.5335897908233597e-12
100.00000000000031	0.0022908676527677745	1.6294417510794977e-14
111.55639876771902	0.0022908676527677745	2.8182632942435943e-16
138.21730389017998	0.0022908676527677745	1.0629120082451861e-21
171.24990861750976	0.0022908676527677745	0
212.17698780180757	0.0022908676527677745	0
262.885244821937	0.0022908676527677745	0
325.7122869971341	0.0022908676527677745	0
403.5543872869759	0.0022908676527677745	0
499.9999999999984	0.0022908676527677745	0
1000	0.0022908676527677745	0
2000	0.0022908676527677745	0
1.	0.0026302679918953843	0.4404577399581439
1.9999999999999998	0.0026302679918953843	0.3930967288052941
2.288838595949997	0.0026302679918953843	0.36465787545464334
2.6193910591551774	0.0026302679918953843	0.32598762141487514
2.9976816770403563	0.0026302679918953843	0.2783125801380667
3.4306047603910415	0.0026302679918953843	0.22615634515004965
3.926050291516404	0.0026302679918953843	0.17700483491125646
4.493047718431742	0.0026302679918953843	0.13772304585305659
5.141930515695824	0.0026302679918953843	0.10937889546037216
5.884524511008838	0.0026302679918953843	0.08637550695949067
6.734363409805407	0.0026302679918953843	0.06333056892102266
7.706935445758021	0.0026302679918953843	0.041066669454238
8.819965652373028	0.0026302679918953843	0.023174750118581527
10.093738900052346	0.0026302679918953843	0.011275917970748454
11.551469585940843	0.0026302679918953843	0.00481559071635132
13.219724714121972	0.0026302679918953843	0.0019201438222151432
15.128908076758211	0.0026302679918953843	0.000793278714921811
17.313814360331925	0.0026302679918953843	0.00034813656800242854
19.814263275520517	0.0026302679918953843	0.0001470218364940835
22.675825267662994	0.0026302679918953843	0.00005212838654759263
25.950652033822625	0.0026302679918953843	0.000016897802746728534
29.698426982540767	0.0026302679918953843	6.06254008485257e-6
33.98745295832107	0.0026302679918953843	2.0580523164747434e-6
38.895897054520105	0.0026302679918953843	6.236963757122657e-7
44.51321520124173	0.0026302679918953843	1.3133827583287701e-7
50.941782491215115	0.0026302679918953843	3.049956633368561e-8
58.29875895619149	0.0026302679918953843	5.47409092202979e-9
66.71822479745835	0.0026302679918953843	7.635884923656725e-10
76.35362398484546	0.0026302679918953843	5.77633613869826e-11
87.38056075858388	0.0026302679918953843	1.7726616990357336e-12
100.00000000000031	0.0026302679918953843	1.888791866966588e-14
111.55639876771902	0.0026302679918953843	3.2715336296735866e-16
138.21730389017998	0.0026302679918953843	1.2401059381659325e-21
171.24990861750976	0.0026302679918953843	0
212.17698780180757	0.0026302679918953843	0
262.885244821937	0.0026302679918953843	0
325.7122869971341	0.0026302679918953843	0
403.5543872869759	0.0026302679918953843	0
499.9999999999984	0.0026302679918953843	0
1000	0.0026302679918953843	0
2000	0.0026302679918953843	0
1.	0.003019951720402019	0.4867721845831177
1.9999999999999998	0.003019951720402019	0.4437582133256976
2.288838595949997	0.003019951720402019	0.41429335522836225
2.6193910591551774	0.003019951720402019	0.37294805744975223
2.9976816770403563	0.003019951720402019	0.3206369596594357
3.4306047603910415	0.003019951720402019	0.26204261879309576
3.926050291516404	0.003019951720402019	0.20567510564096833
4.493047718431742	0.003019951720402019	0.15992528421137206
5.141930515695824	0.003019951720402019	0.12685306014026015
5.884524511008838	0.003019951720402019	0.1003559225729132
6.734363409805407	0.003019951720402019	0.07390435719201324
7.706935445758021	0.003019951720402019	0.04803915305672377
8.819965652373028	0.003019951720402019	0.02714669983430582
10.093738900052346	0.003019951720402019	0.013211306624396901
11.551469585940843	0.003019951720402019	0.005631641879868746
13.219724714121972	0.003019951720402019	0.0022368443876712774
15.128908076758211	0.003019951720402019	0.0009195396582440001
17.313814360331925	0.003019951720402019	0.0004026579087051213
19.814263275520517	0.003019951720402019	0.00017011451890858287
22.675825267662994	0.003019951720402019	0.00006031932176907131
25.950652033822625	0.003019951720402019	0.000019496509517656722
29.698426982540767	0.003019951720402019	6.984595078327392e-6
33.98745295832107	0.003019951720402019	2.371611990683905e-6
38.895897054520105	0.003019951720402019	7.182644117609307e-7
44.51321520124173	0.003019951720402019	1.5196983301452143e-7
50.941782491215115	0.003019951720402019	3.516880606640454e-8
58.29875895619149	0.003019951720402019	6.3182675323770916e-9
66.71822479745835	0.003019951720402019	8.816337775052773e-10
76.35362398484546	0.003019951720402019	6.675306435876351e-11
87.38056075858388	0.003019951720402019	2.05068937915951e-12
100.00000000000031	0.003019951720402019	2.1920550718132294e-14
111.55639876771902	0.003019951720402019	3.8031290976134816e-16
138.21730389017998	0.003019951720402019	1.4499319078611314e-21
171.24990861750976	0.003019951720402019	0
212.17698780180757	0.003019951720402019	0
262.885244821937	0.003019951720402019	0
325.7122869971341	0.003019951720402019	0
403.5543872869759	0.003019951720402019	0
499.9999999999984	0.003019951720402019	0
1000	0.003019951720402019	0
2000	0.003019951720402019	0
1.	0.00346736850452532	0.5347758395494915
1.9999999999999998	0.00346736850452532	0.4992368145647495
2.288838595949997	0.00346736850452532	0.46942696062416817
2.6193910591551774	0.00346736850452532	0.425978663707218
2.9976816770403563	0.00346736850452532	0.36917558433428116
3.4306047603910415	0.00346736850452532	0.3037542409560904
3.926050291516404	0.00346736850452532	0.23926586031847102
4.493047718431742	0.00346736850452532	0.18596212746433777
5.141930515695824	0.00346736850452532	0.14727891051586847
5.884524511008838	0.00346736850452532	0.11673478399512094
6.734363409805407	0.00346736850452532	0.08635485317180445
7.706935445758021	0.00346736850452532	0.056345212762848144
8.819965652373028	0.00346736850452532	0.031886679694583066
10.093738900052346	0.00346736850452532	0.015523354249799452
11.551469585940843	0.00346736850452532	0.006603772848719361
13.219724714121972	0.00346736850452532	0.0026113487633464523
15.128908076758211	0.00346736850452532	0.0010675072825091713
17.313814360331925	0.00346736850452532	0.00046617224201586877
19.814263275520517	0.00346736850452532	0.00019703386290179719
22.675825267662994	0.00346736850452532	0.00006987580259908377
25.950652033822625	0.00346736850452532	0.000022510383684802788
29.698426982540767	0.00346736850452532	8.050572994094203e-6
33.98745295832107	0.00346736850452532	2.7346370913685843e-6
38.895897054520105	0.00346736850452532	8.273967797102659e-7
44.51321520124173	0.00346736850452532	1.759961422492798e-7
50.941782491215115	0.00346736850452532	4.057017790817172e-8
58.29875895619149	0.00346736850452532	7.296713004296058e-9
66.71822479745835	0.00346736850452532	1.018532827810394e-9
76.35362398484546	0.00346736850452532	7.719841287273142e-11
87.38056075858388	0.00346736850452532	2.3744610932143917e-12
100.00000000000031	0.00346736850452532	2.547397525073181e-14
111.55639876771902	0.00346736850452532	4.428096130791649e-16
138.21730389017998	0.00346736850452532	1.6993198831006477e-21
171.24990861750976	0.00346736850452532	0
212.17698780180757	0.00346736850452532	0
262.885244821937	0.00346736850452532	0
325.7122869971341	0.00346736850452532	0
403.5543872869759	0.00346736850452532	0
499.9999999999984	0.00346736850452532	0
1000	0.00346736850452532	0
2000	0.00346736850452532	0
1.	0.003981071705534978	0.5835381394998701
1.9999999999999998	0.003981071705534978	0.5592501849944902
2.288838595949997	0.003981071705534978	0.5301333328012091
2.6193910591551774	0.003981071705534978	0.4854630209698987
2.9976816770403563	0.003981071705534978	0.42462290146218007
3.4306047603910415	0.003981071705534978	0.35217045600561336
3.926050291516404	0.003981071705534978	0.2786791018148116
4.493047718431742	0.003981071705534978	0.21655735420199074
5.141930515695824	0.003981071705534978	0.1711950566304526
5.884524511008838	0.003981071705534978	0.13593888028119272
6.734363409805407	0.003981071705534978	0.10110192844280674
7.706935445758021	0.003981071705534978	0.06627539744921024
8.819965652373028	0.003981071705534978	0.03757123193451507
10.093738900052346	0.003981071705534978	0.01829933153143573
11.551469585940843	0.003981071705534978	0.007767153793529443
13.219724714121972	0.003981071705534978	0.0030561480446001143
15.128908076758211	0.003981071705534978	0.0012413480020895362
17.313814360331925	0.003981071705534978	0.0005404494600420984
19.814263275520517	0.003981071705534978	0.00022849668818134984
22.675825267662994	0.003981071705534978	0.00008104931318811803
25.950652033822625	0.003981071705534978	0.0000260116179087521
29.698426982540767	0.003981071705534978	9.284105574716202e-6
33.98745295832107	0.003981071705534978	3.155518631046298e-6
38.895897054520105	0.003981071705534978	9.534227424972121e-7
44.51321520124173	0.003981071705534978	2.0401894264517906e-7
50.941782491215115	0.003981071705534978	4.682415676499815e-8
58.29875895619149	0.003981071705534978	8.432067550732017e-9
66.71822479745835	0.003981071705534978	1.1774775614764411e-9
76.35362398484546	0.003981071705534978	8.935329984125118e-11
87.38056075858388	0.003981071705534978	2.7522333644051737e-12
100.00000000000031	0.003981071705534978	2.964820643450957e-14
111.55639876771902	0.003981071705534978	5.165008047385127e-16
138.21730389017998	0.003981071705534978	1.9970226515927324e-21
171.24990861750976	0.003981071705534978	0
212.17698780180757	0.003981071705534978	0
262.885244821937	0.003981071705534978	0
325.7122869971341	0.003981071705534978	0
403.5543872869759	0.003981071705534978	0
499.9999999999984	0.003981071705534978	0
1000	0.003981071705534978	0
2000	0.003981071705534978	0
1.	0.0045708818961487565	0.6317801291427413
1.9999999999999998	0.0045708818961487565	0.6232251877668593
2.288838595949997	0.0045708818961487565	0.5962763296662763
2.6193910591551774	0.0045708818961487565	0.5516230245478032
2.9976816770403563	0.0045708818961487565	0.48760589148622047
3.4306047603910415	0.0045708818961487565	0.40823938071960686
3.926050291516404	0.0045708818961487565	0.3249341147681618
4.493047718431742	0.0045708818961487565	0.2526014101257065
5.141930515695824	0.0045708818961487565	0.19924606391278996
5.884524511008838	0.0045708818961487565	0.1584858623317016
6.734363409805407	0.0045708818961487565	0.11858091647757293
7.706935445758021	0.0045708818961487565	0.07816052928046399
8.819965652373028	0.0045708818961487565	0.044422955020420624
10.093738900052346	0.0045708818961487565	0.022651848775117507
11.551469585940843	0.0045708818961487565	0.009167936077863165
13.219724714121972	0.0045708818961487565	0.0035876740679841503
15.128908076758211	0.0045708818961487565	0.0014464376512279406
17.313814360331925	0.0045708818961487565	0.0006274642063090626
19.814263275520517	0.0045708818961487565	0.00026532143995902283
22.675825267662994	0.0045708818961487565	0.0000941364488356288
25.950652033822625	0.0045708818961487565	0.000030083851466558495
29.698426982540767	0.0045708818961487565	0.000010712360170615603
33.98745295832107	0.0045708818961487565	3.6442491142662037e-6
38.895897054520105	0.0045708818961487565	1.099041998914935e-6
44.51321520124173	0.0045708818961487565	2.367587094143914e-7
50.941782491215115	0.0045708818961487565	5.407123400568911e-8
58.29875895619149	0.0045708818961487565	9.750911962087405e-9
66.71822479745835	0.0045708818961487565	1.3622342276557695e-9
76.35362398484546	0.0045708818961487565	1.035186438802567e-10
87.38056075858388	0.0045708818961487565	3.193844023949729e-12
100.00000000000031	0.0045708818961487565	3.456489441613941e-14
111.55639876771902	0.0045708818961487565	6.03662919231492e-16
138.21730389017998	0.0045708818961487565	2.354055417827405e-21
171.24990861750976	0.0045708818961487565	0
212.17698780180757	0.0045708818961487565	0
262.885244821937	0.0045708818961487565	0
325.7122869971341	0.0045708818961487565	0
403.5543872869759	0.0045708818961487565	0
499.9999999999984	0.0045708818961487565	0
1000	0.0045708818961487565	0
2000	0.0045708818961487565	0
1.	0.005248074602497733	0.6779022495966965
1.9999999999999998	0.005248074602497733	0.6902844060282266
2.288838595949997	0.005248074602497733	0.6672285542410004
2.6193910591551774	0.005248074602497733	0.6244032828722363
2.9976816770403563	0.005248074602497733	0.5586531372392748
3.4306047603910415	0.005248074602497733	0.4729325386549663
3.926050291516404	0.005248074602497733	0.3792043333855121
4.493047718431742	0.005248074602497733	0.29512363598069535
5.141930515695824	0.005248074602497733	0.2321811970267527
5.884524511008838	0.005248074602497733	0.18496794217797
6.734363409805407	0.005248074602497733	0.13936298196880095
7.706935445758021	0.005248074602497733	0.0924479219004854
8.819965652373028	0.005248074602497733	0.0527221151539673
10.093738900052346	0.005248074602497733	0.02572253302815503
11.551469585940843	0.005248074602497733	0.010864322248567529
13.219724714121972	0.005248074602497733	0.004225551721222331
15.128908076758211	0.005248074602497733	0.0016888181609984775
17.313814360331925	0.005248074602497733	0.0007296532941819048
19.814263275520517	0.005248074602497733	0.0003085764857640736
22.675825267662994	0.005248074602497733	0.00010951053113118676
25.950652033822625	0.005248074602497733	0.000034831226650691094
29.698426982540767	0.005248074602497733	0.000012368260073846401
33.98745295832107	0.005248074602497733	4.21276337217408e-6
38.895897054520105	0.005248074602497733	1.2674729201262248e-6
44.51321520124173	0.005248074602497733	2.7508954505710866e-7
50.941782491215115	0.005248074602497733	6.247953630886463e-8
58.29875895619149	0.005248074602497733	1.1285316594738033e-8
66.71822479745835	0.005248074602497733	1.5773251435078302e-9
76.35362398484546	0.005248074602497733	1.2005913744119535e-10
87.38056075858388	0.005248074602497733	3.711387650036045e-12
100.00000000000031	0.005248074602497733	4.037485610849988e-14
111.55639876771902	0.005248074602497733	7.071461229678689e-16
138.21730389017998	0.005248074602497733	2.7845566594674413e-21
171.24990861750976	0.005248074602497733	0
212.17698780180757	0.005248074602497733	0
262.885244821937	0.005248074602497733	0
325.7122869971341	0.005248074602497733	0
403.5543872869759	0.005248074602497733	0
499.9999999999984	0.005248074602497733	0
1000	0.005248074602497733	0
2000	0.005248074602497733	0
1.	0.006025595860743587	0.720067775525207
1.9999999999999998	0.006025595860743587	0.7588766348385078
2.288838595949997	0.006025595860743587	0.7419256847368441
2.6193910591551774	0.006025595860743587	0.7032893970532108
2.9976816770403563	0.006025595860743587	0.6379342261908478
3.4306047603910415	0.006025595860743587	0.5471326027896491
3.926050291516404	0.006025595860743587	0.4428276112031186
4.493047718431742	0.006025595860743587	0.34540612433258333
5.141930515695824	0.006025595860743587	0.27100475518413675
5.884524511008838	0.006025595860743587	0.21609455832079166
6.734363409805407	0.006025595860743587	0.16410367760455036
7.706935445758021	0.006025595860743587	0.10971516275923919
8.819965652373028	0.006025595860743587	0.06285492909786493
10.093738900052346	0.006025595860743587	0.030710199065801903
11.551469585940843	0.006025595860743587	0.012933359881037384
13.219724714121972	0.006025595860743587	0.004995716824615652
15.128908076758211	0.006025595860743587	0.0019771342985515847
17.313814360331925	0.006025595860743587	0.0008500135420856224
19.814263275520517	0.006025595860743587	0.0003594849334557724
22.675825267662994	0.006025595860743587	0.00012764323014612163
25.950652033822625	0.006025595860743587	0.00004037714865708796
29.698426982540767	0.006025595860743587	0.000014290830532835612
33.98745295832107	0.006025595860743587	4.875569737314452e-6
38.895897054520105	0.006025595860743587	1.4622110115431128e-6
44.51321520124173	0.006025595860743587	3.199981997526869e-7
50.941782491215115	0.006025595860743587	7.223350351967437e-8
58.29875895619149	0.006025595860743587	1.3070607669887728e-8
66.71822479745835	0.006025595860743587	1.8277786474375703e-9
76.35362398484546	0.006025595860743587	1.393867469660681e-10
87.38056075858388	0.006025595860743587	4.3186992565381185e-12
100.00000000000031	0.006025595860743587	4.7255024578614415e-14
111.55639876771902	0.006025595860743587	8.303275683662983e-16
138.21730389017998	0.006025595860743587	3.3060566967713215e-21
171.24990861750976	0.006025595860743587	0
212.17698780180757	0.006025595860743587	0
262.885244821937	0.006025595860743587	0
325.7122869971341	0.006025595860743587	0
403.5543872869759	0.006025595860743587	0
499.9999999999984	0.006025595860743587	0
1000	0.006025595860743587	0
2000	0.006025595860743587	0
1.	0.006918309709189377	0.7561509882455447
1.9999999999999998	0.006918309709189377	0.8268959778420227
2.288838595949997	0.006918309709189377	0.818565015530927
2.6193910591551774	0.006918309709189377	0.7871387993297142
2.9976816770403563	0.006918309709189377	0.7252226086839497
3.4306047603910415	0.006918309709189377	0.6315458740709513
3.926050291516404	0.006918309709189377	0.5172249185679767
4.493047718431742	0.006918309709189377	0.4059784279180817
5.141930515695824	0.006918309709189377	0.31744294002503404
5.884524511008838	0.006918309709189377	0.2528636728820649
6.734363409805407	0.006918309709189377	0.19349377016530717
7.706935445758021	0.006918309709189377	0.13066928736083483
8.819965652373028	0.006918309709189377	0.07521741257409077
10.093738900052346	0.006918309709189377	0.03685442756486335
11.551469585940843	0.006918309709189377	0.015478145165293765
13.219724714121972	0.006918309709189377	0.005933772939524987
15.128908076758211	0.006918309709189377	0.002321934973024433
17.313814360331925	0.006918309709189377	0.0009924396636198916
19.814263275520517	0.006918309709189377	0.0004195813940812565
22.675825267662994	0.006918309709189377	0.0001490652045083065
25.950652033822625	0.006918309709189377	0.000046869594737625265
29.698426982540767	0.006918309709189377	0.000016525330850829933
33.98745295832107	0.006918309709189377	5.649389034347785e-6
38.895897054520105	0.006918309709189377	1.6877723037761405e-6
44.51321520124173	0.006918309709189377	3.727637948805093e-7
50.941782491215115	0.006918309709189377	8.356994442991148e-8
58.29875895619149	0.006918309709189377	1.5152624880272045e-8
66.71822479745835	0.006918309709189377	2.120060664405925e-9
76.35362398484546	0.006918309709189377	1.6203367184931851e-10
87.38056075858388	0.006918309709189377	5.0338690468599845e-12
100.00000000000031	0.006918309709189377	5.5437767265516564e-14
111.55639876771902	0.006918309709189377	9.776661699401449e-16
138.21730389017998	0.006918309709189377	3.9420623161464296e-21
171.24990861750976	0.006918309709189377	0
212.17698780180757	0.006918309709189377	0
262.885244821937	0.006918309709189377	0
325.7122869971341	0.006918309709189377	0
403.5543872869759	0.006918309709189377	0
499.9999999999984	0.006918309709189377	0
1000	0.006918309709189377	0
2000	0.006918309709189377	0
1.	0.00794328234724283	0.7839920345515389
1.9999999999999998	0.00794328234724283	0.8914511147203639
2.288838595949997	0.00794328234724283	0.8945431283037982
2.6193910591551774	0.00794328234724283	0.8739980202799871
2.9976816770403563	0.00794328234724283	0.8194908381923609
3.4306047603910415	0.00794328234724283	0.7266010409531333
3.926050291516404	0.00794328234724283	0.604847133762703
4.493047718431742	0.00794328234724283	0.4770106822822981
5.141930515695824	0.00794328234724283	0.3723390775343647
5.884524511008838	0.00794328234724283	0.29642674225748233
6.734363409805407	0.00794328234724283	0.2286388296146727
7.706935445758021	0.00794328234724283	0.1561304016099317
8.819965652373028	0.00794328234724283	0.09048109424467107
10.093738900052346	0.00794328234724283	0.044466482642828487
11.551469585940843	0.00794328234724283	0.020621101481419497
13.219724714121972	0.00794328234724283	0.007082736579738132
15.128908076758211	0.00794328234724283	0.002736515180014776
17.313814360331925	0.00794328234724283	0.0011615065495520554
19.814263275520517	0.00794328234724283	0.0004907280204030077
22.675825267662994	0.00794328234724283	0.00017445013478443542
25.950652033822625	0.00794328234724283	0.00005449347497035787
29.698426982540767	0.00794328234724283	0.000019125726964951707
33.98745295832107	0.00794328234724283	6.555149991866355e-6
38.895897054520105	0.00794328234724283	1.9493233702098706e-6
44.51321520124173	0.00794328234724283	4.3489880808070125e-7
50.941782491215115	0.00794328234724283	9.676228645042079e-8
58.29875895619149	0.00794328234724283	1.7584470321325047e-8
66.71822479745835	0.00794328234724283	2.461716394850415e-9
76.35362398484546	0.00794328234724283	1.8863053201366468e-10
87.38056075858388	0.00794328234724283	5.878723879008653e-12
100.00000000000031	0.00794328234724283	6.520799602881469e-14
111.55639876771902	0.00794328234724283	1.154684809095946e-15
138.21730389017998	0.00794328234724283	4.722912126048682e-21
171.24990861750976	0.00794328234724283	0
212.17698780180757	0.00794328234724283	0
262.885244821937	0.00794328234724283	0
325.7122869971341	0.00794328234724283	0
403.5543872869759	0.00794328234724283	0
499.9999999999984	0.00794328234724283	0
1000	0.00794328234724283	0
2000	0.00794328234724283	0
1.	0.009120108393559116	0.801314976353105
1.9999999999999998	0.009120108393559116	0.9489679214859748
2.288838595949997	0.009120108393559116	0.9664058171369084
2.6193910591551774	0.009120108393559116	0.9606797643435125
2.9976816770403563	0.009120108393559116	0.9187735294561212
3.4306047603910415	0.009120108393559116	0.832289631382239
3.926050291516404	0.009120108393559116	0.7048637895960457
4.493047718431742	0.009120108393559116	0.5611774632935159
5.141930515695824	0.009120108393559116	0.4376428483302744
5.884524511008838	0.009120108393559116	0.34760652173363016
6.734363409805407	0.009120108393559116	0.2706666501850743
7.706935445758021	0.009120108393559116	0.18725334811296887
8.819965652373028	0.009120108393559116	0.10943827807686668
10.093738900052346	0.009120108393559116	0.05397475011179971
11.551469585940843	0.009120108393559116	0.022612651619718226
13.219724714121972	0.009120108393559116	0.008507179859481873
15.128908076758211	0.009120108393559116	0.003239002379203231
17.313814360331925	0.009120108393559116	0.0013630052007681712
19.814263275520517	0.009120108393559116	0.0005752474545477612
22.675825267662994	0.009120108393559116	0.00020470086927524542
25.950652033822625	0.009120108393559116	0.00006350475578987324
29.698426982540767	0.009120108393559116	0.000022157604388402882
33.98745295832107	0.009120108393559116	7.617478024777913e-6
38.895897054520105	0.009120108393559116	2.25334280386325e-6
44.51321520124173	0.009120108393559116	5.083066744171634e-7
50.941782491215115	0.009120108393559116	1.1215206741826735e-7
58.29875895619149	0.009120108393559116	2.043293784666765e-8
66.71822479745835	0.009120108393559116	2.8621727167960594e-9
76.35362398484546	0.009120108393559116	2.1997507511271642e-10
87.38056075858388	0.009120108393559116	6.88124185666944e-12
100.00000000000031	0.009120108393559116	7.693352713405537e-14
111.55639876771902	0.009120108393559116	1.368571319314052e-15
138.21730389017998	0.009120108393559116	5.689214388750967e-21
171.24990861750976	0.009120108393559116	0
212.17698780180757	0.009120108393559116	0
262.885244821937	0.009120108393559116	0
325.7122869971341	0.009120108393559116	0
403.5543872869759	0.009120108393559116	0
499.9999999999984	0.009120108393559116	0
1000	0.009120108393559116	0
2000	0.009120108393559116	0
1.	0.010471285480509017	0.8066759423922681
1.9999999999999998	0.010471285480509017	0.9953095020224757
2.288838595949997	0.010471285480509017	1.0294991558138342
2.6193910591551774	0.010471285480509017	1.04289905315484
2.9976816770403563	0.010471285480509017	1.0202786238134665
3.4306047603910415	0.010471285480509017	0.9465945413980085
3.926050291516404	0.010471285480509017	0.818548697124716
4.493047718431742	0.010471285480509017	0.660539568094924
5.141930515695824	0.010471285480509017	0.5150240941982885
5.884524511008838	0.010471285480509017	0.4080658877170157
6.734363409805407	0.010471285480509017	0.32091612512746764
7.706935445758021	0.010471285480509017	0.2253930374626501
8.819965652373028	0.010471285480509017	0.13312710584627635
10.093738900052346	0.010471285480509017	0.0659573479881849
11.551469585940843	0.010471285480509017	0.027612446301829657
13.219724714121972	0.010471285480509017	0.010294997401461564
15.128908076758211	0.010471285480509017	0.003853325086556549
17.313814360331925	0.010471285480509017	0.0016047820678108896
19.814263275520517	0.010471285480509017	0.0006759995585315286
22.675825267662994	0.010471285480509017	0.00024095132375071029
25.950652033822625	0.010471285480509017	0.00007418712779776071
29.698426982540767	0.010471285480509017	0.000025699156047682262
33.98745295832107	0.010471285480509017	8.866501197658779e-6
38.895897054520105	0.010471285480509017	2.608389940056029e-6
44.51321520124173	0.010471285480509017	5.954906921188017e-7
50.941782491215115	0.010471285480509017	1.3018801218399373e-7
58.29875895619149	0.010471285480509017	2.3785490902322717e-8
66.71822479745835	0.010471285480509017	3.3338272238837895e-9
76.35362398484546	0.010471285480509017	2.5712083528050587e-10
87.38056075858388	0.010471285480509017	8.078877454058383e-12
100.00000000000031	0.010471285480509017	9.110956343767612e-14
111.55639876771902	0.010471285480509017	1.6290038282085375e-15
138.21730389017998	0.010471285480509017	6.896982258783347e-21
171.24990861750976	0.010471285480509017	0
212.17698780180757	0.010471285480509017	0
262.885244821937	0.010471285480509017	0
325.7122869971341	0.010471285480509017	0
403.5543872869759	0.010471285480509017	0
499.9999999999984	0.010471285480509017	0
1000	0.010471285480509017	0
2000	0.010471285480509017	0
1.	0.012022644346174156	0.7985824474404957
1.9999999999999998	0.012022644346174156	1.0260402741137309
2.288838595949997	0.012022644346174156	1.0787904894882097
2.6193910591551774	0.012022644346174156	1.1156414268622168
2.9976816770403563	0.012022644346174156	1.1188519705994833
3.4306047603910415	0.012022644346174156	1.0650617765878572
3.926050291516404	0.012022644346174156	0.9451113173974711
4.493047718431742	0.012022644346174156	0.7767870192999532
5.141930515695824	0.012022644346174156	0.6078746770852368
5.884524511008838	0.012022644346174156	0.47939557552970186
6.734363409805407	0.012022644346174156	0.379849347000479
7.706935445758021	0.012022644346174156	0.27241691780707783
8.819965652373028	0.012022644346174156	0.16279536929336863
10.093738900052346	0.012022644346174156	0.0812069280599294
11.551469585940843	0.012022644346174156	0.0340030904450693
13.219724714121972	0.012022644346174156	0.01256946917468457
15.128908076758211	0.012022644346174156	0.004611813592246225
17.313814360331925	0.012022644346174156	0.0018961524962364624
19.814263275520517	0.012022644346174156	0.0007967477657520169
22.675825267662994	0.012022644346174156	0.00028460379220888733
25.950652033822625	0.012022644346174156	0.00008697407674097365
29.698426982540767	0.012022644346174156	0.00002984869877734813
33.98745295832107	0.012022644346174156	0.000010338657339787764
38.895897054520105	0.012022644346174156	3.024886633534628e-6
44.51321520124173	0.012022644346174156	6.995414653887074e-7
50.941782491215115	0.012022644346174156	1.5141457454089968e-7
58.29875895619149	0.012022644346174156	2.7749325922053322e-8
66.71822479745835	0.012022644346174156	3.8918271562116e-9
76.35362398484546	0.012022644346174156	3.0137752086015835e-10
87.38056075858388	0.012022644346174156	9.519167301603498e-12
100.00000000000031	0.012022644346174156	1.0836924994768809e-13
111.55639876771902	0.012022644346174156	1.9485328692737163e-15
138.21730389017998	0.012022644346174156	8.42181036516039e-21
171.24990861750976	0.012022644346174156	0
212.17698780180757	0.012022644346174156	0
262.885244821937	0.012022644346174156	0
325.7122869971341	0.012022644346174156	0
403.5543872869759	0.012022644346174156	0
499.9999999999984	0.012022644346174156	0
1000	0.012022644346174156	0
2000	0.012022644346174156	0
1.	0.01380384264602888	0.7763882659194393
1.9999999999999998	0.01380384264602888	1.0370497506007015
2.288838595949997	0.01380384264602888	1.1087497895101548
2.6193910591551774	0.01380384264602888	1.1725907925236487
2.9976816770403563	0.01380384264602888	1.2063713338457274
3.4306047603910415	0.01380384264602888	1.182711289920295
3.926050291516404	0.01380384264602888	1.0818328557571069
4.493047718431742	0.01380384264602888	0.9110198468314334
5.141930515695824	0.01380384264602888	0.718985679526145
5.884524511008838	0.01380384264602888	0.5639015658875721
6.734363409805407	0.01380384264602888	0.44908129194087676
7.706935445758021	0.01380384264602888	0.3292409966375075
8.819965652373028	0.01380384264602888	0.20059551740925025
10.093738900052346	0.01380384264602888	0.10079596856892975
11.551469585940843	0.01380384264602888	0.04226084679411065
13.219724714121972	0.01380384264602888	0.015468850189564875
15.128908076758211	0.01380384264602888	0.005560972889906618
17.313814360331925	0.01380384264602888	0.0022500215139523317
19.814263275520517	0.01380384264602888	0.0009420958743116449
22.675825267662994	0.01380384264602888	0.0003375045325605029
25.950652033822625	0.01380384264602888	0.00010232083339558511
29.698426982540767	0.01380384264602888	0.000034729477938151714
33.98745295832107	0.01380384264602888	0.000012080091171047025
38.895897054520105	0.01380384264602888	3.5167073423266336e-6
44.51321520124173	0.01380384264602888	8.24535110682354e-7
50.941782491215115	0.01380384264602888	1.7655425343722554e-7
58.29875895619149	0.01380384264602888	3.24661054766196e-8
66.71822479745835	0.01380384264602888	4.556150598569869e-9
76.35362398484546	0.01380384264602888	3.5448791093560127e-10
87.38056075858388	0.01380384264602888	1.1266375300524985e-11
100.00000000000031	0.01380384264602888	1.2957433350955103e-13
111.55639876771902	0.01380384264602888	2.344260852399928e-15
138.21730389017998	0.01380384264602888	1.036929783748785e-20
171.24990861750976	0.01380384264602888	0
212.17698780180757	0.01380384264602888	0
262.885244821937	0.01380384264602888	0
325.7122869971341	0.01380384264602888	0
403.5543872869759	0.01380384264602888	0
499.9999999999984	0.01380384264602888	0
1000	0.01380384264602888	0
2000	0.01380384264602888	0
1.	0.015848931924611172	0.7411853677211181
1.9999999999999998	0.015848931924611172	1.0250895071610109
2.288838595949997	0.015848931924611172	1.1153692817518381
2.6193910591551774	0.015848931924611172	1.2060602367257882
2.9976816770403563	0.015848931924611172	1.274730608147757
3.4306047603910415	0.015848931924611172	1.2910505427850782
3.926050291516404	0.015848931924611172	1.2229917658687257
4.493047718431742	0.015848931924611172	1.0625329039626783
5.141930515695824	0.015848931924611172	0.8526470379608002
5.884524511008838	0.015848931924611172	0.6682209453501888
6.734363409805407	0.015848931924611172	0.5311848625543972
7.706935445758021	0.015848931924611172	0.3980787513069051
8.819965652373028	0.015848931924611172	0.24926540171540404
10.093738900052346	0.015848931924611172	0.12624050325889202
11.551469585940843	0.015848931924611172	0.053075921491572066
13.219724714121972	0.015848931924611172	0.01923070620027829
15.128908076758211	0.015848931924611172	0.00676604615007471
17.313814360331925	0.015848931924611172	0.0026828382887119093
19.814263275520517	0.015848931924611172	0.0011178358957774034
22.675825267662994	0.015848931924611172	0.00040210791133450923
25.950652033822625	0.015848931924611172	0.00012096042888812015
29.698426982540767	0.015848931924611172	0.00004050452774933292
33.98745295832107	0.015848931924611172	0.000014130422192900747
38.895897054520105	0.015848931924611172	4.101935509549761e-6
44.51321520124173	0.015848931924611172	9.757566467961867e-7
50.941782491215115	0.015848931924611172	2.06545473717893e-7
58.29875895619149	0.015848931924611172	3.8119765274832454e-8
66.71822479745835	0.015848931924611172	5.352702325946661e-9
76.35362398484546	0.015848931924611172	4.187428565403985e-10
87.38056075858388	0.015848931924611172	1.3406535201891546e-11
100.00000000000031	0.015848931924611172	1.558844499961329e-13
111.55639876771902	0.015848931924611172	2.8394062680715297e-15
138.21730389017998	0.015848931924611172	1.2888007595531885e-20
171.24990861750976	0.015848931924611172	0
212.17698780180757	0.015848931924611172	0
262.885244821937	0.015848931924611172	0
325.7122869971341	0.015848931924611172	0
403.5543872869759	0.015848931924611172	0
499.9999999999984	0.015848931924611172	0
1000	0.015848931924611172	0
2000	0.015848931924611172	0
1.	0.01819700858609988	0.6946808235613801
1.9999999999999998	0.01819700858609988	0.9888408162332583
2.288838595949997	0.01819700858609988	1.0948193258852847
2.6193910591551774	0.01819700858609988	1.2093301961870353
2.9976816770403563	0.01819700858609988	1.3148102594718027
3.4306047603910415	0.01819700858609988	1.3790699818456145
3.926050291516404	0.01819700858609988	1.3589403105872992
4.493047718431742	0.01819700858609988	1.2286310732820143
5.141930515695824	0.01819700858609988	1.011960421608857
5.884524511008838	0.01819700858609988	0.7912526115443291
6.734363409805407	0.01819700858609988	0.6289498428852238
7.706935445758021	0.01819700858609988	0.4810450104420539
8.819965652373028	0.01819700858609988	0.3096089146846609
10.093738900052346	0.01819700858609988	0.15975567619101755
11.551469585940843	0.01819700858609988	0.06741778814400197
13.219724714121972	0.01819700858609988	0.02419931582246833
15.128908076758211	0.01819700858609988	0.008328567617013373
17.313814360331925	0.01819700858609988	0.0032180412947249693
19.814263275520517	0.01819700858609988	0.0013318985385459678
22.675825267662994	0.01819700858609988	0.00048158570876538165
25.950652033822625	0.01819700858609988	0.00014383103742885786
29.698426982540767	0.01819700858609988	0.00004739403226154377
33.98745295832107	0.01819700858609988	0.000016552047388040574
38.895897054520105	0.01819700858609988	4.8000597343115275e-6
44.51321520124173	0.01819700858609988	1.1590770504677528e-6
50.941782491215115	0.01819700858609988	2.4239989028008534e-7
58.29875895619149	0.01819700858609988	4.4910349909311275e-8
66.71822479745835	0.01819700858609988	6.309679329272711e-9
76.35362398484546	0.01819700858609988	4.967179266559725e-10
87.38056075858388	0.01819700858609988	1.6041353995028987e-11
100.00000000000031	0.01819700858609988	1.8870684756911e-13
111.55639876771902	0.01819700858609988	3.4627038467096436e-15
138.21730389017998	0.01819700858609988	1.6174061458335646e-20
171.24990861750976	0.01819700858609988	0
212.17698780180757	0.01819700858609988	0
262.885244821937	0.01819700858609988	0
325.7122869971341	0.01819700858609988	0
403.5543872869759	0.01819700858609988	0
499.9999999999984	0.01819700858609988	0
1000	0.01819700858609988	0
2000	0.01819700858609988	0
1.	0.02089296130854045	0.6392807950836611
1.9999999999999998	0.02089296130854045	0.9311398281063051
2.288838595949997	0.02089296130854045	1.04491016324015
2.6193910591551774	0.02089296130854045	1.178200838513664
2.9976816770403563	0.02089296130854045	1.3181204017758332
3.4306047603910415	0.02089296130854045	1.4340996272285713
3.926050291516404	0.02089296130854045	1.4774982591571548
4.493047718431742	0.02089296130854045	1.4009878342612365
5.141930515695824	0.02089296130854045	1.192467233949738
5.884524511008838	0.02089296130854045	0.939788820692154
6.734363409805407	0.02089296130854045	0.7424368047430047
7.706935445758021	0.02089296130854045	0.5808473243412775
8.819965652373028	0.02089296130854045	0.38654765475837893
10.093738900052346	0.02089296130854045	0.20379524489598866
11.551469585940843	0.02089296130854045	0.0867627641373854
13.219724714121972	0.02089296130854045	0.030877138727256503
15.128908076758211	0.02089296130854045	0.010372246692081057
17.313814360331925	0.02089296130854045	0.0038859072554679104
19.814263275520517	0.02089296130854045	0.0015945498841161726
22.675825267662994	0.02089296130854045	0.0005804254317481605
25.950652033822625	0.02089296130854045	0.0001722035720205518
29.698426982540767	0.02089296130854045	0.00005564895357329436
33.98745295832107	0.02089296130854045	0.000019414356339935573
38.895897054520105	0.02089296130854045	5.64226617719212e-6
44.51321520124173	0.02089296130854045	1.3834142705000942e-6
50.941782491215115	0.02089296130854045	2.857276849398022e-7
58.29875895619149	0.02089296130854045	5.31504760883996e-8
66.71822479745835	0.02089296130854045	7.470988954830639e-9
76.35362398484546	0.02089296130854045	5.923935164307697e-10
87.38056075858388	0.02089296130854045	1.9326890834204194e-11
100.00000000000031	0.02089296130854045	2.3017857655440073e-13
111.55639876771902	0.02089296130854045	4.2576577573226316e-15
138.21730389017998	0.02089296130854045	2.0525408635455323e-20
171.24990861750976	0.02089296130854045	0
212.17698780180757	0.02089296130854045	0
262.885244821937	0.02089296130854045	0
325.7122869971341	0.02089296130854045	0
403.5543872869759	0.02089296130854045	0
499.9999999999984	0.02089296130854045	0
1000	0.02089296130854045	0
2000	0.02089296130854045	0
1.	0.023988329190194974	0.5776874795866253
1.9999999999999998	0.023988329190194974	0.8531372424758377
2.288838595949997	0.023988329190194974	0.9685136391085029
2.6193910591551774	0.023988329190194974	1.1124696749380163
2.9976816770403563	0.023988329190194974	1.279099968878118
3.4306047603910415	0.023988329190194974	1.4443107910424342
3.926050291516404	0.023988329190194974	1.563200260734851
4.493047718431742	0.023988329190194974	1.559451045942406
5.141930515695824	0.023988329190194974	1.3906414702689684
5.884524511008838	0.023988329190194974	1.1185004610839813
6.734363409805407	0.023988329190194974	0.8770687546507779
7.706935445758021	0.023988329190194974	0.6963529481104613
8.819965652373028	0.023988329190194974	0.4837058206602796
10.093738900052346	0.023988329190194974	0.26228365935648446
11.551469585940843	0.023988329190194974	0.11302541007176901
13.219724714121972	0.023988329190194974	0.04006385593526621
15.128908076758211	0.023988329190194974	0.013088599550720087
17.313814360331925	0.023988329190194974	0.004734912902022442
19.814263275520517	0.023988329190194974	0.0019202446960927672
22.675825267662994	0.023988329190194974	0.0007043714534483485
25.950652033822625	0.023988329190194974	0.00020783564636915147
29.698426982540767	0.023988329190194974	0.00006566433105854925
33.98745295832107	0.023988329190194974	0.00002282400333108977
38.895897054520105	0.023988329190194974	6.664349897516383e-6
44.51321520124173	0.023988329190194974	1.6590449281069318e-6
50.941782491215115	0.023988329190194974	3.383829758287359e-7
58.29875895619149	0.023988329190194974	6.319947735489072e-8
66.71822479745835	0.023988329190194974	8.886890671470233e-9
76.35362398484546	0.023988329190194974	7.104778799892926e-10
87.38056075858388	0.023988329190194974	2.3456570767499473e-11
100.00000000000031	0.023988329190194974	2.830178423905428e-13
111.55639876771902	0.023988329190194974	5.280736987054662e-15
138.21730389017998	0.023988329190194974	2.6352175730131464e-20
171.24990861750976	0.023988329190194974	0
212.17698780180757	0.023988329190194974	0
262.885244821937	0.023988329190194974	0
325.7122869971341	0.023988329190194974	0
403.5543872869759	0.023988329190194974	0
499.9999999999984	0.023988329190194974	0
1000	0.023988329190194974	0
2000	0.023988329190194974	0
1.	0.027542287033381744	0.5143262311735695
1.9999999999999998	0.027542287033381744	0.7609073365008915
2.288838595949997	0.027542287033381744	0.8711068197071365
2.6193910591551774	0.027542287033381744	1.0160908592509592
2.9976816770403563	0.027542287033381744	1.1973910889487651
3.4306047603910415	0.027542287033381744	1.4015420165770225
3.926050291516404	0.027542287033381744	1.5951799294814857
4.493047718431742	0.027542287033381744	1.6849591808150346
5.141930515695824	0.027542287033381744	1.5926590809981362
5.884524511008838	0.027542287033381744	1.3306677153374884
6.734363409805407	0.027542287033381744	1.0460886275136718
7.706935445758021	0.027542287033381744	0.8305085200261696
8.819965652373028	0.027542287033381744	0.6042444440287041
10.093738900052346	0.027542287033381744	0.3404916062045267
11.551469585940843	0.027542287033381744	0.1490588625834425
13.219724714121972	0.027542287033381744	0.05286318638439972
15.128908076758211	0.027542287033381744	0.016793645986151233
17.313814360331925	0.027542287033381744	0.0058388258146706284
19.814263275520517	0.027542287033381744	0.002328930059329516
22.675825267662994	0.027542287033381744	0.0008607707425183788
25.950652033822625	0.027542287033381744	0.0002533287311885054
29.698426982540767	0.027542287033381744	0.00007790883441417136
33.98745295832107	0.027542287033381744	0.00002689814461680713
38.895897054520105	0.027542287033381744	7.906286865285908e-6
44.51321520124173	0.027542287033381744	1.997346448014125e-6
50.941782491215115	0.027542287033381744	4.0245791252673497e-7
58.29875895619149	0.027542287033381744	7.5455923565663e-8
66.71822479745835	0.027542287033381744	1.0613255792369763e-8
76.35362398484546	0.027542287033381744	8.564173422562602e-10
87.38056075858388	0.027542287033381744	2.866621543123751e-11
100.00000000000031	0.027542287033381744	3.5064593353049297e-13
111.55639876771902	0.027542287033381744	6.60462927784044e-15
138.21730389017998	0.027542287033381744	3.421606688910305e-20
171.24990861750976	0.027542287033381744	0
212.17698780180757	0.027542287033381744	0
262.885244821937	0.027542287033381744	0
325.7122869971341	0.027542287033381744	0
403.5543872869759	0.027542287033381744	0
499.9999999999984	0.027542287033381744	0
1000	0.027542287033381744	0
2000	0.027542287033381744	0
1.	0.03162277660168389	0.44823037900627416
1.9999999999999998	0.03162277660168389	0.6616115693810063
2.288838595949997	0.03162277660168389	0.7611861462727102
2.6193910591551774	0.03162277660168389	0.897610187818743
2.9976816770403563	0.03162277660168389	1.0792015673374555
3.4306047603910415	0.03162277660168389	1.3088529357620082
3.926050291516404	0.03162277660168389	1.5590803060471452
4.493047718431742	0.03162277660168389	1.7517188420187468
5.141930515695824	0.03162277660168389	1.773428824846701
5.884524511008838	0.03162277660168389	1.5738668707192007
6.734363409805407	0.03162277660168389	1.247057942639671
7.706935445758021	0.03162277660168389	0.9889373002357394
8.819965652373028	0.03162277660168389	0.7488121089776286
10.093738900052346	0.03162277660168389	0.44582381640402835
11.551469585940843	0.03162277660168389	0.1992618563957661
13.219724714121972	0.03162277660168389	0.07095706271959694
15.128908076758211	0.03162277660168389	0.022016915597332203
17.313814360331925	0.03162277660168389	0.007286936205844204
19.814263275520517	0.03162277660168389	0.002848502208715881
22.675825267662994	0.03162277660168389	0.0010596930909696157
25.950652033822625	0.03162277660168389	0.00031208161332857924
29.698426982540767	0.03162277660168389	0.00009318942651223665
33.98745295832107	0.03162277660168389	0.00003185394430558028
38.895897054520105	0.03162277660168389	9.407704859949137e-6
44.51321520124173	0.03162277660168389	2.409308756727535e-6
50.941782491215115	0.03162277660168389	4.800714488787789e-7
58.29875895619149	0.03162277660168389	9.031065042716e-8
66.71822479745835	0.03162277660168389	1.2704522203464529e-8
76.35362398484546	0.03162277660168389	1.0359161389786349e-9
87.38056075858388	0.03162277660168389	3.5223721328795716e-11
100.00000000000031	0.03162277660168389	4.371521491004787e-13
111.55639876771902	0.03162277660168389	8.319151063617887e-15
138.21730389017998	0.03162277660168389	4.4865943669004005e-20
171.24990861750976	0.03162277660168389	0
212.17698780180757	0.03162277660168389	0
262.885244821937	0.03162277660168389	0
325.7122869971341	0.03162277660168389	0
403.5543872869759	0.03162277660168389	0
499.9999999999984	0.03162277660168389	0
1000	0.03162277660168389	0
2000	0.03162277660168389	0
1.	0.03630780547701025	0.38231393483710996
1.9999999999999998	0.03630780547701025	0.5618999028665861
2.288838595949997	0.03630780547701025	0.6474524717483554
2.6193910591551774	0.03630780547701025	0.7714413293703821
2.9976816770403563	0.03630780547701025	0.9364547454047736
3.4306047603910415	0.03630780547701025	1.1686625528789194
3.926050291516404	0.03630780547701025	1.452439975822842
4.493047718431742	0.03630780547701025	1.7364387476756755
5.141930515695824	0.03630780547701025	1.906199975545142
5.884524511008838	0.03630780547701025	1.8161484804382217
6.734363409805407	0.03630780547701025	1.490189164821834
7.706935445758021	0.03630780547701025	1.1711317161132462
8.819965652373028	0.03630780547701025	0.9199951726089742
10.093738900052346	0.03630780547701025	0.5829238455591838
11.551469585940843	0.03630780547701025	0.27056461934929893
13.219724714121972	0.03630780547701025	0.0971143635475682
15.128908076758211	0.03630780547701025	0.029465436389176206
17.313814360331925	0.03630780547701025	0.009254429861356704
19.814263275520517	0.03630780547701025	0.0035181151315980225
22.675825267662994	0.03630780547701025	0.001313873189493295
25.950652033822625	0.03630780547701025	0.00038804466168696785
29.698426982540767	0.03630780547701025	0.00011217955727231083
33.98745295832107	0.03630780547701025	0.000037925022108736405
38.895897054520105	0.03630780547701025	0.00001123551826716514
44.51321520124173	0.03630780547701025	2.912134277622286e-6
50.941782491215115	0.03630780547701025	5.748308887636706e-7
58.29875895619149	0.03630780547701025	1.0840462342064074e-7
66.71822479745835	0.03630780547701025	1.5250442171170932e-8
76.35362398484546	0.03630780547701025	1.2580020488116188e-9
87.38056075858388	0.03630780547701025	4.3538872049620174e-11
100.00000000000031	0.03630780547701025	5.488184778274808e-13
111.55639876771902	0.03630780547701025	1.0562541156827127e-14
138.21730389017998	0.03630780547701025	5.9451624351841e-20
171.24990861750976	0.03630780547701025	0
212.17698780180757	0.03630780547701025	0
262.885244821937	0.03630780547701025	0
325.7122869971341	0.03630780547701025	0
403.5543872869759	0.03630780547701025	0
499.9999999999984	0.03630780547701025	0
1000	0.03630780547701025	0
2000	0.03630780547701025	0
1.	0.04168693834703368	0.31831563157392456
1.9999999999999998	0.04168693834703368	0.46650245843763555
2.288838595949997	0.04168693834703368	0.5370820306714472
2.6193910591551774	0.04168693834703368	0.6411706386937389
2.9976816770403563	0.04168693834703368	0.7850969163947401
3.4306047603910415	0.04168693834703368	0.998026643965275
3.926050291516404	0.04168693834703368	1.2852889066711106
4.493047718431742	0.04168693834703368	1.628867438566378
5.141930515695824	0.04168693834703368	1.943599526663458
5.884524511008838	0.04168693834703368	2.023039365666888
6.734363409805407	0.04168693834703368	1.7685504318517609
7.706935445758021	0.04168693834703368	1.3892334369867079
8.819965652373028	0.04168693834703368	1.108212380652121
10.093738900052346	0.04168693834703368	0.7606619356488699
11.551469585940843	0.04168693834703368	0.3710320132523003
13.219724714121972	0.04168693834703368	0.13566912217568566
15.128908076758211	0.04168693834703368	0.040368898123735064
17.313814360331925	0.04168693834703368	0.012009881064761526
19.814263275520517	0.04168693834703368	0.004383849107674559
22.675825267662994	0.04168693834703368	0.0016408537235518567
25.950652033822625	0.04168693834703368	0.00048737670995750547
29.698426982540767	0.04168693834703368	0.00013615562014303328
33.98745295832107	0.04168693834703368	0.0000454789535066226
38.895897054520105	0.04168693834703368	0.000013446836279997252
44.51321520124173	0.04168693834703368	3.519159896946544e-6
50.941782491215115	0.04168693834703368	6.900319378437224e-7
58.29875895619149	0.04168693834703368	1.3026431836863623e-7
66.71822479745835	0.04168693834703368	1.832529195265514e-8
76.35362398484546	0.04168693834703368	1.531040674681314e-9
87.38056075858388	0.04168693834703368	5.403516712572407e-11
100.00000000000031	0.04168693834703368	6.928011006240174e-13
111.55639876771902	0.04168693834703368	1.3500585719109019e-14
138.21730389017998	0.04168693834703368	7.948592960485735e-20
171.24990861750976	0.04168693834703368	0
212.17698780180757	0.04168693834703368	0
262.885244821937	0.04168693834703368	0
325.7122869971341	0.04168693834703368	0
403.5543872869759	0.04168693834703368	0
499.9999999999984	0.04168693834703368	0
1000	0.04168693834703368	0
2000	0.04168693834703368	0
1.	0.047863009232264	0.2589779303534388
1.9999999999999998	0.047863009232264	0.3792798979413713
2.288838595949997	0.047863009232264	0.43622160543598804
2.6193910591551774	0.047863009232264	0.5180781973259407
2.9976816770403563	0.047863009232264	0.6387855209778439
3.4306047603910415	0.047863009232264	0.8182643005167467
3.926050291516404	0.047863009232264	1.0807499066205974
4.493047718431742	0.047863009232264	1.4389982425218995
5.141930515695824	0.047863009232264	1.8584799273768149
5.884524511008838	0.047863009232264	2.1384395040437214
6.734363409805407	0.047863009232264	2.0522889050187647
7.706935445758021	0.047863009232264	1.6567122640480498
8.819965652373028	0.047863009232264	1.3148416393515965
10.093738900052346	0.047863009232264	0.9753589852605871
11.551469585940843	0.047863009232264	0.5134118970686329
13.219724714121972	0.047863009232264	0.192977351433009
15.128908076758211	0.047863009232264	0.05695078223811135
17.313814360331925	0.047863009232264	0.016014047584782098
19.814263275520517	0.047863009232264	0.005527876030904672
22.675825267662994	0.047863009232264	0.002063379568569997
25.950652033822625	0.047863009232264	0.0006186513904880752
29.698426982540767	0.047863009232264	0.0001668523481050211
33.98745295832107	0.047863009232264	0.0000549771428682043
38.895897054520105	0.047863009232264	0.00001619422772908037
44.51321520124173	0.047863009232264	4.266513377573057e-6
50.941782491215115	0.047863009232264	8.341910318129897e-7
58.29875895619149	0.047863009232264	1.5730372568890696e-7
66.71822479745835	0.047863009232264	2.2130123745968586e-8
76.35362398484546	0.047863009232264	1.8747841862215985e-9
87.38056075858388	0.047863009232264	6.758140831842028e-11
100.00000000000031	0.047863009232264	8.831449126292633e-13
111.55639876771902	0.047863009232264	1.744888571352064e-14
138.21730389017998	0.047863009232264	1.0768302173657305e-19
171.24990861750976	0.047863009232264	0
212.17698780180757	0.047863009232264	0
262.885244821937	0.047863009232264	0
325.7122869971341	0.047863009232264	0
403.5543872869759	0.047863009232264	0
499.9999999999984	0.047863009232264	0
1000	0.047863009232264	0
2000	0.047863009232264	0
1.	0.05495408738576265	0.205484095159568
1.9999999999999998	0.05495408738576265	0.3008911394448607
2.288838595949997	0.05495408738576265	0.3457659427733549
2.6193910591551774	0.05495408738576265	0.41005945776664326
2.9976816770403563	0.05495408738576265	0.5049267927997261
3.4306047603910415	0.05495408738576265	0.6481164111108381
3.926050291516404	0.05495408738576265	0.867555548300228
4.493047718431742	0.05495408738576265	1.1963591085396907
5.141930515695824	0.05495408738576265	1.6533706811007496
5.884524511008838	0.05495408738576265	2.1087409432589
6.734363409805407	0.05495408738576265	2.2764885368761845
7.706935445758021	0.05495408738576265	1.972920859009183
8.819965652373028	0.05495408738576265	1.5483112432605448
10.093738900052346	0.05495408738576265	1.215366150054337
11.551469585940843	0.05495408738576265	0.7123561408910403
13.219724714121972	0.05495408738576265	0.2792193030758922
15.128908076758211	0.05495408738576265	0.0827321296742892
17.313814360331925	0.05495408738576265	0.02201110357295718
19.814263275520517	0.05495408738576265	0.0070785965575945456
22.675825267662994	0.05495408738576265	0.002613084994620444
25.950652033822625	0.05495408738576265	0.0007950433149679122
29.698426982540767	0.05495408738576265	0.00020673005086841622
33.98745295832107	0.05495408738576265	0.0000671363094232445
38.895897054520105	0.05495408738576265	0.000019617222425692653
44.51321520124173	0.05495408738576265	5.183974717548917e-6
50.941782491215115	0.05495408738576265	1.0157058368413814e-6
58.29875895619149	0.05495408738576265	1.9075386823831464e-7
66.71822479745835	0.05495408738576265	2.684481506612031e-8
76.35362398484546	0.05495408738576265	2.308495144552138e-9
87.38056075858388	0.05495408738576265	8.509592986320962e-11
100.00000000000031	0.05495408738576265	1.1365940422910568e-12
111.55639876771902	0.05495408738576265	2.2804006117361572e-14
138.21730389017998	0.05495408738576265	1.4781372084109586e-19
171.24990861750976	0.05495408738576265	0
212.17698780180757	0.05495408738576265	0
262.885244821937	0.05495408738576265	0
325.7122869971341	0.05495408738576265	0
403.5543872869759	0.05495408738576265	0
499.9999999999984	0.05495408738576265	0
1000	0.05495408738576265	0
2000	0.05495408738576265	0
1.	0.06309573444801955	0.160259866315343
1.9999999999999998	0.06309573444801955	0.23236579067113441
2.288838595949997	0.06309573444801955	0.26679658943621454
2.6193910591551774	0.06309573444801955	0.316180914559641
2.9976816770403563	0.06309573444801955	0.38851406589090476
3.4306047603910415	0.06309573444801955	0.4980531847016501
3.926050291516404	0.06309573444801955	0.6694155191951537
4.493047718431742	0.06309573444801955	0.9431040451431949
5.141930515695824	0.06309573444801955	1.3683292403172778
5.884524511008838	0.06309573444801955	1.9168111461493762
6.734363409805407	0.06309573444801955	2.3564693028515182
7.706935445758021	0.06309573444801955	2.295821126006192
8.819965652373028	0.06309573444801955	1.8286430793800472
10.093738900052346	0.06309573444801955	1.4630577866017749
11.551469585940843	0.06309573444801955	0.9711643975227384
13.219724714121972	0.06309573444801955	0.4113530013372072
15.128908076758211	0.06309573444801955	0.12359490390478134
17.313814360331925	0.06309573444801955	0.03137372871237756
19.814263275520517	0.06309573444801955	0.00926848640036133
22.675825267662994	0.06309573444801955	0.0033419458576514553
25.950652033822625	0.06309573444801955	0.0010360050066780299
29.698426982540767	0.06309573444801955	0.0002598671557707779
33.98745295832107	0.06309573444801955	0.00008213611820979779
38.895897054520105	0.06309573444801955	0.000024155256489742312
44.51321520124173	0.06309573444801955	6.3763087792205894e-6
50.941782491215115	0.06309573444801955	1.2593734772174876e-6
58.29875895619149	0.06309573444801955	2.3465389895176156e-7
66.71822479745835	0.06309573444801955	3.305371519302606e-8
76.35362398484546	0.06309573444801955	2.888297916957368e-9
87.38056075858388	0.06309573444801955	1.089509122098335e-10
100.00000000000031	0.06309573444801955	1.4927681399007431e-12
111.55639876771902	0.06309573444801955	3.046495549327065e-14
138.21730389017998	0.06309573444801955	2.079018060443269e-19
171.24990861750976	0.06309573444801955	0
212.17698780180757	0.06309573444801955	0
262.885244821937	0.06309573444801955	0
325.7122869971341	0.06309573444801955	0
403.5543872869759	0.06309573444801955	0
499.9999999999984	0.06309573444801955	0
1000	0.06309573444801955	0
2000	0.06309573444801955	0
1.	0.07244359600749928	0.12398301549395571
1.9999999999999998	0.07244359600749928	0.17556202426106512
2.288838595949997	0.07244359600749928	0.20080290548971458
2.6193910591551774	0.07244359600749928	0.23803918235178415
2.9976816770403563	0.07244359600749928	0.29124835721360715
3.4306047603910415	0.07244359600749928	0.37273828358552197
3.926050291516404	0.07244359600749928	0.5007591803759491
4.493047718431742	0.07244359600749928	0.71148425097888
5.141930515695824	0.07244359600749928	1.0588205042259258
5.884524511008838	0.07244359600749928	1.5945434841132342
6.734363409805407	0.07244359600749928	2.2249911055521787
7.706935445758021	0.07244359600749928	2.5243085008045374
8.819965652373028	0.07244359600749928	2.1690712422115768
10.093738900052346	0.07244359600749928	1.7107983733375312
11.551469585940843	0.07244359600749928	1.2790688760867028
13.219724714121972	0.07244359600749928	0.6084514993586658
15.128908076758211	0.07244359600749928	0.19002744098022642
17.313814360331925	0.07244359600749928	0.046478998137713015
19.814263275520517	0.07244359600749928	0.012453698374494632
22.675825267662994	0.07244359600749928	0.004332316722539898
25.950652033822625	0.07244359600749928	0.0013702532423992522
29.698426982540767	0.07244359600749928	0.00033418950014880045
33.98745295832107	0.07244359600749928	0.0001008255515342566
38.895897054520105	0.07244359600749928	0.000030043039959652707
44.51321520124173	0.07244359600749928	7.888063102997369e-6
50.941782491215115	0.07244359600749928	1.5806591663064562e-6
58.29875895619149	0.07244359600749928	2.90860739568577e-7
66.71822479745835	0.07244359600749928	4.105262403517613e-8
76.35362398484546	0.07244359600749928	3.6486765125056403e-9
87.38056075858388	0.07244359600749928	1.4088230608246813e-10
100.00000000000031	0.07244359600749928	1.9885685439235295e-12
111.55639876771902	0.07244359600749928	4.1350985070074276e-14
138.21730389017998	0.07244359600749928	2.980623673999855e-19
171.24990861750976	0.07244359600749928	0
212.17698780180757	0.07244359600749928	0
262.885244821937	0.07244359600749928	0
325.7122869971341	0.07244359600749928	0
403.5543872869759	0.07244359600749928	0
499.9999999999984	0.07244359600749928	0
1000	0.07244359600749928	0
2000	0.07244359600749928	0
1.	0.08317637711026743	0.09634565894199974
1.9999999999999998	0.08317637711026743	0.13191109309404037
2.288838595949997	0.08317637711026743	0.1495980232278692
2.6193910591551774	0.08317637711026743	0.1753002413731396
2.9976816770403563	0.08317637711026743	0.2137203933041681
3.4306047603910415	0.08317637711026743	0.2725680991927901
3.926050291516404	0.08317637711026743	0.36473436808008336
4.493047718431742	0.08317637711026743	0.5164068057188237
5.141930515695824	0.08317637711026743	0.7747839140783281
5.884524511008838	0.08317637711026743	1.2187543745692326
6.734363409805407	0.08317637711026743	1.8919029637467424
7.706935445758021	0.08317637711026743	2.534626968320885
8.819965652373028	0.08317637711026743	2.524149283663516
10.093738900052346	0.08317637711026743	1.9850589714708409
11.551469585940843	0.08317637711026743	1.5936974943485882
13.219724714121972	0.08317637711026743	0.8934396810053442
15.128908076758211	0.08317637711026743	0.2977459356015959
17.313814360331925	0.08317637711026743	0.07195483238059476
19.814263275520517	0.08317637711026743	0.017404690628051573
22.675825267662994	0.08317637711026743	0.005718527106291063
25.950652033822625	0.08317637711026743	0.0018384858321474204
29.698426982540767	0.08317637711026743	0.0004420337724086777
33.98745295832107	0.08317637711026743	0.0001245054321243736
38.895897054520105	0.08317637711026743	0.00003774993562258766
44.51321520124173	0.08317637711026743	9.818856625499796e-6
50.941782491215115	0.08317637711026743	2.0086665784582482e-6
58.29875895619149	0.08317637711026743	3.6320270350606585e-7
66.71822479745835	0.08317637711026743	5.144534243617771e-8
76.35362398484546	0.08317637711026743	4.654832908321558e-9
87.38056075858388	0.08317637711026743	1.8399651984879355e-10
100.00000000000031	0.08317637711026743	2.687535713004787e-12
111.55639876771902	0.08317637711026743	5.702986845062663e-14
138.21730389017998	0.08317637711026743	4.362726501382557e-19
171.24990861750976	0.08317637711026743	0
212.17698780180757	0.08317637711026743	0
262.885244821937	0.08317637711026743	0
325.7122869971341	0.08317637711026743	0
403.5543872869759	0.08317637711026743	0
499.9999999999984	0.08317637711026743	0
1000	0.08317637711026743	0
2000	0.08317637711026743	0
1.	0.09549925860214398	0.07588276874357398
1.9999999999999998	0.09549925860214398	0.0995474087234168
2.288838595949997	0.09549925860214398	0.1110590735104476
2.6193910591551774	0.09549925860214398	0.1279672306627313
2.9976816770403563	0.09549925860214398	0.15355835569016954
3.4306047603910415	0.09549925860214398	0.19320487833168568
3.926050291516404	0.09549925860214398	0.2568704166710462
4.493047718431742	0.09549925860214398	0.36250309196850594
5.141930515695824	0.09549925860214398	0.5438710027769937
5.884524511008838	0.09549925860214398	0.8708092296086405
6.734363409805407	0.09549925860214398	1.4474243289382647
7.706935445758021	0.09549925860214398	2.2562571476591877
8.819965652373028	0.09549925860214398	2.7391573914319665
10.093738900052346	0.09549925860214398	2.331746408017772
11.551469585940843	0.09549925860214398	1.866048801364696
13.219724714121972	0.09549925860214398	1.267498458639965
15.128908076758211	0.09549925860214398	0.47299809217049815
17.313814360331925	0.09549925860214398	0.11616533123066364
19.814263275520517	0.09549925860214398	0.025579002996129866
22.675825267662994	0.09549925860214398	0.0076620335848351945
25.950652033822625	0.09549925860214398	0.0024925835192706135
29.698426982540767	0.09549925860214398	0.0006034536401589786
33.98745295832107	0.09549925860214398	0.00015558680775511414
38.895897054520105	0.09549925860214398	0.0000475950317279618
44.51321520124173	0.09549925860214398	0.000012224499750464708
50.941782491215115	0.09549925860214398	2.5655387100451243e-6
58.29875895619149	0.09549925860214398	4.5366395084044354e-7
66.71822479745835	0.09549925860214398	6.461622678001841e-8
76.35362398484546	0.09549925860214398	5.95656348663142e-9
87.38056075858388	0.09549925860214398	2.411483137290186e-10
100.00000000000031	0.09549925860214398	3.659019764156933e-12
111.55639876771902	0.09549925860214398	7.933451604277167e-14
138.21730389017998	0.09549925860214398	6.484663793245423e-19
171.24990861750976	0.09549925860214398	0
212.17698780180757	0.09549925860214398	0
262.885244821937	0.09549925860214398	0
325.7122869971341	0.09549925860214398	0
403.5543872869759	0.09549925860214398	0
499.9999999999984	0.09549925860214398	0
1000	0.09549925860214398	0
2000	0.09549925860214398	0
1.	0.10964781961431896	0.056521246847656706
1.9999999999999998	0.10964781961431896	0.07693298831977655
2.288838595949997	0.10964781961431896	0.08425700610772738
2.6193910591551774	0.10964781961431896	0.09475406805547434
2.9976816770403563	0.10964781961431896	0.11068664368805303
3.4306047603910415	0.10964781961431896	0.13575312593066644
3.926050291516404	0.10964781961431896	0.17670305780086573
4.493047718431742	0.10964781961431896	0.246172203608531
5.141930515695824	0.10964781961431896	0.36810139613696446
5.884524511008838	0.10964781961431896	0.5915648041328707
6.734363409805407	0.10964781961431896	1.0143081499151825
7.706935445758021	0.10964781961431896	1.7638727676460204
8.819965652373028	0.10964781961431896	2.6357979119227157
10.093738900052346	0.10964781961431896	2.708909268208877
11.551469585940843	0.10964781961431896	2.1122093111722635
13.219724714121972	0.10964781961431896	1.6721429377822667
15.128908076758211	0.10964781961431896	0.75261237135594
17.313814360331925	0.10964781961431896	0.1943431152999774
19.814263275520517	0.10964781961431896	0.039727290496121774
22.675825267662994	0.10964781961431896	0.010508508854475171
25.950652033822625	0.10964781961431896	0.003399072574620518
29.698426982540767	0.10964781961431896	0.0008406919403764403
33.98745295832107	0.10964781961431896	0.0001993124771470781
38.895897054520105	0.10964781961431896	0.00005973892892525894
44.51321520124173	0.10964781961431896	0.000015125718634368986
50.941782491215115	0.10964781961431896	3.2640087260218074e-6
58.29875895619149	0.10964781961431896	5.624327723767253e-7
66.71822479745835	0.10964781961431896	8.072923509266219e-8
76.35362398484546	0.10964781961431896	7.58568874946313e-9
87.38056075858388	0.10964781961431896	3.149873812640735e-10
100.00000000000031	0.10964781961431896	4.976420672749391e-12
111.55639876771902	0.10964781961431896	1.103579760746064e-13
138.21730389017998	0.10964781961431896	9.723086308128728e-19
171.24990861750976	0.10964781961431896	1.058093912973939e-25
212.17698780180757	0.10964781961431896	0
262.885244821937	0.10964781961431896	0
325.7122869971341	0.10964781961431896	0
403.5543872869759	0.10964781961431896	0
499.9999999999984	0.10964781961431896	0
1000	0.10964781961431896	0
2000	0.10964781961431896	0