1.	0.001	0.000238621
1.9999999999999998	0.001	0.000315181
2.288838595949997	0.001	0.0003482108394413115
2.6193910591551774	0.001	0.0003922251636204219
2.9976816770403563	0.001	0.00045066429880852104
3.4306047603910415	0.001	0.0005278009712658174
3.926050291516404	0.001	0.0006288870677613685
4.493047718431742	0.001	0.0007606824696621338
5.141930515695824	0.001	0.0009316121537302591
5.884524511008838	0.001	0.0011529815093492457
6.734363409805407	0.001	0.0014373312481490703
7.706935445758021	0.001	0.0017933383329333454
8.819965652373028	0.001	0.002219308336110742
10.093738900052346	0.001	0.0027015235136188154
11.551469585940843	0.001	0.0032079294343586367
13.219724714121972	0.001	0.003666423984136005
15.128908076758211	0.001	0.0039742002348836175
17.313814360331925	0.001	0.00403773866820197
19.814263275520517	0.001	0.0038058434058815403
22.675825267662994	0.001	0.0032914845255840102
25.950652033822625	0.001	0.0025819703922079556
29.698426982540767	0.001	0.0018274358709937267
33.98745295832107	0.001	0.0011711071985580999
38.895897054520105	0.001	0.0006840882922508461
44.51321520124173	0.001	0.0003675805605671596
50.941782491215115	0.001	0.0001817455061385913
58.29875895619149	0.001	0.00008366934715519533
66.71822479745835	0.001	0.00003649154734612788
76.35362398484546	0.001	0.00001603217844230693
87.38056075858388	0.001	6.121115270371281e-6
100.00000000000031	0.001	2.599699999999952e-6
111.55639876771902	0.001	1.1806631282131512e-6
138.21730389017998	0.001	2.2183478393679867e-7
171.24990861750976	0.001	3.8304253200443036e-8
212.17698780180757	0.001	8.025252153106201e-9
262.885244821937	0.001	1.5406165837395124e-9
325.7122869971341	0.001	2.0776453289769762e-10
403.5543872869759	0.001	3.7988403192867705e-11
499.9999999999984	0.001	1.034651927470117e-11
1.	0.0011481536214968829	0.0002737938584635842
1.9999999999999998	0.0011481536214968829	0.00036153013058146767
2.288838595949997	0.0011481536214968829	0.00039939206422028327
2.6193910591551774	0.0011481536214968829	0.0004498525929095468
2.9976816770403563	0.0011481536214968829	0.0005168609568698577
3.4306047603910415	0.0011481536214968829	0.0006053240043458518
3.926050291516404	0.0011481536214968829	0.000721267330418551
4.493047718431742	0.0011481536214968829	0.0008724491171528579
5.141930515695824	0.0011481536214968829	0.0010685135151137348
5.884524511008838	0.0011481536214968829	0.0013224358640404775
6.734363409805407	0.0011481536214968829	0.001648616585113235
7.706935445758021	0.0011481536214968829	0.0020570845210693247
8.819965652373028	0.0011481536214968829	0.0025459960606975833
10.093738900052346	0.0011481536214968829	0.0030995452302281395
11.551469585940843	0.0011481536214968829	0.0036810194166470448
13.219724714121972	0.0011481536214968829	0.004207787803017745
15.128908076758211	0.0011481536214968829	0.004561784625502677
17.313814360331925	0.0011481536214968829	0.004635403078243518
19.814263275520517	0.0011481536214968829	0.004369747684528795
22.675825267662994	0.0011481536214968829	0.0037795356471282265
25.950652033822625	0.0011481536214968829	0.0029649912954619172
29.698426982540767	0.0011481536214968829	0.0020987318964569767
33.98745295832107	0.0011481536214968829	0.001344942519367515
38.895897054520105	0.0011481536214968829	0.0007856898191250617
44.51321520124173	0.0011481536214968829	0.0004221168289604816
50.941782491215115	0.0011481536214968829	0.00020870824094570885
58.29875895619149	0.0011481536214968829	0.00009607373223875277
66.71822479745835	0.0011481536214968829	0.00004190917169766211
76.35362398484546	0.0011481536214968829	0.000018411233239194638
87.38056075858388	0.0011481536214968829	7.0265026803139095e-6
100.00000000000031	0.0011481536214968829	2.9866094164027796e-6
111.55639876771902	0.0011481536214968829	1.3563515399153706e-6
138.21730389017998	0.0011481536214968829	2.548403691260178e-7
171.24990861750976	0.0011481536214968829	4.400246629567903e-8
212.17698780180757	0.0011481536214968829	9.218846863880994e-9
262.885244821937	0.0011481536214968829	1.7697468039890907e-9
325.7122869971341	0.0011481536214968829	2.386643433563568e-10
403.5543872869759	0.0011481536214968829	4.363762621866183e-11
499.9999999999984	0.0011481536214968829	1.1885097835657885e-11
1.	0.0013182567385564075	0.0003141162268858302
1.9999999999999998	0.0013182567385564075	0.0004146339818222126
2.288838595949997	0.0013182567385564075	0.00045802366491823105
2.6193910591551774	0.0013182567385564075	0.0005158599495034773
2.9976816770403563	0.0013182567385564075	0.0005926799392274061
3.4306047603910415	0.0013182567385564075	0.0006941135751646063
3.926050291516404	0.0013182567385564075	0.0008270770604218339
4.493047718431742	0.0013182567385564075	0.0010004668477602773
5.141930515695824	0.0013182567385564075	0.0012253371953998926
5.884524511008838	0.0013182567385564075	0.0015165482640199113
6.734363409805407	0.0013182567385564075	0.0018906570022664809
7.706935445758021	0.0013182567385564075	0.002359282011441522
8.819965652373028	0.0013182567385564075	0.0029203706303079866
10.093738900052346	0.0013182567385564075	0.0035557890692457096
11.551469585940843	0.0013182567385564075	0.004223455669474549
13.219724714121972	0.0013182567385564075	0.004828763365061956
15.128908076758211	0.0013182567385564075	0.005235967389324721
17.313814360331925	0.0013182567385564075	0.005321355100825839
19.814263275520517	0.0013182567385564075	0.005017132055666033
22.675825267662994	0.0013182567385564075	0.004339982039253279
25.950652033822625	0.0013182567385564075	0.003404865262779489
29.698426982540767	0.0013182567385564075	0.0024105485740332274
33.98745295832107	0.0013182567385564075	0.0015446556678981327
38.895897054520105	0.0013182567385564075	0.0009023421488272801
44.51321520124173	0.0013182567385564075	0.0004847562195115392
50.941782491215115	0.0013182567385564075	0.00023969507332703103
58.29875895619149	0.0013182567385564075	0.00011034644796682248
66.71822479745835	0.0013182567385564075	0.00004811731152949133
76.35362398484546	0.0013182567385564075	0.000021135619340016318
87.38056075858388	0.0013182567385564075	8.067636542969299e-6
100.00000000000031	0.0013182567385564075	3.428901519786455e-6
111.55639876771902	0.0013182567385564075	1.5571682644083056e-6
138.21730389017998	0.0013182567385564075	2.92567590570649e-7
171.24990861750976	0.0013182567385564075	5.051514404977886e-8
212.17698780180757	0.0013182567385564075	1.0582959608942415e-8
262.885244821937	0.0013182567385564075	2.031609671324211e-9
325.7122869971341	0.0013182567385564075	2.7397841764108134e-10
403.5543872869759	0.0013182567385564075	5.00938512806643e-11
499.9999999999984	0.0013182567385564075	1.3643436886815828e-11
1.	0.0015135612484362087	0.00036033729487791567
1.9999999999999998	0.0015135612484362087	0.00047546538779243526
2.288838595949997	0.0015135612484362087	0.0005251761863773925
2.6193910591551774	0.0015135612484362087	0.0005914527282499009
2.9976816770403563	0.0015135612484362087	0.0006794980036918676
3.4306047603910415	0.0015135612484362087	0.000795784112670605
3.926050291516404	0.0015135612484362087	0.0009482398743259567
4.493047718431742	0.0015135612484362087	0.0011470801341443152
5.141930515695824	0.0015135612484362087	0.001404931376559436
5.884524511008838	0.0015135612484362087	0.0017388636942284996
6.734363409805407	0.0015135612484362087	0.0021678936517292875
7.706935445758021	0.0015135612484362087	0.0027054596896171597
8.819965652373028	0.0015135612484362087	0.0033493402205294095
10.093738900052346	0.0015135612484362087	0.004078733794471192
11.551469585940843	0.0015135612484362087	0.004845397973343581
13.219724714121972	0.0015135612484362087	0.005541010613875737
15.128908076758211	0.0015135612484362087	0.006009665307116924
17.313814360331925	0.0015135612484362087	0.006108713031266315
19.814263275520517	0.0015135612484362087	0.005760429866684081
22.675825267662994	0.0015135612484362087	0.00498372583133709
25.950652033822625	0.0015135612484362087	0.003910018956894448
29.698426982540767	0.0015135612484362087	0.002768656034306537
33.98745295832107	0.0015135612484362087	0.00177411237564134
38.895897054520105	0.0015135612484362087	0.0010364113000060748
44.51321520124173	0.0015135612484362087	0.0005567257946415666
50.941782491215115	0.0015135612484362087	0.00027527599419430133
58.29875895619149	0.0015135612484362087	0.00012671993363316293
66.71822479745835	0.0015135612484362087	0.00005527086600570701
76.35362398484546	0.0015135612484362087	0.000024286587461651198
87.38056075858388	0.0015135612484362087	9.263821135107717e-6
100.00000000000031	0.0015135612484362087	3.93147134280375e-6
111.55639876771902	0.0015135612484362087	1.7853426000200489e-6
138.21730389017998	0.0015135612484362087	3.3543248881224637e-7
171.24990861750976	0.0015135612484362087	5.791442080883965e-8
212.17698780180757	0.0015135612484362087	1.2132655144162977e-8
262.885244821937	0.0015135612484362087	2.32909644778999e-9
325.7122869971341	0.0015135612484362087	3.14097440642445e-10
403.5543872869759	0.0015135612484362087	5.7428134437375514e-11
499.9999999999984	0.0015135612484362087	1.5640880060257488e-11
1.	0.0017378008287493763	0.0004133021953158778
1.9999999999999998	0.0017378008287493763	0.0005451192566335461
2.288838595949997	0.0017378008287493763	0.0006020560064288503
2.6193910591551774	0.0017378008287493763	0.0006779806011670065
2.9976816770403563	0.0017378008287493763	0.0007788668822263373
3.4306047603910415	0.0017378008287493763	0.0009121451077923035
3.926050291516404	0.0017378008287493763	0.0010869206278936573
4.493047718431742	0.0017378008287493763	0.001314889700701555
5.141930515695824	0.0017378008287493763	0.001610531023083019
5.884524511008838	0.0017378008287493763	0.0019933635485993523
6.734363409805407	0.0017378008287493763	0.002485283330777895
7.706935445758021	0.0017378008287493763	0.0031018485733226783
8.819965652373028	0.0017378008287493763	0.003840698924941058
10.093738900052346	0.0017378008287493763	0.004677895702936525
11.551469585940843	0.0017378008287493763	0.005558294260843902
13.219724714121972	0.0017378008287493763	0.006357759996525138
15.128908076758211	0.0017378008287493763	0.0068971437030790035
17.313814360331925	0.0017378008287493763	0.007012451049566572
19.814263275520517	0.0017378008287493763	0.006613859008329746
22.675825267662994	0.0017378008287493763	0.005722983221873021
25.950652033822625	0.0017378008287493763	0.004490250201509609
29.698426982540767	0.0017378008287493763	0.0031801643347810775
33.98745295832107	0.0017378008287493763	0.002037713505130411
38.895897054520105	0.0017378008287493763	0.001190401078080546
44.51321520124173	0.0017378008287493763	0.0006393795417208904
50.941782491215115	0.0017378008287493763	0.0003161640316035129
58.29875895619149	0.0017378008287493763	0.00014555402136141125
66.71822479745835	0.0017378008287493763	0.00006348763874193998
76.35362398484546	0.0017378008287493763	0.000027903675829283013
87.38056075858388	0.0017378008287493763	0.000010642166474325215
100.00000000000031	0.0017378008287493763	4.172661718207963e-6
111.55639876771902	0.0017378008287493763	1.8947928906699218e-6
138.21730389017998	0.0017378008287493763	3.5598917926605335e-7
171.24990861750976	0.0017378008287493763	6.146134228912925e-8
212.17698780180757	0.0017378008287493763	1.2875162403926464e-8
262.885244821937	0.0017378008287493763	2.471631661513835e-9
325.7122869971341	0.0017378008287493763	3.333186471006257e-10
403.5543872869759	0.0017378008287493763	6.094135192035055e-11
499.9999999999984	0.0017378008287493763	1.6597579390859e-11
1.	0.0019952623149688807	0.00047397954415590694
1.9999999999999998	0.0019952623149688807	0.0006248457143191585
2.288838595949997	0.0019952623149688807	0.0006900354711843437
2.6193910591551774	0.0019952623149688807	0.0007769892101662949
2.9976816770403563	0.0019952623149688807	0.0008925506095509082
3.4306047603910415	0.0019952623149688807	0.001045263116526499
3.926050291516404	0.0019952623149688807	0.0012455715549269922
4.493047718431742	0.0019952623149688807	0.0015068906678746808
5.141930515695824	0.0019952623149688807	0.001845772411636367
5.884524511008838	0.0019952623149688807	0.002284595601572511
6.734363409805407	0.0019952623149688807	0.0028484857324716736
7.706935445758021	0.0019952623149688807	0.003555570754102887
8.819965652373028	0.0019952623149688807	0.004403301731223948
10.093738900052346	0.0019952623149688807	0.005364213131752789
11.551469585940843	0.0019952623149688807	0.0063751662357398
13.219724714121972	0.0019952623149688807	0.0072941764449323
15.128908076758211	0.0019952623149688807	0.007915129642023894
17.313814360331925	0.0019952623149688807	0.008049666702890982
19.814263275520517	0.0019952623149688807	0.007593735506620601
22.675825267662994	0.0019952623149688807	0.006572116718911999
25.950652033822625	0.0019952623149688807	0.005156856726715275
29.698426982540767	0.0019952623149688807	0.0036529959992051397
33.98745295832107	0.0019952623149688807	0.0023405571205898676
38.895897054520105	0.0019952623149688807	0.0013673621760705002
44.51321520124173	0.0019952623149688807	0.0007344449771444707
50.941782491215115	0.0019952623149688807	0.0003631664341794405
58.29875895619149	0.0019952623149688807	0.00016716028833414887
66.71822479745835	0.0019952623149688807	0.00007290698027339709
76.35362398484546	0.0019952623149688807	0.000032058793981073946
87.38056075858388	0.0019952623149688807	0.000012209784781049425
100.00000000000031	0.0019952623149688807	4.7064454626248e-6
111.55639876771902	0.0019952623149688807	2.1370944068975577e-6
138.21730389017998	0.0019952623149688807	4.0150442502571904e-7
171.24990861750976	0.0019952623149688807	6.931635920541603e-8
212.17698780180757	0.0019952623149688807	1.4519946628757951e-8
262.885244821937	0.0019952623149688807	2.7873764300046086e-9
325.7122869971341	0.0019952623149688807	3.758968950991756e-10
403.5543872869759	0.0019952623149688807	6.872484950080558e-11
499.9999999999984	0.0019952623149688807	1.871726284354122e-11
1.	0.0022908676527677745	0.0005434644482602808
1.9999999999999998	0.0022908676527677745	0.0007160592757254916
2.288838595949997	0.0022908676527677745	0.0007906668382749368
2.6193910591551774	0.0022908676527677745	0.0008902034715514897
2.9976816770403563	0.0022908676527677745	0.0010225396454347363
3.4306047603910415	0.0022908676527677745	0.0011974609966658896
3.926050291516404	0.0022908676527677745	0.0014269687136034687
4.493047718431742	0.0022908676527677745	0.0017264470515423167
5.141930515695824	0.0022908676527677745	0.0021148082129551753
5.884524511008838	0.0022908676527677745	0.002617670785633519
6.734363409805407	0.0022908676527677745	0.0032639295436036426
7.706935445758021	0.0022908676527677745	0.004074662081790347
8.819965652373028	0.0022908676527677745	0.005047201088308592
10.093738900052346	0.0022908676527677745	0.006150054738432509
11.551469585940843	0.0022908676527677745	0.007310928349185575
13.219724714121972	0.0022908676527677745	0.008367660734035475
15.128908076758211	0.0022908676527677745	0.009082841308612205
17.313814360331925	0.0022908676527677745	0.009239937555499365
19.814263275520517	0.0022908676527677745	0.008718748721704665
22.675825267662994	0.0022908676527677745	0.007547519718192252
25.950652033822625	0.0022908676527677745	0.005922697717584393
29.698426982540767	0.0022908676527677745	0.00419643619916079
33.98745295832107	0.0022908676527677745	0.0026886337735913656
38.895897054520105	0.0022908676527677745	0.001570659056612414
44.51321520124173	0.0022908676527677745	0.000843633124583121
50.941782491215115	0.0022908676527677745	0.0004171767326290142
58.29875895619149	0.0022908676527677745	0.00019204005845598355
66.71822479745835	0.0022908676527677745	0.00008381189242951776
76.35362398484546	0.0022908676527677745	0.00003680321276238468
87.38056075858388	0.0022908676527677745	0.000014015966750904533
100.00000000000031	0.0022908676527677745	5.4039844612433e-6
111.55639876771902	0.0022908676527677745	2.4537066220595803e-6
138.21730389017998	0.0022908676527677745	4.609769186995341e-7
171.24990861750976	0.0022908676527677745	7.957972866518118e-8
212.17698780180757	0.0022908676527677745	1.666893242507599e-8
262.885244821937	0.0022908676527677745	3.1998941021051592e-9
325.7122869971341	0.0022908676527677745	4.315290803048507e-10
403.5543872869759	0.0022908676527677745	7.889400076239687e-11
499.9999999999984	0.0022908676527677745	2.1486695309094593e-11
1.	0.0026302679918953843	0.0006230045293911576
1.9999999999999998	0.0026302679918953843	0.0008203653828598702
2.288838595949997	0.0026302679918953843	0.0009057129044392979
2.6193910591551774	0.0026302679918953843	0.001019609658445359
2.9976816770403563	0.0026302679918953843	0.0011710798970627876
3.4306047603910415	0.0026302679918953843	0.0013713814968817403
3.926050291516404	0.0026302679918953843	0.0016342689498882127
4.493047718431742	0.0026302679918953843	0.0019773771346901906
5.141930515695824	0.0026302679918953843	0.002422318580638464
5.884524511008838	0.0026302679918953843	0.002998401677823458
6.734363409805407	0.0026302679918953843	0.003738870448301611
7.706935445758021	0.0026302679918953843	0.0046682421360574305
8.819965652373028	0.0026302679918953843	0.005783851283812205
10.093738900052346	0.0026302679918953843	0.007049530252555988
11.551469585940843	0.0026302679918953843	0.008382635845203112
13.219724714121972	0.0026302679918953843	0.00959764339379003
15.128908076758211	0.0026302679918953843	0.010421992756552322
17.313814360331925	0.0026302679918953843	0.010605888498807411
19.814263275520517	0.0026302679918953843	0.010010501101738374
22.675825267662994	0.0026302679918953843	0.008667888980686416
25.950652033822625	0.0026302679918953843	0.00680280211058055
29.698426982540767	0.0026302679918953843	0.004821045406660636
33.98745295832107	0.0026302679918953843	0.003088786631729704
38.895897054520105	0.0026302679918953843	0.0018046393862191353
44.51321520124173	0.0026302679918953843	0.000969035099771123
50.941782491215115	0.0026302679918953843	0.00047920496709990493
58.29875895619149	0.0026302679918953843	0.00022061127361931195
66.71822479745835	0.0026302679918953843	0.00009638268632014924
76.35362398484546	0.0026302679918953843	0.00004225461084132951
87.38056075858388	0.0026302679918953843	0.000016092880813156276
100.00000000000031	0.0026302679918953843	6.208735238590959e-6
111.55639876771902	0.0026302679918953843	2.818946727056981e-6
138.21730389017998	0.0026302679918953843	5.295783009264583e-7
171.24990861750976	0.0026302679918953843	9.141743124974799e-8
212.17698780180757	0.0026302679918953843	1.91472140563028e-8
262.885244821937	0.0026302679918953843	3.6756286194655633e-9
325.7122869971341	0.0026302679918953843	4.956837998492377e-10
403.5543872869759	0.0026302679918953843	9.062074609978397e-11
499.9999999999984	0.0026302679918953843	2.468004142846241e-11
1.	0.003019951720402019	0.0007140114001390088
1.9999999999999998	0.003019951720402019	0.0009395725234725539
2.288838595949997	0.003019951720402019	0.001037160102629778
2.6193910591551774	0.003019951720402019	0.001167421133892929
2.9976816770403563	0.003019951720402019	0.0013407216324130096
3.4306047603910415	0.003019951720402019	0.0015699837633115028
3.926050291516404	0.003019951720402019	0.001870981240542166
4.493047718431742	0.003019951720402019	0.0022639496761599947
5.141930515695824	0.003019951720402019	0.002773561999667931
5.884524511008838	0.003019951720402019	0.0034333364108263716
6.734363409805407	0.003019951720402019	0.004281466116090278
7.706935445758021	0.003019951720402019	0.005346587991107914
8.819965652373028	0.003019951720402019	0.006626128702660916
10.093738900052346	0.003019951720402019	0.008078585375701415
11.551469585940843	0.003019951720402019	0.00960943345802775
13.219724714121972	0.003019951720402019	0.01100701852029976
15.128908076758211	0.003019951720402019	0.01195820756033626
17.313814360331925	0.003019951720402019	0.012173203012008998
19.814263275520517	0.003019951720402019	0.011493716527263442
22.675825267662994	0.003019951720402019	0.009954919169880557
25.950652033822625	0.003019951720402019	0.007814375827630197
29.698426982540767	0.003019951720402019	0.005539350652916256
33.98745295832107	0.003019951720402019	0.0035488238645607862
38.895897054520105	0.003019951720402019	0.002074172073911406
44.51321520124173	0.003019951720402019	0.0011132193066513971
50.941782491215115	0.003019951720402019	0.0005505088478960847
58.29875895619149	0.003019951720402019	0.00025339380242432385
66.71822479745835	0.003019951720402019	0.00011071090306090515
76.35362398484546	0.003019951720402019	0.000048564762130981396
87.38056075858388	0.003019951720402019	0.000018468917574755137
100.00000000000031	0.003019951720402019	7.1328940806002775e-6
111.55639876771902	0.003019951720402019	3.238333548375652e-6
138.21730389017998	0.003019951720402019	6.083450844035462e-7
171.24990861750976	0.003019951720402019	1.0500737053464575e-7
212.17698780180757	0.003019951720402019	2.199195602792823e-8
262.885244821937	0.003019951720402019	4.2217102586387285e-9
325.7122869971341	0.003019951720402019	5.693242864585312e-10
403.5543872869759	0.003019951720402019	1.0408051905303618e-10
499.9999999999984	0.003019951720402019	2.8345315909563757e-11
1.	0.00346736850452532	0.0008180736521756256
1.9999999999999998	0.00346736850452532	0.0010757095449668499
2.288838595949997	0.00346736850452532	0.0011872189563839886
2.6193910591551774	0.00346736850452532	0.0013361199909763064
2.9976816770403563	0.00346736850452532	0.0015342903689817985
3.4306047603910415	0.00346736850452532	0.001796562552699166
3.926050291516404	0.00346736850452532	0.0021410593285895543
4.493047718431742	0.00346736850452532	0.0025909670965496043
5.141930515695824	0.00346736850452532	0.0031744491845850944
5.884524511008838	0.00346736850452532	0.003929773495448082
6.734363409805407	0.00346736850452532	0.004900892208132172
7.706935445758021	0.00346736850452532	0.006121251696160795
8.819965652373028	0.00346736850452532	0.007588551051690006
10.093738900052346	0.00346736850452532	0.00925525297737684
11.551469585940843	0.00346736850452532	0.011013158631180013
13.219724714121972	0.00346736850452532	0.01262130879691912
15.128908076758211	0.00346736850452532	0.013717695056809677
17.313814360331925	0.00346736850452532	0.013971389539387084
19.814263275520517	0.00346736850452532	0.01319650568933131
22.675825267662994	0.00346736850452532	0.011433576112874093
25.950652033822625	0.00346736850452532	0.008978232073133826
29.698426982540767	0.00346736850452532	0.006365172847457553
33.98745295832107	0.00346736850452532	0.004077443324745624
38.895897054520105	0.00346736850452532	0.0023833899830199615
44.51321520124173	0.00346736850452532	0.0012789479174613837
50.941782491215115	0.00346736850452532	0.0006325084865561895
58.29875895619149	0.00346736850452532	0.0002910657789517421
66.71822479745835	0.00346736850452532	0.0001270947616019003
76.35362398484546	0.00346736850452532	0.00005574070086861716
87.38056075858388	0.00346736850452532	0.00002119261384202194
100.00000000000031	0.00346736850452532	8.194116452901831e-6
111.55639876771902	0.00346736850452532	3.7198436856397033e-6
138.21730389017998	0.00346736850452532	6.987734667334425e-7
171.24990861750976	0.00346736850452532	1.206074350609249e-7
212.17698780180757	0.00346736850452532	2.5256947149477633e-8
262.885244821937	0.00346736850452532	4.848448463188139e-9
325.7122869971341	0.00346736850452532	6.538431364258337e-10
403.5543872869759	0.00346736850452532	1.1952733475001123e-10
499.9999999999984	0.00346736850452532	3.2551683585449566e-11
1.	0.003981071705534978	0.0009369913926278526
1.9999999999999998	0.003981071705534978	0.0012310805123169023
2.288838595949997	0.003981071705534978	0.001358419945222904
2.6193910591551774	0.003981071705534978	0.0015285012678781368
2.9976816770403563	0.003981071705534978	0.0017549718883963605
3.4306047603910415	0.003981071705534978	0.002054844636847363
3.926050291516404	0.003981071705534978	0.0024489212784621238
4.493047718431742	0.003981071705534978	0.002963819155995726
5.141930515695824	0.003981071705534978	0.0036315921061032368
5.884524511008838	0.003981071705534978	0.00449596776530688
6.734363409805407	0.003981071705534978	0.005607467228583966
7.706935445758021	0.003981071705534978	0.007005186368894126
8.819965652373028	0.003981071705534978	0.008687507054143274
10.093738900052346	0.003981071705534978	0.010599858312669873
11.551469585940843	0.003981071705534978	0.01261866318591367
13.219724714121972	0.003981071705534978	0.014468722506669926
15.128908076758211	0.003981071705534978	0.015735007789833583
17.313814360331925	0.003981071705534978	0.01603420177407634
19.814263275520517	0.003981071705534978	0.015151819450324538
22.675825267662994	0.003981071705534978	0.013132183914445445
25.950652033822625	0.003981071705534978	0.010315845697532801
29.698426982540767	0.003981071705534978	0.007315356615522103
33.98745295832107	0.003981071705534978	0.00468564086606353
38.895897054520105	0.003981071705534978	0.002739052352740775
44.51321520124173	0.003981071705534978	0.0014698488765019727
50.941782491215115	0.003981071705534978	0.0007267303375086733
58.29875895619149	0.003981071705534978	0.0003344943327056543
66.71822479745835	0.003981071705534978	0.0001461848518728598
76.35362398484546	0.003981071705534978	0.00006406624126959568
87.38056075858388	0.003981071705534978	0.0000243471518595988
100.00000000000031	0.003981071705534978	9.424744089570873e-6
111.55639876771902	0.003981071705534978	4.278144672834182e-6
138.21730389017998	0.003981071705534978	8.036134253368269e-7
171.24990861750976	0.003981071705534978	1.386905279921779e-7
212.17698780180757	0.003981071705534978	2.904100430245571e-8
262.885244821937	0.003981071705534978	5.5748024710142226e-9
325.7122869971341	0.003981071705534978	7.517939153177435e-10
403.5543872869759	0.003981071705534978	1.3742797036111295e-10
499.9999999999984	0.003981071705534978	3.742599015714644e-11
1.	0.0045708818961487565	0.0010727704336678323
1.9999999999999998	0.0045708818961487565	0.0014082505650729936
2.288838595949997	0.0045708818961487565	0.0015535399158271524
2.6193910591551774	0.0045708818961487565	0.0017476814225076108
2.9976816770403563	0.0045708818961487565	0.0020063021278703655
3.4306047603910415	0.0045708818961487565	0.0023489452655361077
3.926050291516404	0.0045708818961487565	0.002799491419126008
4.493047718431742	0.0045708818961487565	0.0033884589825210034
5.141930515695824	0.0045708818961487565	0.004152342345686186
5.884524511008838	0.0045708818961487565	0.005141058805140313
6.734363409805407	0.0045708818961487565	0.00641261817663084
7.706935445758021	0.0045708818961487565	0.008012895719499452
8.819965652373028	0.0045708818961487565	0.009941276468807665
10.093738900052346	0.0045708818961487565	0.012135366769480974
11.551469585940843	0.0045708818961487565	0.014453657500367924
13.219724714121972	0.0045708818961487565	0.01658332571133591
15.128908076758211	0.0045708818961487565	0.018046408721212482
17.313814360331925	0.0045708818961487565	0.018400201833057434
19.814263275520517	0.0045708818961487565	0.017396421958333845
22.675825267662994	0.0045708818961487565	0.015084181353461274
25.950652033822625	0.0045708818961487565	0.0118536522747958
29.698426982540767	0.0045708818961487565	0.008407884505095659
33.98745295832107	0.0045708818961487565	0.005385435405137394
38.895897054520105	0.0045708818961487565	0.0031487226603486625
44.51321520124173	0.0045708818961487565	0.0016889986866552894
50.941782491215115	0.0045708818961487565	0.0008351656745593765
58.29875895619149	0.0045708818961487565	0.00038445467524874115
66.71822479745835	0.0045708818961487565	0.00016804482744331063
76.35362398484546	0.0045708818961487565	0.00007363273114881546
87.38056075858388	0.0045708818961487565	0.000027982374498795413
100.00000000000031	0.0045708818961487565	0.00001083900457048019
111.55639876771902	0.0045708818961487565	4.919623310423457e-6
138.21730389017998	0.0045708818961487565	9.24062912211962e-7
171.24990861750976	0.0045708818961487565	1.5946183667650014e-7
212.17698780180757	0.0045708818961487565	3.3386646928717826e-8
262.885244821937	0.0045708818961487565	6.408972157437637e-9
325.7122869971341	0.0045708818961487565	8.64281723764254e-10
403.5543872869759	0.0045708818961487565	1.579837272074992e-10
499.9999999999984	0.0045708818961487565	4.302294588027749e-11
1.	0.005248074602497733	0.0012276510445934884
1.9999999999999998	0.005248074602497733	0.0016100613592678799
2.288838595949997	0.005248074602497733	0.0017757106903074696
2.6193910591551774	0.005248074602497733	0.001997112504499778
2.9976816770403563	0.005248074602497733	0.0022922134381406535
3.4306047603910415	0.005248074602497733	0.00268342719442973
3.926050291516404	0.005248074602497733	0.0031981730263580367
4.493047718431742	0.005248074602497733	0.003871490538511396
5.141930515695824	0.005248074602497733	0.004744864770425988
5.884524511008838	0.005248074602497733	0.005875202656493213
6.734363409805407	0.005248074602497733	0.007329082587773646
7.706935445758021	0.005248074602497733	0.009160419150300084
8.819965652373028	0.005248074602497733	0.01137030099877548
10.093738900052346	0.005248074602497733	0.013887182872178784
11.551469585940843	0.005248074602497733	0.016549758608429322
13.219724714121972	0.005248074602497733	0.01900183826985682
15.128908076758211	0.005248074602497733	0.02069401949371701
17.313814360331925	0.005248074602497733	0.021113711869429647
19.814263275520517	0.005248074602497733	0.019973434263479084
22.675825267662994	0.005248074602497733	0.01732678668762461
25.950652033822625	0.005248074602497733	0.013624166326525699
29.698426982540767	0.005248074602497733	0.009664846708099814
33.98745295832107	0.005248074602497733	0.006190853589675263
38.895897054520105	0.005248074602497733	0.0036194847571362973
44.51321520124173	0.005248074602497733	0.0019410193987175071
50.941782491215115	0.005248074602497733	0.0009598325211374954
58.29875895619149	0.005248074602497733	0.00044187828076960054
66.71822479745835	0.005248074602497733	0.000193194892118217
76.35362398484546	0.005248074602497733	0.00008450536185664165
87.38056075858388	0.005248074602497733	0.00003228361346306315
100.00000000000031	0.005248074602497733	0.000012471311054447209
111.55639876771902	0.005248074602497733	5.6598515004377285e-6
138.21730389017998	0.005248074602497733	1.0630394331096067e-6
171.24990861750976	0.005248074602497733	1.834231329170711e-7
212.17698780180757	0.005248074602497733	3.839860259249433e-8
262.885244821937	0.005248074602497733	7.371006884968281e-9
325.7122869971341	0.005248074602497733	9.940118392819008e-10
403.5543872869759	0.005248074602497733	1.8168743432749732e-10
499.9999999999984	0.005248074602497733	4.9476881438168565e-11
1.	0.006025595860743587	0.001404119060544829
1.9999999999999998	0.006025595860743587	0.00183968877754241
2.288838595949997	0.006025595860743587	0.00202835773786974
2.6193910591551774	0.006025595860743587	0.002280629432494621
2.9976816770403563	0.006025595860743587	0.002617019999596735
3.4306047603910415	0.006025595860743587	0.003063293624086178
3.926050291516404	0.006025595860743587	0.003650947985072054
4.493047718431742	0.006025595860743587	0.004420173983669987
5.141930515695824	0.006025595860743587	0.005418147312529502
5.884524511008838	0.006025595860743587	0.006709604376384778
6.734363409805407	0.006025595860743587	0.008370931797335904
7.706935445758021	0.006025595860743587	0.01046558324316871
8.819965652373028	0.006025595860743587	0.012997281449394323
10.093738900052346	0.006025595860743587	0.015884070969170633
11.551469585940843	0.006025595860743587	0.018941923465927706
13.219724714121972	0.006025595860743587	0.021766410637252473
15.128908076758211	0.006025595860743587	0.02372508571232608
17.313814360331925	0.006025595860743587	0.024225176011676803
19.814263275520517	0.006025595860743587	0.022932503232628774
22.675825267662994	0.006025595860743587	0.01990405359026229
25.950652033822625	0.006025595860743587	0.015667351177534723
29.698426982540767	0.006025595860743587	0.011111467174496702
33.98745295832107	0.006025595860743587	0.007117838866860729
38.895897054520105	0.006025595860743587	0.004162458882860906
44.51321520124173	0.006025595860743587	0.0022313957864107457
50.941782491215115	0.006025595860743587	0.0011032223093266754
58.29875895619149	0.006025595860743587	0.0005079599691036664
66.71822479745835	0.006025595860743587	0.0002222245238252857
76.35362398484546	0.006025595860743587	0.00009725060098791753
87.38056075858388	0.006025595860743587	0.00003694998974896571
100.00000000000031	0.006025595860743587	0.00001433879005818225
111.55639876771902	0.006025595860743587	6.506497287136643e-6
138.21730389017998	0.006025595860743587	1.2219746797544294e-6
171.24990861750976	0.006025595860743587	2.1081931894358953e-7
212.17698780180757	0.006025595860743587	4.412710809718642e-8
262.885244821937	0.006025595860743587	8.470570982117269e-9
325.7122869971341	0.006025595860743587	1.1422874800267185e-9
403.5543872869759	0.006025595860743587	2.0877641571577725e-10
499.9999999999984	0.006025595860743587	5.6852102843973485e-11
1.	0.006918309709189377	0.0016049199345870738
1.9999999999999998	0.006918309709189377	0.0021006299149957724
2.288838595949997	0.006918309709189377	0.002315318862912327
2.6193910591551774	0.006918309709189377	0.0026024209676835976
2.9976816770403563	0.006918309709189377	0.0029854818499847604
3.4306047603910415	0.006918309709189377	0.0034940362997807088
3.926050291516404	0.006918309709189377	0.004164300284260802
4.493047718431742	0.006918309709189377	0.005042446263674434
5.141930515695824	0.006918309709189377	0.006181980775183072
5.884524511008838	0.006918309709189377	0.007656539761197308
6.734363409805407	0.006918309709189377	0.009553588009426347
7.706935445758021	0.006918309709189377	0.011947988304884695
8.819965652373028	0.006918309709189377	0.014847288072332437
10.093738900052346	0.006918309709189377	0.018157892971101174
11.551469585940843	0.006918309709189377	0.021669625842707096
13.219724714121972	0.006918309709189377	0.024924428349359998
15.128908076758211	0.006918309709189377	0.02719390108131979
17.313814360331925	0.006918309709189377	0.027792090437204077
19.814263275520517	0.006918309709189377	0.026329320377382885
22.675825267662994	0.006918309709189377	0.022867161548725423
25.950652033822625	0.006918309709189377	0.018008770397805067
29.698426982540767	0.006918309709189377	0.012777270577265652
33.98745295832107	0.006918309709189377	0.008186620001708155
38.895897054520105	0.006918309709189377	0.004788531835178892
44.51321520124173	0.006918309709189377	0.0025655068229380427
50.941782491215115	0.006918309709189377	0.0012679634803107755
58.29875895619149	0.006918309709189377	0.0005842047897708
66.71822479745835	0.006918309709189377	0.00025577561865523443
76.35362398484546	0.006918309709189377	0.00011184584423358396
87.38056075858388	0.006918309709189377	0.0000424187452878194
100.00000000000031	0.006918309709189377	0.000016449999312251842
111.55639876771902	0.006918309709189377	7.463375416660613e-6
138.21730389017998	0.006918309709189377	1.4015752638122013e-6
171.24990861750976	0.006918309709189377	2.417679394437333e-7
212.17698780180757	0.006918309709189377	5.059643637193953e-8
262.885244821937	0.006918309709189377	9.712309503365172e-9
325.7122869971341	0.006918309709189377	1.309734276055786e-9
403.5543872869759	0.006918309709189377	2.3936307333808655e-10
499.9999999999984	0.006918309709189377	6.517900136189857e-11
1.	0.00794328234724283	0.0018330305158896
1.9999999999999998	0.00794328234724283	0.0023967406690508695
2.288838595949997	0.00794328234724283	0.002640729548796367
2.6193910591551774	0.00794328234724283	0.0029671020425373956
2.9976816770403563	0.00794328234724283	0.003402743183051049
3.4306047603910415	0.00794328234724283	0.003981598436022085
3.926050291516404	0.00794328234724283	0.004745271823478507
4.493047718431742	0.00794328234724283	0.0057468575566322995
5.141930515695824	0.00794328234724283	0.007047033118091564
5.884524511008838	0.00794328234724283	0.00872931390856321
6.734363409805407	0.00794328234724283	0.010893812612978863
7.706935445758021	0.00794328234724283	0.013628990986665352
8.819965652373028	0.00794328234724283	0.016947691784780415
10.093738900052346	0.00794328234724283	0.020743713475786022
11.551469585940843	0.00794328234724283	0.024776622908195208
13.219724714121972	0.00794328234724283	0.028528842279342336
15.128908076758211	0.00794328234724283	0.03116161170346262
17.313814360331925	0.00794328234724283	0.03188019985796586
19.814263275520517	0.00794328234724283	0.03022853318747186
22.675825267662994	0.00794328234724283	0.026273164828608
25.950652033822625	0.00794328234724283	0.0207025877747809
29.698426982540767	0.00794328234724283	0.014696171201715208
33.98745295832107	0.00794328234724283	0.009417600723307858
38.895897054520105	0.00794328234724283	0.0055047640013991634
44.51321520124173	0.00794328234724283	0.002949987354050828
50.941782491215115	0.00794328234724283	0.0014574745005231475
58.29875895619149	0.00794328234724283	0.000671547585036491
66.71822479745835	0.00794328234724283	0.0002941116628568665
76.35362398484546	0.00794328234724283	0.00012862386479324758
87.38056075858388	0.00794328234724283	0.00004869559899428621
100.00000000000031	0.00794328234724283	0.000018905305496373014
111.55639876771902	0.00794328234724283	8.575865117404228e-6
138.21730389017998	0.00794328234724283	1.6103540811989613e-6
171.24990861750976	0.00794328234724283	2.7773298828880496e-7
212.17698780180757	0.00794328234724283	5.8111651417872265e-8
262.885244821937	0.00794328234724283	1.115472868379748e-8
325.7122869971341	0.00794328234724283	1.5042386314708337e-9
403.5543872869759	0.00794328234724283	2.7488780267783613e-10
499.9999999999984	0.00794328234724283	7.484971356284598e-11
1.	0.009120108393559116	0.002091679646927819
1.9999999999999998	0.009120108393559116	0.0027321795421050357
2.288838595949997	0.009120108393559116	0.0030091481507356676
2.6193910591551774	0.009120108393559116	0.003379630822098194
2.9976816770403563	0.009120108393559116	0.003874381904826441
3.4306047603910415	0.009120108393559116	0.00453230759798029
3.926050291516404	0.009120108393559116	0.0054013196911832425
4.493047718431742	0.009120108393559116	0.006542504321824014
5.141930515695824	0.009120108393559116	0.008024609997248694
5.884524511008838	0.009120108393559116	0.009942241441777838
6.734363409805407	0.009120108393559116	0.012409708875545118
7.706935445758021	0.009120108393559116	0.015531482784714695
8.819965652373028	0.009120108393559116	0.01932818192012287
10.093738900052346	0.009120108393559116	0.02367981959269241
11.551469585940843	0.009120108393559116	0.028311598537192662
13.219724714121972	0.009120108393559116	0.03263923397799657
15.128908076758211	0.009120108393559116	0.03569749701431766
17.313814360331925	0.009120108393559116	0.036564782926173135
19.814263275520517	0.009120108393559116	0.034705321199111204
22.675825267662994	0.009120108393559116	0.030188645381291908
25.950652033822625	0.009120108393559116	0.023802489306075553
29.698426982540767	0.009120108393559116	0.01690695878722496
33.98745295832107	0.009120108393559116	0.010835664653713566
38.895897054520105	0.009120108393559116	0.006333711569972375
44.51321520124173	0.009120108393559116	0.0033928453353592484
50.941782491215115	0.009120108393559116	0.0016758343783607485
58.29875895619149	0.009120108393559116	0.0007720439049563637
66.71822479745835	0.009120108393559116	0.00033860944870795016
76.35362398484546	0.009120108393559116	0.00014799977342501596
87.38056075858388	0.009120108393559116	0.000055992817462855276
100.00000000000031	0.009120108393559116	0.00002166099623831002
111.55639876771902	0.009120108393559116	9.823951440254492e-6
138.21730389017998	0.009120108393559116	1.8445192563838119e-6
171.24990861750976	0.009120108393559116	3.1805570648666544e-7
212.17698780180757	0.009120108393559116	6.653369074185359e-8
262.885244821937	0.009120108393559116	1.2771199619949785e-8
325.7122869971341	0.009120108393559116	1.7222044925414232e-9
403.5543872869759	0.009120108393559116	3.146899799690413e-10
499.9999999999984	0.009120108393559116	8.568386990785037e-11
1.	0.010471285480509017	0.0023842268563436034
1.9999999999999998	0.010471285480509017	0.00311145592436849
2.288838595949997	0.010471285480509017	0.0034254340004163954
2.6193910591551774	0.010471285480509017	0.003845356566003921
2.9976816770403563	0.010471285480509017	0.004406317176172956
3.4306047603910415	0.010471285480509017	0.0051529428183102275
3.926050291516404	0.010471285480509017	0.006140372725968201
4.493047718431742	0.010471285480509017	0.0074390251404418675
5.141930515695824	0.010471285480509017	0.009126699673630896
5.884524511008838	0.010471285480509017	0.01131040021316875
6.734363409805407	0.010471285480509017	0.014120294098817114
7.706935445758021	0.010471285480509017	0.01768006024253559
8.819965652373028	0.010471285480509017	0.022021154104984994
10.093738900052346	0.010471285480509017	0.027008206179759266
11.551469585940843	0.010471285480509017	0.0323274458658246
13.219724714121972	0.010471285480509017	0.03732099576105737
15.128908076758211	0.010471285480509017	0.04087994818960889
17.313814360331925	0.010471285480509017	0.041929330380049847
19.814263275520517	0.010471285480509017	0.03984447539625306
22.675825267662994	0.010471285480509017	0.03468929523001455
25.950652033822625	0.010471285480509017	0.027378668649483028
29.698426982540767	0.010471285480509017	0.019454928678301113
33.98745295832107	0.010471285480509017	0.012470159044513318
38.895897054520105	0.010471285480509017	0.007286552871537845
44.51321520124173	0.010471285480509017	0.0039047498217978207
50.941782491215115	0.010471285480509017	0.001926702691615043
58.29875895619149	0.010471285480509017	0.0008884845408542956
66.71822479745835	0.010471285480509017	0.00039001988102632256
76.35362398484546	0.010471285480509017	0.00016988853503309127
87.38056075858388	0.010471285480509017	0.00006425998706203275
100.00000000000031	0.010471285480509017	0.000024816666089773962
111.55639876771902	0.010471285480509017	0.00001125258613762838
138.21730389017998	0.010471285480509017	2.1125077180676254e-6
171.24990861750976	0.010471285480509017	3.641818662060753e-7
212.17698780180757	0.010471285480509017	7.61629943330729e-8
262.885244821937	0.010471285480509017	1.4619266514866675e-8
325.7122869971341	0.010471285480509017	1.9714001078630797e-9
403.5543872869759	0.010471285480509017	3.6018589377381966e-10
499.9999999999984	0.010471285480509017	9.806645896154331e-11
1.	0.012022644346174156	0.0027142592369605177
1.9999999999999998	0.012022644346174156	0.003539361987309641
2.288838595949997	0.012022644346174156	0.0038947814130775244
2.6193910591551774	0.012022644346174156	0.004369966450252491
2.9976816770403563	0.012022644346174156	0.00500484999534554
3.4306047603910415	0.012022644346174156	0.005850580231816612
3.926050291516404	0.012022644346174156	0.006971173893314808
4.493047718431742	0.012022644346174156	0.008446382150412648
5.141930515695824	0.012022644346174156	0.010365836291676683
5.884524511008838	0.012022644346174156	0.012849759950555812
6.734363409805407	0.012022644346174156	0.01604606802253332
7.706935445758021	0.012022644346174156	0.02010074870762473
8.819965652373028	0.012022644346174156	0.025060165779952008
10.093738900052346	0.012022644346174156	0.03077376882467689
11.551469585940843	0.012022644346174156	0.036882300919611734
13.219724714121972	0.012022644346174156	0.04264690431071933
15.128908076758211	0.012022644346174156	0.04679487263955207
17.313814360331925	0.012022644346174156	0.048071861600388295
19.814263275520517	0.012022644346174156	0.04574310275664374
22.675825267662994	0.012022644346174156	0.03986458368091369
25.950652033822625	0.012022644346174156	0.031496340746741514
29.698426982540767	0.012022644346174156	0.0223926339479555
33.98745295832107	0.012022644346174156	0.014357542370864597
38.895897054520105	0.012022644346174156	0.008387515336621845
44.51321520124173	0.012022644346174156	0.004496771632408008
50.941782491215115	0.012022644346174156	0.002214814543095153
58.29875895619149	0.012022644346174156	0.0010219305005166994
66.71822479745835	0.012022644346174156	0.000449575065926789
76.35362398484546	0.012022644346174156	0.00020025531182095752
87.38056075858388	0.012022644346174156	0.00007389543002066287
100.00000000000031	0.012022644346174156	0.000028399002178942523
111.55639876771902	0.012022644346174156	0.000012873554044140575
138.21730389017998	0.012022644346174156	2.4164880623131783e-6
171.24990861750976	0.012022644346174156	4.164753807686827e-7
212.17698780180757	0.012022644346174156	8.707375251822948e-8
262.885244821937	0.012022644346174156	1.6713213712634273e-8
325.7122869971341	0.012022644346174156	2.253738627932814e-9
403.5543872869759	0.012022644346174156	4.117193072253701e-10
499.9999999999984	0.012022644346174156	1.1209130083631014e-10
1.	0.01380384264602888	0.0030852686616209555
1.9999999999999998	0.01380384264602888	0.004020841262380196
2.288838595949997	0.01380384264602888	0.004422590387350339
2.6193910591551774	0.01380384264602888	0.004959305773895594
2.9976816770403563	0.01380384264602888	0.005676389368796882
3.4306047603910415	0.01380384264602888	0.006632400394709935
3.926050291516404	0.01380384264602888	0.007900402495276298
4.493047718431742	0.01380384264602888	0.009574499509251582
5.141930515695824	0.01380384264602888	0.011754234285745346
5.884524511008838	0.01380384264602888	0.014576259507012091
6.734363409805407	0.01380384264602888	0.01820726658279163
7.706935445758021	0.01380384264602888	0.022819741885478025
8.819965652373028	0.01380384264602888	0.028480357907350203
10.093738900052346	0.01380384264602888	0.035023986932192344
11.551469585940843	0.01380384264602888	0.042038275094413866
13.219724714121972	0.01380384264602888	0.04869650572924751
15.128908076758211	0.01380384264602888	0.05353946597392743
17.313814360331925	0.01380384264602888	0.055099852744672315
19.814263275520517	0.01380384264602888	0.05251319990826821
22.675825267662994	0.01380384264602888	0.04581906893690839
25.950652033822625	0.01380384264602888	0.03624305438655796
29.698426982540767	0.01380384264602888	0.025786523502992147
33.98745295832107	0.01380384264602888	0.01653625402396717
38.895897054520105	0.01380384264602888	0.009662944790438974
44.51321520124173	0.01380384264602888	0.005180730300147946
50.941782491215115	0.01380384264602888	0.0025493152198253354
58.29875895619149	0.01380384264602888	0.0011763913438565593
66.71822479745835	0.01380384264602888	0.0005181609095637207
76.35362398484546	0.01380384264602888	0.00022381941843738136
87.38056075858388	0.01380384264602888	0.00008515576942835054
100.00000000000031	0.01380384264602888	0.00003250310170736885
111.55639876771902	0.01380384264602888	0.000014729474080340232
138.21730389017998	0.01380384264602888	2.7644331598337903e-6
171.24990861750976	0.01380384264602888	4.7629935636922086e-7
212.17698780180757	0.01380384264602888	9.954688281607913e-8
262.885244821937	0.01380384264602888	1.9106958983998215e-8
325.7122869971341	0.01380384264602888	2.5765029983534172e-9
403.5543872869759	0.01380384264602888	4.706152631577214e-10
499.9999999999984	0.01380384264602888	1.2811718926554588e-10
1.	0.015848931924611172	0.003500636294373318
1.9999999999999998	0.015848931924611172	0.004560928207593064
2.288838595949997	0.015848931924611172	0.005014366786137246
2.6193910591551774	0.015848931924611172	0.005619462282525457
2.9976816770403563	0.015848931924611172	0.006427625562485655
3.4306047603910415	0.015848931924611172	0.007505726975055095
3.926050291516404	0.015848931924611172	0.008937886652290663
4.493047718431742	0.015848931924611172	0.010833111383547967
5.141930515695824	0.015848931924611172	0.01330442564888866
5.884524511008838	0.015848931924611172	0.01650565105769207
6.734363409805407	0.015848931924611172	0.02062475498969282
7.706935445758021	0.015848931924611172	0.025864121634802024
8.819965652373028	0.015848931924611172	0.03231763311157364
10.093738900052346	0.015848931924611172	0.03980768790212036
11.551469585940843	0.015848931924611172	0.04786192115822382
13.219724714121972	0.015848931924611172	0.05555587888201874
15.128908076758211	0.015848931924611172	0.06122212587352925
17.313814360331925	0.015848931924611172	0.06313710845556708
19.814263275520517	0.015848931924611172	0.060277963124318025
22.675825267662994	0.015848931924611172	0.05266812272383636
25.950652033822625	0.015848931924611172	0.04171604620062249
29.698426982540767	0.015848931924611172	0.029704294609100398
33.98745295832107	0.015848931924611172	0.01905715640770936
38.895897054520105	0.015848931924611172	0.01113352796171865
44.51321520124173	0.015848931924611172	0.005973065170234248
50.941782491215115	0.015848931924611172	0.002935494309013806
58.29875895619149	0.015848931924611172	0.0013530816160732138
66.71822479745835	0.015848931924611172	0.000598105376122609
76.35362398484546	0.015848931924611172	0.0002583491968320521
87.38056075858388	0.015848931924611172	0.00009838985976366202
100.00000000000031	0.015848931924611172	0.00003738047389933561
111.55639876771902	0.015848931924611172	0.000016933894980002603
138.21730389017998	0.015848931924611172	3.177582798887556e-6
171.24990861750976	0.015848931924611172	5.472923533710207e-7
212.17698780180757	0.015848931924611172	1.1433982556568573e-7
262.885244821937	0.015848931924611172	2.1945705138454625e-8
325.7122869971341	0.015848931924611172	2.95925259749419e-9
403.5543872869759	0.015848931924611172	5.404380847921856e-10
499.9999999999984	0.015848931924611172	1.4711441286546115e-10
1.	0.01819700858609988	0.003963591633843086
1.9999999999999998	0.01819700858609988	0.005164602139263728
2.288838595949997	0.01819700858609988	0.005675609859101494
2.6193910591551774	0.01819700858609988	0.006356425153955645
2.9976816770403563	0.01819700858609988	0.007265087658833554
3.4306047603910415	0.01819700858609988	0.00847765893274217
3.926050291516404	0.01819700858609988	0.010091005163839692
4.493047718431742	0.01819700858609988	0.01223129631089234
5.141930515695824	0.01819700858609988	0.015027408586868457
5.884524511008838	0.01819700858609988	0.01865283233730182
6.734363409805407	0.01819700858609988	0.02331823034506101
7.706935445758021	0.01819700858609988	0.02925988418749503
8.819965652373028	0.01819700858609988	0.03660708650816018
10.093738900052346	0.01819700858609988	0.04517486589198306
11.551469585940843	0.01819700858609988	0.05442273052313877
13.219724714121972	0.01819700858609988	0.06331791387844443
15.128908076758211	0.01819700858609988	0.06995954032850214
17.313814360331925	0.01819700858609988	0.07232181539624583
19.814263275520517	0.01819700858609988	0.06918727860759846
22.675825267662994	0.01819700858609988	0.06055473224164644
25.950652033822625	0.01819700858609988	0.04802570674016222
29.698426982540767	0.01819700858609988	0.03423433954873083
33.98745295832107	0.01819700858609988	0.021972045228267206
38.895897054520105	0.01819700858609988	0.012840411775981959
44.51321520124173	0.01819700858609988	0.006881635079383719
50.941782491215115	0.01819700858609988	0.0033794411895828186
58.29875895619149	0.01819700858609988	0.0015581409126732716
66.71822479745835	0.01819700858609988	0.00069008134502346
76.35362398484546	0.01819700858609988	0.0002984167370084225
87.38056075858388	0.01819700858609988	0.00011240271661288257
100.00000000000031	0.01819700858609988	0.000042815820081154314
111.55639876771902	0.01819700858609988	0.00001938839061122288
138.21730389017998	0.01819700858609988	3.6374066372106134e-6
171.24990861750976	0.01819700858609988	6.262400149956459e-7
212.17698780180757	0.01819700858609988	1.3077442105685253e-7
262.885244821937	0.01819700858609988	2.5099265655604454e-8
325.7122869971341	0.01819700858609988	3.3844415563496237e-9
403.5543872869759	0.01819700858609988	6.179733550332549e-10
499.9999999999984	0.01819700858609988	1.6820599683674204e-10
1.	0.02089296130854045	0.00447660263742857
1.9999999999999998	0.02089296130854045	0.005836310359856377
2.288838595949997	0.02089296130854045	0.006411326646055949
2.6193910591551774	0.02089296130854045	0.007175891092667327
2.9976816770403563	0.02089296130854045	0.00819501192241211
3.4306047603910415	0.02089296130854045	0.00955503194672363
3.926050291516404	0.02089296130854045	0.011366882928233943
4.493047718431742	0.02089296130854045	0.013777168115259251
5.141930515695824	0.02089296130854045	0.01693307549607361
5.884524511008838	0.02089296130854045	0.02103069387268354
6.734363409805407	0.02089296130854045	0.02630548070746717
7.706935445758021	0.02089296130854045	0.03303101438437053
8.819965652373028	0.02089296130854045	0.04138199885197564
10.093738900052346	0.02089296130854045	0.051175097207472306
11.551469585940843	0.02089296130854045	0.06179217272127299
13.219724714121972	0.02089296130854045	0.07207927524432202
15.128908076758211	0.02089296130854045	0.07988036844387758
17.313814360331925	0.02089296130854045	0.08280853000285948
19.814263275520517	0.02089296130854045	0.07941400308528557
22.675825267662994	0.02089296130854045	0.0696328592731773
25.950652033822625	0.02089296130854045	0.05531920497757404
29.698426982540767	0.02089296130854045	0.03947533587656961
33.98745295832107	0.02089296130854045	0.025343206618468037
38.895897054520105	0.02089296130854045	0.01481737794357107
44.51321520124173	0.02089296130854045	0.007936895304345146
50.941782491215115	0.02089296130854045	0.0038978535606266156
58.29875895619149	0.02089296130854045	0.001794218347843218
66.71822479745835	0.02089296130854045	0.0008009212304540253
76.35362398484546	0.02089296130854045	0.00034288089786959643
87.38056075858388	0.02089296130854045	0.00012956151288069938
100.00000000000031	0.02089296130854045	0.000049121109508482394
111.55639876771902	0.02089296130854045	0.00002223339845981692
138.21730389017998	0.02089296130854045	4.170143254727297e-6
171.24990861750976	0.02089296130854045	7.176323837390322e-7
212.17698780180757	0.02089296130854045	1.4978180795765206e-7
262.885244821937	0.02089296130854045	2.8746280089333413e-8
325.7122869971341	0.02089296130854045	3.876134529735956e-9
403.5543872869759	0.02089296130854045	7.076003774042695e-10
499.9999999999984	0.02089296130854045	1.9258209702826632e-10
1.	0.023988329190194974	0.005041435069599309
1.9999999999999998	0.023988329190194974	0.006579716711855777
2.288838595949997	0.023988329190194974	0.00722587421865742
2.6193910591551774	0.023988329190194974	0.008082791388068776
2.9976816770403563	0.023988329190194974	0.009222995175037586
3.4306047603910415	0.023988329190194974	0.01074383020320344
3.926050291516404	0.023988329190194974	0.012771914027886518
4.493047718431742	0.023988329190194974	0.015477104444645007
5.141930515695824	0.023988329190194974	0.019028522005845087
5.884524511008838	0.023988329190194974	0.023649155111480774
6.734363409805407	0.023988329190194974	0.029600956306136995
7.706935445758021	0.023988329190194974	0.03719790202495508
8.819965652373028	0.023988329190194974	0.04667101084369663
10.093738900052346	0.023988329190194974	0.05785308590917788
11.551469585940843	0.023988329190194974	0.07003962122096524
13.219724714121972	0.023988329190194974	0.08193910970132481
15.128908076758211	0.023988329190194974	0.09112111787451709
17.313814360331925	0.023988329190194974	0.09477069101630603
19.814263275520517	0.023988329190194974	0.0911383637012878
22.675825267662994	0.023988329190194974	0.08008247303152322
25.950652033822625	0.023988329190194974	0.0637361192617235
29.698426982540767	0.023988329190194974	0.04554275535271792
33.98745295832107	0.023988329190194974	0.02925431597903285
38.895897054520105	0.023988329190194974	0.017099129127608845
44.51321520124173	0.023988329190194974	0.009159670567781934
50.941782491215115	0.023988329190194974	0.004499408326008701
58.29875895619149	0.023988329190194974	0.0020667060959593205
66.71822479745835	0.023988329190194974	0.000923051792819528
76.35362398484546	0.023988329190194974	0.0003936209512867226
87.38056075858388	0.023988329190194974	0.00014937105538059944
100.00000000000031	0.023988329190194974	0.00005682657549533777
111.55639876771902	0.023988329190194974	0.000025707431209165817
138.21730389017998	0.023988329190194974	4.820399649630093e-6
171.24990861750976	0.023988329190194974	8.290969963642176e-7
212.17698780180757	0.023988329190194974	1.7294414167944205e-7
262.885244821937	0.023988329190194974	3.3190217989240714e-8
325.7122869971341	0.023988329190194974	4.475256012747676e-9
403.5543872869759	0.023988329190194974	8.167666414570004e-10
499.9999999999984	0.023988329190194974	2.222680445634392e-10
1.	0.027542287033381744	0.0056586677480260405
1.9999999999999998	0.027542287033381744	0.007396897018516946
2.288838595949997	0.027542287033381744	0.008121923206396769
2.6193910591551774	0.027542287033381744	0.009080629922670079
2.9976816770403563	0.027542287033381744	0.01035330244330597
3.4306047603910415	0.027542287033381744	0.012048616972310055
3.926050291516404	0.027542287033381744	0.01431049594591536
4.493047718431742	0.027542287033381744	0.017343580985176927
5.141930515695824	0.027542287033381744	0.02131709525818286
5.884524511008838	0.027542287033381744	0.02651262512146265
6.734363409805407	0.027542287033381744	0.033213516838114125
7.706935445758021	0.027542287033381744	0.04177564320440744
8.819965652373028	0.027542287033381744	0.0524964368692139
10.093738900052346	0.027542287033381744	0.06524434623119141
11.551469585940843	0.027542287033381744	0.0792294746852797
13.219724714121972	0.027542287033381744	0.09299919985057424
15.128908076758211	0.027542287033381744	0.10382997049574821
17.313814360331925	0.027542287033381744	0.10839192837619017
19.814263275520517	0.027542287033381744	0.10457400705445383
22.675825267662994	0.027542287033381744	0.09215481168325984
25.950652033822625	0.027542287033381744	0.07345653840757617
29.698426982540767	0.027542287033381744	0.05258295614386867
33.98745295832107	0.027542287033381744	0.03379918943691061
38.895897054520105	0.027542287033381744	0.019757398727519488
44.51321520124173	0.027542287033381744	0.01057048211859208
50.941782491215115	0.027542287033381744	0.005185282164675419
58.29875895619149	0.027542287033381744	0.002374034562333773
66.71822479745835	0.027542287033381744	0.0010637179134326113
76.35362398484546	0.027542287033381744	0.00045237317588099786
87.38056075858388	0.027542287033381744	0.00017203791492584984
100.00000000000031	0.027542287033381744	0.00006601826646410636
111.55639876771902	0.027542287033381744	0.000029847416016048776
138.21730389017998	0.027542287033381744	5.594871660664094e-6
171.24990861750976	0.027542287033381744	9.617322348246483e-7
212.17698780180757	0.027542287033381744	2.0047295785935715e-7
262.885244821937	0.027542287033381744	3.847160224319817e-8
325.7122869971341	0.027542287033381744	5.1872486236986305e-9
403.5543872869759	0.027542287033381744	9.464368657245123e-10
499.9999999999984	0.027542287033381744	2.575227115065863e-10
1.	0.03162277660168389	0.0063275261646372465
1.9999999999999998	0.03162277660168389	0.008287874890961477
2.288838595949997	0.03162277660168389	0.00910014044227317
2.6193910591551774	0.03162277660168389	0.010170797716995214
2.9976816770403563	0.03162277660168389	0.01158810021842356
3.4306047603910415	0.03162277660168389	0.013472315980724119
3.926050291516404	0.03162277660168389	0.015985192127508013
4.493047718431742	0.03162277660168389	0.0193510749444983
5.141930515695824	0.03162277660168389	0.023797889817628957
5.884524511008838	0.03162277660168389	0.029619722125992138
6.734363409805407	0.03162277660168389	0.03714461120615964
7.706935445758021	0.03162277660168389	0.04677042628432883
8.819965652373028	0.03162277660168389	0.05886951619501948
10.093738900052346	0.03162277660168389	0.0733757814548123
11.551469585940843	0.03162277660168389	0.08941760688276777
13.219724714121972	0.03162277660168389	0.10535609483601663
15.128908076758211	0.03162277660168389	0.11815593900052915
17.313814360331925	0.03162277660168389	0.12387688871672031
19.814263275520517	0.03162277660168389	0.11996096928190629
22.675825267662994	0.03162277660168389	0.10605175569474976
25.950652033822625	0.03162277660168389	0.0847164479306044
29.698426982540767	0.03162277660168389	0.06074441698504328
33.98745295832107	0.03162277660168389	0.039092207128622776
38.895897054520105	0.03162277660168389	0.022851292004892505
44.51321520124173	0.03162277660168389	0.012219675819522286
50.941782491215115	0.03162277660168389	0.005993072326706006
58.29875895619149	0.03162277660168389	0.0027383260689363854
66.71822479745835	0.03162277660168389	0.0012229272783260507
76.35362398484546	0.03162277660168389	0.0005201189121550234
87.38056075858388	0.03162277660168389	0.00019858299203191337
100.00000000000031	0.03162277660168389	0.00007531184670883562
111.55639876771902	0.03162277660168389	0.000034025415127714614
138.21730389017998	0.03162277660168389	6.37567692285474e-6
171.24990861750976	0.03162277660168389	1.0951900512130416e-6
212.17698780180757	0.03162277660168389	2.2811419769733202e-7
262.885244821937	0.03162277660168389	4.377370665468945e-8
325.7122869971341	0.03162277660168389	5.901958672317416e-9
403.5543872869759	0.03162277660168389	1.0764886472226016e-9
499.9999999999984	0.03162277660168389	2.9286438721577915e-10
1.	0.03630780547701025	0.007045490776582647
1.9999999999999998	0.03630780547701025	0.0092494210438403
2.288838595949997	0.03630780547701025	0.010157796734936424
2.6193910591551774	0.03630780547701025	0.011351505696898504
2.9976816770403563	0.03630780547701025	0.012926409551974292
3.4306047603910415	0.03630780547701025	0.015014728404878334
3.926050291516404	0.03630780547701025	0.017795503892934904
4.493047718431742	0.03630780547701025	0.021523287361922938
5.141930515695824	0.03630780547701025	0.026463807400198342
5.884524511008838	0.03630780547701025	0.03295994833286666
6.734363409805407	0.03630780547701025	0.041384042445624616
7.706935445758021	0.03630780547701025	0.052177155359702874
8.819965652373028	0.03630780547701025	0.06578925441135641
10.093738900052346	0.03630780547701025	0.08225550048160178
11.551469585940843	0.03630780547701025	0.10064362885505536
13.219724714121972	0.03630780547701025	0.11909121153560397
15.128908076758211	0.03630780547701025	0.13423804497511505
17.313814360331925	0.03630780547701025	0.14145099790303273
19.814263275520517	0.03630780547701025	0.1375600776490618
22.675825267662994	0.03630780547701025	0.12208483116269359
25.950652033822625	0.03630780547701025	0.09776587162552614
29.698426982540767	0.03630780547701025	0.07023025407526155
33.98745295832107	0.03630780547701025	0.045244181349944845
38.895897054520105	0.03630780547701025	0.026444915545927393
44.51321520124173	0.03630780547701025	0.014148385216934144
50.941782491215115	0.03630780547701025	0.006935230766342674
58.29875895619149	0.03630780547701025	0.0031575115716240593
66.71822479745835	0.03630780547701025	0.0014014781551532642
76.35362398484546	0.03630780547701025	0.000603038278863374
87.38056075858388	0.03630780547701025	0.0002278773693610611
100.00000000000031	0.03630780547701025	0.0000863438135739544
111.55639876771902	0.03630780547701025	0.000038978123645859954
138.21730389017998	0.03630780547701025	7.300584193844339e-6
171.24990861750976	0.03630780547701025	1.2530811641418638e-6
212.17698780180757	0.03630780547701025	2.6076538984670014e-7
262.885244821937	0.03630780547701025	5.003603239012879e-8
325.7122869971341	0.03630780547701025	6.7460925573813175e-9
403.5543872869759	0.03630780547701025	1.2299889670984491e-9
499.9999999999984	0.03630780547701025	3.345675153331769e-10
1.	0.04168693834703368	0.007808194973671302
1.9999999999999998	0.04168693834703368	0.010274606690132736
2.288838595949997	0.04168693834703368	0.011287802465336892
2.6193910591551774	0.04168693834703368	0.012615913183781878
2.9976816770403563	0.04168693834703368	0.014362618389393766
3.4306047603910415	0.04168693834703368	0.016670940370904844
3.926050291516404	0.04168693834703368	0.019736514903173723
4.493047718431742	0.04168693834703368	0.02384339871395538
5.141930515695824	0.04168693834703368	0.02930112356210635
5.884524511008838	0.04168693834703368	0.036512473042702345
6.734363409805407	0.04168693834703368	0.04590707188574482
7.706935445758021	0.04168693834703368	0.05797208163191953
8.819965652373028	0.04168693834703368	0.073235589619537
10.093738900052346	0.04168693834703368	0.09186862583926036
11.551469585940843	0.04168693834703368	0.11292464335356561
13.219724714121972	0.04168693834703368	0.13427633582224613
15.128908076758211	0.04168693834703368	0.15222215785246102
17.313814360331925	0.04168693834703368	0.16133811838784545
19.814263275520517	0.04168693834703368	0.1576961959846475
22.675825267662994	0.04168693834703368	0.14054991917055532
25.950652033822625	0.04168693834703368	0.11291751377147011
29.698426982540767	0.04168693834703368	0.08129319843445658
33.98745295832107	0.04168693834703368	0.05241846906057907
38.895897054520105	0.04168693834703368	0.030633543423265543
44.51321520124173	0.04168693834703368	0.016381196448676333
50.941782491215115	0.04168693834703368	0.00803587072673709
58.29875895619149	0.04168693834703368	0.0036448280797854084
66.71822479745835	0.04168693834703368	0.0016077291536244578
76.35362398484546	0.04168693834703368	0.0006962236697326178
87.38056075858388	0.04168693834703368	0.00026154578754723084
100.00000000000031	0.04168693834703368	0.00009967519675949656
111.55639876771902	0.04168693834703368	0.00004495437951422602
138.21730389017998	0.04168693834703368	8.415754008827082e-6
171.24990861750976	0.04168693834703368	1.4431851285455708e-6
212.17698780180757	0.04168693834703368	3.000155946300013e-7
262.885244821937	0.04168693834703368	5.7563031587952975e-8
325.7122869971341	0.04168693834703368	7.7606450809076e-9
403.5543872869759	0.04168693834703368	1.4143541545854958e-9
499.9999999999984	0.04168693834703368	3.8463991389287977e-10
1.	0.047863009232264	0.008609241080775478
1.9999999999999998	0.047863009232264	0.011352101450503492
2.288838595949997	0.047863009232264	0.01247809613169333
2.6193910591551774	0.047863009232264	0.013951607217317103
2.9976816770403563	0.047863009232264	0.015884211923041618
3.4306047603910415	0.047863009232264	0.018429034751493014
3.926050291516404	0.047863009232264	0.021796705123849527
4.493047718431742	0.047863009232264	0.026297885228811334
5.141930515695824	0.047863009232264	0.03228940957453035
5.884524511008838	0.047863009232264	0.0402450603852757
6.734363409805407	0.047863009232264	0.050672153558905766
7.706935445758021	0.047863009232264	0.06411294540881407
8.819965652373028	0.047863009232264	0.08116614424592145
10.093738900052346	0.047863009232264	0.1021686565090879
11.551469585940843	0.047863009232264	0.12623851638974787
13.219724714121972	0.047863009232264	0.1509482989627626
15.128908076758211	0.047863009232264	0.17221807148483037
17.313814360331925	0.047863009232264	0.18377401483600167
19.814263275520517	0.047863009232264	0.1806460800047053
22.675825267662994	0.047863009232264	0.1618697897704534
25.950652033822625	0.047863009232264	0.13047948639665385
29.698426982540767	0.047863009232264	0.09419180985060153
33.98745295832107	0.047863009232264	0.06085227848186243
38.895897054520105	0.047863009232264	0.035521722682835294
44.51321520124173	0.047863009232264	0.01898748113849258
50.941782491215115	0.047863009232264	0.009323928285767119
58.29875895619149	0.047863009232264	0.004221849329960883
66.71822479745835	0.047863009232264	0.0018492276530279544
76.35362398484546	0.047863009232264	0.0007953070798905806
87.38056075858388	0.047863009232264	0.00030030682079494137
100.00000000000031	0.047863009232264	0.00011525902608067819
111.55639876771902	0.047863009232264	0.00005192719776707664
138.21730389017998	0.047863009232264	9.715524226768526e-6
171.24990861750976	0.047863009232264	1.6643557319730494e-6
212.17698780180757	0.047863009232264	3.455826495347713e-7
262.885244821937	0.047863009232264	6.63002944754224e-8
325.7122869971341	0.047863009232264	8.938171207074444e-9
403.5543872869759	0.047863009232264	1.6281520507139847e-9
499.9999999999984	0.047863009232264	4.426825101654312e-10
1.	0.05495408738576265	0.009439358523313632
1.9999999999999998	0.05495408738576265	0.012466198018146434
2.288838595949997	0.05495408738576265	0.013710991755848688
2.6193910591551774	0.05495408738576265	0.015339003499296575
2.9976816770403563	0.05495408738576265	0.01747030801504682
3.4306047603910415	0.05495408738576265	0.02026773215465789
3.926050291516404	0.05495408738576265	0.02395469868538337
4.493047718431742	0.05495408738576265	0.028864275678791275
5.141930515695824	0.05495408738576265	0.03539990051847834
5.884524511008838	0.05495408738576265	0.04411425416629182
6.734363409805407	0.05495408738576265	0.05561544347752334
7.706935445758021	0.05495408738576265	0.07052461877946394
8.819965652373028	0.05495408738576265	0.08950571102241649
10.093738900052346	0.05495408738576265	0.1130727128140647
11.551469585940843	0.05495408738576265	0.14051140212982643
13.219724714121972	0.05495408738576265	0.16909629414457053
15.128908076758211	0.05495408738576265	0.19431301486591726
17.313814360331925	0.05495408738576265	0.20896694279697342
19.814263275520517	0.05495408738576265	0.20680998513687515
22.675825267662994	0.05495408738576265	0.18642468244833116
25.950652033822625	0.05495408738576265	0.15092948351774205
29.698426982540767	0.05495408738576265	0.10923973075343518
33.98745295832107	0.05495408738576265	0.07069650522720045
38.895897054520105	0.05495408738576265	0.04126880743559433
44.51321520124173	0.05495408738576265	0.022051568024126673
50.941782491215115	0.05495408738576265	0.010834127865244472
58.29875895619149	0.05495408738576265	0.004887061994641307
66.71822479745835	0.05495408738576265	0.002129866375673476
76.35362398484546	0.05495408738576265	0.0009155665467880995
87.38056075858388	0.05495408738576265	0.00034581094663553255
100.00000000000031	0.05495408738576265	0.0001352909643654129
111.55639876771902	0.05495408738576265	0.00006087698993586373
138.21730389017998	0.05495408738576265	0.000011382393596819676
171.24990861750976	0.05495408738576265	1.947604028356646e-6
212.17698780180757	0.05495408738576265	4.038453329475129e-7
262.885244821937	0.05495408738576265	7.747037044334923e-8
325.7122869971341	0.05495408738576265	1.0443531897379633e-8
403.5543872869759	0.05495408738576265	1.901271428039161e-9
499.9999999999984	0.05495408738576265	5.168063965262743e-10
1.	0.06309573444801955	0.010285703116127186
1.9999999999999998	0.06309573444801955	0.01359730414758887
2.288838595949997	0.06309573444801955	0.014963697947735114
2.6193910591551774	0.06309573444801955	0.01675151172328778
2.9976816770403563	0.06309573444801955	0.019090317810582513
3.4306047603910415	0.06309573444801955	0.02215324559342651
3.926050291516404	0.06309573444801955	0.026175610965544115
4.493047718431742	0.06309573444801955	0.03150778837472517
5.141930515695824	0.06309573444801955	0.03859371845701243
5.884524511008838	0.06309573444801955	0.04806498143958089
6.734363409805407	0.06309573444801955	0.06065377620601743
7.706935445758021	0.06309573444801955	0.07710064728161502
8.819965652373028	0.06309573444801955	0.09814205012042583
10.093738900052346	0.06309573444801955	0.1244528741567642
11.551469585940843	0.06309573444801955	0.1555984079812224
13.219724714121972	0.06309573444801955	0.18864846326973256
15.128908076758211	0.06309573444801955	0.21851816553569464
17.313814360331925	0.06309573444801955	0.23712511187846505
19.814263275520517	0.06309573444801955	0.2365621323719436
22.675825267662994	0.06309573444801955	0.21468881156535854
25.950652033822625	0.06309573444801955	0.17476868705768556
29.698426982540767	0.06309573444801955	0.12685279594299725
33.98745295832107	0.06309573444801955	0.08227263933570524
38.895897054520105	0.06309573444801955	0.04802735001829491
44.51321520124173	0.06309573444801955	0.0256290846767262
50.941782491215115	0.06309573444801955	0.012602443120676973
58.29875895619149	0.06309573444801955	0.0056793625708245156
66.71822479745835	0.06309573444801955	0.002475647706156393
76.35362398484546	0.06309573444801955	0.001054069216825135
87.38056075858388	0.06309573444801955	0.00039833354917363
100.00000000000031	0.06309573444801955	0.0001611070895481174
111.55639876771902	0.06309573444801955	0.0000723903745847513
138.21730389017998	0.06309573444801955	0.000013524549505274025
171.24990861750976	0.06309573444801955	2.311023463929801e-6
212.17698780180757	0.06309573444801955	4.784518324711961e-7
262.885244821937	0.06309573444801955	9.177155090381734e-8
325.7122869971341	0.06309573444801955	1.2370728565748206e-8
403.5543872869759	0.06309573444801955	2.250650304288258e-9
499.9999999999984	0.06309573444801955	6.115893417609422e-10
1.	0.07244359600749928	0.011131299638843097
1.9999999999999998	0.07244359600749928	0.01472279951929743
2.288838595949997	0.07244359600749928	0.016209192242661482
2.6193910591551774	0.07244359600749928	0.018155806533958603
2.9976816770403563	0.07244359600749928	0.020703712226898607
3.4306047603910415	0.07244359600749928	0.024037941177183393
3.926050291516404	0.07244359600749928	0.02840730201254165
4.493047718431742	0.07244359600749928	0.03417557564934488
5.141930515695824	0.07244359600749928	0.04181740571639264
5.884524511008838	0.07244359600749928	0.05203157078381554
6.734363409805407	0.07244359600749928	0.06568586098641785
7.706935445758021	0.07244359600749928	0.08369391285807873
8.819965652373028	0.07244359600749928	0.10690990557077674
10.093738900052346	0.07244359600749928	0.13612893311864802
11.551469585940843	0.07244359600749928	0.1712832598418594
13.219724714121972	0.07244359600749928	0.20943744853674337
15.128908076758211	0.07244359600749928	0.24477307598615755
17.313814360331925	0.07244359600749928	0.2683619974382104
19.814263275520517	0.07244359600749928	0.2702389580492974
22.675825267662994	0.07244359600749928	0.24713764205822283
25.950652033822625	0.07244359600749928	0.20254264131779962
29.698426982540767	0.07244359600749928	0.14758466627722375
33.98745295832107	0.07244359600749928	0.0959450605393852
38.895897054520105	0.07244359600749928	0.05602392054057758
44.51321520124173	0.07244359600749928	0.02982976237279146
50.941782491215115	0.07244359600749928	0.014676040386896082
58.29875895619149	0.07244359600749928	0.006750643757295476
66.71822479745835	0.07244359600749928	0.0028459756793516302
76.35362398484546	0.07244359600749928	0.0012285882468298878
87.38056075858388	0.07244359600749928	0.00045684372140747994
100.00000000000031	0.07244359600749928	0.0001854069896214337
111.55639876771902	0.07244359600749928	0.00008317265867501883
138.21730389017998	0.07244359600749928	0.000015524864281350527
171.24990861750976	0.07244359600749928	2.6487342713000204e-6
212.17698780180757	0.07244359600749928	5.473831814714662e-7
262.885244821937	0.07244359600749928	1.049793758055687e-7
325.7122869971341	0.07244359600749928	1.4150221403465905e-8
403.5543872869759	0.07244359600749928	2.5724600816183904e-9
499.9999999999984	0.07244359600749928	6.987968298309845e-10
1.	0.08317637711026743	0.012000898145412992
1.9999999999999998	0.08317637711026743	0.015816797666837412
2.288838595949997	0.08317637711026743	0.017416789646971884
2.6193910591551774	0.08317637711026743	0.01951430479784694
2.9976816770403563	0.08317637711026743	0.02226271062077174
3.4306047603910415	0.08317637711026743	0.025862741432141165
3.926050291516404	0.08317637711026743	0.030579898560807468
4.493047718431742	0.08317637711026743	0.03679276941805407
5.141930515695824	0.08317637711026743	0.04499580081623319
5.884524511008838	0.08317637711026743	0.05593216951873374
6.734363409805407	0.08317637711026743	0.07059615801248896
7.706935445758021	0.08317637711026743	0.09012989480380314
8.819965652373028	0.08317637711026743	0.11558688205661338
10.093738900052346	0.08317637711026743	0.14786802639693164
11.551469585940843	0.08317637711026743	0.18726914384282278
13.219724714121972	0.08317637711026743	0.2311644946370342
15.128908076758211	0.08317637711026743	0.2729550498932929
17.313814360331925	0.08317637711026743	0.3027109581181183
19.814263275520517	0.08317637711026743	0.3081738388622409
22.675825267662994	0.08317637711026743	0.28427054059219514
25.950652033822625	0.08317637711026743	0.2349926525642795
29.698426982540767	0.08317637711026743	0.17203357094791302
33.98745295832107	0.08317637711026743	0.11212162260979315
38.895897054520105	0.08317637711026743	0.06548030782102399
44.51321520124173	0.08317637711026743	0.03477124764265975
50.941782491215115	0.08317637711026743	0.017086243026501965
58.29875895619149	0.08317637711026743	0.007694030386099128
66.71822479745835	0.08317637711026743	0.003270744303099229
76.35362398484546	0.08317637711026743	0.0014091377001231179
87.38056075858388	0.08317637711026743	0.0005288069793467049
100.00000000000031	0.08317637711026743	0.0002098689478301394
111.55639876771902	0.08317637711026743	0.0000939679578368901
138.21730389017998	0.08317637711026743	0.000017521386178707177
171.24990861750976	0.08317637711026743	2.9841121230236114e-6
212.17698780180757	0.08317637711026743	6.154216411173618e-7
262.885244821937	0.08317637711026743	1.1800922290669592e-7
325.7122869971341	0.08317637711026743	1.5905314180057218e-8
403.5543872869759	0.08317637711026743	2.8890316146094977e-9
499.9999999999984	0.08317637711026743	7.844820017658872e-10
1.	0.09549925860214398	0.01273159754526829
1.9999999999999998	0.09549925860214398	0.016847896536097074
2.288838595949997	0.09549925860214398	0.018550887911802295
2.6193910591551774	0.09549925860214398	0.02078460393748076
2.9976816770403563	0.09549925860214398	0.02371511001935734
3.4306047603910415	0.09549925860214398	0.027561142794699275
3.926050291516404	0.09549925860214398	0.03260889660279727
4.493047718431742	0.09549925860214398	0.03925896495545616
5.141930515695824	0.09549925860214398	0.048020597921943436
5.884524511008838	0.09549925860214398	0.05966077028679925
6.734363409805407	0.09549925860214398	0.07526205776974078
7.706935445758021	0.09549925860214398	0.09621048147795212
8.819965652373028	0.09549925860214398	0.12388186404583534
10.093738900052346	0.09549925860214398	0.15933313126051168
11.551469585940843	0.09549925860214398	0.2031690319939312
13.219724714121972	0.09549925860214398	0.25337356413608614
15.128908076758211	0.09549925860214398	0.3027170409172927
17.313814360331925	0.09549925860214398	0.34083293283051225
19.814263275520517	0.09549925860214398	0.3514366989220537
22.675825267662994	0.09549925860214398	0.32674044004512504
25.950652033822625	0.09549925860214398	0.27265866559618296
29.698426982540767	0.09549925860214398	0.20091746561929316
33.98745295832107	0.09549925860214398	0.13139869771641197
38.895897054520105	0.09549925860214398	0.07681339468293853
44.51321520124173	0.09549925860214398	0.04066323120199773
50.941782491215115	0.09549925860214398	0.019939446857991566
58.29875895619149	0.09549925860214398	0.009023246434798739
66.71822479745835	0.09549925860214398	0.003807952498979241
76.35362398484546	0.09549925860214398	0.0015945772413880877
87.38056075858388	0.09549925860214398	0.0006127252121878028
100.00000000000031	0.09549925860214398	0.00024201889199448773
111.55639876771902	0.09549925860214398	0.00010812637290542846
138.21730389017998	0.09549925860214398	0.00002013644204450649
171.24990861750976	0.09549925860214398	3.422623675540892e-6
212.17698780180757	0.09549925860214398	7.04184882627562e-7
262.885244821937	0.09549925860214398	1.3500515826680188e-7
325.7122869971341	0.09549925860214398	1.819449366255692e-8
403.5543872869759	0.09549925860214398	3.30156251423389e-9
499.9999999999984	0.09549925860214398	8.960895455742888e-10
1.	0.10964781961431896	0.013442190940364489
1.9999999999999998	0.10964781961431896	0.017778388136798703
2.288838595949997	0.10964781961431896	0.01956987830001944
2.6193910591551774	0.10964781961431896	0.021919994166202862
2.9976816770403563	0.10964781961431896	0.02500649925695625
3.4306047603910415	0.10964781961431896	0.029064932146049906
3.926050291516404	0.10964781961431896	0.03440598071413088
4.493047718431742	0.10964781961431896	0.04145824358257708
5.141930515695824	0.10964781961431896	0.05075327371421339
5.884524511008838	0.10964781961431896	0.06307114392671113
6.734363409805407	0.10964781961431896	0.07953792332100017
7.706935445758021	0.10964781961431896	0.10173882555721929
8.819965652373028	0.10964781961431896	0.13146378722572213
10.093738900052346	0.10964781961431896	0.1701171535661216
11.551469585940843	0.10964781961431896	0.21849779515376666
13.219724714121972	0.10964781961431896	0.2754324817776436
15.128908076758211	0.10964781961431896	0.33437576916165573
17.313814360331925	0.10964781961431896	0.38111858909540675
19.814263275520517	0.10964781961431896	0.3990031308821616
22.675825267662994	0.10964781961431896	0.37622390767905556
25.950652033822625	0.10964781961431896	0.3164193180329186
29.698426982540767	0.10964781961431896	0.23514505521505247
33.98745295832107	0.10964781961431896	0.1543315939761519
38.895897054520105	0.10964781961431896	0.09032386615949621
44.51321520124173	0.10964781961431896	0.04775715175414848
50.941782491215115	0.10964781961431896	0.023312623571027334
58.29875895619149	0.10964781961431896	0.010586751062499634
66.71822479745835	0.10964781961431896	0.004491314475922579
76.35362398484546	0.10964781961431896	0.001844574352197155
87.38056075858388	0.10964781961431896	0.000713376742338059
100.00000000000031	0.10964781961431896	0.00027391659332358967
111.55639876771902	0.10964781961431896	0.00012206814988127662
138.21730389017998	0.10964781961431896	0.00002269989638723918
171.24990861750976	0.10964781961431896	3.8495214545989584e-6
212.17698780180757	0.10964781961431896	7.898669735326473e-7
262.885244821937	0.10964781961431896	1.513994076302748e-7
325.7122869971341	0.10964781961431896	2.0401969510440377e-8
403.5543872869759	0.10964781961431896	3.6979409846833593e-9
499.9999999999984	0.10964781961431896	1.0031425659138903e-9