1.	0.001	0.00805493
1.9999999999999998	0.001	0.014563999999999999
2.288838595949997	0.001	0.01658149019294114
2.6193910591551774	0.001	0.019583012599044075
2.9976816770403563	0.001	0.024082925648351197
3.4306047603910415	0.001	0.03070398631253366
3.926050291516404	0.001	0.03968710539932596
4.493047718431742	0.001	0.05018875774189528
5.141930515695824	0.001	0.0592544020162131
5.884524511008838	0.001	0.0621576641631071
6.734363409805407	0.001	0.05540624777694645
7.706935445758021	0.001	0.04051076975073189
8.819965652373028	0.001	0.023789265316158954
10.093738900052346	0.001	0.010920608966000311
11.551469585940843	0.001	0.0037618493601940693
13.219724714121972	0.001	0.0008915290486177567
15.128908076758211	0.001	0.0001227806928266421
17.313814360331925	0.001	0.000039685599421679614
19.814263275520517	0.001	0.0000744092900077923
22.675825267662994	0.001	0.00009115300817103686
25.950652033822625	0.001	0.00007925147432100213
29.698426982540767	0.001	0.00005394366133536981
33.98745295832107	0.001	0.00003190214174954716
38.895897054520105	0.001	0.000016866809022407447
44.51321520124173	0.001	7.993969413351689e-6
50.941782491215115	0.001	3.5169021936978073e-6
58.29875895619149	0.001	1.4721514074116418e-6
66.71822479745835	0.001	5.977530669182292e-7
76.35362398484546	0.001	2.3519109749532577e-7
87.38056075858388	0.001	8.37046116481284e-8
100.00000000000031	0.001	3.1199906554381275e-8
111.55639876771902	0.001	1.4168919201226059e-8
138.21730389017998	0.001	2.6621981094972572e-9
171.24990861750976	0.001	4.5968326176265473e-10
212.17698780180757	0.001	9.631001267376157e-11
262.885244821937	0.001	1.848868338269196e-11
325.7122869971341	0.001	2.4933491595215944e-12
403.5543872869759	0.001	4.558906963460929e-13
499.9999999999984	0.001	1.2416658921464917e-13
1000	0.001	1.7551000978256392e-17
2000	0.001	0
1.	0.0011481536214968829	0.00915206621034685
1.9999999999999998	0.0011481536214968829	0.016563447872906006
2.288838595949997	0.0011481536214968829	0.0188440429905466
2.6193910591551774	0.0011481536214968829	0.022240877726972818
2.9976816770403563	0.0011481536214968829	0.027349907186490812
3.4306047603910415	0.0011481536214968829	0.034877398206370064
3.926050291516404	0.0011481536214968829	0.04514143672579129
4.493047718431742	0.0011481536214968829	0.057212620338536975
5.141930515695824	0.0011481536214968829	0.0677379077102241
5.884524511008838	0.0011481536214968829	0.07127018179810397
6.734363409805407	0.0011481536214968829	0.06370464364795361
7.706935445758021	0.0011481536214968829	0.046675431602068926
8.819965652373028	0.0011481536214968829	0.0274508655360986
10.093738900052346	0.0011481536214968829	0.012614721351737171
11.551469585940843	0.0011481536214968829	0.004348467009768066
13.219724714121972	0.0011481536214968829	0.001031831955955043
15.128908076758211	0.0011481536214968829	0.00014220912668928758
17.313814360331925	0.0011481536214968829	0.00004557177243936267
19.814263275520517	0.0011481536214968829	0.00008536368334069717
22.675825267662994	0.0011481536214968829	0.00010463022458664454
25.950652033822625	0.0011481536214968829	0.00009101458710548937
29.698426982540767	0.0011481536214968829	0.00006196263681446443
33.98745295832107	0.0011481536214968829	0.00003664319366991239
38.895897054520105	0.0011481536214968829	0.000019374671747628264
44.51321520124173	0.0011481536214968829	9.181436883183688e-6
50.941782491215115	0.0011481536214968829	4.03940678082761e-6
58.29875895619149	0.0011481536214968829	1.69064844700817e-6
66.71822479745835	0.0011481536214968829	6.864690973403947e-7
76.35362398484546	0.0011481536214968829	2.701178170187416e-7
87.38056075858388	0.0011481536214968829	9.613132692248805e-8
100.00000000000031	0.0011481536214968829	3.58299008092927e-8
111.55639876771902	0.0011481536214968829	1.6271192999753496e-8
138.21730389017998	0.0011481536214968829	3.057156370018712e-9
171.24990861750976	0.0011481536214968829	5.278677951898487e-10
212.17698780180757	0.0011481536214968829	1.1059190513183147e-10
262.885244821937	0.0011481536214968829	2.1230402437827933e-11
325.7122869971341	0.0011481536214968829	2.863090425175263e-12
403.5543872869759	0.0011481536214968829	5.234906257492938e-13
499.9999999999984	0.0011481536214968829	1.4257750031003357e-13
1000	0.0011481536214968829	2.0153516232794084e-17
2000	0.0011481536214968829	0
1.	0.0013182567385564075	0.010383176395515295
1.9999999999999998	0.0013182567385564075	0.01881205688667211
2.288838595949997	0.0013182567385564075	0.021384038797335317
2.6193910591551774	0.0013182567385564075	0.025219859108129537
2.9976816770403563	0.0013182567385564075	0.03101486281312582
3.4306047603910415	0.0013182567385564075	0.039555022894785095
3.926050291516404	0.0013182567385564075	0.05127198959033557
4.493047718431742	0.0013182567385564075	0.06514649205082315
5.141930515695824	0.0013182567385564075	0.07737891814745969
5.884524511008838	0.0013182567385564075	0.08169555531393666
6.734363409805407	0.0013182567385564075	0.07325614868233304
7.706935445758021	0.0013182567385564075	0.053808354306084646
8.819965652373028	0.0013182567385564075	0.031699004910946335
10.093738900052346	0.0013182567385564075	0.01458460730409346
11.551469585940843	0.0013182567385564075	0.005031576217253518
13.219724714121972	0.0013182567385564075	0.0011949135402166927
15.128908076758211	0.0013182567385564075	0.00016493914791712808
17.313814360331925	0.0013182567385564075	0.00005233133233766564
19.814263275520517	0.0013182567385564075	0.00009794088897681436
22.675825267662994	0.0013182567385564075	0.00012011358287010881
25.950652033822625	0.0013182567385564075	0.00010452696921929015
29.698426982540767	0.0013182567385564075	0.00007117354043136844
33.98745295832107	0.0013182567385564075	0.000042090314543726926
38.895897054520105	0.0013182567385564075	0.00002225795661885834
44.51321520124173	0.0013182567385564075	0.000010545559879492389
50.941782491215115	0.0013182567385564075	4.639504579841558e-6
58.29875895619149	0.0013182567385564075	1.9416402387396802e-6
66.71822479745835	0.0013182567385564075	7.883408162514252e-7
76.35362398484546	0.0013182567385564075	3.102030412288411e-7
87.38056075858388	0.0013182567385564075	1.1039182796860454e-7
100.00000000000031	0.0013182567385564075	4.114277551898033e-8
111.55639876771902	0.0013182567385564075	1.8683377266657126e-8
138.21730389017998	0.0013182567385564075	3.5103157595884533e-9
171.24990861750976	0.0013182567385564075	6.060954094685494e-10
212.17698780180757	0.0013182567385564075	1.2697767526485588e-10
262.885244821937	0.0013182567385564075	2.4375867052121545e-11
325.7122869971341	0.0013182567385564075	3.287280149389364e-12
403.5543872869759	0.0013182567385564075	6.010415380597681e-13
499.9999999999984	0.0013182567385564075	1.6369777028304093e-13
1000	0.0013182567385564075	2.3139242570920256e-17
2000	0.0013182567385564075	0
1.	0.0015135612484362087	0.011760108542078467
1.9999999999999998	0.0015135612484362087	0.02133381569286096
2.288838595949997	0.0015135612484362087	0.02422710358380724
2.6193910591551774	0.0015135612484362087	0.02854793896328723
2.9976816770403563	0.0015135612484362087	0.035101862747421685
3.4306047603910415	0.0015135612484362087	0.044778460718540775
3.926050291516404	0.0015135612484362087	0.05814025086075392
4.493047718431742	0.0015135612484362087	0.07408469172495301
5.141930515695824	0.0015135612484362087	0.08832047265687702
5.884524511008838	0.0015135612484362087	0.09361792612365268
6.734363409805407	0.0015135612484362087	0.08425489293303295
7.706935445758021	0.0015135612484362087	0.06212375713580787
8.819965652373028	0.0015135612484362087	0.03663433153666893
10.093738900052346	0.0015135612484362087	0.016879320021534826
11.551469585940843	0.0015135612484362087	0.005828845747613979
13.219724714121972	0.0015135612484362087	0.001384205808842595
15.128908076758211	0.0015135612484362087	0.00019160268834266919
17.313814360331925	0.0015135612484362087	0.000060089849652416234
19.814263275520517	0.0015135612484362087	0.00011233632426526936
22.675825267662994	0.0015135612484362087	0.00013788297566843117
25.950652033822625	0.0015135612484362087	0.00012005136049556467
29.698426982540767	0.0015135612484362087	0.00008176385757524532
33.98745295832107	0.0015135612484362087	0.00004835100653579036
38.895897054520105	0.0015135612484362087	0.00002556553485655488
44.51321520124173	0.0015135612484362087	0.000012113193996002822
50.941782491215115	0.0015135612484362087	5.330232882006082e-6
58.29875895619149	0.0015135612484362087	2.2299791402483043e-6
66.71822479745835	0.0015135612484362087	9.053933355850047e-7
76.35362398484546	0.0015135612484362087	3.5633592803508424e-7
87.38056075858388	0.0015135612484362087	1.2680142182641428e-7
100.00000000000031	0.0015135612484362087	4.725567437864923e-8
111.55639876771902	0.0015135612484362087	2.1458600173478067e-8
138.21730389017998	0.0015135612484362087	4.0316750858916116e-9
171.24990861750976	0.0015135612484362087	6.960911312899206e-10
212.17698780180757	0.0015135612484362087	1.4582622926429634e-10
262.885244821937	0.0015135612484362087	2.7994189649694436e-11
325.7122869971341	0.0015135612484362087	3.7752355520537285e-12
403.5543872869759	0.0015135612484362087	6.902467810171211e-13
499.9999999999984	0.0015135612484362087	1.879927284768327e-13
1000	0.0015135612484362087	2.657370387789577e-17
2000	0.0015135612484362087	0
1.	0.0017378008287493763	0.013294405479608728
1.9999999999999998	0.0017378008287493763	0.024152510102978295
2.288838595949997	0.0017378008287493763	0.02739699556303976
2.6193910591551774	0.0017378008287493763	0.03225043390218616
2.9976816770403563	0.0017378008287493763	0.03963945854339089
3.4306047603910415	0.0017378008287493763	0.05058626688969022
3.926050291516404	0.0017378008287493763	0.06580323681541393
4.493047718431742	0.0017378008287493763	0.08412246243377287
5.141930515695824	0.0017378008287493763	0.1007100495721829
5.884524511008838	0.0017378008287493763	0.10723699528358871
6.734363409805407	0.0017378008287493763	0.09692215865725622
7.706935445758021	0.0017378008287493763	0.07173375374256942
8.819965652373028	0.0017378008287493763	0.042377036223886624
10.093738900052346	0.0017378008287493763	0.019556868625983534
11.551469585940843	0.0017378008287493763	0.006761230484689967
13.219724714121972	0.0017378008287493763	0.0016081829119053556
15.128908076758211	0.0017378008287493763	0.000222945549985573
17.313814360331925	0.0017378008287493763	0.00006899807638975301
19.814263275520517	0.0017378008287493763	0.00012879218276474507
22.675825267662994	0.0017378008287493763	0.00015822491826651556
25.950652033822625	0.0017378008287493763	0.00013789036380473725
29.698426982540767	0.0017378008287493763	0.00009393780353738124
33.98745295832107	0.0017378008287493763	0.00005554764768874115
38.895897054520105	0.0017378008287493763	0.000029370429790670628
44.51321520124173	0.0017378008287493763	0.000013915688237779655
50.941782491215115	0.0017378008287493763	6.121984158576312e-6
58.29875895619149	0.0017378008287493763	2.5612510900194303e-6
66.71822479745835	0.0017378008287493763	1.0398588744866891e-6
76.35362398484546	0.0017378008287493763	4.092816259169064e-7
87.38056075858388	0.0017378008287493763	1.4563289270471963e-7
100.00000000000031	0.0017378008287493763	5.426964702736089e-8
111.55639876771902	0.0017378008287493763	2.4642650972204722e-8
138.21730389017998	0.0017378008287493763	4.629819004116649e-9
171.24990861750976	0.0017378008287493763	7.993330317461947e-10
212.17698780180757	0.0017378008287493763	1.67447352507302e-10
262.885244821937	0.0017378008287493763	3.2144759946812525e-11
325.7122869971341	0.0017378008287493763	4.334962122106563e-12
403.5543872869759	0.0017378008287493763	7.925713809740159e-13
499.9999999999984	0.0017378008287493763	2.1586002929014028e-13
1000	0.0017378008287493763	3.0513209597948636e-17
2000	0.0017378008287493763	0
1.	0.0019952623149688807	0.014996714713964446
1.9999999999999998	0.0019952623149688807	0.027291127252432948
2.288838595949997	0.0019952623149688807	0.03091821282717625
2.6193910591551774	0.0019952623149688807	0.03635555881001597
2.9976816770403563	0.0019952623149688807	0.04465299103062897
3.4306047603910415	0.0019952623149688807	0.0570109215848376
3.926050291516404	0.0019952623149688807	0.07431438443190222
4.493047718431742	0.0019952623149688807	0.09535271328950874
5.141930515695824	0.0019952623149688807	0.11470212904524434
5.884524511008838	0.0019952623149688807	0.12278107890979637
6.734363409805407	0.0019952623149688807	0.1115130311386922
7.706935445758021	0.0019952623149688807	0.08285343537049368
8.819965652373028	0.0019952623149688807	0.049072793201805576
10.093738900052346	0.0019952623149688807	0.022688932874787116
11.551469585940843	0.0019952623149688807	0.007853809574092728
13.219724714121972	0.0019952623149688807	0.001870284710401804
15.128908076758211	0.0019952623149688807	0.0002599376749561511
17.313814360331925	0.0019952623149688807	0.00007924568554556804
19.814263275520517	0.0019952623149688807	0.00014773316384636425
22.675825267662994	0.0019952623149688807	0.00018157503149177594
25.950652033822625	0.0019952623149688807	0.00015838352414746675
29.698426982540767	0.0019952623149688807	0.00010793384852887456
33.98745295832107	0.0019952623149688807	0.00006382025831006296
38.895897054520105	0.0019952623149688807	0.00003374525743344688
44.51321520124173	0.0019952623149688807	0.000015986897478173476
50.941782491215115	0.0019952623149688807	7.0327625989150945e-6
58.29875895619149	0.0019952623149688807	2.941856247147892e-6
66.71822479745835	0.0019952623149688807	1.1943595253102343e-6
76.35362398484546	0.0019952623149688807	4.700397448837666e-7
87.38056075858388	0.0019952623149688807	1.6723998884502137e-7
100.00000000000031	0.0019952623149688807	6.23159233539532e-8
111.55639876771902	0.0019952623149688807	2.829510625577392e-8
138.21730389017998	0.0019952623149688807	5.315916698188823e-9
171.24990861750976	0.0019952623149688807	9.177470637143271e-10
212.17698780180757	0.0019952623149688807	1.9224418424421932e-10
262.885244821937	0.0019952623149688807	3.690479569042654e-11
325.7122869971341	0.0019952623149688807	4.9768800101672595e-12
403.5543872869759	0.0019952623149688807	9.099191542201957e-13
499.9999999999984	0.0019952623149688807	2.4781698820567834e-13
1000	0.0019952623149688807	3.5031149550062837e-17
2000	0.0019952623149688807	0
1.	0.0022908676527677745	0.016875585080969424
1.9999999999999998	0.0022908676527677745	0.03077107236775432
2.288838595949997	0.0022908676527677745	0.03480754949560189
2.6193910591551774	0.0022908676527677745	0.04089868986733358
2.9976816770403563	0.0022908676527677745	0.05016411013034649
3.4306047603910415	0.0022908676527677745	0.0640759325946541
3.926050291516404	0.0022908676527677745	0.08371453777285509
4.493047718431742	0.0022908676527677745	0.10785980352898185
5.141930515695824	0.0022908676527677745	0.13046388181105772
5.884524511008838	0.0022908676527677745	0.1404947947198229
6.734363409805407	0.0022908676527677745	0.12831975243514865
7.706935445758021	0.0022908676527677745	0.09577174983505408
8.819965652373028	0.0022908676527677745	0.05689408975647534
10.093738900052346	0.0022908676527677745	0.026360711242986525
11.551469585940843	0.0022908676527677745	0.009137739145137855
13.219724714121972	0.0022908676527677745	0.002579764903210037
15.128908076758211	0.0022908676527677745	0.0003037248660187439
17.313814360331925	0.0022908676527677745	0.00009102095667693188
19.814263275520517	0.0022908676527677745	0.00016940667663874938
22.675825267662994	0.0022908676527677745	0.00020844558211252233
25.950652033822625	0.0022908676527677745	0.00018193820121812816
29.698426982540767	0.0022908676527677745	0.00012402955324113772
33.98745295832107	0.0022908676527677745	0.0000733303805504489
38.895897054520105	0.0022908676527677745	0.000038774580801308264
44.51321520124173	0.0022908676527677745	0.00001836855676298308
50.941782491215115	0.0022908676527677745	8.08131969226042e-6
58.29875895619149	0.0022908676527677745	3.379142760649435e-6
66.71822479745835	0.0022908676527677745	1.3717764505932475e-6
76.35362398484546	0.0022908676527677745	5.400013739828608e-7
87.38056075858388	0.0022908676527677745	1.9211579053669114e-7
100.00000000000031	0.0022908676527677745	7.157794670909421e-8
111.55639876771902	0.0022908676527677745	3.249903025641246e-8
138.21730389017998	0.0022908676527677745	6.105545774630771e-9
171.24990861750976	0.0022908676527677745	1.0540192363044283e-9
212.17698780180757	0.0022908676527677745	2.2077749997999134e-10
262.885244821937	0.0022908676527677745	4.238211873125741e-11
325.7122869971341	0.0022908676527677745	5.715526952481057e-12
403.5543872869759	0.0022908676527677745	1.0449390053920227e-12
499.9999999999984	0.0022908676527677745	2.8458698246555774e-13
1000	0.0022908676527677745	4.022969920259804e-17
2000	0.0022908676527677745	0
1.	0.0026302679918953843	0.01893748780049821
1.9999999999999998	0.0026302679918953843	0.03463357714701214
2.288838595949997	0.0026302679918953843	0.03911445273603833
2.6193910591551774	0.0026302679918953843	0.04587129945155356
2.9976816770403563	0.0026302679918953843	0.05618352484708924
3.4306047603910415	0.0026302679918953843	0.07179156802086258
3.926050291516404	0.0026302679918953843	0.09402975320277655
4.493047718431742	0.0026302679918953843	0.12171480662185527
5.141930515695824	0.0026302679918953843	0.1481479040495912
5.884524511008838	0.0026302679918953843	0.16064581198142386
6.734363409805407	0.0026302679918953843	0.14768575609857326
7.706935445758021	0.0026302679918953843	0.11080008380682958
8.819965652373028	0.0026302679918953843	0.06604842064268676
10.093738900052346	0.0026302679918953843	0.030678640066362242
11.551469585940843	0.0026302679918953843	0.01065320884400967
13.219724714121972	0.0026302679918953843	0.003404255659303745
15.128908076758211	0.0026302679918953843	0.0003557667633656834
17.313814360331925	0.0026302679918953843	0.00010453343433022354
19.814263275520517	0.0026302679918953843	0.000194080538820886
22.675825267662994	0.0026302679918953843	0.00023924658443598984
25.950652033822625	0.0026302679918953843	0.0002090062827763845
29.698426982540767	0.0026302679918953843	0.00014254252386838772
33.98745295832107	0.0026302679918953843	0.00008426987440516076
38.895897054520105	0.0026302679918953843	0.00004455798961207598
44.51321520124173	0.0026302679918953843	0.00002110685584114592
50.941782491215115	0.0026302679918953843	9.283765086863845e-6
58.29875895619149	0.0026302679918953843	3.881777163145996e-6
66.71822479745835	0.0026302679918953843	1.5759263320019133e-6
76.35362398484546	0.0026302679918953843	6.200131470987523e-7
87.38056075858388	0.0026302679918953843	2.2056018069257305e-7
100.00000000000031	0.0026302679918953843	8.216634571534646e-8
111.55639876771902	0.0026302679918953843	3.730446978769026e-8
138.21730389017998	0.0026302679918953843	7.008158762706489e-9
171.24990861750976	0.0026302679918953843	1.2097679032102468e-9
212.17698780180757	0.0026302679918953843	2.533838721519316e-10
262.885244821937	0.0026302679918953843	4.864133851128569e-11
325.7122869971341	0.0026302679918953843	6.559602418330376e-12
403.5543872869759	0.0026302679918953843	1.199225086903115e-12
499.9999999999984	0.0026302679918953843	3.266026174249912e-13
1000	0.0026302679918953843	4.6170115539526333e-17
2000	0.0026302679918953843	0
1.	0.003019951720402019	0.021186609362198464
1.9999999999999998	0.003019951720402019	0.038865817746572426
2.288838595949997	0.003019951720402019	0.04381069555356506
2.6193910591551774	0.003019951720402019	0.05126795442119061
2.9976816770403563	0.003019951720402019	0.06270749451394449
3.4306047603910415	0.003019951720402019	0.08015067572009568
3.926050291516404	0.003019951720402019	0.10525806287874301
4.493047718431742	0.003019951720402019	0.1369659364503198
5.141930515695824	0.003019951720402019	0.1679060952445292
5.884524511008838	0.003019951720402019	0.18352002770596962
6.734363409805407	0.003019951720402019	0.1699819526403653
7.706935445758021	0.003019951720402019	0.1283102736801749
8.819965652373028	0.003019951720402019	0.07681335021197774
10.093738900052346	0.003019951720402019	0.03577290077298856
11.551469585940843	0.003019951720402019	0.01244829484422686
13.219724714121972	0.003019951720402019	0.0034401011209848273
15.128908076758211	0.003019951720402019	0.00041803318618355024
17.313814360331925	0.003019951720402019	0.00012011665707606164
19.814263275520517	0.003019951720402019	0.00022226362393888913
22.675825267662994	0.003019951720402019	0.00027470388900185727
25.950652033822625	0.003019951720402019	0.00024011964408309503
29.698426982540767	0.003019951720402019	0.00016383967284194442
33.98745295832107	0.003019951720402019	0.00009685409036905819
38.895897054520105	0.003019951720402019	0.000051221456815647094
44.51321520124173	0.003019951720402019	0.00002425458181194794
50.941782491215115	0.003019951720402019	0.00001067004311483411
58.29875895619149	0.003019951720402019	4.459547201236939e-6
66.71822479745835	0.003019951720402019	1.8103682104598268e-6
76.35362398484546	0.003019951720402019	7.121356749542728e-7
87.38056075858388	0.003019951720402019	2.533030061969875e-7
100.00000000000031	0.003019951720402019	9.43517584530965e-8
111.55639876771902	0.003019951720402019	4.283397143962376e-8
138.21730389017998	0.003019951720402019	8.046690528326768e-9
171.24990861750976	0.003019951720402019	1.3889516793188944e-9
212.17698780180757	0.003019951720402019	2.908918088899407e-10
262.885244821937	0.003019951720402019	5.5841328119184676e-11
325.7122869971341	0.003019951720402019	7.530552191056288e-12
403.5543872869759	0.003019951720402019	1.3766927104780826e-12
499.9999999999984	0.003019951720402019	3.7492950354896537e-13
1000	0.003019951720402019	5.3003123490645753e-17
2000	0.003019951720402019	0
1.	0.00346736850452532	0.023621391861826137
1.9999999999999998	0.00346736850452532	0.04348108457363486
2.288838595949997	0.00346736850452532	0.048905556602136975
2.6193910591551774	0.00346736850452532	0.0570914158780712
2.9976816770403563	0.00346736850452532	0.06971455174304636
3.4306047603910415	0.00346736850452532	0.08911794149106655
3.926050291516404	0.00346736850452532	0.11737097815052433
4.493047718431742	0.00346736850452532	0.15362079846425722
5.141930515695824	0.00346736850452532	0.1898559402155879
5.884524511008838	0.00346736850452532	0.2094138404489878
6.734363409805407	0.00346736850452532	0.1956607496568891
7.706935445758021	0.00346736850452532	0.14873715145208574
8.819965652373028	0.00346736850452532	0.08957188846170734
10.093738900052346	0.00346736850452532	0.041805853328962125
11.551469585940843	0.00346736850452532	0.014580960891434819
13.219724714121972	0.00346736850452532	0.0035028808248630575
15.128908076758211	0.00346736850452532	0.0004927954401623368
17.313814360331925	0.00346736850452532	0.0001384346056941746
19.814263275520517	0.00346736850452532	0.0002545601864948586
22.675825267662994	0.00346736850452532	0.00031523356093945265
25.950652033822625	0.00346736850452532	0.000275886456765443
29.698426982540767	0.00346736850452532	0.000188351433547147
33.98745295832107	0.00346736850452532	0.00011133379632548275
38.895897054520105	0.00346736850452532	0.00005887580589463181
44.51321520124173	0.00346736850452532	0.00002787845095683686
50.941782491215115	0.00346736850452532	0.00001226063722004365
58.29875895619149	0.00346736850452532	5.123667596489101e-6
66.71822479745835	0.00346736850452532	2.080015851919165e-6
76.35362398484546	0.00346736850452532	8.184295043209063e-7
87.38056075858388	0.00346736850452532	2.910730031700463e-7
100.00000000000031	0.00346736850452532	1.0840417739849073e-7
111.55639876771902	0.00346736850452532	4.920992796655761e-8
138.21730389017998	0.00346736850452532	9.244111966197254e-9
171.24990861750976	0.00346736850452532	1.5955159459490406e-9
212.17698780180757	0.00346736850452532	3.3412476013503784e-10
262.885244821937	0.00346736850452532	6.414020993311601e-11
325.7122869971341	0.00346736850452532	8.64968457688536e-12
403.5543872869759	0.00346736850452532	1.5812301611532486e-12
499.9999999999984	0.00346736850452532	4.3062665075474494e-13
1000	0.00346736850452532	6.087885740639082e-17
2000	0.00346736850452532	0
1.	0.003981071705534978	0.026234708036235833
1.9999999999999998	0.003981071705534978	0.048478615554573834
2.288838595949997	0.003981071705534978	0.05439038822181591
2.6193910591551774	0.003981071705534978	0.06332575786743513
2.9976816770403563	0.003981071705534978	0.07716780580562428
3.4306047603910415	0.003981071705534978	0.09863093297633155
3.926050291516404	0.003981071705534978	0.13028806057475067
4.493047718431742	0.003981071705534978	0.1716378893010754
5.141930515695824	0.003981071705534978	0.21408009369522418
5.884524511008838	0.003981071705534978	0.23861302359273948
6.734363409805407	0.003981071705534978	0.22519791379891205
7.706935445758021	0.003981071705534978	0.17261032704686055
8.819965652373028	0.003981071705534978	0.10461131697696752
10.093738900052346	0.003981071705534978	0.04897197493062831
11.551469585940843	0.003981071705534978	0.017126273284581328
13.219724714121972	0.003981071705534978	0.0041342162051537235
15.128908076758211	0.003981071705534978	0.0005831027496977981
17.313814360331925	0.003981071705534978	0.00015887082927063515
19.814263275520517	0.003981071705534978	0.0002912101773163103
22.675825267662994	0.003981071705534978	0.0003615068107181726
25.950652033822625	0.003981071705534978	0.0003170097885151623
29.698426982540767	0.003981071705534978	0.00021657153679765638
33.98745295832107	0.003981071705534978	0.00012800302690025054
38.895897054520105	0.003981071705534978	0.0000677060655227552
44.51321520124173	0.003981071705534978	0.000032048171419431386
50.941782491215115	0.003981071705534978	0.000014092555004877825
58.29875895619149	0.003981071705534978	5.887228316168178e-6
66.71822479745835	0.003981071705534978	2.3899772996291285e-6
76.35362398484546	0.003981071705534978	9.402487975767079e-7
87.38056075858388	0.003981071705534978	3.3434868361015146e-7
100.00000000000031	0.003981071705534978	1.2449995053748554e-7
111.55639876771902	0.003981071705534978	5.6511937894991794e-8
138.21730389017998	0.003981071705534978	1.061526590887029e-8
171.24990861750976	0.003981071705534978	1.8320175103419107e-9
212.17698780180757	0.003981071705534978	3.836141352609395e-10
262.885244821937	0.003981071705534978	7.364004131736585e-11
325.7122869971341	0.003981071705534978	9.930774391574737e-12
403.5543872869759	0.003981071705534978	1.8153443006395391e-12
499.9999999999984	0.003981071705534978	4.943748301132699e-13
1000	0.003981071705534978	6.989350153456598e-17
2000	0.003981071705534978	0
1.	0.0045708818961487565	0.02901380818279231
1.9999999999999998	0.0045708818961487565	0.05385771607298203
2.288838595949997	0.0045708818961487565	0.06025518629132717
2.6193910591551774	0.0045708818961487565	0.0699350616071573
2.9976816770403563	0.0045708818961487565	0.08500511414086492
3.4306047603910415	0.0045708818961487565	0.10859236783834564
3.926050291516404	0.0045708818961487565	0.14388406356754002
4.493047718431742	0.0045708818961487565	0.19089686766341535
5.141930515695824	0.0045708818961487565	0.24059010176322082
5.884524511008838	0.0045708818961487565	0.2713970373535016
6.734363409805407	0.0045708818961487565	0.25914690347854524
7.706935445758021	0.0045708818961487565	0.20055136603166224
8.819965652373028	0.0045708818961487565	0.12237436445766811
10.093738900052346	0.0045708818961487565	0.057528932434094425
11.551469585940843	0.0045708818961487565	0.02018918940358238
13.219724714121972	0.0045708818961487565	0.004886028311975458
15.128908076758211	0.0045708818961487565	0.0006930504906205587
17.313814360331925	0.0045708818961487565	0.00018281294049420674
19.814263275520517	0.0045708818961487565	0.00033305592682683
22.675825267662994	0.0045708818961487565	0.0004147787817067996
25.950652033822625	0.0045708818961487565	0.00036430789155963343
29.698426982540767	0.0045708818961487565	0.00024907446389326224
33.98745295832107	0.0045708818961487565	0.0001471921793281406
38.895897054520105	0.0045708818961487565	0.00007785237429890055
44.51321520124173	0.0045708818961487565	0.000036847466658593415
50.941782491215115	0.0045708818961487565	0.000016202463012436028
58.29875895619149	0.0045708818961487565	6.765505476399733e-6
66.71822479745835	0.0045708818961487565	2.7463868620507907e-6
76.35362398484546	0.0045708818961487565	1.0807563068575853e-6
87.38056075858388	0.0045708818961487565	3.842466567273658e-7
100.00000000000031	0.0045708818961487565	1.4305196523080929e-7
111.55639876771902	0.0045708818961487565	6.4926068504037e-8
138.21730389017998	0.0045708818961487565	1.2195218250611432e-8
171.24990861750976	0.0045708818961487565	2.1044853661437753e-9
212.17698780180757	0.0045708818961487565	4.406189795410738e-10
262.885244821937	0.0045708818961487565	8.458175393668578e-11
325.7122869971341	0.0045708818961487565	1.140627109206983e-11
403.5543872869759	0.0045708818961487565	2.0849739310745466e-12
499.9999999999984	0.0045708818961487565	5.677928007448187e-13
1000	0.0045708818961487565	8.027557754389781e-17
2000	0.0045708818961487565	0
1.	0.005248074602497733	0.031936217965918834
1.9999999999999998	0.005248074602497733	0.05959803594604418
2.288838595949997	0.005248074602497733	0.06646570517676259
2.6193910591551774	0.005248074602497733	0.0768683880718215
2.9976816770403563	0.005248074602497733	0.09313714881598462
3.4306047603910415	0.005248074602497733	0.11885843710993856
3.926050291516404	0.005248074602497733	0.15795411184387786
4.493047718431742	0.005248074602497733	0.21119691004302102
5.141930515695824	0.005248074602497733	0.2692932083585929
5.884524511008838	0.005248074602497733	0.3079601869227438
6.734363409805407	0.005248074602497733	0.29804403637267646
7.706935445758021	0.005248074602497733	0.23328253061487364
8.819965652373028	0.005248074602497733	0.14347750009978102
10.093738900052346	0.005248074602497733	0.06783520123445969
11.551469585940843	0.005248074602497733	0.02388504344181544
13.219724714121972	0.005248074602497733	0.0058109120702333405
15.128908076758211	0.005248074602497733	0.0008276167043478502
17.313814360331925	0.005248074602497733	0.00021053916940677725
19.814263275520517	0.005248074602497733	0.00038072282322889684
22.675825267662994	0.005248074602497733	0.0004758949715353861
25.950652033822625	0.005248074602497733	0.00041870620814023635
29.698426982540767	0.005248074602497733	0.0002865175180292124
33.98745295832107	0.005248074602497733	0.00016929643652650972
38.895897054520105	0.005248074602497733	0.00008952712697462405
44.51321520124173	0.005248074602497733	0.00004237478154747096
50.941782491215115	0.005248074602497733	0.000018625281212014557
58.29875895619149	0.005248074602497733	7.775787409206967e-6
66.71822479745835	0.005248074602497733	3.1566278661925696e-6
76.35362398484546	0.005248074602497733	1.2425463349122065e-6
87.38056075858388	0.005248074602497733	4.416827805098674e-7
100.00000000000031	0.005248074602497733	1.6439651362351225e-7
111.55639876771902	0.005248074602497733	7.46055432208796e-8
138.21730389017998	0.005248074602497733	1.4012489015461971e-8
171.24990861750976	0.005248074602497733	2.4178011493193276e-9
212.17698780180757	0.005248074602497733	5.06151532045246e-10
262.885244821937	0.005248074602497733	9.71612043044417e-11
325.7122869971341	0.005248074602497733	1.3102597324721616e-11
403.5543872869759	0.005248074602497733	2.3949153162319212e-12
499.9999999999984	0.005248074602497733	6.521823574952754e-13
1000	0.005248074602497733	9.221094612522438e-17
2000	0.005248074602497733	0
1.	0.006025595860743587	0.0349712838423506
1.9999999999999998	0.006025595860743587	0.06567056767192457
2.288838595949997	0.006025595860743587	0.07297992978954108
2.6193910591551774	0.006025595860743587	0.08405181045627122
2.9976816770403563	0.006025595860743587	0.10144506345120151
3.4306047603910415	0.006025595860743587	0.12924235769994638
3.926050291516404	0.006025595860743587	0.1722239548651243
4.493047718431742	0.006025595860743587	0.23219364690550032
5.141930515695824	0.006025595860743587	0.29995587042555083
5.884524511008838	0.006025595860743587	0.3484297533212392
6.734363409805407	0.006025595860743587	0.34254551467614436
7.706935445758021	0.006025595860743587	0.27169112731426404
8.819965652373028	0.006025595860743587	0.16870126800844867
10.093738900052346	0.006025595860743587	0.08034624602611046
11.551469585940843	0.006025595860743587	0.028356360912887804
13.219724714121972	0.006025595860743587	0.0069222473441476915
15.128908076758211	0.006025595860743587	0.000994095337111438
17.313814360331925	0.006025595860743587	0.00024297893150540358
19.814263275520517	0.006025595860743587	0.000435244885901745
22.675825267662994	0.006025595860743587	0.0005456291323868965
25.950652033822625	0.006025595860743587	0.00048129660906507564
29.698426982540767	0.006025595860743587	0.00032967592160833173
33.98745295832107	0.006025595860743587	0.00019478134384059943
38.895897054520105	0.006025595860743587	0.00010289098399704545
44.51321520124173	0.006025595860743587	0.00004874470146962143
50.941782491215115	0.006025595860743587	0.000021417459563669138
58.29875895619149	0.006025595860743587	8.93827343120701e-6
66.71822479745835	0.006025595860743587	3.628331826834294e-6
76.35362398484546	0.006025595860743587	1.4282935347129629e-6
87.38056075858388	0.006025595860743587	5.075925545544913e-7
100.00000000000031	0.006025595860743587	1.888798476238966e-7
111.55639876771902	0.006025595860743587	8.570531030354893e-8
138.21730389017998	0.006025595860743587	1.60961548018695e-8
171.24990861750976	0.006025595860743587	2.776966565181605e-9
212.17698780180757	0.006025595860743587	5.812526824876154e-10
262.885244821937	0.006025595860743587	1.1157669726659765e-10
325.7122869971341	0.006025595860743587	1.5046516001530214e-11
403.5543872869759	0.006025595860743587	2.7500582515182447e-12
499.9999999999984	0.006025595860743587	7.488730944302719e-13
1000	0.006025595860743587	1.0588698861718842e-16
2000	0.006025595860743587	0
1.	0.006918309709189377	0.03807819898789133
1.9999999999999998	0.006918309709189377	0.07202809792897072
2.288838595949997	0.006918309709189377	0.07973206035131483
2.6193910591551774	0.006918309709189377	0.09139684909707788
2.9976816770403563	0.006918309709189377	0.10978711239598245
3.4306047603910415	0.006918309709189377	0.13950344648523694
3.926050291516404	0.006918309709189377	0.18632002990211477
4.493047718431742	0.006918309709189377	0.2534107231188443
5.141930515695824	0.006918309709189377	0.3321540316118053
5.884524511008838	0.006918309709189377	0.39277798779842726
6.734363409805407	0.006918309709189377	0.3932007154871051
7.706935445758021	0.006918309709189377	0.3167563432839579
8.819965652373028	0.006918309709189377	0.19890745049217493
10.093738900052346	0.006918309709189377	0.09546275156310796
11.551469585940843	0.006918309709189377	0.033874183185037404
13.219724714121972	0.006918309709189377	0.009111026900329987
15.128908076758211	0.006918309709189377	0.0012016165281416547
17.313814360331925	0.006918309709189377	0.000280712225292369
19.814263275520517	0.006918309709189377	0.0004962028151986428
22.675825267662994	0.006918309709189377	0.0006245974242875454
25.950652033822625	0.006918309709189377	0.0005533160205931196
29.698426982540767	0.006918309709189377	0.00037946900678129634
33.98745295832107	0.006918309709189377	0.00022416969373642223
38.895897054520105	0.006918309709189377	0.00011845105837082142
44.51321520124173	0.006918309709189377	0.000056080623260461394
50.941782491215115	0.006918309709189377	0.00002463828458684242
58.29875895619149	0.006918309709189377	0.000010276479686801722
66.71822479745835	0.006918309709189377	4.171163314690013e-6
76.35362398484546	0.006918309709189377	1.6422036351223472e-6
87.38056075858388	0.006918309709189377	5.834603213368651e-7
100.00000000000031	0.006918309709189377	2.1704616090006366e-7
111.55639876771902	0.006918309709189377	9.84711871664015e-8
138.21730389017998	0.006918309709189377	1.8492252930632325e-8
171.24990861750976	0.006918309709189377	3.189866379343585e-9
212.17698780180757	0.006918309709189377	6.675659161197723e-10
262.885244821937	0.006918309709189377	1.2814298257130823e-10
325.7122869971341	0.006918309709189377	1.7280461163384884e-11
403.5543872869759	0.006918309709189377	3.1581363095813756e-12
499.9999999999984	0.006918309709189377	8.599671473517324e-13
1000	0.006918309709189377	1.2160249629825067e-16
2000	0.006918309709189377	0
1.	0.00794328234724283	0.04120330615577062
1.9999999999999998	0.00794328234724283	0.07860511341731813
2.288838595949997	0.00794328234724283	0.08665157483266632
2.6193910591551774	0.00794328234724283	0.09879986841723112
2.9976816770403563	0.00794328234724283	0.11800413727647777
3.4306047603910415	0.00794328234724283	0.14936750277115907
3.926050291516404	0.00794328234724283	0.1997900628218164
4.493047718431742	0.00794328234724283	0.2741957395509122
5.141930515695824	0.00794328234724283	0.36520811811864484
5.884524511008838	0.00794328234724283	0.4407351538243701
6.734363409805407	0.00794328234724283	0.45058284487020794
7.706935445758021	0.00794328234724283	0.3696795026099609
8.819965652373028	0.00794328234724283	0.23527461257656418
10.093738900052346	0.00794328234724283	0.1139020914204134
11.551469585940843	0.00794328234724283	0.04068394449897496
13.219724714121972	0.00794328234724283	0.01002699344708468
15.128908076758211	0.00794328234724283	0.0014622464576090062
17.313814360331925	0.00794328234724283	0.00032487948899606156
19.814263275520517	0.00794328234724283	0.0005660176098609965
22.675825267662994	0.00794328234724283	0.0007169545859995632
25.950652033822625	0.00794328234724283	0.0006362593725125943
29.698426982540767	0.00794328234724283	0.0004369290077065047
33.98745295832107	0.00794328234724283	0.0002581520388614889
38.895897054520105	0.00794328234724283	0.00013632711489847889
44.51321520124173	0.00794328234724283	0.00006454913387286246
50.941782491215115	0.00794328234724283	0.000028342907166944148
58.29875895619149	0.00794328234724283	0.000011817295735460001
66.71822479745835	0.00794328234724283	4.796313948851684e-6
76.35362398484546	0.00794328234724283	1.8874133204858938e-6
87.38056075858388	0.00794328234724283	6.703833265037833e-7
100.00000000000031	0.00794328234724283	2.4929376212363957e-7
111.55639876771902	0.00794328234724283	1.1308198488350075e-7
138.21730389017998	0.00794328234724283	2.1234219745559648e-8
171.24990861750976	0.00794328234724283	3.6622085013088663e-9
212.17698780180757	0.00794328234724283	7.662639378436675e-10
262.885244821937	0.00794328234724283	1.4708737738244405e-10
325.7122869971341	0.00794328234724283	1.9835002978743294e-11
403.5543872869759	0.00794328234724283	3.624698316507242e-12
499.9999999999984	0.00794328234724283	9.869749703602014e-13
1000	0.00794328234724283	1.3957174887205682e-16
2000	0.00794328234724283	0
1.	0.009120108393559116	0.04428959578702234
1.9999999999999998	0.009120108393559116	0.08533209081725665
2.288838595949997	0.009120108393559116	0.0936439500508618
2.6193910591551774	0.009120108393559116	0.10614404533617078
2.9976816770403563	0.009120108393559116	0.12591711557288165
3.4306047603910415	0.009120108393559116	0.15854050216163657
3.926050291516404	0.009120108393559116	0.2121070251505452
4.493047718431742	0.009120108393559116	0.2937266449059381
5.141930515695824	0.009120108393559116	0.39813202000023173
5.884524511008838	0.009120108393559116	0.49164905453298696
6.734363409805407	0.009120108393559116	0.5150156200531812
7.706935445758021	0.009120108393559116	0.4317313052890923
8.819965652373028	0.009120108393559116	0.27918153594267675
10.093738900052346	0.009120108393559116	0.13659963528280678
11.551469585940843	0.009120108393559116	0.049145913081718895
13.219724714121972	0.009120108393559116	0.012191362454764654
15.128908076758211	0.009120108393559116	0.001794174308401661
17.313814360331925	0.009120108393559116	0.00037707945004307887
19.814263275520517	0.009120108393559116	0.0006419710058152058
22.675825267662994	0.009120108393559116	0.0008215501647882551
25.950652033822625	0.009120108393559116	0.0007318071840311414
29.698426982540767	0.009120108393559116	0.0005033116132515847
33.98745295832107	0.009120108393559116	0.000297284206273965
38.895897054520105	0.009120108393559116	0.00015728105540971244
44.51321520124173	0.009120108393559116	0.00007431948808841158
50.941782491215115	0.009120108393559116	0.00003263260768230388
58.29875895619149	0.009120108393559116	0.00001359270379774452
66.71822479745835	0.009120108393559116	5.515840404188702e-6
76.35362398484546	0.009120108393559116	2.168901284406696e-6
87.38056075858388	0.009120108393559116	7.700955498685017e-7
100.00000000000031	0.009120108393559116	2.8626086463183854e-7
111.55639876771902	0.009120108393559116	1.29825171785352e-7
138.21730389017998	0.009120108393559116	2.437564831110263e-8
171.24990861750976	0.009120108393559116	4.203161917196646e-9
212.17698780180757	0.009120108393559116	8.792527925859045e-10
262.885244821937	0.009120108393559116	1.6877330000574699e-10
325.7122869971341	0.009120108393559116	2.275921619840134e-11
403.5543872869759	0.009120108393559116	4.158685732956743e-12
499.9999999999984	0.009120108393559116	1.1323282121173662e-12
1000	0.009120108393559116	1.6013846452248929e-16
2000	0.009120108393559116	0
1.	0.010471285480509017	0.04726416803582185
1.9999999999999998	0.010471285480509017	0.09210242724726962
2.288838595949997	0.010471285480509017	0.10060288389974517
2.6193910591551774	0.010471285480509017	0.11330097923555917
2.9976816770403563	0.010471285480509017	0.1333530493709537
3.4306047603910415	0.010471285480509017	0.1667254500005969
3.926050291516404	0.010471285480509017	0.22271393140015688
4.493047718431742	0.010471285480509017	0.31097745945795735
5.141930515695824	0.010471285480509017	0.42948574356358804
5.884524511008838	0.010471285480509017	0.5453816401670618
6.734363409805407	0.010471285480509017	0.5863689452590348
7.706935445758021	0.010471285480509017	0.504225605640852
8.819965652373028	0.010471285480509017	0.3324160990617169
10.093738900052346	0.010471285480509017	0.1646758991804683
11.551469585940843	0.010471285480509017	0.059782674193103014
13.219724714121972	0.010471285480509017	0.014927406121412013
15.128908076758211	0.010471285480509017	0.002221468821038333
17.313814360331925	0.010471285480509017	0.0004394949520784528
19.814263275520517	0.010471285480509017	0.000722056989376323
22.675825267662994	0.010471285480509017	0.0009415169414033035
25.950652033822625	0.010471285480509017	0.0008417912788088624
29.698426982540767	0.010471285480509017	0.00058001368191743
33.98745295832107	0.010471285480509017	0.00034255711791341076
38.895897054520105	0.010471285480509017	0.00018106184136649142
44.51321520124173	0.010471285480509017	0.00008564656457641197
50.941782491215115	0.010471285480509017	0.00003756107800496124
58.29875895619149	0.010471285480509017	0.000015639100309986358
66.71822479745835	0.010471285480509017	6.3453511731457744e-6
76.35362398484546	0.010471285480509017	2.49348692382686e-6
87.38056075858388	0.010471285480509017	8.84992395146684e-7
100.00000000000031	0.010471285480509017	3.2882056150643817e-7
111.55639876771902	0.010471285480509017	1.490929825779953e-7
138.21730389017998	0.010471285480509017	2.7990104029133928e-8
171.24990861750976	0.010471285480509017	4.8252740675841904e-9
212.17698780180757	0.010471285480509017	1.0091338053391568e-9
262.885244821937	0.010471285480509017	1.9370029979091012e-10
325.7122869971341	0.010471285480509017	2.6120394447955752e-11
403.5543872869759	0.010471285480509017	4.772346548427872e-12
499.9999999999984	0.010471285480509017	1.2993496899500324e-12
1000	0.010471285480509017	1.837757810731584e-16
2000	0.010471285480509017	0
1.	0.012022644346174156	0.05004466214240439
1.9999999999999998	0.012022644346174156	0.09881034696081113
2.288838595949997	0.012022644346174156	0.1074221207887732
2.6193910591551774	0.012022644346174156	0.12014821588699734
2.9976816770403563	0.012022644346174156	0.14014928023811868
3.4306047603910415	0.012022644346174156	0.17364068778145098
3.926050291516404	0.012022644346174156	0.2310411873452038
4.493047718431742	0.012022644346174156	0.3248808878435546
5.141930515695824	0.012022644346174156	0.45933067854870446
5.884524511008838	0.012022644346174156	0.5993806261482613
6.734363409805407	0.012022644346174156	0.6668348181754435
7.706935445758021	0.012022644346174156	0.5885468570736979
8.819965652373028	0.012022644346174156	0.39705170566424147
10.093738900052346	0.012022644346174156	0.19973471858804653
11.551469585940843	0.012022644346174156	0.07321776815046023
13.219724714121972	0.012022644346174156	0.018434110961476267
15.128908076758211	0.012022644346174156	0.0027787304728863474
17.313814360331925	0.012022644346174156	0.000514849120817354
19.814263275520517	0.012022644346174156	0.000830629108132523
22.675825267662994	0.012022644346174156	0.001077682972318747
25.950652033822625	0.012022644346174156	0.0009686042376057878
29.698426982540767	0.012022644346174156	0.0006687648353573995
33.98745295832107	0.012022644346174156	0.00039486651445809067
38.895897054520105	0.012022644346174156	0.0002087359155361775
44.51321520124173	0.012022644346174156	0.00009867243652355033
50.941782491215115	0.012022644346174156	0.00004327371595168114
58.29875895619149	0.012022644346174156	0.000017999808833811873
66.71822479745835	0.012022644346174156	7.301066021653036e-6
76.35362398484546	0.012022644346174156	2.8692396724870748e-6
87.38056075858388	0.012022644346174156	1.0178919599833758e-6
100.00000000000031	0.012022644346174156	3.78001058461014e-7
111.55639876771902	0.012022644346174156	1.7134735158181918e-7
138.21730389017998	0.012022644346174156	3.2163544237961025e-8
171.24990861750976	0.012022644346174156	5.54330430486178e-9
212.17698780180757	0.012022644346174156	1.1589524532348496e-9
262.885244821937	0.012022644346174156	2.2245307069263898e-10
325.7122869971341	0.012022644346174156	2.999739952025682e-11
403.5543872869759	0.012022644346174156	5.48000875207389e-12
499.9999999999984	0.012022644346174156	1.4919429197930532e-12
1000	0.012022644346174156	2.1103669605306716e-16
2000	0.012022644346174156	0
1.	0.01380384264602888	0.05254064445187999
1.9999999999999998	0.01380384264602888	0.10471247267479421
2.288838595949997	0.01380384264602888	0.11395508233603734
2.6193910591551774	0.01380384264602888	0.12657017741261448
2.9976816770403563	0.01380384264602888	0.1461942359973109
3.4306047603910415	0.01380384264602888	0.1791136343385059
3.926050291516404	0.01380384264602888	0.23662811720955954
4.493047718431742	0.01380384264602888	0.3355426926616335
5.141930515695824	0.01380384264602888	0.4826784464733649
5.884524511008838	0.01380384264602888	0.6503144741675704
6.734363409805407	0.01380384264602888	0.7508875908386596
7.706935445758021	0.01380384264602888	0.6885786297452748
8.819965652373028	0.01380384264602888	0.47568282460317785
10.093738900052346	0.01380384264602888	0.2437050703512758
11.551469585940843	0.01380384264602888	0.0904295632268772
13.219724714121972	0.01380384264602888	0.02299767289721921
15.128908076758211	0.01380384264602888	0.003535519283540252
17.313814360331925	0.01380384264602888	0.0006075223219730954
19.814263275520517	0.01380384264602888	0.0009409256923765819
22.675825267662994	0.01380384264602888	0.0012308724665513653
25.950652033822625	0.01380384264602888	0.0011148052122640568
29.698426982540767	0.01380384264602888	0.0007715274962435713
33.98745295832107	0.01380384264602888	0.0004555319315343253
38.895897054520105	0.01380384264602888	0.00024102290769924107
44.51321520124173	0.01380384264602888	0.00011343422032752935
50.941782491215115	0.01380384264602888	0.00004990383061108606
58.29875895619149	0.01380384264602888	0.0000207244284703792
66.71822479745835	0.01380384264602888	8.402703388982395e-6
76.35362398484546	0.01380384264602888	3.2991877156223906e-6
87.38056075858388	0.01380384264602888	1.1698060288153605e-6
100.00000000000031	0.01380384264602888	4.3415272655954064e-7
111.55639876771902	0.01380384264602888	1.9674246226374767e-7
138.21730389017998	0.01380384264602888	3.692463623563673e-8
171.24990861750976	0.01380384264602888	6.361958216627136e-9
212.17698780180757	0.01380384264602888	1.3296538014634864e-9
262.885244821937	0.01380384264602888	2.552121691356523e-10
325.7122869971341	0.01380384264602888	3.441438418065417e-11
403.5543872869759	0.01380384264602888	6.2860265560251986e-12
499.9999999999984	0.01380384264602888	1.711268294698035e-12
1000	0.01380384264602888	2.4208881119589176e-16
2000	0.01380384264602888	0
1.	0.015848931924611172	0.054672323005678876
1.9999999999999998	0.015848931924611172	0.07942502480034208
2.288838595949997	0.015848931924611172	0.1200574096592475
2.6193910591551774	0.015848931924611172	0.13244312350605078
2.9976816770403563	0.015848931924611172	0.15139618114954484
3.4306047603910415	0.015848931924611172	0.18303258108835
3.926050291516404	0.015848931924611172	0.2398100503275138
4.493047718431742	0.015848931924611172	0.33989157488463023
5.141930515695824	0.015848931924611172	0.4985062194154608
5.884524511008838	0.015848931924611172	0.6954072290176485
6.734363409805407	0.015848931924611172	0.8376520277460043
7.706935445758021	0.015848931924611172	0.8006958786500047
8.819965652373028	0.015848931924611172	0.5712575217460092
10.093738900052346	0.015848931924611172	0.2993589830134384
11.551469585940843	0.015848931924611172	0.1127432892823306
13.219724714121972	0.015848931924611172	0.028983992263135396
15.128908076758211	0.015848931924611172	0.004499764308043485
17.313814360331925	0.015848931924611172	0.0007229599970670277
19.814263275520517	0.015848931924611172	0.0010650868544958652
22.675825267662994	0.015848931924611172	0.0013921018524101212
25.950652033822625	0.015848931924611172	0.001283234240073645
29.698426982540767	0.015848931924611172	0.000890656585154733
33.98745295832107	0.015848931924611172	0.0005258211116201759
38.895897054520105	0.015848931924611172	0.00027837873316481
44.51321520124173	0.015848931924611172	0.00013120410327943012
50.941782491215115	0.015848931924611172	0.00005746062184813436
58.29875895619149	0.015848931924611172	0.00002387423690018943
66.71822479745835	0.015848931924611172	9.674624827280345e-6
76.35362398484546	0.015848931924611172	3.7988532248871187e-6
87.38056075858388	0.015848931924611172	1.346161980283859e-6
100.00000000000031	0.015848931924611172	4.992575675270145e-7
111.55639876771902	0.015848931924611172	2.2616802989639315e-7
138.21730389017998	0.015848931924611172	4.243956500382918e-8
171.24990861750976	0.015848931924611172	7.3095997833056535e-9
212.17698780180757	0.015848931924611172	1.5271125294867551e-9
262.885244821937	0.015848931924611172	2.931046317802359e-10
325.7122869971341	0.015848931924611172	3.9523587450871937e-11
403.5543872869759	0.015848931924611172	7.218058728688873e-12
499.9999999999984	0.015848931924611172	1.964850766043132e-12
1000	0.015848931924611172	2.7799840588964235e-16
2000	0.015848931924611172	0
1.	0.01819700858609988	0.056364403715653835
1.9999999999999998	0.01819700858609988	0.0812491033376234
2.288838595949997	0.01819700858609988	0.09116505511051194
2.6193910591551774	0.01819700858609988	0.13762394594749136
2.9976816770403563	0.01819700858609988	0.1557061271794791
3.4306047603910415	0.01819700858609988	0.18564752419827824
3.926050291516404	0.01819700858609988	0.23972704100524383
4.493047718431742	0.01819700858609988	0.33824457886320347
5.141930515695824	0.01819700858609988	0.504587139278719
5.884524511008838	0.01819700858609988	0.7302680846648302
6.734363409805407	0.01819700858609988	0.9227732569653849
7.706935445758021	0.01819700858609988	0.9261434178453275
8.819965652373028	0.01819700858609988	0.6908163694095861
10.093738900052346	0.01819700858609988	0.3701812022545237
11.551469585940843	0.01819700858609988	0.14185088690548514
13.219724714121972	0.01819700858609988	0.03701633127498548
15.128908076758211	0.01819700858609988	0.00584349755032017
17.313814360331925	0.01819700858609988	0.0008724295334832866
19.814263275520517	0.01819700858609988	0.0012033156514095202
22.675825267662994	0.01819700858609988	0.001590129674894392
25.950652033822625	0.01819700858609988	0.001477812359604323
29.698426982540767	0.01819700858609988	0.001028957860678783
33.98745295832107	0.01819700858609988	0.000607472925283713
38.895897054520105	0.01819700858609988	0.00032138233161891293
44.51321520124173	0.01819700858609988	0.00015162587341704346
50.941782491215115	0.01819700858609988	0.00006636036494245337
58.29875895619149	0.01819700858609988	0.000027516930139832342
66.71822479745835	0.01819700858609988	0.000011141887988311033
76.35362398484546	0.01819700858609988	4.376305249615458e-6
87.38056075858388	0.01819700858609988	1.549704222334088e-6
100.00000000000031	0.01819700858609988	5.742901986282707e-7
111.55639876771902	0.01819700858609988	2.600557520959686e-7
138.21730389017998	0.01819700858609988	4.87881741204065e-8
171.24990861750976	0.01819700858609988	8.39969934256164e-9
212.17698780180757	0.01819700858609988	1.7540657476496875e-9
262.885244821937	0.01819700858609988	3.3665403630707643e-10
325.7122869971341	0.01819700858609988	4.539517831993901e-11
403.5543872869759	0.01819700858609988	8.28880835194304e-12
499.9999999999984	0.01819700858609988	2.256129003042664e-12
1000	0.01819700858609988	3.1926024343266013e-16
2000	0.01819700858609988	0
1.	0.02089296130854045	0.05753108325618477
1.9999999999999998	0.02089296130854045	0.0822970849596997
2.288838595949997	0.02089296130854045	0.09220503691176503
2.6193910591551774	0.02089296130854045	0.10475562421236143
2.9976816770403563	0.02089296130854045	0.15922105750181334
3.4306047603910415	0.02089296130854045	0.18708745600780122
3.926050291516404	0.02089296130854045	0.23669809169103614
4.493047718431742	0.02089296130854045	0.33048673393777095
5.141930515695824	0.02089296130854045	0.4991092528460921
5.884524511008838	0.02089296130854045	0.7499960425819084
6.734363409805407	0.02089296130854045	0.9997481145811672
7.706935445758021	0.02089296130854045	1.0622977530522946
8.819965652373028	0.02089296130854045	0.8321718702139367
10.093738900052346	0.02089296130854045	0.4629101324520566
11.551469585940843	0.02089296130854045	0.18048133819199866
13.219724714121972	0.02089296130854045	0.04794452225524591
15.128908076758211	0.02089296130854045	0.007704378772799306
17.313814360331925	0.02089296130854045	0.0010712388270917288
19.814263275520517	0.02089296130854045	0.001363823399216908
22.675825267662994	0.02089296130854045	0.0017601571123180262
25.950652033822625	0.02089296130854045	0.0017021576297710215
29.698426982540767	0.02089296130854045	0.0011898046255736667
33.98745295832107	0.02089296130854045	0.0007024469822707407
38.895897054520105	0.02089296130854045	0.00037160247779001904
44.51321520124173	0.02089296130854045	0.0001751874288043052
50.941782491215115	0.02089296130854045	0.00007663232100441628
58.29875895619149	0.02089296130854045	0.000031736089918954284
66.71822479745835	0.02089296130854045	0.000012837455579794282
76.35362398484546	0.02089296130854045	5.032791150582532e-6
87.38056075858388	0.02089296130854045	1.7807507924379776e-6
100.00000000000031	0.02089296130854045	6.593081838018894e-7
111.55639876771902	0.02089296130854045	2.9841776972938637e-7
138.21730389017998	0.02089296130854045	5.5971811812729075e-8
171.24990861750976	0.02089296130854045	9.632092128358846e-9
212.17698780180757	0.02089296130854045	2.010380131474062e-9
262.885244821937	0.02089296130854045	3.858336388510263e-10
325.7122869971341	0.02089296130854045	5.2025568982255336e-11
403.5543872869759	0.02089296130854045	9.49742944208006e-12
499.9999999999984	0.02089296130854045	2.5848439462833963e-12
1000	0.02089296130854045	3.6584144806402394e-16
2000	0.02089296130854045	0
1.	0.023988329190194974	0.058133800093632025
1.9999999999999998	0.023988329190194974	0.08252959503257458
2.288838595949997	0.023988329190194974	0.09231334556561609
2.6193910591551774	0.023988329190194974	0.10475713747596488
2.9976816770403563	0.023988329190194974	0.15701180443327442
3.4306047603910415	0.023988329190194974	0.18718541905106423
3.926050291516404	0.023988329190194974	0.231592990586724
4.493047718431742	0.023988329190194974	0.3174085143990068
5.141930515695824	0.023988329190194974	0.48141694696466325
5.884524511008838	0.023988329190194974	0.7498534750304403
6.734363409805407	0.023988329190194974	1.0598208240400293
7.706935445758021	0.023988329190194974	1.2029804751433326
8.819965652373028	0.023988329190194974	1.0000723921358345
10.093738900052346	0.023988329190194974	0.5807869467373519
11.551469585940843	0.023988329190194974	0.2324378553897545
13.219724714121972	0.023988329190194974	0.0628728928566584
15.128908076758211	0.023988329190194974	0.010349297877304073
17.313814360331925	0.023988329190194974	0.0013416496716073946
19.814263275520517	0.023988329190194974	0.0024824569229010716
22.675825267662994	0.023988329190194974	0.0020904213814170267
25.950652033822625	0.023988329190194974	0.0019607043458063213
29.698426982540767	0.023988329190194974	0.001376958247314054
33.98745295832107	0.023988329190194974	0.0008131342450390067
38.895897054520105	0.023988329190194974	0.00042987479541711223
44.51321520124173	0.023988329190194974	0.00020270799454945358
50.941782491215115	0.023988329190194974	0.00008859772482934988
58.29875895619149	0.023988329190194974	0.000036630036593577764
66.71822479745835	0.023988329190194974	0.000014795795462937322
76.35362398484546	0.023988329190194974	5.79538483289366e-6
87.38056075858388	0.023988329190194974	2.048690863093383e-6
100.00000000000031	0.023988329190194974	7.577161605613482e-7
111.55639876771902	0.023988329190194974	3.427801633716459e-7
138.21730389017998	0.023988329190194974	6.427442093244899e-8
171.24990861750976	0.023988329190194974	1.1055077897485373e-8
212.17698780180757	0.023988329190194974	2.3060072992606953e-9
262.885244821937	0.023988329190194974	4.4255262722859476e-10
325.7122869971341	0.023988329190194974	5.967228216283389e-11
403.5543872869759	0.023988329190194974	1.0890644046164846e-11
499.9999999999984	0.023988329190194974	2.9636888814732413e-12
1000	0.023988329190194974	4.195467591818895e-16
2000	0.023988329190194974	0
1.	0.027542287033381744	0.058145199958407584
1.9999999999999998	0.027542287033381744	0.08192480220658716
2.288838595949997	0.027542287033381744	0.09147625662431913
2.6193910591551774	0.027542287033381744	0.10368204672657312
2.9976816770403563	0.027542287033381744	0.11897039944580687
3.4306047603910415	0.027542287033381744	0.18625637637098316
3.926050291516404	0.027542287033381744	0.22507506247162834
4.493047718431742	0.027542287033381744	0.30032875949867915
5.141930515695824	0.027542287033381744	0.45226329862993664
5.884524511008838	0.027542287033381744	0.7291190392261886
6.734363409805407	0.027542287033381744	1.0990407102866366
7.706935445758021	0.027542287033381744	1.3424483513499388
8.819965652373028	0.027542287033381744	1.1948198661239338
10.093738900052346	0.027542287033381744	0.7320680238755883
11.551469585940843	0.027542287033381744	0.30396167105236566
13.219724714121972	0.027542287033381744	0.08390772018056616
15.128908076758211	0.027542287033381744	0.014144940226525174
17.313814360331925	0.027542287033381744	0.0017214885640786512
19.814263275520517	0.027542287033381744	0.0017127729362620594
22.675825267662994	0.027542287033381744	0.0023804680006215616
25.950652033822625	0.027542287033381744	0.0022584907001195046
29.698426982540767	0.027542287033381744	0.0015954250942055814
33.98745295832107	0.027542287033381744	0.0009423216918466684
38.895897054520105	0.027542287033381744	0.0004987170150276577
44.51321520124173	0.027542287033381744	0.00023489656944786019
50.941782491215115	0.027542287033381744	0.0001024823099844819
58.29875895619149	0.027542287033381744	0.00004231251494747135
66.71822479745835	0.027542287033381744	0.00001706356499412654
76.35362398484546	0.027542287033381744	6.676510929301339e-6
87.38056075858388	0.027542287033381744	2.3576738512423798e-6
100.00000000000031	0.027542287033381744	8.709462230857373e-7
111.55639876771902	0.027542287033381744	3.9376427623830107e-7
138.21730389017998	0.027542287033381744	7.381105723106887e-8
171.24990861750976	0.027542287033381744	1.2687718474754046e-8
212.17698780180757	0.027542287033381744	2.6447571610476772e-9
262.885244821937	0.027542287033381744	5.075390200915691e-10
325.7122869971341	0.027542287033381744	6.843319261547341e-11
403.5543872869759	0.027542287033381744	1.2485980940334846e-11
499.9999999999984	0.027542287033381744	3.3973870419324455e-12
1000	0.027542287033381744	4.810548942621274e-16
2000	0.027542287033381744	0
1.	0.03162277660168389	0.05757150328969831
1.9999999999999998	0.03162277660168389	0.08049780818267298
2.288838595949997	0.03162277660168389	0.08971496529482988
2.6193910591551774	0.03162277660168389	0.10155005405783024
2.9976816770403563	0.03162277660168389	0.11649108547057381
3.4306047603910415	0.03162277660168389	0.13488609290518433
3.926050291516404	0.03162277660168389	0.21797407329938057
4.493047718431742	0.03162277660168389	0.28134385386666977
5.141930515695824	0.03162277660168389	0.41510939945488373
5.884524511008838	0.03162277660168389	0.6835334534646527
6.734363409805407	0.03162277660168389	1.0965012979110385
7.706935445758021	0.03162277660168389	1.4625475972480735
8.819965652373028	0.03162277660168389	1.4206888683335468
10.093738900052346	0.03162277660168389	0.925401896653052
11.551469585940843	0.03162277660168389	0.4009673855511846
13.219724714121972	0.03162277660168389	0.11409860498288299
15.128908076758211	0.03162277660168389	0.01970670368676015
17.313814360331925	0.03162277660168389	0.0022798247457901846
19.814263275520517	0.03162277660168389	0.0019224240470287128
22.675825267662994	0.03162277660168389	0.0026971374435405993
25.950652033822625	0.03162277660168389	0.0026011494410564423
29.698426982540767	0.03162277660168389	0.0018514837599567279
33.98745295832107	0.03162277660168389	0.001092987455184133
38.895897054520105	0.03162277660168389	0.0005785708507941533
44.51321520124173	0.03162277660168389	0.00027240942123567973
50.941782491215115	0.03162277660168389	0.00011861932632880217
58.29875895619149	0.03162277660168389	0.00004892135094032297
66.71822479745835	0.03162277660168389	0.000019691954065234376
76.35362398484546	0.03162277660168389	7.699684281235072e-6
87.38056075858388	0.03162277660168389	2.7156861921508837e-6
100.00000000000031	0.03162277660168389	1.0018093456576817e-6
111.55639876771902	0.03162277660168389	4.5261403488928967e-7
138.21730389017998	0.03162277660168389	8.481089789613742e-8
171.24990861750976	0.03162277660168389	1.4568488207301487e-8
212.17698780180757	0.03162277660168389	3.034429497662536e-9
262.885244821937	0.03162277660168389	5.822866751694921e-10
325.7122869971341	0.03162277660168389	7.85092754133733e-11
403.5543872869759	0.03162277660168389	1.4319717012381959e-11
499.9999999999984	0.03162277660168389	3.895754925828456e-12
1000	0.03162277660168389	5.517687210423766e-16
2000	0.03162277660168389	0
1.	0.03630780547701025	0.05649309847972263
1.9999999999999998	0.03630780547701025	0.07827159700607891
2.288838595949997	0.03630780547701025	0.09381941405890809
2.6193910591551774	0.03630780547701025	0.09843963950798812
2.9976816770403563	0.03630780547701025	0.11289506488731424
3.4306047603910415	0.03630780547701025	0.1308662009633447
3.926050291516404	0.03630780547701025	0.15233405092673238
4.493047718431742	0.03630780547701025	0.2625694955837709
5.141930515695824	0.03630780547701025	0.37456912595477737
5.884524511008838	0.03630780547701025	0.6162592139767671
6.734363409805407	0.03630780547701025	1.0487816166954
7.706935445758021	0.03630780547701025	1.5372677215776165
8.819965652373028	0.03630780547701025	1.6523097714975015
10.093738900052346	0.03630780547701025	1.1758132045449765
11.551469585940843	0.03630780547701025	0.5349545591549592
13.219724714121972	0.03630780547701025	0.15762438767096287
15.128908076758211	0.03630780547701025	0.028035520929798215
17.313814360331925	0.03630780547701025	0.003133685939292507
19.814263275520517	0.03630780547701025	0.002184444183310182
22.675825267662994	0.03630780547701025	0.003016710289368252
25.950652033822625	0.03630780547701025	0.0029952007763244977
29.698426982540767	0.03630780547701025	0.002152294812279446
33.98745295832107	0.03630780547701025	0.001270769881367354
38.895897054520105	0.03630780547701025	0.0006719204713294
44.51321520124173	0.03630780547701025	0.0003162436308487397
50.941782491215115	0.03630780547701025	0.00013758150913628775
58.29875895619149	0.03630780547701025	0.00005661496084151131
66.71822479745835	0.03630780547701025	0.000022743967960125677
76.35362398484546	0.03630780547701025	8.887186899074804e-6
87.38056075858388	0.03630780547701025	3.1301311378074093e-6
100.00000000000031	0.03630780547701025	1.152867389504383e-6
111.55639876771902	0.03630780547701025	5.204450318408893e-7
138.21730389017998	0.03630780547701025	9.747897522380619e-8
171.24990861750976	0.03630780547701025	1.6731384014449766e-8
212.17698780180757	0.03630780547701025	3.481796776965985e-9
262.885244821937	0.03630780547701025	6.680903339274298e-10
325.7122869971341	0.03630780547701025	9.007512896525756e-11
403.5543872869759	0.03630780547701025	1.6423106723364812e-11
499.9999999999984	0.03630780547701025	4.46722151570154e-12
1000	0.03630780547701025	6.32902044423139e-16
2000	0.03630780547701025	0
1.	0.04168693834703368	0.05499998888227223
1.9999999999999998	0.04168693834703368	0.07533117805263927
2.288838595949997	0.04168693834703368	0.08364187154321226
2.6193910591551774	0.04168693834703368	0.09749189571267701
2.9976816770403563	0.04168693834703368	0.10825103293493765
3.4306047603910415	0.04168693834703368	0.12565516275255667
3.926050291516404	0.04168693834703368	0.14668698589569842
4.493047718431742	0.04168693834703368	0.2028225290155817
5.141930515695824	0.04168693834703368	0.3334309151703708
5.884524511008838	0.04168693834703368	0.5358377112144914
6.734363409805407	0.04168693834703368	0.9545752596994076
7.706935445758021	0.04168693834703368	1.5461068251629975
8.819965652373028	0.04168693834703368	1.8692197611838868
10.093738900052346	0.04168693834703368	1.4764219749920249
11.551469585940843	0.04168693834703368	0.7198874145697925
13.219724714121972	0.04168693834703368	0.22164625454540474
15.128908076758211	0.04168693834703368	0.04078639038962955
17.313814360331925	0.04168693834703368	0.004499711986553632
19.814263275520517	0.04168693834703368	0.00242179235812502
22.675825267662994	0.04168693834703368	0.003463902639098844
25.950652033822625	0.04168693834703368	0.003448233454863542
29.698426982540767	0.04168693834703368	0.0025039061245130116
33.98745295832107	0.04168693834703368	0.0014798427724035405
38.895897054520105	0.04168693834703368	0.000781891226759084
44.51321520124173	0.04168693834703368	0.00036861088129337574
50.941782491215115	0.04168693834703368	0.00015971272962176183
58.29875895619149	0.04168693834703368	0.00006559089022024508
66.71822479745835	0.04168693834703368	0.000026300884479188172
76.35362398484546	0.04168693834703368	0.000010254269930782604
87.38056075858388	0.04168693834703368	3.605854704565331e-6
100.00000000000031	0.04168693834703368	1.3256617879594876e-6
111.55639876771902	0.04168693834703368	5.978971638409866e-7
138.21730389017998	0.04168693834703368	1.1193008626791053e-7
171.24990861750976	0.04168693834703368	1.9194493706566408e-8
212.17698780180757	0.04168693834703368	3.9902189406161264e-9
262.885244821937	0.04168693834703368	7.655931796361044e-10
325.7122869971341	0.04168693834703368	1.0321691956150107e-10
403.5543872869759	0.04168693834703368	1.8811088866316633e-11
499.9999999999984	0.04168693834703368	5.115749165361178e-12
1000	0.04168693834703368	7.250396359808072e-16
2000	0.04168693834703368	0
1.	0.047863009232264	0.05320939743684927
1.9999999999999998	0.047863009232264	0.07179639484791991
2.288838595949997	0.047863009232264	0.08556511918778299
2.6193910591551774	0.047863009232264	0.09194972327992591
2.9976816770403563	0.047863009232264	0.10269705615454673
3.4306047603910415	0.047863009232264	0.11932118691410291
3.926050291516404	0.047863009232264	0.13976700148825766
4.493047718431742	0.047863009232264	0.1633478940516377
5.141930515695824	0.047863009232264	0.297129955771848
5.884524511008838	0.047863009232264	0.4534608678574688
6.734363409805407	0.047863009232264	0.8234441164442109
7.706935445758021	0.047863009232264	1.4808967105491078
8.819965652373028	0.047863009232264	2.034027938694289
10.093738900052346	0.047863009232264	1.8248480205399975
11.551469585940843	0.047863009232264	0.9824530307738786
13.219724714121972	0.047863009232264	0.3175968678149195
15.128908076758211	0.047863009232264	0.0608425425035184
17.313814360331925	0.047863009232264	0.00674166181063746
19.814263275520517	0.047863009232264	0.0027180695656198748
22.675825267662994	0.047863009232264	0.003908421303749624
25.950652033822625	0.047863009232264	0.003967699904457999
29.698426982540767	0.047863009232264	0.002917333152077599
33.98745295832107	0.047863009232264	0.0017279634266919599
38.895897054520105	0.047863009232264	0.0009120146884765867
44.51321520124173	0.047863009232264	0.0004290495180133122
50.941782491215115	0.047863009232264	0.00018558970316540045
58.29875895619149	0.047863009232264	0.00007608002694393777
66.71822479745835	0.047863009232264	0.000030452358437662383
76.35362398484546	0.047863009232264	0.000011844656110746929
87.38056075858388	0.047863009232264	4.157483012034581e-6
100.00000000000031	0.047863009232264	1.525267071068836e-6
111.55639876771902	0.047863009232264	6.871897174280018e-7
138.21730389017998	0.047863009232264	1.2857155294929353e-7
171.24990861750976	0.047863009232264	2.2025506859170363e-8
212.17698780180757	0.047863009232264	4.573327745255545e-9
262.885244821937	0.047863009232264	8.773969184950195e-10
325.7122869971341	0.047863009232264	1.1828513602764504e-10
403.5543872869759	0.047863009232264	2.1546466311755127e-11
499.9999999999984	0.047863009232264	5.858312277939672e-12
1000	0.047863009232264	8.306218866482992e-16
2000	0.047863009232264	0
1.	0.05495408738576265	0.051240703502086996
1.9999999999999998	0.05495408738576265	0.06783920703939587
2.288838595949997	0.05495408738576265	0.07490258463230291
2.6193910591551774	0.05495408738576265	0.08671843631630712
2.9976816770403563	0.05495408738576265	0.09636557181612378
3.4306047603910415	0.05495408738576265	0.11199720135921225
3.926050291516404	0.05495408738576265	0.1315980264879813
4.493047718431742	0.05495408738576265	0.15485292153511887
5.141930515695824	0.05495408738576265	0.17977434759880997
5.884524511008838	0.05495408738576265	0.3796967178847676
6.734363409805407	0.05495408738576265	0.6786135027316731
7.706935445758021	0.05495408738576265	1.3189772894191225
8.819965652373028	0.05495408738576265	2.110286773393479
10.093738900052346	0.05495408738576265	2.208995913104215
11.551469585940843	0.05495408738576265	1.3319776763240272
13.219724714121972	0.05495408738576265	0.4646639334614401
15.128908076758211	0.05495408738576265	0.09348173525680888
17.313814360331925	0.05495408738576265	0.010519450551301095
19.814263275520517	0.05495408738576265	0.0030794986288704513
22.675825267662994	0.05495408738576265	0.004558498864416498
25.950652033822625	0.05495408738576265	0.0045611989046856136
29.698426982540767	0.05495408738576265	0.0034046604296868576
33.98745295832107	0.05495408738576265	0.0020212046519878465
38.895897054520105	0.05495408738576265	0.00106474030227388
44.51321520124173	0.05495408738576265	0.0005010241988716016
50.941782491215115	0.05495408738576265	0.0002163747205057053
58.29875895619149	0.05495408738576265	0.0000883716922476719
66.71822479745835	0.05495408738576265	0.00003531123576653118
76.35362398484546	0.05495408738576265	0.000013710942911702982
87.38056075858388	0.05495408738576265	4.80247756227373e-6
100.00000000000031	0.05495408738576265	1.7576847372934363e-6
111.55639876771902	0.05495408738576265	7.909253862836979e-7
138.21730389017998	0.05495408738576265	1.4788191756112533e-7
171.24990861750976	0.05495408738576265	2.530353762101206e-8
212.17698780180757	0.05495408738576265	5.246820034105276e-9
262.885244821937	0.05495408738576265	1.0065061940068096e-9
325.7122869971341	0.05495408738576265	1.3568356425169083e-10
403.5543872869759	0.05495408738576265	2.470160900863965e-11
499.9999999999984	0.05495408738576265	6.714434560933281e-12
1000	0.05495408738576265	9.524515291595865e-16
2000	0.05495408738576265	0
1.	0.06309573444801955	0.049134091976414704
1.9999999999999998	0.06309573444801955	0.0636881649187022
2.288838595949997	0.06309573444801955	0.08379504249887708
2.6193910591551774	0.06309573444801955	0.11792299621686907
2.9976816770403563	0.06309573444801955	0.13279902762191503
3.4306047603910415	0.06309573444801955	0.15183273910745007
3.926050291516404	0.06309573444801955	0.12985112270717009
4.493047718431742	0.06309573444801955	0.14491810213509865
5.141930515695824	0.06309573444801955	0.17029399525504618
5.884524511008838	0.06309573444801955	0.22294851507948132
6.734363409805407	0.06309573444801955	0.5347465067744437
7.706935445758021	0.06309573444801955	1.087446471503304
8.819965652373028	0.06309573444801955	2.0241454639724226
10.093738900052346	0.06309573444801955	2.5406309081768113
11.551469585940843	0.06309573444801955	1.7988375240584393
13.219724714121972	0.06309573444801955	0.6876112782108413
15.128908076758211	0.06309573444801955	0.14720985195938763
17.313814360331925	0.06309573444801955	0.017130166625714625
19.814263275520517	0.06309573444801955	0.0036260033778360377
22.675825267662994	0.06309573444801955	0.004881954665792426
25.950652033822625	0.06309573444801955	0.005235577625021689
29.698426982540767	0.06309573444801955	0.0039792723779090225
33.98745295832107	0.06309573444801955	0.0023712091832635996
38.895897054520105	0.06309573444801955	0.0012542914666660522
44.51321520124173	0.06309573444801955	0.0005868175898004405
50.941782491215115	0.06309573444801955	0.00025329206519197835
58.29875895619149	0.06309573444801955	0.00010284090249268192
66.71822479745835	0.06309573444801955	0.00004100186002659318
76.35362398484546	0.06309573444801955	0.00001589494692599335
87.38056075858388	0.06309573444801955	5.554207039830878e-6
100.00000000000031	0.06309573444801955	2.02723913070711e-6
111.55639876771902	0.06309573444801955	9.109234736179212e-7
138.21730389017998	0.06309573444801955	1.7018550586273603e-7
171.24990861750976	0.06309573444801955	2.9080571350245337e-8
212.17698780180757	0.06309573444801955	6.020561422879694e-9
262.885244821937	0.06309573444801955	1.1548039062664064e-9
325.7122869971341	0.06309573444801955	1.5566621169964687e-10
403.5543872869759	0.06309573444801955	2.8320961398669187e-11
499.9999999999984	0.06309573444801955	7.69591861717875e-12
1000	0.06309573444801955	1.0922645303789137e-15
2000	0.06309573444801955	0
1.	0.07244359600749928	0.046956800929927774
1.9999999999999998	0.07244359600749928	0.08130459247596904
2.288838595949997	0.07244359600749928	0.09471433015135794
2.6193910591551774	0.07244359600749928	0.1055940464011259
2.9976816770403563	0.07244359600749928	0.12028607532042956
3.4306047603910415	0.07244359600749928	0.13835022383612214
3.926050291516404	0.07244359600749928	0.1610470010920666
4.493047718431742	0.07244359600749928	0.18908586830883914
5.141930515695824	0.07244359600749928	0.15908402276171532
5.884524511008838	0.07244359600749928	0.18496725209416978
6.734363409805407	0.07244359600749928	0.4177965030594355
7.706935445758021	0.07244359600749928	0.8322641681706848
8.819965652373028	0.07244359600749928	1.7861163757962955
10.093738900052346	0.07244359600749928	2.7314598561965013
11.551469585940843	0.07244359600749928	2.35438762994574
13.219724714121972	0.07244359600749928	1.033229552038473
15.128908076758211	0.07244359600749928	0.23752319103302325
17.313814360331925	0.07244359600749928	0.0291192719089733
19.814263275520517	0.07244359600749928	0.007707422735999183
22.675825267662994	0.07244359600749928	0.005407674319538167
25.950652033822625	0.07244359600749928	0.005996611048840328
29.698426982540767	0.07244359600749928	0.004656137975821584
33.98745295832107	0.07244359600749928	0.0027907802798886063
38.895897054520105	0.07244359600749928	0.0014704107000231338
44.51321520124173	0.07244359600749928	0.0006895190252342331
50.941782491215115	0.07244359600749928	0.00029584305403855093
58.29875895619149	0.07244359600749928	0.00011997597382216822
66.71822479745835	0.07244359600749928	0.0000476885219016779
76.35362398484546	0.07244359600749928	0.00001845202613113042
87.38056075858388	0.07244359600749928	6.430265326551408e-6
100.00000000000031	0.07244359600749928	2.339625016853359e-6
111.55639876771902	0.07244359600749928	1.0495643780527865e-6
138.21730389017998	0.07244359600749928	1.9590986545943218e-7
171.24990861750976	0.07244359600749928	3.3424712856642375e-8
212.17698780180757	0.07244359600749928	6.907496113764509e-9
262.885244821937	0.07244359600749928	1.3247467980362484e-9
325.7122869971341	0.07244359600749928	1.7856305479226666e-10
403.5543872869759	0.07244359600749928	3.2462194210491704e-11
499.9999999999984	0.07244359600749928	8.81821251467657e-12
1000	0.07244359600749928	1.2523217419257164e-15
2000	0.07244359600749928	0
1.	0.08317637711026743	0.0448604044709708
1.9999999999999998	0.08317637711026743	0.07560181216230312
2.288838595949997	0.08317637711026743	0.0836118847410702
2.6193910591551774	0.08317637711026743	0.0931740619341172
2.9976816770403563	0.08317637711026743	0.10583409563786625
3.4306047603910415	0.08317637711026743	0.12256624111340783
3.926050291516404	0.08317637711026743	0.14415704999695167
4.493047718431742	0.08317637711026743	0.1713399284642183
5.141930515695824	0.08317637711026743	0.20521688155196433
5.884524511008838	0.08317637711026743	0.1763301257600744
6.734363409805407	0.08317637711026743	0.196553910129329
7.706935445758021	0.08317637711026743	0.6067935598393809
8.819965652373028	0.08317637711026743	1.4087376723410665
10.093738900052346	0.08317637711026743	2.703696774792843
11.551469585940843	0.08317637711026743	2.9553534677367193
13.219724714121972	0.08317637711026743	1.5405240848722488
15.128908076758211	0.08317637711026743	0.3946513962053171
17.313814360331925	0.08317637711026743	0.05145099137429044
19.814263275520517	0.08317637711026743	0.006005391097221332
22.675825267662994	0.08317637711026743	0.005969785588329077
25.950652033822625	0.08317637711026743	0.006849435297005396
29.698426982540767	0.08317637711026743	0.00545328472895348
33.98745295832107	0.08317637711026743	0.0032961025821029552
38.895897054520105	0.08317637711026743	0.0017335203765437262
44.51321520124173	0.08317637711026743	0.0008140986307478732
50.941782491215115	0.08317637711026743	0.0003474051611161576
58.29875895619149	0.08317637711026743	0.00014037511149008947
66.71822479745835	0.08317637711026743	0.00005554889543319696
76.35362398484546	0.08317637711026743	0.000021431808719307815
87.38056075858388	0.08317637711026743	7.445800897213512e-6
100.00000000000031	0.08317637711026743	2.6994025861518105e-6
111.55639876771902	0.08317637711026743	1.208660272855213e-6
138.21730389017998	0.08317637711026743	2.2536863493749245e-7
171.24990861750976	0.08317637711026743	3.8383185778730516e-8
212.17698780180757	0.08317637711026743	7.915852194219148e-9
262.885244821937	0.08317637711026743	1.51789577282875e-9
325.7122869971341	0.08317637711026743	2.0458240745050263e-10
403.5543872869759	0.08317637711026743	3.716029667962151e-11
499.9999999999984	0.08317637711026743	1.0090416288379129e-11
1000	0.08317637711026743	1.4340074616616719e-15
2000	0.08317637711026743	0
1.	0.09549925860214398	0.0431434057681324
1.9999999999999998	0.09549925860214398	0.06308674204353747
2.288838595949997	0.09549925860214398	0.07318168596775496
2.6193910591551774	0.09549925860214398	0.08101857065418747
2.9976816770403563	0.09549925860214398	0.09166870425494587
3.4306047603910415	0.09549925860214398	0.10629724444564916
3.926050291516404	0.09549925860214398	0.12605007396585505
4.493047718431742	0.09549925860214398	0.15160096349623123
5.141930515695824	0.09549925860214398	0.18555108362007755
5.884524511008838	0.09549925860214398	0.21082775499390172
6.734363409805407	0.09549925860214398	0.1865044253337522
7.706935445758021	0.09549925860214398	0.29819351372114405
8.819965652373028	0.09549925860214398	0.9996626342299605
10.093738900052346	0.09549925860214398	2.3517489690125224
11.551469585940843	0.09549925860214398	3.393016804659021
13.219724714121972	0.09549925860214398	2.2654168542556388
15.128908076758211	0.09549925860214398	0.6655210153301634
17.313814360331925	0.09549925860214398	0.10428127720098643
19.814263275520517	0.09549925860214398	0.00932940340846191
22.675825267662994	0.09549925860214398	0.006454238743297394
25.950652033822625	0.09549925860214398	0.0077983471251054405
29.698426982540767	0.09549925860214398	0.006391721221533508
33.98745295832107	0.09549925860214398	0.003907905186990859
38.895897054520105	0.09549925860214398	0.0020552600308761083
44.51321520124173	0.09549925860214398	0.0009639371850330408
50.941782491215115	0.09549925860214398	0.00040926730287289137
58.29875895619149	0.09549925860214398	0.00016476428211879536
66.71822479745835	0.09549925860214398	0.00006483416622368577
76.35362398484546	0.09549925860214398	0.00002497408887850969
87.38056075858388	0.09549925860214398	8.646519602397052e-6
100.00000000000031	0.09549925860214398	3.1218778501939096e-6
111.55639876771902	0.09549925860214398	1.3947653288597943e-6
138.21730389017998	0.09549925860214398	2.597475377227735e-7
171.24990861750976	0.09549925860214398	4.4149597349496265e-8
212.17698780180757	0.09549925860214398	9.083571022948704e-9
262.885244821937	0.09549925860214398	1.7414812813444228e-9
325.7122869971341	0.09549925860214398	2.346972949987124e-10
403.5543872869759	0.09549925860214398	4.2588170448508923e-11
499.9999999999984	0.09549925860214398	1.1559000798054508e-11
1000	0.09549925860214398	1.644051459471919e-15
2000	0.09549925860214398	0
1.	0.10964781961431896	0.042074613626426165
1.9999999999999998	0.10964781961431896	0.04895838012814566
2.288838595949997	0.10964781961431896	0.052259350701919755
2.6193910591551774	0.10964781961431896	0.05648682893874458
2.9976816770403563	0.10964781961431896	0.06226340592715523
3.4306047603910415	0.10964781961431896	0.07027321666882161
3.926050291516404	0.10964781961431896	0.10746824893224059
4.493047718431742	0.10964781961431896	0.13085717035517336
5.141930515695824	0.10964781961431896	0.16225930398346702
5.884524511008838	0.10964781961431896	0.1723787014345956
6.734363409805407	0.10964781961431896	0.21217161598564246
7.706935445758021	0.10964781961431896	0.1959803789728492
8.819965652373028	0.10964781961431896	0.6657104228685742
10.093738900052346	0.10964781961431896	1.7867829600448002
11.551469585940843	0.10964781961431896	3.5014628421723106
13.219724714121972	0.10964781961431896	3.138692943477696
15.128908076758211	0.10964781961431896	1.136150463339826
17.313814360331925	0.10964781961431896	0.179499100980324
19.814263275520517	0.10964781961431896	0.015818921271387284
22.675825267662994	0.10964781961431896	0.007570825567623882
25.950652033822625	0.10964781961431896	0.008841408091472061
29.698426982540767	0.10964781961431896	0.007496178029683886
33.98745295832107	0.10964781961431896	0.004652601693722097
38.895897054520105	0.10964781961431896	0.002437466456360974
44.51321520124173	0.10964781961431896	0.001144796131937128
50.941782491215115	0.10964781961431896	0.0004841388447961289
58.29875895619149	0.10964781961431896	0.00019401824557922087
66.71822479745835	0.10964781961431896	0.00007590313836013942
76.35362398484546	0.10964781961431896	0.000029074631152807145
87.38056075858388	0.10964781961431896	0.000010027276727203133
100.00000000000031	0.10964781961431896	3.603516317278129e-6
111.55639876771902	0.10964781961431896	1.6058581134790625e-6
138.21730389017998	0.10964781961431896	2.986270188823988e-7
171.24990861750976	0.10964781961431896	5.0642228319382367e-8
212.17698780180757	0.10964781961431896	1.0391061473334867e-8
262.885244821937	0.10964781961431896	1.9917275542751483e-9
325.7122869971341	0.10964781961431896	2.6839726568226787e-10
403.5543872869759	0.10964781961431896	4.864796154177051e-11
499.9999999999984	0.10964781961431896	1.3196806446671965e-11
1000	0.10964781961431896	1.8787507567782446e-15
2000	0.10964781961431896	0